-0.4175909E+01 -0.1168578E+00 -0.2125775E+00
-0.4185283E+01  0.1881289E+00  0.1652550E+00
-0.4092497E+01 -0.1125186E+00 -0.1191228E+00
-0.3898407E+01 -0.2372508E+00 -0.7197557E-01
-0.3860059E+01  0.1057670E+00  0.2367486E+00
-0.3817160E+01 -0.1029747E+00 -0.7346154E-01
-0.3596571E+01  0.1043627E+00  0.3801298E-01
-0.3543128E+01 -0.7872737E-01 -0.3086909E-01
-0.3547720E+01  0.4704394E-01  0.5788391E-01
-0.3557666E+01 -0.3428295E-01 -0.6522796E-01
-0.3667954E+01 -0.1136987E-01  0.7218363E-01
-0.3839502E+01  0.3235149E-02 -0.1487361E+00
-0.3821555E+01 -0.1244215E-01  0.1500149E+00
-0.3613821E+01  0.6032158E-01 -0.5195555E-01
-0.3622540E+01  0.5094333E-01 -0.6130632E-01
-0.3224179E+01 -0.9850024E-01  0.1271911E+00
-0.3179762E+01  0.6472527E-02 -0.2251998E+00
-0.3186932E+01  0.5683025E-01  0.1982845E+00
-0.3187471E+01 -0.6528495E-01 -0.2023066E+00
-0.3182670E+01  0.1047596E+00  0.1950531E+00
-0.3205990E+01 -0.7602783E-01 -0.1213215E+00
-0.3349087E+01  0.1077048E+00 -0.1199280E-01
-0.3247528E+01 -0.8521739E-01  0.4333079E-01
-0.3144362E+01 -0.2719856E-01 -0.9405044E-01
-0.3137283E+01  0.1681941E+00  0.1495614E+00
-0.3305348E+01 -0.4240135E-01 -0.9772634E-02
-0.3300043E+01 -0.1649444E+00 -0.4658985E-01
-0.3283114E+01  0.8634480E-01 -0.4081506E-01
-0.2825218E+01 -0.1924545E-02 -0.8739841E-01
-0.2832099E+01  0.9374363E-01  0.2126181E+00
-0.2838635E+01 -0.1396484E+00 -0.1719573E+00
-0.2839095E+01  0.1312726E+00  0.2213500E+00
-0.2834617E+01 -0.1687817E+00 -0.2319695E+00
-0.2833715E+01  0.1069829E+00  0.1218128E+00
-0.2870192E+01  0.8289137E-02  0.2456369E-01
-0.2973340E+01 -0.1846160E-01 -0.1769317E-01
-0.2766404E+01 -0.5032209E-01  0.6556338E-01
-0.2781095E+01  0.3246365E+00 -0.4071407E+00
-0.2878577E+01 -0.6362522E-01  0.5348440E+00
-0.2981655E+01 -0.1746205E+00 -0.3250583E+00
-0.3043004E+01  0.2687956E-01  0.8992093E-01
-0.2582230E+01 -0.5147034E-01 -0.6700125E-01
-0.2480564E+01  0.1117481E+00  0.1108813E+00
-0.2487104E+01 -0.1926867E+00 -0.1543082E+00
-0.2492282E+01  0.2331694E+00  0.1421569E+00
-0.2493562E+01 -0.1824905E+00 -0.1414062E+00
-0.2490698E+01  0.2296517E+00  0.1871659E+00
-0.2484289E+01 -0.1681322E+00 -0.9676290E-01
-0.2476035E+01  0.2981306E-01 -0.2836495E-01
-0.2451890E+01 -0.6623093E-02  0.6181416E-02
-0.2385768E+01  0.3768817E+00 -0.3030775E+00
-0.2362969E+01 -0.3922976E+00  0.3492425E+00
-0.2609645E+01 -0.5288952E-01 -0.4948941E-01
-0.2652688E+01 -0.9265153E-01  0.1098970E+00
-0.2360447E+01  0.1496700E-02  0.4584510E-01
-0.2143043E+01 -0.4609867E-01  0.1944391E-01
-0.2133788E+01 -0.2464783E-01 -0.6765458E-01
-0.2139606E+01  0.9235216E-01  0.1220913E+00
-0.2144860E+01 -0.9891535E-01 -0.2932912E-01
-0.2147686E+01  0.1253827E+00  0.1452760E+00
-0.2146840E+01 -0.1803322E+00 -0.6280652E-01
-0.2140539E+01  0.1296358E+00  0.8254579E-02
-0.2124998E+01  0.9871216E-02  0.1069958E+00
-0.2080257E+01 -0.3544847E-01 -0.4545392E-01
-0.1953673E+01 -0.3165506E+00 -0.2560130E+00
-0.1979718E+01  0.3759073E+00  0.3072246E+00
-0.1910432E+01 -0.4952497E-01 -0.4302616E-01
-0.2163500E+01  0.5072361E-02 -0.6928464E-01
-0.1808084E+01  0.3134017E-01 -0.2665533E-01
-0.1783133E+01  0.1344262E-01 -0.5333495E-01
-0.1784456E+01  0.3011529E-01  0.1051944E+00
-0.1790583E+01 -0.5312118E-01 -0.5298914E-01
-0.1796787E+01  0.5211012E-01  0.1225181E+00
-0.1801561E+01 -0.5736350E-01  0.5301513E-01
-0.1803409E+01  0.5664874E-01  0.3868855E-01
-0.1800569E+01  0.3217842E-02  0.5143117E-01
-0.1790809E+01 -0.8632026E-01 -0.9922850E-01
-0.1762298E+01  0.7913496E-01  0.7739942E-01
-0.1430140E+01  0.1122599E+01  0.5285400E-01
-0.1468801E+01 -0.2063903E+00 -0.3474235E+00
-0.1457954E+01 -0.3741403E+00  0.2869873E+00
-0.1571956E+01  0.8069706E-01 -0.6344075E-01
-0.1770146E+01  0.1868559E-01  0.1131445E-01
-0.1428113E+01 -0.7192362E-02  0.7573723E-01
-0.1429064E+01 -0.2995928E-01 -0.1714457E-01
-0.1433740E+01 -0.1897484E-01 -0.1099236E-01
-0.1440748E+01  0.4689958E-01  0.7906496E-01
-0.1448238E+01 -0.4350888E-01  0.5694111E-01
-0.1455163E+01  0.2977629E-01  0.1407704E+00
-0.1460450E+01 -0.3965421E-01  0.9941130E-01
-0.1463852E+01 -0.2540621E-01 -0.2677354E-01
-0.1468552E+01  0.6047118E-01  0.1107141E+00
-0.1481518E+01 -0.3976289E-01 -0.8787234E-01
-0.1409314E+01 -0.5926121E+00  0.1142841E+00
-0.8937835E+00  0.1061085E+00  0.3544575E+00
-0.1022837E+01  0.9193889E-01 -0.2612456E+00
-0.1134491E+01 -0.2294912E+00 -0.6480803E-02
-0.1407751E+01 -0.2089627E-01  0.6429892E-01
-0.1070498E+01  0.8358273E-03 -0.3379793E-01
-0.1077941E+01  0.7611483E-02 -0.4103037E-01
-0.1083081E+01  0.3437476E-01  0.3543193E-01
-0.1090764E+01 -0.5546364E-01 -0.5614605E-02
-0.1099203E+01  0.3084445E-01  0.1457660E+00
-0.1107806E+01 -0.7629068E-01  0.8848565E-01
-0.1116421E+01 -0.2019443E-02  0.8500375E-01
-0.1127096E+01 -0.5103754E-02  0.6211521E-01
-0.1148526E+01 -0.1811182E-01 -0.3452488E-01
-0.1195544E+01 -0.7410992E-01  0.2268202E-01
-0.1213806E+01  0.1374185E+00  0.5407323E-01
-0.9743479E+00 -0.1529651E+00 -0.1300192E+00
-0.5064037E+00 -0.2404872E-01 -0.7005775E-01
-0.6834118E+00 -0.3933329E-01 -0.1281908E-02
-0.1049905E+01  0.1190139E+00  0.1704593E-02
-0.1221962E+01 -0.1615255E-01 -0.5412630E-01
-0.1174434E+01  0.7260687E-02  0.1710123E-01
-0.6219666E+00  0.6669684E-01  0.7450054E-01
-0.7337249E+00 -0.8281035E-01  0.4620253E-02
-0.7414847E+00  0.1158863E+00  0.2824725E-01
-0.7500100E+00 -0.1544182E+00  0.5270894E-01
-0.7589297E+00  0.8738426E-01  0.1174055E+00
-0.7690319E+00 -0.7027406E-01  0.7735141E-01
-0.7838341E+00 -0.2518427E-03  0.3001175E-01
-0.8123650E+00 -0.3043292E-01  0.1155808E+00
-0.8586721E+00 -0.1065583E-01 -0.7908328E-01
-0.8643396E+00 -0.8939386E-03  0.4625273E-01
-0.6478690E+00  0.2397572E-01 -0.4476831E-01
-0.1179519E+00  0.4739669E-01  0.3036849E-01
-0.1840744E+00 -0.3374845E-01 -0.2207428E-01
-0.7978337E+00  0.2308707E-01  0.1449379E-01
-0.7370162E+00 -0.1430059E-01  0.1000688E-01
-0.2224413E+00  0.1903828E+00 -0.7505909E-01
-0.3873737E+00 -0.2203123E+00 -0.4766125E-01
-0.3851225E+00  0.2353345E+00 -0.1181698E-01
-0.3940781E+00 -0.2331997E+00  0.4158356E-01
-0.4021699E+00  0.1906032E+00  0.2537906E-02
-0.4093129E+00 -0.2111827E+00  0.1211460E+00
-0.4168348E+00  0.1254405E+00  0.1343233E-01
-0.4273996E+00 -0.7775386E-01  0.9303352E-01
-0.4444398E+00  0.9913717E-02 -0.4840512E-01
-0.4569468E+00 -0.1208940E-01  0.3594326E-01
-0.3853340E+00 -0.1980811E-01 -0.2125576E-01
 0.6698964E-01  0.1882661E-01 -0.4215721E-02
 0.1517985E+00 -0.4615800E-01  0.1248778E-01
 0.8829821E-01  0.2976130E-01  0.6614173E-02
-0.4500656E-01  0.7737416E-02  0.4014185E-02
-0.2523284E+00 -0.1108698E-01  0.2958875E-02
 0.5210842E-01 -0.2398373E-01  0.2406114E+00
 0.1933307E-01  0.1783269E-01 -0.9729343E-01
-0.2718199E-01 -0.8949742E-01  0.9942424E-01
-0.4937900E-01  0.1005997E+00 -0.1322467E+00
-0.5912835E-01 -0.1520081E+00  0.1297775E+00
-0.6225814E-01  0.1310059E+00 -0.7103793E-01
-0.6160396E-01 -0.1002688E+00  0.1122720E+00
-0.5671288E-01  0.6687272E-01  0.3373413E-02
-0.4097861E-01 -0.1267208E-01  0.6488696E-01
 0.2073870E-01  0.7646266E-02 -0.4135384E-01
 0.2477270E+00  0.1629435E-01  0.4655202E-01
 0.4648491E+00 -0.7677706E-02  0.4176545E-01
 0.5103595E+00 -0.6993715E-02 -0.2327012E-01
 0.4636868E+00 -0.1970308E-01 -0.6445149E-03
 0.3829761E+00  0.3341644E-02 -0.8672670E-02
 0.2672670E+00 -0.5591447E-02  0.2598431E-02
 0.1683557E+00  0.1349715E-02 -0.5641163E-02
 0.3779364E+00  0.1522575E-01 -0.2917701E+00
 0.5951764E+00 -0.2347966E+00  0.3321587E+00
 0.4245420E+00  0.1350137E+00 -0.8506278E-01
 0.3006090E+00 -0.8130538E-01  0.9154709E-01
 0.2733670E+00  0.7235945E-01 -0.1495995E+00
 0.2747119E+00 -0.1538357E+00  0.1509220E+00
 0.2880352E+00  0.1013438E+00 -0.8827608E-01
 0.3161851E+00 -0.3505087E-01  0.5954245E-01
 0.3750846E+00 -0.1123110E-01  0.3595831E-01
 0.5081381E+00  0.4976943E-02  0.2920389E-02
 0.7407251E+00 -0.4848440E-01 -0.1358130E-01
 0.1270502E+01 -0.1261842E+00  0.2967708E-01
 0.1288945E+01  0.1224785E+00 -0.1132681E+00
 0.1239880E+01 -0.2719173E-01  0.3489259E-01
 0.1122967E+01 -0.2049875E-01 -0.2399547E-01
 0.7700698E+00  0.4616497E-02  0.1652509E-01
 0.6095853E+00  0.5246444E-02  0.3002004E-02
 0.6996463E+00  0.7929730E-02  0.1942043E+00
 0.7720001E+00  0.1633063E+00 -0.3649738E+00
 0.9053507E+00 -0.9798169E-01  0.3142684E+00
 0.7019626E+00  0.1510528E-01 -0.1704103E+00
 0.5883034E+00  0.3034447E-02  0.1487535E+00
 0.5889493E+00  0.4883828E-01 -0.1498310E+00
 0.6160020E+00 -0.1214826E+00  0.1205425E+00
 0.6659323E+00  0.6928421E-01 -0.6176654E-01
 0.7623033E+00 -0.3785802E-01  0.4770509E-01
 0.9418591E+00 -0.2897152E-01  0.2813975E-02
 0.1515031E+01  0.2863852E+00 -0.2769531E+00
 0.1625009E+01 -0.2698359E+00  0.1374593E+00
 0.1589465E+01  0.1415888E+00 -0.4438965E-01
 0.1532454E+01 -0.5251052E-01  0.8722303E-01
 0.1479894E+01  0.6650293E-01 -0.2465599E-01
 0.1412465E+01  0.5101579E-02  0.2071786E-01
 0.9425247E+00 -0.8624910E-02 -0.7534426E-02
 0.1124508E+01  0.6305836E-01 -0.2250136E+00
 0.1147979E+01  0.5837302E-01  0.9028444E-01
 0.8988893E+00 -0.3287093E-01 -0.9817271E-01
 0.8799259E+00  0.2325538E-01  0.7381757E-01
 0.9252321E+00  0.1107470E-01 -0.8365634E-01
 0.9953884E+00 -0.3731597E-01  0.2720277E-01
 0.1126213E+01 -0.2760275E-02 -0.4626217E-01
 0.1306562E+01  0.2309582E-01 -0.2000255E-01
 0.1544692E+01 -0.1079380E+00  0.6178570E-01
 0.1667493E+01  0.1415082E+00  0.1473473E+00
 0.1723978E+01 -0.2362712E-01  0.5025528E-01
 0.1738552E+01  0.5093735E-02  0.8477199E-02
 0.1756707E+01 -0.1786689E-01 -0.4091562E-02
 0.1789764E+01 -0.7437772E-02 -0.1678882E-02
 0.1373217E+01 -0.5434898E-01  0.1067939E+00
 0.1352718E+01 -0.4169807E-01 -0.3238420E-01
 0.1363483E+01  0.1203222E-01 -0.3447741E-01
 0.1294886E+01 -0.2133725E-02 -0.1819294E-03
 0.1375210E+01 -0.7113149E-02  0.8024086E-02
 0.1448241E+01  0.4345020E-01 -0.2298221E-01
 0.1526806E+01 -0.2634028E-01  0.8465472E-02
 0.1882078E+01 -0.3171046E-01 -0.5599166E-01
 0.2063407E+01  0.1333568E-01 -0.6050935E-03
 0.2152017E+01 -0.8515967E-01 -0.1588296E-01
 0.2189156E+01  0.5131154E-02  0.3932778E-01
 0.2193562E+01 -0.2268370E-01  0.7520953E-02
 0.1674452E+01  0.2554296E-01 -0.3934138E-01
 0.1655086E+01  0.5178310E-02  0.6147222E-02
 0.1661567E+01  0.6270868E-02  0.2759760E-02
 0.1689340E+01 -0.1666139E-01  0.1820784E-01
 0.1799891E+01  0.2998356E-01 -0.1870988E-01
 0.1842148E+01 -0.2319703E-02  0.8629068E-03
 0.2404592E+01  0.1342451E-01 -0.3028631E-01
 0.2396098E+01  0.8640061E-03 -0.6555778E-01
 0.2004716E+01  0.9197191E-02 -0.4601044E-02
 0.2014811E+01 -0.1395986E-01  0.9597718E-02
