-0.6013702E+01 -0.9402782E-01  0.2438989E-01
-0.5722185E+01  0.6305451E-01 -0.6746178E-01
-0.5463993E+01 -0.7933137E-01  0.7337852E-01
-0.5279937E+01  0.4234637E-01 -0.3425746E-01
-0.4858119E+01  0.2394784E-01  0.4466250E-01
-0.4494593E+01  0.3413362E-01 -0.4268812E-01
-0.4168113E+01 -0.8295649E-01 -0.7061947E-02
-0.3829040E+01  0.1663259E+00  0.7386734E-01
-0.3439702E+01 -0.9621142E-01 -0.6009153E-01
-0.3164544E+01 -0.5281703E-01 -0.1103762E+00
-0.2916351E+01 -0.1122367E+00  0.1531277E+00
-0.2634024E+01  0.2901767E+00  0.1721249E+00
-0.2337897E+01  0.1049074E+00 -0.3252985E+00
-0.2037710E+01 -0.1767447E+00 -0.1418475E+00
-0.1737056E+01 -0.4138283E+00  0.2022828E+00
-0.1437919E+01  0.1615386E+00  0.3873933E+00
-0.1141990E+01  0.2278068E+00  0.1030101E+00
-0.8497330E+00  0.9992878E-01 -0.9740032E-01
-0.5552457E+00  0.1740793E-01 -0.1194479E+00
-0.2440133E+00 -0.5059580E-01  0.3627588E-01
 0.8196809E-01  0.8649515E-02 -0.1363329E+00
 0.4068123E+00 -0.1013248E+00  0.9091357E-02
 0.7271639E+00  0.9460230E-01 -0.1033297E+00
 0.1044849E+01  0.9893702E-01  0.4584442E-01
 0.1361153E+01 -0.9282767E-02  0.1720441E+00
 0.1675282E+01 -0.1961563E+00 -0.9046104E-01
 0.1983212E+01  0.1008801E+00 -0.1697662E+00
 0.2277506E+01  0.2022109E+00  0.6309295E-01
 0.2538774E+01 -0.5129428E-01  0.3752207E+00
 0.2713053E+01 -0.2743999E+00 -0.2765732E+00
 0.3108475E+01  0.2195448E+00 -0.1970115E+00
 0.3480814E+01  0.1086828E+00  0.3735765E+00
 0.3800707E+01 -0.4795006E+00 -0.1973787E+00
 0.4113567E+01  0.4664365E+00 -0.2425602E+00
 0.4425443E+01 -0.6681206E-01  0.4376709E+00
 0.4737081E+01 -0.2915569E+00 -0.1800549E+00
 0.5047406E+01  0.2484564E+00 -0.2538690E+00
 0.5355020E+01  0.1107942E+00  0.4370344E+00
 0.5659758E+01 -0.4263579E+00 -0.2751265E+00
 0.5962968E+01  0.4659450E+00 -0.2956081E-01
 0.6266488E+01 -0.2822641E+00  0.1977566E+00
 0.6572018E+01  0.9412484E-01 -0.1666412E+00
 0.6881169E+01 -0.1012115E-01  0.5712897E-01
