 0.5000000E-01 -0.3955739E+00  0.8846762E-01 -0.8354605E-01 -0.2582502E+00  0.4375051E+00  0.7233951E+00  0.2434947E-01 -0.5794970E+00  0.4119542E+00  0.1569330E+00 -0.8009394E-01 -0.1397325E+00 -0.1054483E+01 -0.4159035E-01  0.1355411E+00  0.5217248E+00 -0.7453679E-01  0.3118254E+00  0.5506564E+00
 0.3864876E+00
 0.1000000E+00 -0.3950766E+00  0.8840519E-01 -0.8339816E-01 -0.2578880E+00  0.4367215E+00  0.7222564E+00  0.2435039E-01 -0.5784538E+00  0.4112101E+00  0.1566194E+00 -0.8009945E-01 -0.1395076E+00 -0.1052795E+01 -0.4183674E-01  0.1352707E+00  0.5207976E+00 -0.7459188E-01  0.3112500E+00  0.5497267E+00
 0.3857576E+00
 0.1500000E+00 -0.3942269E+00  0.8828389E-01 -0.8314471E-01 -0.2572665E+00  0.4353577E+00  0.7203635E+00  0.2434726E-01 -0.5766603E+00  0.4099641E+00  0.1560864E+00 -0.8010334E-01 -0.1391212E+00 -0.1049907E+01 -0.4224234E-01  0.1348103E+00  0.5191999E+00 -0.7467883E-01  0.3102745E+00  0.5481747E+00
 0.3845467E+00
 0.2000000E+00 -0.3930331E+00  0.8809334E-01 -0.8278581E-01 -0.2563876E+00  0.4333931E+00  0.7177724E+00  0.2433699E-01 -0.5741103E+00  0.4082412E+00  0.1553365E+00 -0.8010557E-01 -0.1385734E+00 -0.1045826E+01 -0.4280288E-01  0.1341610E+00  0.5169226E+00 -0.7479715E-01  0.3089072E+00  0.5460384E+00
 0.3828885E+00
 0.2500000E+00 -0.3915239E+00  0.8782560E-01 -0.8232572E-01 -0.2552664E+00  0.4308261E+00  0.7145821E+00  0.2431702E-01 -0.5708255E+00  0.4060905E+00  0.1543802E+00 -0.8010939E-01 -0.1378707E+00 -0.1040616E+01 -0.4351419E-01  0.1333311E+00  0.5139811E+00 -0.7494920E-01  0.3071728E+00  0.5433876E+00
 0.3808407E+00
 0.3000000E+00 -0.3897469E+00  0.8747514E-01 -0.8177271E-01 -0.2539298E+00  0.4276735E+00  0.7109330E+00  0.2428540E-01 -0.5668546E+00  0.4035842E+00  0.1532364E+00 -0.8012131E-01 -0.1370266E+00 -0.1034390E+01 -0.4437245E-01  0.1323359E+00  0.5104148E+00 -0.7514011E-01  0.3051126E+00  0.5403239E+00
 0.3784842E+00
 0.3500000E+00 -0.3877681E+00  0.8703864E-01 -0.8113857E-01 -0.2524164E+00  0.4239682E+00  0.7070050E+00  0.2424082E-01 -0.5622710E+00  0.4008163E+00  0.1519312E+00 -0.8015085E-01 -0.1360603E+00 -0.1027307E+01 -0.4537422E-01  0.1311967E+00  0.5062850E+00 -0.7537764E-01  0.3027826E+00  0.5369779E+00
 0.3759215E+00
 0.4000000E+00 -0.3856688E+00  0.8651445E-01 -0.8043804E-01 -0.2507741E+00  0.4197572E+00  0.7030130E+00  0.2418248E-01 -0.5571687E+00  0.3979000E+00  0.1504974E+00 -0.8021006E-01 -0.1349959E+00 -0.1019569E+01 -0.4651650E-01  0.1299405E+00  0.5016711E+00 -0.7567178E-01  0.3002522E+00  0.5335067E+00
 0.3732749E+00
 0.4500000E+00 -0.3835421E+00  0.8590187E-01 -0.7968799E-01 -0.2490582E+00  0.4150966E+00  0.6992014E+00  0.2410995E-01 -0.5516569E+00  0.3949644E+00  0.1489728E+00 -0.8031288E-01 -0.1338614E+00 -0.1011409E+01 -0.4779651E-01  0.1285986E+00  0.4966663E+00 -0.7603419E-01  0.2976008E+00  0.5300889E+00
 0.3706829E+00
 0.5000000E+00 -0.3814891E+00  0.8520023E-01 -0.7890636E-01 -0.2473281E+00  0.4100473E+00  0.6958361E+00  0.2402295E-01 -0.5458531E+00  0.3921496E+00  0.1473982E+00 -0.8047424E-01 -0.1326865E+00 -0.1003076E+01 -0.4921150E-01  0.1272051E+00  0.4913713E+00 -0.7647741E-01  0.2949149E+00  0.5269188E+00
 0.3682963E+00
 0.5500000E+00 -0.3796127E+00  0.8440772E-01 -0.7811094E-01 -0.2456437E+00  0.4046683E+00  0.6931954E+00  0.2392108E-01 -0.5398749E+00  0.3896015E+00  0.1458160E+00 -0.8070900E-01 -0.1315009E+00 -0.9948255E+00 -0.5075836E-01  0.1257947E+00  0.4858865E+00 -0.7701393E-01  0.2922831E+00  0.5241990E+00
 0.3662731E+00
 0.6000000E+00 -0.3779056E+00  0.8360285E-01 -0.7730178E-01 -0.2439930E+00  0.3992196E+00  0.6913648E+00  0.2380014E-01 -0.5337862E+00  0.3873618E+00  0.1442465E+00 -0.8100250E-01 -0.1303003E+00 -0.9866654E+00 -0.5243455E-01  0.1243874E+00  0.4802910E+00 -0.7763179E-01  0.2897300E+00  0.5219883E+00
 0.3646642E+00
 0.6500000E+00 -0.3763909E+00  0.8279083E-01 -0.7648425E-01 -0.2423813E+00  0.3939767E+00  0.6904887E+00  0.2366242E-01 -0.5277321E+00  0.3855059E+00  0.1427315E+00 -0.8134476E-01 -0.1290905E+00 -0.9786976E+00 -0.5425187E-01  0.1230235E+00  0.4747523E+00 -0.7832596E-01  0.2873118E+00  0.5203900E+00
 0.3635485E+00
 0.7000000E+00 -0.3750395E+00  0.8195121E-01 -0.7567847E-01 -0.2407916E+00  0.3892367E+00  0.6906137E+00  0.2350461E-01 -0.5219773E+00  0.3840578E+00  0.1413173E+00 -0.8170907E-01 -0.1278858E+00 -0.9709777E+00 -0.5622618E-01  0.1217527E+00  0.4695529E+00 -0.7907812E-01  0.2850659E+00  0.5194348E+00
 0.3629492E+00
 0.7500000E+00 -0.3737702E+00  0.8106006E-01 -0.7494350E-01 -0.2392167E+00  0.3852264E+00  0.6916572E+00  0.2332049E-01 -0.5169696E+00  0.3829718E+00  0.1400597E+00 -0.8205184E-01 -0.1267490E+00 -0.9636289E+00 -0.5836281E-01  0.1206396E+00  0.4651037E+00 -0.7985257E-01  0.2830117E+00  0.5190567E+00
 0.3628219E+00
 0.8000000E+00 -0.3724901E+00  0.8009072E-01 -0.7435815E-01 -0.2377211E+00  0.3820357E+00  0.6934116E+00  0.2310473E-01 -0.5131727E+00  0.3821374E+00  0.1390437E+00 -0.8232003E-01 -0.1257942E+00 -0.9570575E+00 -0.6064758E-01  0.1197752E+00  0.4617778E+00 -0.8059793E-01  0.2811873E+00  0.5190968E+00
 0.3630601E+00
 0.8500000E+00 -0.3711735E+00  0.7900607E-01 -0.7396989E-01 -0.2364605E+00  0.3795964E+00  0.6955854E+00  0.2285005E-01 -0.5108022E+00  0.3814077E+00  0.1383801E+00 -0.8246541E-01 -0.1251164E+00 -0.9519596E+00 -0.6304878E-01  0.1192558E+00  0.4597140E+00 -0.8125496E-01  0.2797069E+00  0.5193364E+00
 0.3635172E+00
 0.9000000E+00 -0.3699240E+00  0.7775929E-01 -0.7377869E-01 -0.2355891E+00  0.3777180E+00  0.6978374E+00  0.2254675E-01 -0.5097850E+00  0.3806317E+00  0.1381506E+00 -0.8246225E-01 -0.1247392E+00 -0.9489165E+00 -0.6552118E-01  0.1191317E+00  0.4588124E+00 -0.8176692E-01  0.2787545E+00  0.5195276E+00
 0.3640231E+00
 0.9500000E+00 -0.3689419E+00  0.7630308E-01 -0.7375339E-01 -0.2351668E+00  0.3761478E+00  0.6997832E+00  0.2218512E-01 -0.5098725E+00  0.3796801E+00  0.1383685E+00 -0.8231982E-01 -0.1246275E+00 -0.9480783E+00 -0.6800606E-01  0.1193915E+00  0.4588344E+00 -0.8209139E-01  0.2784864E+00  0.5194069E+00
 0.3643878E+00
 0.1000000E+01 -0.3684042E+00  0.7459661E-01 -0.7384903E-01 -0.2351598E+00  0.3746140E+00  0.7009920E+00  0.2175717E-01 -0.5107405E+00  0.3784818E+00  0.1389902E+00 -0.8207536E-01 -0.1247172E+00 -0.9492205E+00 -0.7043164E-01  0.1199830E+00  0.4594840E+00 -0.8221303E-01  0.2789499E+00  0.5187114E+00
 0.3643978E+00
 0.1050000E+01 -0.3683769E+00  0.7260642E-01 -0.7401512E-01 -0.2354781E+00  0.3728460E+00  0.7010018E+00  0.2125707E-01 -0.5120385E+00  0.3770751E+00  0.1399421E+00 -0.8176874E-01 -0.1249322E+00 -0.9519127E+00 -0.7271672E-01  0.1208347E+00  0.4604470E+00 -0.8215008E-01  0.2800894E+00  0.5172231E+00
 0.3638215E+00
 0.1100000E+01 -0.3688149E+00  0.7030473E-01 -0.7419853E-01 -0.2360033E+00  0.3705816E+00  0.6993733E+00  0.2068100E-01 -0.5134087E+00  0.3756296E+00  0.1411384E+00 -0.8142197E-01 -0.1251910E+00 -0.9556290E+00 -0.7477651E-01  0.1218689E+00  0.4614071E+00 -0.8194279E-01  0.2817872E+00  0.5148497E+00
 0.3624344E+00
 0.1150000E+01 -0.3696022E+00  0.6766968E-01 -0.7434540E-01 -0.2366053E+00  0.3675746E+00  0.6957735E+00  0.2002734E-01 -0.5144994E+00  0.3743844E+00  0.1424914E+00 -0.8103646E-01 -0.1254111E+00 -0.9598125E+00 -0.7652836E-01  0.1230081E+00  0.4620581E+00 -0.8163022E-01  0.2838985E+00  0.5117018E+00
 0.3600573E+00
 0.1200000E+01 -0.3705954E+00  0.6468845E-01 -0.7440407E-01 -0.2371569E+00  0.3636076E+00  0.6900723E+00  0.1929751E-01 -0.5149826E+00  0.3735409E+00  0.1439170E+00 -0.8060197E-01 -0.1255136E+00 -0.9639250E+00 -0.7789625E-01  0.1241786E+00  0.4621180E+00 -0.8123806E-01  0.2862737E+00  0.5080943E+00
 0.3566037E+00
 0.1250000E+01 -0.3716531E+00  0.6135935E-01 -0.7432806E-01 -0.2375437E+00  0.3585014E+00  0.6824342E+00  0.1849620E-01 -0.5145692E+00  0.3732056E+00  0.1453380E+00 -0.8010624E-01 -0.1254283E+00 -0.9674819E+00 -0.7881643E-01  0.1253140E+00  0.4613416E+00 -0.8078111E-01  0.2887711E+00  0.5044386E+00
 0.3521276E+00
 0.1300000E+01 -0.3726517E+00  0.5769099E-01 -0.7407806E-01 -0.2376698E+00  0.3521195E+00  0.6733548E+00  0.1763068E-01 -0.5130194E+00  0.3734029E+00  0.1466869E+00 -0.7953966E-01 -0.1250965E+00 -0.9700735E+00 -0.7924614E-01  0.1263565E+00  0.4595287E+00 -0.8026915E-01  0.2912652E+00  0.5011024E+00
 0.3468546E+00
 0.1350000E+01 -0.3734941E+00  0.5370011E-01 -0.7362334E-01 -0.2374607E+00  0.3443704E+00  0.6635649E+00  0.1670980E-01 -0.5101509E+00  0.3741141E+00  0.1479097E+00 -0.7889639E-01 -0.1244728E+00 -0.9713814E+00 -0.7917436E-01  0.1272601E+00  0.4565301E+00 -0.7971027E-01  0.2936547E+00  0.4983392E+00
 0.3411514E+00
 0.1400000E+01 -0.3741144E+00  0.4940841E-01 -0.7294328E-01 -0.2368669E+00  0.3352075E+00  0.6538340E+00  0.1574248E-01 -0.5058454E+00  0.3753143E+00  0.1489682E+00 -0.7817422E-01 -0.1235272E+00 -0.9711917E+00 -0.7863099E-01  0.1279928E+00  0.4522519E+00 -0.7911205E-01  0.2958680E+00  0.4963035E+00
 0.3354334E+00
 0.1450000E+01 -0.3744828E+00  0.4484078E-01 -0.7202787E-01 -0.2358648E+00  0.3246273E+00  0.6448125E+00  0.1473710E-01 -0.5000522E+00  0.3769962E+00  0.1498424E+00 -0.7737490E-01 -0.1222460E+00 -0.9694044E+00 -0.7768904E-01  0.1285381E+00  0.4466580E+00 -0.7848280E-01  0.2978674E+00  0.4950992E+00
 0.3300721E+00
 0.1500000E+01 -0.3746040E+00  0.4002527E-01 -0.7087636E-01 -0.2344564E+00  0.3126642E+00  0.6369850E+00  0.1370209E-01 -0.4927808E+00  0.3791786E+00  0.1505294E+00 -0.7650455E-01 -0.1206298E+00 -0.9660279E+00 -0.7645583E-01  0.1288942E+00  0.4397649E+00 -0.7783293E-01  0.2996479E+00  0.4948158E+00
 0.3253524E+00
 0.1550000E+01 -0.3742686E+00  0.3493359E-01 -0.6945559E-01 -0.2325139E+00  0.2991755E+00  0.6307115E+00  0.1262413E-01 -0.4837999E+00  0.3817282E+00  0.1509625E+00 -0.7550162E-01 -0.1186179E+00 -0.9605770E+00 -0.7528200E-01  0.1290035E+00  0.4313646E+00 -0.7709503E-01  0.3010723E+00  0.4953445E+00
 0.3215440E+00
 0.1600000E+01 -0.3735838E+00  0.2960082E-01 -0.6779058E-01 -0.2301090E+00  0.2842791E+00  0.6261569E+00  0.1150948E-01 -0.4732657E+00  0.3847376E+00  0.1511757E+00 -0.7439569E-01 -0.1162507E+00 -0.9533368E+00 -0.7420967E-01  0.1288955E+00  0.4215936E+00 -0.7630073E-01  0.3022115E+00  0.4968128E+00
 0.3187237E+00
 0.1650000E+01 -0.3726716E+00  0.2405843E-01 -0.6591128E-01 -0.2273237E+00  0.2680924E+00  0.6234934E+00  0.1036073E-01 -0.4613496E+00  0.3883074E+00  0.1512061E+00 -0.7322042E-01 -0.1135749E+00 -0.9446293E+00 -0.7328268E-01  0.1286015E+00  0.4105952E+00 -0.7548530E-01  0.3031454E+00  0.4993568E+00
 0.3169707E+00
 0.1700000E+01 -0.3716551E+00  0.1833559E-01 -0.6384829E-01 -0.2242405E+00  0.2507209E+00  0.6228788E+00  0.9178076E-02 -0.4482155E+00  0.3925336E+00  0.1510886E+00 -0.7201091E-01 -0.1106373E+00 -0.9347751E+00 -0.7254620E-01  0.1281503E+00  0.3985014E+00 -0.7468536E-01  0.3039518E+00  0.5031043E+00
 0.3163556E+00
 0.1750000E+01 -0.3706398E+00  0.1245523E-01 -0.6163041E-01 -0.2209312E+00  0.2322434E+00  0.6244296E+00  0.7957276E-02 -0.4339958E+00  0.3974892E+00  0.1508468E+00 -0.7080015E-01 -0.1074800E+00 -0.9240428E+00 -0.7204159E-01  0.1275605E+00  0.3854097E+00 -0.7393502E-01  0.3046906E+00  0.5081524E+00
 0.3169269E+00
 0.1800000E+01 -0.3696957E+00  0.6432457E-02 -0.5928263E-01 -0.2174457E+00  0.2127002E+00  0.6281952E+00  0.6687828E-02 -0.4187702E+00  0.4032061E+00  0.1504849E+00 -0.6961552E-01 -0.1041353E+00 -0.9126028E+00 -0.7180096E-01  0.1268330E+00  0.3713618E+00 -0.7326191E-01  0.3053878E+00  0.5145445E+00
 0.3186994E+00
 0.1850000E+01 -0.3688453E+00  0.2874697E-03 -0.5682404E-01 -0.2138057E+00  0.1920930E+00  0.6341407E+00  0.5354040E-02 -0.4025562E+00  0.4096634E+00  0.1499838E+00 -0.6847648E-01 -0.1006227E+00 -0.9005006E+00 -0.7184513E-01  0.1259481E+00  0.3563375E+00 -0.7268476E-01  0.3060265E+00  0.5222564E+00
 0.3216454E+00
 0.1900000E+01 -0.3680582E+00 -0.5915972E-02 -0.5426774E-01 -0.2100019E+00  0.1703866E+00  0.6421388E+00  0.3935378E-02 -0.3853087E+00  0.4167804E+00  0.1492991E+00 -0.6739325E-01 -0.9694839E-01 -0.8876463E+00 -0.7218165E-01  0.1248638E+00  0.3402545E+00 -0.7221193E-01  0.3065433E+00  0.5311871E+00
 0.3256916E+00
 0.1950000E+01 -0.3672461E+00 -0.1202347E-01 -0.5162127E-01 -0.2059924E+00  0.1475080E+00  0.6519608E+00  0.2406809E-02 -0.3669237E+00  0.4244109E+00  0.1483604E+00 -0.6636563E-01 -0.9310523E-01 -0.8738086E+00 -0.7280236E-01  0.1235158E+00  0.3229729E+00 -0.7183978E-01  0.3068245E+00  0.5411515E+00
 0.3307146E+00
 0.2000000E+01 -0.3662642E+00 -0.1781168E-01 -0.4888381E-01 -0.2017031E+00  0.1233495E+00  0.6632743E+00  0.7467252E-03 -0.3472468E+00  0.4323424E+00  0.1470757E+00 -0.6538233E-01 -0.8907138E-01 -0.8586237E+00 -0.7368667E-01  0.1218220E+00  0.3043120E+00 -0.7155267E-01  0.3067110E+00  0.5518784E+00
 0.3365391E+00
 0.2050000E+01 -0.3649206E+00 -0.2305594E-01 -0.4604338E-01 -0.1970325E+00  0.9777312E-01  0.6756541E+00 -0.1051908E-02 -0.3260897E+00  0.4403056E+00  0.1453398E+00 -0.6442245E-01 -0.8481040E-01 -0.8416273E+00 -0.7480748E-01  0.1196909E+00  0.2840784E+00 -0.7132519E-01  0.3060093E+00  0.5630212E+00
 0.3429408E+00
 0.2100000E+01 -0.3629927E+00 -0.2755930E-01 -0.4308030E-01 -0.1918628E+00  0.7064086E-01  0.6886040E+00 -0.2977611E-02 -0.3032555E+00  0.4479889E+00  0.1430407E+00 -0.6345842E-01 -0.8027697E-01 -0.8222958E+00 -0.7613168E-01  0.1170272E+00  0.2620881E+00 -0.7112484E-01  0.3045046E+00  0.5741757E+00
 0.3496588E+00
 0.2150000E+01 -0.3602461E+00 -0.3115558E-01 -0.3997431E-01 -0.1860725E+00  0.4196985E-01  0.7015884E+00 -0.4998484E-02 -0.2785686E+00  0.4550599E+00  0.1400666E+00 -0.6245951E-01 -0.7542603E-01 -0.8000975E+00 -0.7761885E-01  0.1137372E+00  0.2381870E+00 -0.7091486E-01  0.3019760E+00  0.5849074E+00
 0.3564125E+00
 0.2200000E+01 -0.3564578E+00 -0.3371041E-01 -0.3671041E-01 -0.1795506E+00  0.1215592E-01  0.7140734E+00 -0.7052135E-02 -0.2519021E+00  0.4611933E+00  0.1363140E+00 -0.6139575E-01 -0.7022108E-01 -0.7745480E+00 -0.7922305E-01  0.1097355E+00  0.2122688E+00 -0.7065815E-01  0.2982156E+00  0.5947862E+00
 0.3629233E+00
 0.2250000E+01 -0.3514358E+00 -0.3512446E-01 -0.3328244E-01 -0.1722078E+00 -0.1803741E-01  0.7255633E+00 -0.9036783E-02 -0.2231943E+00  0.4660955E+00  0.1316960E+00 -0.6024100E-01 -0.6464015E-01 -0.7452548E+00 -0.8089594E-01  0.1049515E+00  0.1842856E+00 -0.7032057E-01  0.2930452E+00  0.6034181E+00
 0.3689338E+00
 0.2300000E+01 -0.3450339E+00 -0.3533706E-01 -0.2969396E-01 -0.1639832E+00 -0.4766883E-01  0.7356336E+00 -0.1082956E-01 -0.1924516E+00  0.4695262E+00  0.1261478E+00 -0.5897512E-01 -0.5867922E-01 -0.7119487E+00 -0.8259042E-01  0.9933362E-01  0.1542470E+00 -0.6987375E-01  0.2863293E+00  0.6104730E+00
 0.3742237E+00
 0.2350000E+01 -0.3371660E+00 -0.3432934E-01 -0.2595338E-01 -0.1548503E+00 -0.7575597E-01  0.7439656E+00 -0.1232220E-01 -0.1597351E+00  0.4713211E+00  0.1196335E+00 -0.5758608E-01 -0.5235200E-01 -0.6745101E+00 -0.8426645E-01  0.9285551E-01  0.1222140E+00 -0.6929819E-01  0.2779883E+00  0.6157141E+00
 0.3786272E+00
 0.2400000E+01 -0.3278132E+00 -0.3212580E-01 -0.2206201E-01 -0.1448165E+00 -0.1013422E+00  0.7503712E+00 -0.1343583E-01 -0.1251285E+00  0.4714064E+00  0.1121502E+00 -0.5607095E-01 -0.4568433E-01 -0.6329766E+00 -0.8589693E-01  0.8552017E-01  0.8829638E-01 -0.6858564E-01  0.2680058E+00  0.6190180E+00
 0.3820443E+00
 0.2450000E+01 -0.3170191E+00 -0.2879446E-01 -0.1800225E-01 -0.1339185E+00 -0.1235372E+00  0.7547949E+00 -0.1411749E-01 -0.8871920E-01  0.4697981E+00  0.1037264E+00 -0.5443526E-01 -0.3870772E-01 -0.5875237E+00 -0.8746869E-01  0.7735877E-01  0.5269342E-01 -0.6773892E-01  0.2564240E+00  0.6203752E+00
 0.3844417E+00
 0.2500000E+01 -0.3048768E+00 -0.2444515E-01 -0.1373880E-01 -0.1222162E+00 -0.1415515E+00  0.7572984E+00 -0.1433490E-01 -0.5067972E-01  0.4665891E+00  0.9441390E-01 -0.5269087E-01 -0.3145575E-01 -0.5384319E+00 -0.8897879E-01  0.6842318E-01  0.1583264E-01 -0.6676929E-01  0.2433308E+00  0.6198758E+00
 0.3858465E+00
 0.2550000E+01 -0.2915168E+00 -0.1922616E-01 -0.9245963E-02 -0.1097886E+00 -0.1547271E+00  0.7580467E+00 -0.1407388E-01 -0.1147538E-01  0.4619381E+00  0.8427992E-01 -0.5085390E-01 -0.2396053E-01 -0.4860574E+00 -0.9043110E-01  0.5877829E-01 -0.2149544E-01 -0.6569377E-01  0.2288476E+00  0.6176964E+00
 0.3863395E+00
 0.2600000E+01 -0.2770981E+00 -0.1331927E-01 -0.4549130E-02 -0.9672916E-01 -0.1625658E+00  0.7573007E+00 -0.1333760E-01  0.2801844E-01  0.4560627E+00  0.7340308E-01 -0.4894304E-01 -0.1624712E-01 -0.4308098E+00 -0.9183606E-01  0.4849846E-01 -0.5820566E-01 -0.6453346E-01  0.2131224E+00  0.6140923E+00
 0.3860520E+00
 0.2650000E+01 -0.2617995E+00 -0.6933401E-02  0.2628292E-03 -0.8313851E-01 -0.1647510E+00  0.7554079E+00 -0.1214633E-01  0.6664344E-01  0.4492311E+00  0.6187250E-01 -0.4697787E-01 -0.8340776E-02 -0.3731286E+00 -0.9321190E-01  0.3766794E-01 -0.9309902E-01 -0.6331260E-01  0.1963226E+00  0.6093886E+00
 0.3851604E+00
 0.2700000E+01 -0.2458055E+00 -0.2970489E-03  0.5058573E-02 -0.6911544E-01 -0.1611637E+00  0.7527797E+00 -0.1053692E-01  0.1031445E+00  0.4417457E+00  0.4978655E-01 -0.4497679E-01 -0.3082209E-03 -0.3134539E+00 -0.9458392E-01  0.2638159E-01 -0.1249899E+00 -0.6205681E-01  0.1786251E+00  0.6039600E+00
 0.3838744E+00
 0.2750000E+01 -0.2292879E+00  0.6350078E-02  0.9688187E-02 -0.5474779E-01 -0.1518915E+00  0.7498477E+00 -0.8561778E-02  0.1362871E+00  0.4339152E+00  0.3725091E-01 -0.4295404E-01  0.7701268E-02 -0.2521937E+00 -0.9598019E-01  0.1474587E-01 -0.1527732E+00 -0.6078977E-01  0.1602029E+00  0.5981944E+00
 0.3824145E+00
 0.2800000E+01 -0.2123853E+00  0.1276602E-01  0.1399842E-01 -0.4010556E-01 -0.1372282E+00  0.7470028E+00 -0.6287226E-02  0.1649238E+00  0.4260171E+00  0.2437786E-01 -0.4091645E-01  0.1546837E-01 -0.1897003E+00 -0.9742425E-01  0.2882753E-02 -0.1754672E+00 -0.5952886E-01  0.1412101E+00  0.5924426E+00
 0.3809806E+00
 0.2850000E+01 -0.1951873E+00  0.1871568E-01  0.1784203E-01 -0.2524049E-01 -0.1176673E+00  0.7445291E+00 -0.3791304E-02  0.1880415E+00  0.4182602E+00  0.1128787E-01 -0.3886103E-01  0.2274485E-01 -0.1262662E+00 -0.9892641E-01 -0.9060365E-02 -0.1922508E+00 -0.5828102E-01  0.1217720E+00  0.5869659E+00
 0.3797187E+00
 0.2900000E+01 -0.1777288E+00  0.2397974E-01  0.2108450E-01 -0.1019425E-01 -0.9388579E-01  0.7425536E+00 -0.1161064E-02  0.2048005E+00  0.4107577E+00 -0.1885921E-02 -0.3677448E-01  0.2928433E-01 -0.6214855E-01 -0.1004766E+00 -0.2088974E-01 -0.2024948E+00 -0.5704017E-01  0.1019829E+00  0.5818978E+00
 0.3786948E+00
 0.2950000E+01 -0.1599967E+00  0.2836311E-01  0.2360969E-01  0.4987061E-02 -0.6672129E-01  0.7410216E+00  0.1510543E-02  0.2145691E+00  0.4035173E+00 -0.1498902E-01 -0.3463460E-01  0.3485927E-01  0.2385185E-02 -0.1020408E+00 -0.3233213E-01 -0.2057898E+00 -0.5578716E-01  0.8191325E-01  0.5772258E+00
 0.3778823E+00
 0.3000000E+01 -0.1419444E+00  0.3170236E-01  0.2532459E-01  0.2023567E-01 -0.3714281E-01  0.7397016E+00  0.4128058E-02  0.2169515E+00  0.3964468E+00 -0.2783190E-01 -0.3241336E-01  0.3927129E-01  0.6700334E-01 -0.1035612E+00 -0.4301609E-01 -0.2019655E+00 -0.5449222E-01  0.6162417E-01  0.5727973E+00
 0.3771638E+00
 0.3050000E+01 -0.1235134E+00  0.3387218E-01  0.2616332E-01  0.3544080E-01 -0.6215544E-02  0.7382219E+00  0.6597067E-02  0.2118075E+00  0.3893787E+00 -0.4017302E-01 -0.3008124E-01  0.4235907E-01  0.1312621E+00 -0.1049618E+00 -0.5251604E-01 -0.1911023E+00 -0.5311975E-01  0.4118503E-01  0.5683508E+00
 0.3763497E+00
 0.3100000E+01 -0.1046540E+00  0.3479022E-01  0.2609018E-01  0.5041718E-01  0.2493819E-01  0.7361324E+00  0.8827759E-02  0.1992630E+00  0.3821049E+00 -0.5170223E-01 -0.2761167E-01  0.4400487E-01  0.1945760E+00 -0.1061566E+00 -0.6043437E-01 -0.1735338E+00 -0.5163393E-01  0.2068767E-01  0.5635636E+00
 0.3752095E+00
 0.3150000E+01 -0.8534097E-01  0.3442047E-01  0.2510157E-01  0.6485253E-01  0.5518059E-01  0.7329675E+00  0.1073835E-01  0.1797109E+00  0.3744118E+00 -0.6203581E-01 -0.2498448E-01  0.4413976E-01  0.2562084E+00 -0.1070584E+00 -0.6644823E-01 -0.1498387E+00 -0.5000312E-01  0.2520582E-03  0.5581018E+00
 0.3735041E+00
 0.3200000E+01 -0.6558184E-01  0.3277475E-01  0.2322674E-01  0.7824967E-01  0.8340110E-01  0.7282958E+00  0.1225823E-01  0.1538010E+00  0.3661064E+00 -0.7074361E-01 -0.2218761E-01  0.4274715E-01  0.3152749E+00 -0.1075854E+00 -0.7031695E-01 -0.1208237E+00 -0.4820185E-01 -0.1997752E-01  0.5516578E+00
 0.3710119E+00
 0.3250000E+01 -0.4541702E-01  0.2991251E-01  0.2052726E-01  0.8994440E-01  0.1085583E+00  0.7217535E+00  0.1333074E-01  0.1224205E+00  0.3570337E+00 -0.7741494E-01 -0.1921712E-01  0.3986455E-01  0.3707563E+00 -0.1076672E+00 -0.7188016E-01 -0.8749671E-01 -0.4621140E-01 -0.3984104E-01  0.5439764E+00
 0.3675459E+00
 0.3300000E+01 -0.2491537E-01  0.2593869E-01  0.1709523E-01  0.9925265E-01  0.1297195E+00  0.7130660E+00  0.1391538E-01  0.8666377E-01  0.3470857E+00 -0.8172293E-01 -0.1607633E-01  0.3558324E-01  0.4215120E+00 -0.1072483E+00 -0.7105808E-01 -0.5103255E-01 -0.4401995E-01 -0.5917177E-01  0.5348693E+00
 0.3629647E+00
 0.3350000E+01 -0.4166225E-02  0.2100000E-01  0.1305026E-01  0.1056258E+00  0.1460966E+00  0.7020613E+00  0.1398950E-01  0.4779513E-01  0.3362057E+00 -0.8344946E-01 -0.1277448E-01  0.3004588E-01  0.4662803E+00 -0.1062916E+00 -0.6785330E-01 -0.1273082E-01 -0.4162289E-01 -0.7780460E-01  0.5242246E+00
 0.3571799E+00
 0.3400000E+01  0.1673016E-01  0.1527944E-01  0.8535400E-02  0.1086993E+00  0.1570760E+00  0.6886803E+00  0.1354923E-01  0.7203191E-02  0.3243910E+00 -0.8248389E-01 -0.9325222E-02  0.2344204E-01  0.5036371E+00 -0.1047800E+00 -0.6235176E-01  0.2603111E-01 -0.3902311E-01 -0.9558481E-01  0.5120126E+00
 0.3501604E+00
 0.3450000E+01  0.3767286E-01  0.8989526E-02  0.3712019E-02  0.1082770E+00  0.1622432E+00  0.6729763E+00  0.1260974E-01 -0.3364944E-01  0.3116892E+00 -0.7881751E-01 -0.5745057E-02  0.1600192E-01  0.5318937E+00 -0.1027166E+00 -0.5472136E-01  0.6384876E-01 -0.3623035E-01 -0.1123780E+00  0.4982842E+00
 0.3419330E+00
 0.3500000E+01  0.5897362E-01  0.2364404E-02 -0.1246009E-02  0.1043124E+00  0.1613985E+00  0.6576167E+00  0.1120483E-01 -0.7328013E-01  0.2979533E+00 -0.7254202E-01 -0.1833902E-02  0.7988304E-02  0.5508517E+00 -0.1004500E+00 -0.4520769E-01  0.9934290E-01 -0.3318659E-01 -0.1286691E+00  0.4836397E+00
 0.3342827E+00
 0.3550000E+01  0.8056481E-01 -0.4348939E-02 -0.6158696E-02  0.9688771E-01  0.1545656E+00  0.6413634E+00  0.9385654E-02 -0.1102416E+00  0.2829401E+00 -0.6383856E-01  0.2452667E-02 -0.3128145E-03  0.5570984E+00 -0.9772583E-01 -0.3412667E-01  0.1312114E+00 -0.2996669E-01 -0.1441863E+00  0.4674833E+00
 0.3265604E+00
 0.3600000E+01  0.1022621E+00 -0.1089992E-01 -0.1084663E-01  0.8621414E-01  0.1419916E+00  0.6237123E+00  0.7218979E-02 -0.1431762E+00  0.2671705E+00 -0.5297773E-01  0.7106614E-02 -0.8602632E-02  0.5479517E+00 -0.9425910E-01 -0.2185441E-01  0.1582787E+00 -0.2676126E-01 -0.1584731E+00  0.4503185E+00
 0.3182785E+00
 0.3650000E+01  0.1239177E+00 -0.1704377E-01 -0.1513768E-01  0.7262238E-01  0.1241383E+00  0.6055734E+00  0.4784670E-02 -0.1708678E+00  0.2515675E+00 -0.4031093E-01  0.1206759E-01 -0.1658056E-01  0.5222359E+00 -0.8987448E-01 -0.8814519E-02  0.1795404E+00 -0.2377786E-01 -0.1710316E+00  0.4335199E+00
 0.3095711E+00
 0.3700000E+01  0.1456045E+00 -0.2255070E-01 -0.1887354E-01  0.5655155E-01  0.1016653E+00  0.5884955E+00  0.2172766E-02 -0.1922879E+00  0.2368290E+00 -0.2625894E-01  0.1726543E-01 -0.2395547E-01  0.4800600E+00 -0.8456294E-01  0.4536765E-02  0.1942027E+00 -0.2113491E-01 -0.1814547E+00  0.4183108E+00
 0.3010540E+00
 0.3750000E+01  0.1675755E+00 -0.2721461E-01 -0.2191568E-01  0.3853510E-01  0.7540589E-01  0.5733396E+00 -0.5198710E-03 -0.2066357E+00  0.2231037E+00 -0.1129797E-01  0.2264112E-01 -0.3045661E-01  0.4224244E+00 -0.7843954E-01  0.1772693E-01  0.2017127E+00 -0.1883376E-01 -0.1895041E+00  0.4050351E+00
 0.2932278E+00
 0.3800000E+01  0.1899848E+00 -0.3086077E-01 -0.2415074E-01  0.1918327E-01  0.4633597E-01  0.5599075E+00 -0.3193173E-02 -0.2133692E+00  0.2101305E+00  0.4056755E-02  0.2813600E-01 -0.3584394E-01  0.3509901E+00 -0.7165824E-01  0.3028450E-01  0.2017807E+00 -0.1680804E-01 -0.1951450E+00  0.3932736E+00
 0.2861376E+00
 0.3850000E+01  0.2128111E+00 -0.3335249E-01 -0.2549483E-01 -0.8377777E-03  0.1553793E-01  0.5476316E+00 -0.5747613E-02 -0.2122269E+00  0.1975955E+00  0.1926920E-01  0.3370029E-01 -0.3991734E-01  0.2679587E+00 -0.6434736E-01  0.4175655E-01  0.1943923E+00 -0.1499405E-01 -0.1985206E+00  0.3824692E+00
 0.2795997E+00
 0.3900000E+01  0.2359482E+00 -0.3459619E-01 -0.2589687E-01 -0.2082943E-01 -0.1583993E-01  0.5360196E+00 -0.8087940E-02 -0.2032389E+00  0.1852769E+00  0.3380195E-01  0.3929813E-01 -0.4252433E-01  0.1759841E+00 -0.5659951E-01  0.5172582E-01  0.1798103E+00 -0.1334813E-01 -0.1999216E+00  0.3722081E+00
 0.2734152E+00
 0.3950000E+01  0.2592505E+00 -0.3454503E-01 -0.2534062E-01 -0.4008580E-01 -0.4662639E-01  0.5246826E+00 -0.1012677E-01 -0.1867271E+00  0.1730298E+00  0.4713606E-01  0.4489965E-01 -0.4356607E-01  0.7808201E-01 -0.4849238E-01  0.5982662E-01  0.1585657E+00 -0.1183677E-01 -0.1997927E+00  0.3621970E+00
 0.2673997E+00
 0.4000000E+01  0.2825519E+00 -0.3320063E-01 -0.2384546E-01 -0.5791973E-01 -0.7567119E-01  0.5132982E+00 -0.1178786E-01 -0.1632941E+00  0.1607562E+00  0.5879053E-01  0.5047580E-01 -0.4300138E-01 -0.2247241E-01 -0.4010387E-01  0.6575902E-01  0.1314387E+00 -0.1043112E-01 -0.1987549E+00  0.3522135E+00
 0.2613783E+00
 0.4050000E+01  0.3056787E+00 -0.3061310E-01 -0.2146573E-01 -0.7368853E-01 -0.1018882E+00  0.5015890E+00 -0.1300900E-01 -0.1338015E+00  0.1483854E+00  0.6834070E-01  0.5599718E-01 -0.4084853E-01 -0.1222577E+00 -0.3151129E-01  0.6930063E-01  0.9943049E-01 -0.9106977E-02 -0.1976361E+00  0.3420761E+00
 0.2551891E+00
 0.4100000E+01  0.3284556E+00 -0.2687911E-01 -0.1828889E-01 -0.8681838E-01 -0.1242964E+00  0.4893135E+00 -0.1374440E-01 -0.9933863E-01  0.1358642E+00  0.7543470E-01  0.6143369E-01 -0.3718483E-01 -0.2178278E+00 -0.2278797E-01  0.7031560E-01  0.6372628E-01 -0.7845180E-02 -0.1974554E+00  0.3316307E+00
 0.2486862E+00
 0.4150000E+01  0.3507056E+00 -0.2213836E-01 -0.1443223E-01 -0.9682649E-01 -0.1420565E+00  0.4762591E+00 -0.1396635E-01 -0.6118231E-01  0.1231529E+00  0.7980740E-01  0.6675404E-01 -0.3214398E-01 -0.3058366E+00 -0.1400491E-01  0.6876035E-01  0.2565118E-01 -0.6630735E-02 -0.1991909E+00  0.3207430E+00
 0.2417392E+00
 0.4200000E+01  0.3722489E+00 -0.1656830E-01 -0.1003866E-01 -0.1033401E+00 -0.1545027E+00  0.4622379E+00 -0.1366635E-01 -0.2074928E-01  0.1102224E+00  0.8129115E-01  0.7192521E-01 -0.2591124E-01 -0.3831628E+00 -0.5231573E-02  0.6468583E-01 -0.1337900E-01 -0.5452359E-02 -0.2032373E+00  0.3092952E+00
 0.2342326E+00
 0.4250000E+01  0.3932432E+00 -0.1037750E-01 -0.5271336E-02 -0.1061116E+00 -0.1611681E+00  0.4475094E+00 -0.1285545E-01  0.2045645E-01  0.9713923E-01  0.7982301E-01  0.7696921E-01 -0.1871669E-01 -0.4470281E+00  0.3496512E-02  0.5823630E-01 -0.5191068E-01 -0.4323498E-02 -0.2066029E+00  0.2974577E+00
 0.2262921E+00
 0.4300000E+01  0.4134741E+00 -0.3797874E-02 -0.3076117E-03 -0.1050286E+00 -0.1618017E+00  0.4318700E+00 -0.1156379E-01  0.6089986E-01  0.8386057E-01  0.7544796E-01  0.8183703E-01 -0.1082669E-01 -0.4951049E+00  0.1214400E-01  0.4964440E-01 -0.8850698E-01 -0.3249087E-02 -0.2092352E+00  0.2850899E+00
 0.2178113E+00
 0.4350000E+01  0.4327137E+00  0.2924069E-02  0.4667581E-02 -0.1001197E+00 -0.1563785E+00  0.4151376E+00 -0.9839561E-02  0.9907242E-01  0.7035966E-01  0.6831812E-01  0.8647792E-01 -0.2534069E-02 -0.5256090E+00  0.2066852E-01  0.3922300E-01 -0.1218016E+00 -0.2232891E-02 -0.2110821E+00  0.2720679E+00
 0.2086961E+00
 0.4400000E+01  0.4507325E+00  0.9536431E-02  0.9468659E-02 -0.9155425E-01 -0.1451005E+00  0.3971616E+00 -0.7747164E-02  0.1335487E+00  0.5662707E-01  0.5868784E-01  0.9084161E-01  0.5852871E-02 -0.5373729E+00  0.2902175E-01  0.2735381E-01 -0.1505502E+00 -0.1277714E-02 -0.2120966E+00  0.2582912E+00
 0.1988693E+00
 0.4450000E+01  0.4673107E+00  0.1579138E-01  0.1391635E-01 -0.7963719E-01 -0.1283891E+00  0.3778307E+00 -0.5364824E-02  0.1630399E+00  0.4267033E-01  0.4690491E-01  0.9488033E-01  0.1402182E-01 -0.5298967E+00  0.3715148E-01  0.1447348E-01 -0.1736770E+00 -0.3857817E-03 -0.2122406E+00  0.2436869E+00
 0.1882751E+00
 0.4500000E+01  0.4822478E+00  0.2145446E-01  0.1784440E-01 -0.6479850E-01 -0.1068691E+00  0.3570757E+00 -0.2781660E-02  0.1864425E+00  0.2851225E-01  0.3339810E-01  0.9855056E-01  0.2166817E-01 -0.5033749E+00  0.4500388E-01  0.1057431E-02 -0.1903160E+00  0.4410230E-03 -0.2114873E+00  0.2282115E+00
 0.1768805E+00
 0.4550000E+01  0.4953695E+00  0.2631337E-01  0.2110587E-01 -0.4757789E-01 -0.8134615E-01  0.3348697E+00 -0.9435051E-04  0.2028796E+00  0.1418863E-01  0.1866157E-01  0.1018146E+00  0.2850647E-01 -0.4586966E+00  0.5252538E-01 -0.1239781E-01 -0.1998427E+00  0.1201265E-02 -0.2098239E+00  0.2118500E+00
 0.1646748E+00
 0.4600000E+01  0.5065346E+00  0.3018592E-01  0.2357862E-01 -0.2860521E-01 -0.5277581E-01  0.3112260E+00  0.2596493E-02  0.2117345E+00 -0.2543633E-03  0.3236805E-02  0.1046420E+00  0.3428113E-01 -0.3974192E+00  0.5966427E-01 -0.2539310E-01 -0.2018986E+00  0.1894213E-02 -0.2072530E+00  0.1946143E+00
 0.1516686E+00
 0.4650000E+01  0.5156401E+00  0.3292691E-01  0.2516994E-01 -0.8577434E-02 -0.2222818E-01  0.2861952E+00  0.5190091E-02  0.2126734E+00 -0.1476324E-01 -0.1230752E-01  0.1070108E+00  0.3877607E-01 -0.3217171E+00  0.6637244E-01 -0.3744538E-01 -0.1964045E+00  0.2520042E-02 -0.2037942E+00  0.1765411E+00
 0.1378919E+00
 0.4700000E+01  0.5226254E+00  0.3443353E-01  0.2582005E-01  0.1176720E-01  0.9152322E-02  0.2598609E+00  0.7589285E-02  0.2056590E+00 -0.2928053E-01 -0.2739663E-01  0.1089085E+00  0.4182286E-01 -0.2343058E+00  0.7260732E-01 -0.4810581E-01 -0.1835639E+00  0.3079855E-02 -0.1994834E+00  0.1576887E+00
 0.1233913E+00
 0.4750000E+01  0.5274753E+00  0.3464925E-01  0.2550439E-01  0.3167656E-01  0.4018987E-01  0.2323343E+00  0.9704172E-02  0.1909514E+00 -0.4374845E-01 -0.4147116E-01  0.1103324E+00  0.4330709E-01 -0.1383452E+00  0.7833427E-01 -0.5697670E-01 -0.1638553E+00  0.3575448E-02 -0.1943717E+00  0.1381324E+00
 0.1082278E+00
 0.4800000E+01  0.5302199E+00  0.3356596E-01  0.2423450E-01  0.5041274E-01  0.6972127E-01  0.2037477E+00  0.1145549E-01  0.1690992E+00 -0.5811248E-01 -0.5400813E-01  0.1112894E+00  0.4317274E-01 -0.3732486E-01  0.8352875E-01 -0.6372644E-01 -0.1380147E+00  0.4009024E-02 -0.1885218E+00  0.1179603E+00
 0.9247329E-01
 0.4850000E+01  0.5309335E+00  0.3122422E-01  0.2205770E-01  0.6727973E-01  0.9663964E-01  0.1742483E+00  0.1277757E-01  0.1409185E+00 -0.7232459E-01 -0.6454067E-01  0.1117957E+00  0.4142429E-01  0.6506344E-01  0.8817812E-01 -0.6810217E-01 -0.1070082E+00  0.4382998E-02 -0.1820059E+00  0.9726845E-01
 0.7620726E-01
 0.4900000E+01  0.5297315E+00  0.2771180E-01  0.1905529E-01  0.8164958E-01  0.1199359E+00  0.1439901E+00  0.1362086E-01  0.1074629E+00 -0.8634597E-01 -0.7267562E-01  0.1118761E+00  0.3812667E-01  0.1650625E+00  0.9228281E-01 -0.6993931E-01 -0.7199557E-01  0.4699894E-02 -0.1749019E+00  0.7615534E-01
 0.5951324E-01
 0.4950000E+01  0.5267662E+00  0.2316037E-01  0.1533950E-01  0.9298611E-01  0.1387367E+00  0.1131273E+00  0.1395369E-01  0.6998407E-01 -0.1001492E+00 -0.7810845E-01  0.1115629E+00  0.3340283E-01  0.2589892E+00  0.9585698E-01 -0.6916793E-01 -0.3428715E-01  0.4962334E-02 -0.1672905E+00  0.5471769E-01
 0.4247519E-01
 0.5000000E+01  0.5222209E+00  0.1774057E-01  0.1104935E-01  0.1008652E+00  0.1523370E+00  0.8180744E-01  0.1376358E-01  0.2988472E-01 -0.1137195E+00 -0.8063491E-01  0.1108953E+00  0.2742917E-01  0.3433727E+00  0.9892795E-01 -0.6581550E-01  0.4705299E-02  0.5173312E-02 -0.1592530E+00  0.3304580E-01
 0.2517387E-01
