 0.1000000E+02  0.1469516E-13 -0.2018374E-15  0.1469654E-13
 0.2000000E+02  0.2292581E-13 -0.1646592E-13  0.2822622E-13
 0.3000000E+02  0.1229085E-13 -0.1595298E-13  0.2013859E-13
 0.4000000E+02  0.3563945E-13  0.9755336E-14  0.3695046E-13
 0.5000000E+02  0.8513163E-13 -0.8064898E-14  0.8551279E-13
 0.6000000E+02  0.9292153E-13 -0.2889355E-13  0.9731006E-13
 0.7000000E+02  0.1195669E-12 -0.5811768E-15  0.1195683E-12
 0.8000000E+02  0.2275810E-12  0.6516814E-13  0.2367277E-12
 0.9000000E+02  0.4994398E-12  0.3257823E-14  0.4994504E-12
 0.1000000E+03  0.5862590E-12 -0.2093353E-12  0.6225117E-12
 0.1100000E+03  0.8753919E-12 -0.1591379E-12  0.8897392E-12
 0.1200000E+03  0.1408671E-11 -0.8433399E-12  0.1641821E-11
 0.1300000E+03  0.8593006E-12 -0.1162707E-11  0.1445782E-11
 0.1400000E+03  0.3336425E-11 -0.3617713E-12  0.3355981E-11
 0.1500000E+03  0.4162836E-11 -0.1122524E-10  0.1197227E-10
 0.1600000E+03 -0.3131740E-10  0.3835173E-11  0.3155136E-10
 0.1700000E+03  0.1272869E-09  0.9230152E-10  0.1572308E-09
 0.1800000E+03 -0.2071747E-09 -0.7329139E-09  0.7616326E-09
 0.1900000E+03 -0.1615298E-09  0.3103036E-08  0.3107238E-08
 0.2000000E+03  0.2349085E-08 -0.1134722E-07  0.1158782E-07
 0.2100000E+03 -0.1276173E-07  0.3707758E-07  0.3921236E-07
 0.2200000E+03  0.5835265E-07 -0.1031768E-06  0.1185348E-06
 0.2300000E+03 -0.2196434E-06  0.2221872E-06  0.3124266E-06
 0.2400000E+03  0.6450981E-06 -0.3124282E-06  0.7167725E-06
 0.2500000E+03 -0.1447931E-05  0.6362648E-07  0.1449329E-05
 0.2600000E+03  0.2391733E-05  0.1078487E-05  0.2623647E-05
 0.2700000E+03 -0.2523282E-05 -0.3505915E-05  0.4319536E-05
 0.2800000E+03  0.3140892E-06  0.6551406E-05  0.6558930E-05
 0.2900000E+03  0.5078966E-05 -0.7785892E-05  0.9296022E-05
 0.3000000E+03 -0.1179627E-04  0.3897315E-05  0.1242341E-04
 0.3100000E+03  0.1453926E-04  0.6152720E-05  0.1578753E-04
 0.3200000E+03 -0.7611601E-05 -0.1763861E-04  0.1921086E-04
 0.3300000E+03 -0.8710270E-05  0.2076134E-04  0.2251448E-04
 0.3400000E+03  0.2416191E-04 -0.8264364E-05  0.2553620E-04
 0.3500000E+03 -0.2397243E-04 -0.1474727E-04  0.2814533E-04
 0.3600000E+03  0.3123214E-05  0.3008947E-04  0.3025113E-04
 0.3700000E+03  0.2378769E-04 -0.2110976E-04  0.3180371E-04
 0.3800000E+03 -0.3174895E-04 -0.8204548E-05  0.3279193E-04
 0.3900000E+03  0.1017144E-04  0.3164328E-04  0.3323786E-04
 0.4000000E+03  0.2193557E-04 -0.2490478E-04  0.3318760E-04
 0.4100000E+03 -0.3199328E-04 -0.6776592E-05  0.3270309E-04
 0.4200000E+03  0.8865476E-05  0.3059656E-04  0.3185508E-04
 0.4300000E+03  0.2243714E-04 -0.2097530E-04  0.3071463E-04
 0.4400000E+03 -0.2737225E-04 -0.1058239E-04  0.2934668E-04
 0.4500000E+03  0.1758711E-05  0.2775328E-04  0.2780895E-04
 0.4600000E+03  0.2320677E-04 -0.1206505E-04  0.2615569E-04
 0.4700000E+03 -0.1887102E-04 -0.1554085E-04  0.2444655E-04
 0.4800000E+03 -0.6676715E-05  0.2175666E-04  0.2275809E-04
 0.4900000E+03  0.2111041E-04 -0.1768167E-05  0.2118433E-04
 0.5000000E+03 -0.8685279E-05 -0.1780849E-04  0.1981354E-04
 0.5100000E+03 -0.1291272E-04  0.1350717E-04  0.1868641E-04
 0.5200000E+03  0.1612757E-04  0.7440981E-05  0.1776139E-04
 0.5300000E+03  0.2224748E-05 -0.1676883E-04  0.1691577E-04
 0.5400000E+03 -0.1584262E-04  0.2155099E-05  0.1598853E-04
 0.5500000E+03  0.5373386E-05  0.1383185E-04  0.1483891E-04
 0.5600000E+03  0.1120596E-04 -0.7328038E-05  0.1338931E-04
 0.5700000E+03 -0.8087938E-05 -0.8371040E-05  0.1163998E-04
 0.5800000E+03 -0.5649597E-05  0.7832838E-05  0.9657707E-05
 0.5900000E+03  0.6791765E-05  0.3275878E-05  0.7540521E-05
 0.6000000E+03  0.1383521E-05 -0.5190293E-05  0.5371524E-05
 0.6100000E+03 -0.3229731E-05  0.2577910E-07  0.3229834E-05
 0.6200000E+03  0.1091453E-05  0.1123890E-05  0.1566652E-05
 0.6300000E+03 -0.8262146E-06 -0.1983933E-05  0.2149098E-05
 0.6400000E+03 -0.2624500E-05  0.2243963E-05  0.3453023E-05
 0.6500000E+03  0.2959850E-05  0.2407468E-05  0.3815313E-05
 0.6600000E+03  0.3621356E-06 -0.3553229E-05  0.3571635E-05
 0.6700000E+03 -0.5630548E-05  0.3893489E-05  0.6845607E-05
 0.6800000E+03  0.8816754E-05  0.1096529E-04  0.1407028E-04
 0.6900000E+03  0.1927825E-04 -0.1069035E-04  0.2204393E-04
 0.7000000E+03 -0.5954003E-05 -0.2625391E-04  0.2692059E-04
 0.7100000E+03 -0.2473700E-04 -0.4562634E-05  0.2515426E-04
 0.7200000E+03 -0.1344961E-04  0.1031598E-04  0.1695026E-04
 0.7300000E+03 -0.1259558E-04  0.1089142E-04  0.1665148E-04
 0.7400000E+03 -0.6106759E-05  0.3172649E-04  0.3230887E-04
 0.7500000E+03  0.3796191E-04  0.2881768E-04  0.4766094E-04
 0.7600000E+03  0.4563634E-04 -0.3701813E-04  0.5876238E-04
 0.7700000E+03 -0.4508202E-04 -0.5984171E-04  0.7492275E-04
 0.7800000E+03 -0.9423317E-04  0.6453609E-04  0.1142138E-03
 0.7900000E+03  0.6391141E-04  0.1650382E-03  0.1769810E-03
 0.8000000E+03  0.2425166E-03  0.2698119E-05  0.2425316E-03
 0.8100000E+03  0.1362068E-03 -0.2491252E-03  0.2839290E-03
 0.8200000E+03 -0.1260563E-03 -0.2516363E-03  0.2814445E-03
 0.8300000E+03 -0.2256769E-03 -0.7951222E-04  0.2392744E-03
 0.8400000E+03 -0.2116964E-03  0.2066104E-04  0.2127023E-03
 0.8500000E+03 -0.2374454E-03  0.1346312E-03  0.2729577E-03
 0.8600000E+03 -0.1131623E-03  0.3464655E-03  0.3644778E-03
 0.8700000E+03  0.2330781E-03  0.3232710E-03  0.3985342E-03
 0.8800000E+03  0.3270433E-03 -0.5554579E-04  0.3317268E-03
 0.8900000E+03 -0.4351458E-04 -0.2032374E-03  0.2078436E-03
 0.9000000E+03 -0.2143674E-03  0.2117544E-03  0.3013193E-03
 0.9100000E+03  0.2928405E-03  0.4858165E-03  0.5672506E-03
 0.9200000E+03  0.7917709E-03 -0.3384859E-04  0.7924941E-03
 0.9300000E+03  0.4534937E-03 -0.7614092E-03  0.8862283E-03
 0.9400000E+03 -0.3226540E-03 -0.7468273E-03  0.8135457E-03
 0.9500000E+03 -0.5772357E-03 -0.1619033E-03  0.5995112E-03
 0.9600000E+03 -0.2933865E-03  0.1502950E-03  0.3296426E-03
 0.9700000E+03 -0.1177743E-03  0.9462081E-04  0.1510758E-03
 0.9800000E+03 -0.9134675E-04  0.1249660E-03  0.1547926E-03
 0.9900000E+03  0.1288974E-03  0.1353426E-03  0.1869015E-03
 0.1000000E+04  0.2800928E-03 -0.2214221E-03  0.3570430E-03
 0.1010000E+04 -0.7223249E-04 -0.6000491E-03  0.6043810E-03
 0.1020000E+04 -0.6091908E-03 -0.4782754E-03  0.7745068E-03
 0.1030000E+04 -0.7942144E-03 -0.8532605E-04  0.7987847E-03
 0.1040000E+04 -0.7897264E-03  0.9308976E-04  0.7951940E-03
 0.1050000E+04 -0.1058994E-02  0.1961390E-03  0.1077005E-02
 0.1060000E+04 -0.1551813E-02  0.7504194E-03  0.1723732E-02
 0.1070000E+04 -0.1716351E-02  0.1990089E-02  0.2627986E-02
 0.1080000E+04 -0.9264601E-03  0.3629970E-02  0.3746333E-02
 0.1090000E+04  0.1156724E-02  0.4926052E-02  0.5060039E-02
 0.1100000E+04  0.4288456E-02  0.4962760E-02  0.6558952E-02
 0.1110000E+04  0.7683530E-02  0.3093266E-02  0.8282809E-02
 0.1120000E+04  0.1028072E-01 -0.9196872E-03  0.1032177E-01
 0.1130000E+04  0.1074201E-01 -0.6829895E-02  0.1272942E-01
 0.1140000E+04  0.7655713E-02 -0.1341821E-01  0.1544857E-01
 0.1150000E+04  0.5098882E-03 -0.1834849E-01  0.1835557E-01
 0.1160000E+04 -0.9508610E-02 -0.1913355E-01  0.2136601E-01
 0.1170000E+04 -0.1983704E-01 -0.1432523E-01  0.2446876E-01
 0.1180000E+04 -0.2736590E-01 -0.4015841E-02  0.2765899E-01
 0.1190000E+04 -0.2921365E-01  0.1001083E-01  0.3088129E-01
 0.1200000E+04 -0.2372135E-01  0.2446629E-01  0.3407788E-01
 0.1210000E+04 -0.1120292E-01  0.3554487E-01  0.3726853E-01
 0.1220000E+04  0.6259003E-02  0.4003083E-01  0.4051718E-01
 0.1230000E+04  0.2527147E-01  0.3576193E-01  0.4378998E-01
 0.1240000E+04  0.4128218E-01  0.2222572E-01  0.4688498E-01
 0.1250000E+04  0.4951814E-01  0.1608644E-02  0.4954426E-01
 0.1260000E+04  0.4705045E-01 -0.2125963E-01  0.5163058E-01
 0.1270000E+04  0.3415414E-01 -0.4076776E-01  0.5318379E-01
 0.1280000E+04  0.1380039E-01 -0.5254389E-01  0.5432597E-01
 0.1290000E+04 -0.9658805E-02 -0.5429406E-01  0.5514651E-01
 0.1300000E+04 -0.3155195E-01 -0.4588087E-01  0.5568285E-01
 0.1310000E+04 -0.4777517E-01 -0.2913691E-01  0.5595915E-01
 0.1320000E+04 -0.5549750E-01 -0.7330659E-02  0.5597956E-01
 0.1330000E+04 -0.5349008E-01  0.1547693E-01  0.5568415E-01
 0.1340000E+04 -0.4237075E-01  0.3502377E-01  0.5497222E-01
 0.1350000E+04 -0.2472702E-01  0.4779948E-01  0.5381650E-01
 0.1360000E+04 -0.4394191E-02  0.5216378E-01  0.5234853E-01
 0.1370000E+04  0.1499573E-01  0.4853689E-01  0.5080060E-01
 0.1380000E+04  0.3090122E-01  0.3846587E-01  0.4934073E-01
 0.1390000E+04  0.4164412E-01  0.2377770E-01  0.4795426E-01
 0.1400000E+04  0.4599921E-01  0.6592175E-02  0.4646918E-01
 0.1410000E+04  0.4344445E-01 -0.1041216E-01  0.4467475E-01
 0.1420000E+04  0.3477239E-01 -0.2432771E-01  0.4243768E-01
 0.1430000E+04  0.2223549E-01 -0.3298333E-01  0.3977835E-01
 0.1440000E+04  0.8775210E-02 -0.3583499E-01  0.3689377E-01
 0.1450000E+04 -0.3259351E-02 -0.3393021E-01  0.3408640E-01
 0.1460000E+04 -0.1281390E-01 -0.2887078E-01  0.3158668E-01
 0.1470000E+04 -0.1965989E-01 -0.2184260E-01  0.2938725E-01
 0.1480000E+04 -0.2359079E-01 -0.1369668E-01  0.2727865E-01
 0.1490000E+04 -0.2447307E-01 -0.5549949E-02  0.2509448E-01
 0.1500000E+04 -0.2289109E-01  0.1359759E-02  0.2293144E-01
 0.1510000E+04 -0.2008698E-01  0.6530734E-02  0.2112196E-01
 0.1520000E+04 -0.1699352E-01  0.1045221E-01  0.1995065E-01
 0.1530000E+04 -0.1362276E-01  0.1378311E-01  0.1937921E-01
 0.1540000E+04 -0.9550628E-02  0.1654125E-01  0.1910045E-01
 0.1550000E+04 -0.4714657E-02  0.1822199E-01  0.1882203E-01
 0.1560000E+04  0.4254570E-03  0.1843242E-01  0.1843733E-01
 0.1570000E+04  0.5300537E-02  0.1720440E-01  0.1800242E-01
 0.1580000E+04  0.9581597E-02  0.1477615E-01  0.1761084E-01
 0.1590000E+04  0.1306324E-01  0.1126474E-01  0.1724942E-01
 0.1600000E+04  0.1532392E-01  0.6779209E-02  0.1675649E-01
 0.1610000E+04  0.1585390E-01  0.1870621E-02  0.1596388E-01
 0.1620000E+04  0.1467460E-01 -0.2520723E-02  0.1488952E-01
 0.1630000E+04  0.1247886E-01 -0.5788355E-02  0.1375598E-01
 0.1640000E+04  0.9965267E-02 -0.8019560E-02  0.1279140E-01
 0.1650000E+04  0.7359142E-02 -0.9523343E-02  0.1203541E-01
 0.1660000E+04  0.4668548E-02 -0.1037799E-01  0.1137972E-01
 0.1670000E+04  0.2026519E-02 -0.1054176E-01  0.1073478E-01
 0.1680000E+04 -0.3519918E-03 -0.1009208E-01  0.1009822E-01
 0.1690000E+04 -0.2355188E-02 -0.9216673E-02  0.9512832E-02
 0.1700000E+04 -0.3994412E-02 -0.8040353E-02  0.8977895E-02
 0.1710000E+04 -0.5206090E-02 -0.6582228E-02  0.8392205E-02
 0.1720000E+04 -0.5782863E-02 -0.5025981E-02  0.7661722E-02
 0.1730000E+04 -0.5750934E-02 -0.3855631E-02  0.6923809E-02
 0.1740000E+04 -0.5635626E-02 -0.3403030E-02  0.6583380E-02
 0.1750000E+04 -0.6047661E-02 -0.3441091E-02  0.6958111E-02
 0.1760000E+04 -0.7239389E-02 -0.3435567E-02  0.8013231E-02
 0.1770000E+04 -0.9179903E-02 -0.2839032E-02  0.9608887E-02
 0.1780000E+04 -0.1156829E-01 -0.1050557E-02  0.1161590E-01
 0.1790000E+04 -0.1362960E-01  0.2377216E-02  0.1383536E-01
 0.1800000E+04 -0.1430157E-01  0.7306149E-02  0.1605972E-01
 0.1810000E+04 -0.1271681E-01  0.1294786E-01  0.1814840E-01
 0.1820000E+04 -0.8522515E-02  0.1808894E-01  0.1999607E-01
 0.1830000E+04 -0.2082256E-02  0.2141389E-01  0.2151489E-01
 0.1840000E+04  0.5569556E-02  0.2199192E-01  0.2268622E-01
 0.1850000E+04  0.1315634E-01  0.1953673E-01  0.2355362E-01
 0.1860000E+04  0.1944983E-01  0.1426512E-01  0.2412032E-01
 0.1870000E+04  0.2332154E-01  0.6900965E-02  0.2432113E-01
 0.1880000E+04  0.2410838E-01 -0.1265305E-02  0.2414156E-01
 0.1890000E+04  0.2197679E-01 -0.8866153E-02  0.2369785E-01
 0.1900000E+04  0.1759751E-01 -0.1501977E-01  0.2313581E-01
 0.1910000E+04  0.1165884E-01 -0.1923047E-01  0.2248865E-01
 0.1920000E+04  0.4919014E-02 -0.2113427E-01  0.2169917E-01
 0.1930000E+04 -0.1680453E-02 -0.2069051E-01  0.2075864E-01
 0.1940000E+04 -0.7343240E-02 -0.1835101E-01  0.1976569E-01
 0.1950000E+04 -0.1172802E-01 -0.1474656E-01  0.1884165E-01
 0.1960000E+04 -0.1476105E-01 -0.1031134E-01  0.1800590E-01
 0.1970000E+04 -0.1629351E-01 -0.5376363E-02  0.1715762E-01
 0.1980000E+04 -0.1619555E-01 -0.4828457E-03  0.1620274E-01
 0.1990000E+04 -0.1471969E-01  0.3737801E-02  0.1518685E-01
 0.2000000E+04 -0.1241716E-01  0.7015777E-02  0.1426208E-01
 0.2010000E+04 -0.9649451E-02  0.9455151E-02  0.1350969E-01
 0.2020000E+04 -0.6489916E-02  0.1108706E-01  0.1284687E-01
 0.2030000E+04 -0.3098903E-02  0.1173133E-01  0.1213372E-01
 0.2040000E+04  0.1107567E-03  0.1131085E-01  0.1131139E-01
 0.2050000E+04  0.2718883E-02  0.1007121E-01  0.1043176E-01
 0.2060000E+04  0.4580836E-02  0.8453348E-02  0.9614736E-02
 0.2070000E+04  0.5857061E-02  0.6795699E-02  0.8971438E-02
 0.2080000E+04  0.6776281E-02  0.5175059E-02  0.8526384E-02
 0.2090000E+04  0.7438633E-02  0.3541150E-02  0.8238508E-02
 0.2100000E+04  0.7871327E-02  0.1848413E-02  0.8085445E-02
 0.2110000E+04  0.8031303E-02  0.1351885E-04  0.8031314E-02
 0.2120000E+04  0.7709327E-02 -0.1944991E-02  0.7950894E-02
 0.2130000E+04  0.6790998E-02 -0.3716818E-02  0.7741601E-02
 0.2140000E+04  0.5550770E-02 -0.5050614E-02  0.7504648E-02
 0.2150000E+04  0.4237777E-02 -0.6144988E-02  0.7464559E-02
 0.2160000E+04  0.2590044E-02 -0.7192390E-02  0.7644528E-02
 0.2170000E+04  0.2936275E-03 -0.7784042E-02  0.7789578E-02
 0.2180000E+04 -0.2304023E-02 -0.7290792E-02  0.7646186E-02
 0.2190000E+04 -0.4383574E-02 -0.5650109E-02  0.7151185E-02
 0.2200000E+04 -0.5392189E-02 -0.3451226E-02  0.6402083E-02
 0.2210000E+04 -0.5389000E-02 -0.1400446E-02  0.5567995E-02
 0.2220000E+04 -0.4811509E-02  0.1686508E-03  0.4814464E-02
 0.2230000E+04 -0.3982907E-02  0.1347946E-02  0.4204819E-02
 0.2240000E+04 -0.2863417E-02  0.2237452E-02  0.3633917E-02
 0.2250000E+04 -0.1392791E-02  0.2577534E-02  0.2929769E-02
 0.2260000E+04  0.3886948E-04  0.2030213E-02  0.2030585E-02
 0.2270000E+04  0.7718899E-03  0.7561500E-03  0.1080545E-02
 0.2280000E+04  0.5079587E-03 -0.5862456E-03  0.7756971E-03
 0.2290000E+04 -0.4710604E-03 -0.1405754E-02  0.1482579E-02
 0.2300000E+04 -0.1688082E-02 -0.1563245E-02  0.2300729E-02
 0.2310000E+04 -0.2914206E-02 -0.1192751E-02  0.3148850E-02
 0.2320000E+04 -0.4137922E-02 -0.2664392E-03  0.4146491E-02
 0.2330000E+04 -0.5120745E-02  0.1471202E-02  0.5327895E-02
 0.2340000E+04 -0.5206280E-02  0.4008989E-02  0.6570947E-02
 0.2350000E+04 -0.3828045E-02  0.6681346E-02  0.7700280E-02
 0.2360000E+04 -0.1090288E-02  0.8561101E-02  0.8630248E-02
 0.2370000E+04  0.2399214E-02  0.9090281E-02  0.9401566E-02
 0.2380000E+04  0.6014963E-02  0.8104012E-02  0.1009231E-01
 0.2390000E+04  0.9154930E-02  0.5561659E-02  0.1071190E-01
 0.2400000E+04  0.1105700E-01  0.1639142E-02  0.1117784E-01
 0.2410000E+04  0.1098603E-01 -0.2959997E-02  0.1137780E-01
 0.2420000E+04  0.8738890E-02 -0.7070674E-02  0.1124111E-01
 0.2430000E+04  0.4886403E-02 -0.9578824E-02  0.1075318E-01
 0.2440000E+04  0.5522873E-03 -0.9920744E-02  0.9936106E-02
 0.2450000E+04 -0.3054635E-02 -0.8294516E-02  0.8839106E-02
 0.2460000E+04 -0.5121298E-02 -0.5525904E-02  0.7534143E-02
 0.2470000E+04 -0.5495453E-02 -0.2663545E-02  0.6106921E-02
 0.2480000E+04 -0.4603421E-02 -0.5329857E-03  0.4634173E-02
 0.2490000E+04 -0.3132626E-02  0.4599922E-03  0.3166219E-02
 0.2500000E+04 -0.1830376E-02  0.2864911E-03  0.1852661E-02
 0.2510000E+04 -0.1389374E-02 -0.6518308E-03  0.1534681E-02
 0.2520000E+04 -0.2111554E-02 -0.1536712E-02  0.2611541E-02
 0.2530000E+04 -0.3651454E-02 -0.1530418E-02  0.3959204E-02
 0.2540000E+04 -0.5182705E-02 -0.2398924E-03  0.5188254E-02
 0.2550000E+04 -0.5820750E-02  0.2081258E-02  0.6181648E-02
 0.2560000E+04 -0.5082566E-02  0.4673179E-02  0.6904424E-02
 0.2570000E+04 -0.3074413E-02  0.6730988E-02  0.7399879E-02
 0.2580000E+04 -0.2166570E-03  0.7736642E-02  0.7739675E-02
 0.2590000E+04  0.2964376E-02  0.7338299E-02  0.7914427E-02
 0.2600000E+04  0.5655068E-02  0.5407012E-02  0.7824038E-02
 0.2610000E+04  0.6991412E-02  0.2489383E-02  0.7421379E-02
 0.2620000E+04  0.6808992E-02 -0.3928067E-03  0.6820313E-02
 0.2630000E+04  0.5633591E-02 -0.2614401E-02  0.6210671E-02
 0.2640000E+04  0.3908123E-02 -0.4102599E-02  0.5666105E-02
 0.2650000E+04  0.1823742E-02 -0.4745499E-02  0.5083876E-02
 0.2660000E+04 -0.1707272E-03 -0.4327123E-02  0.4330490E-02
 0.2670000E+04 -0.1375362E-02 -0.3118624E-02  0.3408436E-02
 0.2680000E+04 -0.1582034E-02 -0.1954576E-02  0.2514597E-02
 0.2690000E+04 -0.1382472E-02 -0.1422576E-02  0.1983671E-02
 0.2700000E+04 -0.1460310E-02 -0.1285370E-02  0.1945426E-02
 0.2710000E+04 -0.1821382E-02 -0.9501144E-03  0.2054300E-02
 0.2720000E+04 -0.1995372E-02 -0.3074540E-03  0.2018920E-02
 0.2730000E+04 -0.1852906E-02  0.2712181E-03  0.1872651E-02
 0.2740000E+04 -0.1697441E-02  0.7021362E-03  0.1836928E-02
 0.2750000E+04 -0.1518545E-02  0.1298267E-02  0.1997869E-02
 0.2760000E+04 -0.8838013E-03  0.2001684E-02  0.2188114E-02
 0.2770000E+04  0.2589190E-03  0.2240472E-02  0.2255383E-02
 0.2780000E+04  0.1352167E-02  0.1726358E-02  0.2192867E-02
 0.2790000E+04  0.1945309E-02  0.7830694E-03  0.2097004E-02
 0.2800000E+04  0.2070214E-02 -0.2233998E-03  0.2082232E-02
 0.2810000E+04  0.1829602E-02 -0.1224250E-02  0.2201416E-02
 0.2820000E+04  0.1139175E-02 -0.2156416E-02  0.2438821E-02
 0.2830000E+04 -0.6846967E-04 -0.2753130E-02  0.2753981E-02
 0.2840000E+04 -0.1604927E-02 -0.2634808E-02  0.3085126E-02
 0.2850000E+04 -0.2931556E-02 -0.1623324E-02  0.3351000E-02
 0.2860000E+04 -0.3522155E-02 -0.6107568E-04  0.3522685E-02
 0.2870000E+04 -0.3338161E-02  0.1540100E-02  0.3676307E-02
 0.2880000E+04 -0.2501631E-02  0.2966672E-02  0.3880631E-02
 0.2890000E+04 -0.9914945E-03  0.3931799E-02  0.4054887E-02
 0.2900000E+04  0.8491406E-03  0.3983546E-02  0.4073043E-02
 0.2910000E+04  0.2364863E-02  0.3159851E-02  0.3946801E-02
 0.2920000E+04  0.3280193E-02  0.1888458E-02  0.3784963E-02
 0.2930000E+04  0.3576325E-02  0.4237109E-03  0.3601337E-02
 0.2940000E+04  0.3155635E-02 -0.9453399E-03  0.3294192E-02
 0.2950000E+04  0.2211025E-02 -0.1744814E-02  0.2816560E-02
 0.2960000E+04  0.1338167E-02 -0.1851573E-02  0.2284516E-02
 0.2970000E+04  0.9222728E-03 -0.1712903E-02  0.1945411E-02
 0.2980000E+04  0.7579943E-03 -0.1782832E-02  0.1937278E-02
 0.2990000E+04  0.4779243E-03 -0.2036190E-02  0.2091526E-02
 0.3000000E+04  0.3421794E-04 -0.2261280E-02  0.2261539E-02
 0.3010000E+04 -0.5256917E-03 -0.2444508E-02  0.2500394E-02
 0.3020000E+04 -0.1321565E-02 -0.2536610E-02  0.2860232E-02
 0.3030000E+04 -0.2369399E-02 -0.2267347E-02  0.3279469E-02
 0.3040000E+04 -0.3404692E-02 -0.1402200E-02  0.3682131E-02
 0.3050000E+04 -0.4016204E-02  0.6582836E-04  0.4016744E-02
 0.3060000E+04 -0.3793705E-02  0.1826946E-02  0.4210693E-02
 0.3070000E+04 -0.2662176E-02  0.3250288E-02  0.4201375E-02
 0.3080000E+04 -0.1106310E-02  0.3887787E-02  0.4042129E-02
 0.3090000E+04  0.3839778E-03  0.3877810E-02  0.3896774E-02
 0.3100000E+04  0.1761906E-02  0.3419175E-02  0.3846436E-02
 0.3110000E+04  0.2926614E-02  0.2415071E-02  0.3794422E-02
 0.3120000E+04  0.3516513E-02  0.9789166E-03  0.3650224E-02
 0.3130000E+04  0.3421212E-02 -0.4841672E-03  0.3455302E-02
 0.3140000E+04  0.2776520E-02 -0.1719580E-02  0.3265887E-02
 0.3150000E+04  0.1696379E-02 -0.2528376E-02  0.3044731E-02
 0.3160000E+04  0.4904983E-03 -0.2734251E-02  0.2777898E-02
 0.3170000E+04 -0.5306542E-03 -0.2526490E-02  0.2581617E-02
 0.3180000E+04 -0.1461433E-02 -0.2071275E-02  0.2534948E-02
 0.3190000E+04 -0.2231781E-02 -0.1140968E-02  0.2506523E-02
 0.3200000E+04 -0.2340573E-02  0.1331131E-03  0.2344355E-02
 0.3210000E+04 -0.1759448E-02  0.1107008E-02  0.2078732E-02
 0.3220000E+04 -0.1001377E-02  0.1580065E-02  0.1870658E-02
 0.3230000E+04 -0.2408427E-03  0.1799229E-02  0.1815277E-02
 0.3240000E+04  0.6254870E-03  0.1737549E-02  0.1846703E-02
 0.3250000E+04  0.1413140E-02  0.1217941E-02  0.1865568E-02
 0.3260000E+04  0.1805553E-02  0.3763850E-03  0.1844366E-02
 0.3270000E+04  0.1753446E-02 -0.4732050E-03  0.1816176E-02
 0.3280000E+04  0.1397699E-02 -0.1165786E-02  0.1820060E-02
 0.3290000E+04  0.8497441E-03 -0.1664961E-02  0.1869268E-02
 0.3300000E+04  0.1791680E-03 -0.1973033E-02  0.1981152E-02
 0.3310000E+04 -0.6261345E-03 -0.2102215E-02  0.2193480E-02
 0.3320000E+04 -0.1618158E-02 -0.1908651E-02  0.2502275E-02
 0.3330000E+04 -0.2595071E-02 -0.1130020E-02  0.2830430E-02
 0.3340000E+04 -0.3086429E-02  0.2112025E-03  0.3093647E-02
 0.3350000E+04 -0.2797053E-02  0.1689250E-02  0.3267579E-02
 0.3360000E+04 -0.1829588E-02  0.2855804E-02  0.3391609E-02
 0.3370000E+04 -0.4355271E-03  0.3495998E-02  0.3523023E-02
 0.3380000E+04  0.1182914E-02  0.3482567E-02  0.3677983E-02
 0.3390000E+04  0.2720592E-02  0.2664974E-02  0.3808373E-02
 0.3400000E+04  0.3681501E-02  0.1124353E-02  0.3849366E-02
 0.3410000E+04  0.3730483E-02 -0.6632395E-03  0.3788982E-02
 0.3420000E+04  0.2966959E-02 -0.2169269E-02  0.3675401E-02
 0.3430000E+04  0.1701266E-02 -0.3131444E-02  0.3563741E-02
 0.3440000E+04  0.1969898E-03 -0.3462973E-02  0.3468571E-02
 0.3450000E+04 -0.1285679E-02 -0.3102843E-02  0.3358662E-02
 0.3460000E+04 -0.2390696E-02 -0.2107129E-02  0.3186757E-02
 0.3470000E+04 -0.2822945E-02 -0.8107218E-03  0.2937054E-02
 0.3480000E+04 -0.2646429E-02  0.3353114E-03  0.2667587E-02
 0.3490000E+04 -0.2176622E-02  0.1181059E-02  0.2476406E-02
 0.3500000E+04 -0.1520822E-02  0.1821177E-02  0.2372675E-02
 0.3510000E+04 -0.6478251E-03  0.2155518E-02  0.2250763E-02
 0.3520000E+04  0.2027236E-03  0.2037457E-02  0.2047518E-02
 0.3530000E+04  0.7612668E-03  0.1670890E-02  0.1836137E-02
 0.3540000E+04  0.1109808E-02  0.1321314E-02  0.1725556E-02
 0.3550000E+04  0.1416781E-02  0.9913684E-03  0.1729184E-02
 0.3560000E+04  0.1727447E-02  0.5996485E-03  0.1828566E-02
 0.3570000E+04  0.2023190E-02  0.3340913E-04  0.2023466E-02
 0.3580000E+04  0.2110227E-02 -0.7933469E-03  0.2254431E-02
 0.3590000E+04  0.1760432E-02 -0.1698901E-02  0.2446504E-02
 0.3600000E+04  0.1009547E-02 -0.2408437E-02  0.2611466E-02
 0.3610000E+04 -0.2352704E-04 -0.2821610E-02  0.2821708E-02
 0.3620000E+04 -0.1315236E-02 -0.2805267E-02  0.3098285E-02
 0.3630000E+04 -0.2654088E-02 -0.2093132E-02  0.3380146E-02
 0.3640000E+04 -0.3546741E-02 -0.6613494E-03  0.3607874E-02
 0.3650000E+04 -0.3626378E-02  0.1119760E-02  0.3795323E-02
 0.3660000E+04 -0.2839655E-02  0.2830663E-02  0.4009525E-02
 0.3670000E+04 -0.1198529E-02  0.4103362E-02  0.4274816E-02
 0.3680000E+04  0.1100519E-02  0.4381890E-02  0.4517975E-02
 0.3690000E+04  0.3298296E-02  0.3287732E-02  0.4657031E-02
 0.3700000E+04  0.4565023E-02  0.1200607E-02  0.4720264E-02
 0.3710000E+04  0.4677542E-02 -0.1191447E-02  0.4826898E-02
 0.3720000E+04  0.3680207E-02 -0.3456470E-02  0.5048872E-02
 0.3730000E+04  0.1572802E-02 -0.5105891E-02  0.5342642E-02
 0.3740000E+04 -0.1275385E-02 -0.5483832E-02  0.5630188E-02
 0.3750000E+04 -0.4024469E-02 -0.4285777E-02  0.5879136E-02
 0.3760000E+04 -0.5817311E-02 -0.1803997E-02  0.6090609E-02
 0.3770000E+04 -0.6145996E-02  0.1253774E-02  0.6272576E-02
 0.3780000E+04 -0.4992606E-02  0.4085162E-02  0.6450943E-02
 0.3790000E+04 -0.2692528E-02  0.6096741E-02  0.6664830E-02
 0.3800000E+04  0.3116906E-03  0.6925160E-02  0.6932170E-02
 0.3810000E+04  0.3494134E-02  0.6326453E-02  0.7227239E-02
 0.3820000E+04  0.6150820E-02  0.4265887E-02  0.7485344E-02
 0.3830000E+04  0.7561214E-02  0.1174175E-02  0.7651839E-02
 0.3840000E+04  0.7461472E-02 -0.2144394E-02  0.7763504E-02
 0.3850000E+04  0.6090004E-02 -0.5100703E-02  0.7943886E-02
 0.3860000E+04  0.3610973E-02 -0.7404290E-02  0.8237878E-02
 0.3870000E+04  0.1657377E-03 -0.8515156E-02  0.8516769E-02
 0.3880000E+04 -0.3525325E-02 -0.7893613E-02  0.8645059E-02
 0.3890000E+04 -0.6492236E-02 -0.5689101E-02  0.8632207E-02
 0.3900000E+04 -0.8171178E-02 -0.2517070E-02  0.8550076E-02
 0.3910000E+04 -0.8364412E-02  0.9597606E-03  0.8419295E-02
 0.3920000E+04 -0.7164480E-02  0.4094168E-02  0.8251787E-02
 0.3930000E+04 -0.4902484E-02  0.6426652E-02  0.8083082E-02
 0.3940000E+04 -0.1937412E-02  0.7642844E-02  0.7884582E-02
 0.3950000E+04  0.1182981E-02  0.7463824E-02  0.7556991E-02
 0.3960000E+04  0.3686909E-02  0.6042916E-02  0.7078851E-02
 0.3970000E+04  0.5189346E-02  0.4044595E-02  0.6579366E-02
 0.3980000E+04  0.5880152E-02  0.1971643E-02  0.6201900E-02
 0.3990000E+04  0.5944557E-02 -0.8868959E-04  0.5945219E-02
 0.4000000E+04  0.5325513E-02 -0.2030541E-02  0.5699490E-02
 0.4010000E+04  0.4055661E-02 -0.3532205E-02  0.5378184E-02
 0.4020000E+04  0.2458497E-02 -0.4338213E-02  0.4986412E-02
 0.4030000E+04  0.9130900E-03 -0.4506015E-02  0.4597598E-02
 0.4040000E+04 -0.4172603E-03 -0.4243941E-02  0.4264404E-02
 0.4050000E+04 -0.1501699E-02 -0.3679844E-02  0.3974463E-02
 0.4060000E+04 -0.2290900E-02 -0.2892040E-02  0.3689461E-02
 0.4070000E+04 -0.2716268E-02 -0.2001818E-02  0.3374224E-02
 0.4080000E+04 -0.2778595E-02 -0.1224800E-02  0.3036565E-02
 0.4090000E+04 -0.2694277E-02 -0.7616352E-03  0.2799860E-02
 0.4100000E+04 -0.2799902E-02 -0.5384119E-03  0.2851199E-02
 0.4110000E+04 -0.3228557E-02 -0.2319190E-03  0.3236876E-02
 0.4120000E+04 -0.3862276E-02  0.4547543E-03  0.3888956E-02
 0.4130000E+04 -0.4441095E-02  0.1769050E-02  0.4780467E-02
 0.4140000E+04 -0.4402206E-02  0.3805197E-02  0.5818844E-02
 0.4150000E+04 -0.3127014E-02  0.6051555E-02  0.6811721E-02
 0.4160000E+04 -0.6319033E-03  0.7637208E-02  0.7663305E-02
 0.4170000E+04  0.2573389E-02  0.8046811E-02  0.8448284E-02
 0.4180000E+04  0.5996202E-02  0.7059011E-02  0.9261969E-02
 0.4190000E+04  0.9061895E-02  0.4494670E-02  0.1011534E-01
 0.4200000E+04  0.1094479E-01  0.4076322E-03  0.1095238E-01
 0.4210000E+04  0.1071450E-01 -0.4582024E-02  0.1165313E-01
 0.4220000E+04  0.7901212E-02 -0.9119331E-02  0.1206612E-01
 0.4230000E+04  0.3160597E-02 -0.1170188E-01  0.1212119E-01
 0.4240000E+04 -0.2019776E-02 -0.1174345E-01  0.1191587E-01
 0.4250000E+04 -0.6449309E-02 -0.9705152E-02  0.1165262E-01
 0.4260000E+04 -0.9613017E-02 -0.6214820E-02  0.1144701E-01
 0.4270000E+04 -0.1109942E-01 -0.1751481E-02  0.1123676E-01
 0.4280000E+04 -0.1049158E-01  0.2910994E-02  0.1088794E-01
 0.4290000E+04 -0.7864966E-02  0.6647885E-02  0.1029816E-01
 0.4300000E+04 -0.4080612E-02  0.8503987E-02  0.9432348E-02
 0.4310000E+04 -0.4718216E-03  0.8368108E-02  0.8381399E-02
 0.4320000E+04  0.2077186E-02  0.7079233E-02  0.7377685E-02
 0.4330000E+04  0.3663913E-02  0.5548860E-02  0.6649369E-02
 0.4340000E+04  0.4744540E-02  0.3990731E-02  0.6199725E-02
 0.4350000E+04  0.5343004E-02  0.2286082E-02  0.5811528E-02
 0.4360000E+04  0.5297697E-02  0.7011272E-03  0.5343892E-02
 0.4370000E+04  0.4948293E-02 -0.3586335E-03  0.4961273E-02
 0.4380000E+04  0.4907008E-02 -0.1084621E-02  0.5025448E-02
 0.4390000E+04  0.5266806E-02 -0.2189949E-02  0.5703956E-02
 0.4400000E+04  0.5372579E-02 -0.4173348E-02  0.6803046E-02
 0.4410000E+04  0.4317392E-02 -0.6743190E-02  0.8006902E-02
 0.4420000E+04  0.1745049E-02 -0.8926449E-02  0.9095421E-02
 0.4430000E+04 -0.1872668E-02 -0.9876473E-02  0.1005244E-01
 0.4440000E+04 -0.5889592E-02 -0.9362977E-02  0.1106131E-01
 0.4450000E+04 -0.9960926E-02 -0.7229991E-02  0.1230824E-01
 0.4460000E+04 -0.1340024E-01 -0.3022059E-02  0.1373679E-01
 0.4470000E+04 -0.1476914E-01  0.3106999E-02  0.1509241E-01
 0.4480000E+04 -0.1295736E-01  0.9724159E-02  0.1620038E-01
 0.4490000E+04 -0.8156303E-02  0.1504597E-01  0.1711451E-01
 0.4500000E+04 -0.1344407E-02  0.1797200E-01  0.1802222E-01
 0.4510000E+04  0.6479875E-02  0.1792087E-01  0.1905640E-01
 0.4520000E+04  0.1415449E-01  0.1439751E-01  0.2019004E-01
 0.4530000E+04  0.1995833E-01  0.7350822E-02  0.2126898E-01
 0.4540000E+04  0.2203328E-01 -0.2096510E-02  0.2213280E-01
 0.4550000E+04  0.1947928E-01 -0.1172700E-01  0.2273686E-01
 0.4560000E+04  0.1283958E-01 -0.1929147E-01  0.2317360E-01
 0.4570000E+04  0.3519359E-02 -0.2330503E-01  0.2356927E-01
 0.4580000E+04 -0.6805520E-02 -0.2298454E-01  0.2397090E-01
 0.4590000E+04 -0.1621903E-01 -0.1811426E-01  0.2431426E-01
 0.4600000E+04 -0.2259251E-01 -0.9367444E-02  0.2445753E-01
 0.4610000E+04 -0.2424675E-01  0.1321354E-02  0.2428273E-01
 0.4620000E+04 -0.2098522E-01  0.1129466E-01  0.2383167E-01
 0.4630000E+04 -0.1410913E-01  0.1856955E-01  0.2332157E-01
 0.4640000E+04 -0.5189448E-02  0.2234914E-01  0.2294372E-01
 0.4650000E+04  0.4458668E-02  0.2218806E-01  0.2263161E-01
 0.4660000E+04  0.1305824E-01  0.1786488E-01  0.2212853E-01
 0.4670000E+04  0.1859160E-01  0.1041410E-01  0.2130964E-01
 0.4680000E+04  0.2024583E-01  0.1953846E-02  0.2033989E-01
 0.4690000E+04  0.1857945E-01 -0.5831286E-02  0.1947305E-01
 0.4700000E+04  0.1436840E-01 -0.1209125E-01  0.1877895E-01
 0.4710000E+04  0.8303339E-02 -0.1615074E-01  0.1816017E-01
 0.4720000E+04  0.1364164E-02 -0.1747599E-01  0.1752916E-01
 0.4730000E+04 -0.5259305E-02 -0.1601073E-01  0.1685241E-01
 0.4740000E+04 -0.1048961E-01 -0.1226291E-01  0.1613725E-01
 0.4750000E+04 -0.1370834E-01 -0.7134614E-02  0.1545385E-01
 0.4760000E+04 -0.1478556E-01 -0.1464650E-02  0.1485793E-01
 0.4770000E+04 -0.1368835E-01  0.4036582E-02  0.1427112E-01
 0.4780000E+04 -0.1060249E-01  0.8459414E-02  0.1356372E-01
 0.4790000E+04 -0.6340865E-02  0.1105383E-01  0.1274338E-01
 0.4800000E+04 -0.1908982E-02  0.1179926E-01  0.1195269E-01
 0.4810000E+04  0.2124793E-02  0.1108938E-01  0.1129111E-01
 0.4820000E+04  0.5480547E-02  0.9230931E-02  0.1073529E-01
 0.4830000E+04  0.7893649E-02  0.6522164E-02  0.1023955E-01
 0.4840000E+04  0.9218392E-02  0.3342104E-02  0.9805529E-02
 0.4850000E+04  0.9422666E-02  0.2561886E-04  0.9422700E-02
 0.4860000E+04  0.8505005E-02 -0.3069026E-02  0.9041793E-02
 0.4870000E+04  0.6632203E-02 -0.5548194E-02  0.8646883E-02
 0.4880000E+04  0.4106908E-02 -0.7151472E-02  0.8246832E-02
 0.4890000E+04  0.1277077E-02 -0.7701016E-02  0.7806188E-02
 0.4900000E+04 -0.1389139E-02 -0.7187978E-02  0.7320979E-02
 0.4910000E+04 -0.3572714E-02 -0.5859985E-02  0.6863214E-02
 0.4920000E+04 -0.5112931E-02 -0.3835744E-02  0.6391791E-02
 0.4930000E+04 -0.5545073E-02 -0.1313158E-02  0.5698440E-02
 0.4940000E+04 -0.4589883E-02  0.8458406E-03  0.4667170E-02
 0.4950000E+04 -0.2929360E-02  0.1778702E-02  0.3427088E-02
 0.4960000E+04 -0.1611291E-02  0.1562581E-02  0.2244530E-02
 0.4970000E+04 -0.1106018E-02  0.9125919E-03  0.1433911E-02
 0.4980000E+04 -0.1241951E-02  0.4382208E-03  0.1316996E-02
 0.4990000E+04 -0.1656289E-02  0.3055686E-03  0.1684240E-02
 0.5000000E+04 -0.2257390E-02  0.4828328E-03  0.2308449E-02
