 0.0000000E+00  0.2187491E-02  0.7938902E-15  0.2187491E-02
 0.1000000E+02  0.2127954E-02 -0.4973973E-03  0.2185312E-02
 0.2000000E+02  0.1954259E-02 -0.9621633E-03  0.2178276E-02
 0.3000000E+02  0.1680584E-02 -0.1371137E-02  0.2168958E-02
 0.4000000E+02  0.1322254E-02 -0.1703722E-02  0.2156624E-02
 0.5000000E+02  0.9007786E-03 -0.1941701E-02  0.2140468E-02
 0.6000000E+02  0.4422329E-03 -0.2074920E-02  0.2121524E-02
 0.7000000E+02 -0.2814279E-04 -0.2100532E-02  0.2100720E-02
 0.8000000E+02 -0.4859614E-03 -0.2019983E-02  0.2077616E-02
 0.9000000E+02 -0.9066573E-03 -0.1840241E-02  0.2051467E-02
 0.1000000E+03 -0.1268254E-02 -0.1575535E-02  0.2022567E-02
 0.1100000E+03 -0.1555178E-02 -0.1245395E-02  0.1992382E-02
 0.1200000E+03 -0.1759079E-02 -0.8704146E-03  0.1962647E-02
 0.1300000E+03 -0.1876439E-02 -0.4695118E-03  0.1934287E-02
 0.1400000E+03 -0.1906118E-02 -0.6043055E-04  0.1907076E-02
 0.1500000E+03 -0.1849626E-02  0.3388126E-03  0.1880402E-02
 0.1600000E+03 -0.1712476E-02  0.7107884E-03  0.1854129E-02
 0.1700000E+03 -0.1503246E-02  0.1040328E-02  0.1828122E-02
 0.1800000E+03 -0.1232435E-02  0.1313475E-02  0.1801142E-02
 0.1900000E+03 -0.9150802E-03  0.1517239E-02  0.1771831E-02
 0.2000000E+03 -0.5714320E-03  0.1644974E-02  0.1741400E-02
 0.2100000E+03 -0.2196028E-03  0.1699022E-02  0.1713155E-02
 0.2200000E+03  0.1286562E-03  0.1683353E-02  0.1688263E-02
 0.2300000E+03  0.4615848E-03  0.1599823E-02  0.1665080E-02
 0.2400000E+03  0.7658427E-03  0.1453967E-02  0.1643330E-02
 0.2500000E+03  0.1032066E-02  0.1254091E-02  0.1624163E-02
 0.2600000E+03  0.1251737E-02  0.1006540E-02  0.1606228E-02
 0.2700000E+03  0.1413803E-02  0.7208009E-03  0.1586945E-02
 0.2800000E+03  0.1510784E-02  0.4120186E-03  0.1565959E-02
 0.2900000E+03  0.1541263E-02  0.9606799E-04  0.1544254E-02
 0.3000000E+03  0.1508018E-02 -0.2129444E-03  0.1522979E-02
 0.3100000E+03  0.1416381E-02 -0.5037696E-03  0.1503303E-02
 0.3200000E+03  0.1271301E-02 -0.7673442E-03  0.1484932E-02
 0.3300000E+03  0.1079380E-02 -0.9928642E-03  0.1466574E-02
 0.3400000E+03  0.8527973E-03 -0.1173628E-02  0.1450747E-02
 0.3500000E+03  0.5972145E-03 -0.1313771E-02  0.1443142E-02
 0.3600000E+03  0.2984932E-03 -0.1389771E-02  0.1421464E-02
 0.3700000E+03  0.3383300E-04 -0.1363001E-02  0.1363421E-02
 0.3800000E+03 -0.1659025E-03 -0.1381219E-02  0.1391147E-02
 0.3900000E+03 -0.5365119E-03 -0.1409877E-02  0.1508509E-02
 0.4000000E+03 -0.9567544E-03 -0.1088210E-02  0.1448993E-02
 0.4100000E+03 -0.8669414E-03 -0.6084719E-03  0.1059163E-02
 0.4200000E+03 -0.5418938E-03 -0.8324120E-03  0.9932566E-03
 0.4300000E+03 -0.1248696E-02 -0.1355386E-02  0.1842909E-02
 0.4400000E+03 -0.2470380E-02 -0.4167359E-03  0.2505284E-02
 0.4500000E+03 -0.1878437E-02  0.1539319E-02  0.2428586E-02
 0.4600000E+03  0.5114732E-03  0.1587550E-02  0.1667909E-02
 0.4700000E+03  0.1289727E-02 -0.1158199E-02  0.1733442E-02
 0.4800000E+03 -0.1887592E-02 -0.3192754E-02  0.3709000E-02
 0.4900000E+03 -0.6220317E-02 -0.1501806E-03  0.6222129E-02
 0.5000000E+03 -0.4988589E-02  0.7183661E-02  0.8745913E-02
 0.5100000E+03  0.4816174E-02  0.1006413E-01  0.1115716E-01
 0.5200000E+03  0.1390374E-01 -0.2465238E-03  0.1390592E-01
 0.5300000E+03  0.6419467E-02 -0.1687594E-01  0.1805566E-01
 0.5400000E+03 -0.1753601E-01 -0.1705642E-01  0.2446289E-01
 0.5500000E+03 -0.3124408E-01  0.1075039E-01  0.3304184E-01
 0.5600000E+03 -0.7993500E-02  0.4234622E-01  0.4309406E-01
 0.5700000E+03  0.3993752E-01  0.3627594E-01  0.5395321E-01
 0.5800000E+03  0.6316350E-01 -0.1679688E-01  0.6535873E-01
 0.5900000E+03  0.2541821E-01 -0.7315574E-01  0.7744578E-01
 0.6000000E+03 -0.5237869E-01 -0.7379261E-01  0.9049241E-01
 0.6100000E+03 -0.1045938E+00 -0.3388599E-02  0.1046487E+00
 0.6200000E+03 -0.7866149E-01  0.9033835E-01  0.1197858E+00
 0.6300000E+03  0.1824167E-01  0.1343084E+00  0.1355415E+00
 0.6400000E+03  0.1234684E+00  0.8782772E-01  0.1515195E+00
 0.6500000E+03  0.1650643E+00 -0.2801400E-01  0.1674246E+00
 0.6600000E+03  0.1099731E+00 -0.1464477E+00  0.1831420E+00
 0.6700000E+03 -0.1782487E-01 -0.1979164E+00  0.1987175E+00
 0.6800000E+03 -0.1540279E+00 -0.1489944E+00  0.2142987E+00
 0.6900000E+03 -0.2293701E+00 -0.1741546E-01  0.2300303E+00
 0.7000000E+03 -0.2029648E+00  0.1389120E+00  0.2459497E+00
 0.7100000E+03 -0.7996107E-01  0.2494376E+00  0.2619406E+00
 0.7200000E+03  0.9144223E-01  0.2623080E+00  0.2777898E+00
 0.7300000E+03  0.2414063E+00  0.1665518E+00  0.2932857E+00
 0.7400000E+03  0.3081839E+00 -0.4323625E-02  0.3082142E+00
 0.7500000E+03  0.2623773E+00 -0.1871283E+00  0.3222714E+00
 0.7600000E+03  0.1171321E+00 -0.3138254E+00  0.3349721E+00
 0.7700000E+03 -0.7741263E-01 -0.3369357E+00  0.3457143E+00
 0.7800000E+03 -0.2533849E+00 -0.2471775E+00  0.3539783E+00
 0.7900000E+03 -0.3514373E+00 -0.7579327E-01  0.3595175E+00
 0.8000000E+03 -0.3419363E+00  0.1197749E+00  0.3623071E+00
 0.8100000E+03 -0.2320654E+00  0.2782408E+00  0.3623152E+00
 0.8200000E+03 -0.5957996E-01  0.3544163E+00  0.3593893E+00
 0.8300000E+03  0.1218406E+00  0.3317054E+00  0.3533746E+00
 0.8400000E+03  0.2609424E+00  0.2245112E+00  0.3442328E+00
 0.8500000E+03  0.3244443E+00  0.7014655E-01  0.3319407E+00
 0.8600000E+03  0.3047849E+00 -0.8521342E-01  0.3164730E+00
 0.8700000E+03  0.2194278E+00 -0.2017479E+00  0.2980785E+00
 0.8800000E+03  0.1016450E+00 -0.2582298E+00  0.2775146E+00
 0.8900000E+03 -0.1399915E-01 -0.2555445E+00  0.2559277E+00
 0.9000000E+03 -0.1036070E+00 -0.2106718E+00  0.2347702E+00
 0.9100000E+03 -0.1591068E+00 -0.1461527E+00  0.2160453E+00
 0.9200000E+03 -0.1859294E+00 -0.7915204E-01  0.2020762E+00
 0.9300000E+03 -0.1937085E+00 -0.1576655E-01  0.1943491E+00
 0.9400000E+03 -0.1872250E+00  0.4528880E-01  0.1926247E+00
 0.9500000E+03 -0.1647307E+00  0.1048004E+00  0.1952418E+00
 0.9600000E+03 -0.1223895E+00  0.1581974E+00  0.2000140E+00
 0.9700000E+03 -0.5998232E-01  0.1959838E+00  0.2049574E+00
 0.9800000E+03  0.1591330E-01  0.2079415E+00  0.2085495E+00
 0.9900000E+03  0.9239015E-01  0.1881819E+00  0.2096387E+00
 0.1000000E+04  0.1539646E+00  0.1392196E+00  0.2075746E+00
 0.1010000E+04  0.1893681E+00  0.7254388E-01  0.2027878E+00
 0.1020000E+04  0.1971595E+00  0.2692351E-02  0.1971779E+00
 0.1030000E+04  0.1834120E+00 -0.6147370E-01  0.1934399E+00
 0.1040000E+04  0.1524031E+00 -0.1182787E+00  0.1929159E+00
 0.1050000E+04  0.1026359E+00 -0.1642054E+00  0.1936428E+00
 0.1060000E+04  0.3647510E-01 -0.1880364E+00  0.1915414E+00
 0.1070000E+04 -0.3099325E-01 -0.1818505E+00  0.1844727E+00
 0.1080000E+04 -0.8342594E-01 -0.1545010E+00  0.1755860E+00
 0.1090000E+04 -0.1218709E+00 -0.1217519E+00  0.1722674E+00
 0.1100000E+04 -0.1583484E+00 -0.8303054E-01  0.1787968E+00
 0.1110000E+04 -0.1887602E+00 -0.2308333E-01  0.1901664E+00
 0.1120000E+04 -0.1880239E+00  0.5801990E-01  0.1967722E+00
 0.1130000E+04 -0.1404647E+00  0.1310573E+00  0.1921102E+00
 0.1140000E+04 -0.6386531E-01  0.1632924E+00  0.1753374E+00
 0.1150000E+04  0.5066608E-02  0.1502990E+00  0.1503843E+00
 0.1160000E+04  0.4381127E-01  0.1166350E+00  0.1245919E+00
 0.1170000E+04  0.5901816E-01  0.8928572E-01  0.1070284E+00
 0.1180000E+04  0.7215671E-01  0.7393648E-01  0.1033111E+00
 0.1190000E+04  0.9433343E-01  0.5542591E-01  0.1094113E+00
 0.1200000E+04  0.1145870E+00  0.1814929E-01  0.1160154E+00
 0.1210000E+04  0.1111875E+00 -0.3386829E-01  0.1162313E+00
 0.1220000E+04  0.7494848E-01 -0.7654519E-01  0.1071282E+00
 0.1230000E+04  0.2186477E-01 -0.8599366E-01  0.8872980E-01
 0.1240000E+04 -0.1756333E-01 -0.6055529E-01  0.6305088E-01
 0.1250000E+04 -0.2334309E-01 -0.2405812E-01  0.3352153E-01
 0.1260000E+04 -0.2864245E-02 -0.6084798E-02  0.6725226E-02
 0.1270000E+04  0.1672222E-01 -0.1703900E-01  0.2387384E-01
 0.1280000E+04  0.1286565E-01 -0.4118990E-01  0.4315244E-01
 0.1290000E+04 -0.1372001E-01 -0.5238047E-01  0.5414750E-01
 0.1300000E+04 -0.4162058E-01 -0.3758187E-01  0.5607736E-01
 0.1310000E+04 -0.4921525E-01 -0.7084242E-02  0.4972250E-01
 0.1320000E+04 -0.3290832E-01  0.1671473E-01  0.3690988E-01
 0.1330000E+04 -0.7737037E-02  0.1847097E-01  0.2002595E-01
 0.1340000E+04  0.5814245E-02  0.5241795E-03  0.5837826E-02
 0.1350000E+04 -0.2870125E-02 -0.2009742E-01  0.2030133E-01
 0.1360000E+04 -0.2735010E-01 -0.2488264E-01  0.3697531E-01
 0.1370000E+04 -0.4970656E-01 -0.7082259E-02  0.5020857E-01
 0.1380000E+04 -0.5346361E-01  0.2435860E-01  0.5875116E-01
 0.1390000E+04 -0.3444126E-01  0.5161314E-01  0.6204931E-01
 0.1400000E+04 -0.2689879E-02  0.6002799E-01  0.6008823E-01
 0.1410000E+04  0.2486908E-01  0.4722155E-01  0.5336990E-01
 0.1420000E+04  0.3587990E-01  0.2357289E-01  0.4293074E-01
 0.1430000E+04  0.3000484E-01  0.3927664E-02  0.3026081E-01
 0.1440000E+04  0.1713752E-01 -0.2758698E-02  0.1735814E-01
 0.1450000E+04  0.9059331E-02  0.1990639E-02  0.9275458E-02
 0.1460000E+04  0.1154669E-01  0.9165841E-02  0.1474241E-01
 0.1470000E+04  0.2155982E-01  0.9277665E-02  0.2347127E-01
 0.1480000E+04  0.3005177E-01 -0.1209434E-02  0.3007609E-01
 0.1490000E+04  0.2853242E-01 -0.1736678E-01  0.3340216E-01
 0.1500000E+04  0.1557443E-01 -0.2930716E-01  0.3318843E-01
 0.1510000E+04 -0.2028129E-02 -0.2965742E-01  0.2972668E-01
 0.1520000E+04 -0.1435983E-01 -0.1882962E-01  0.2368036E-01
 0.1530000E+04 -0.1539769E-01 -0.4453695E-02  0.1602886E-01
 0.1540000E+04 -0.6989816E-02  0.4360017E-02  0.8238160E-02
 0.1550000E+04  0.3384320E-02  0.3461390E-02  0.4840955E-02
 0.1560000E+04  0.8469993E-02 -0.4649380E-02  0.9662169E-02
 0.1570000E+04  0.5444802E-02 -0.1370799E-01  0.1474974E-01
 0.1580000E+04 -0.3440121E-02 -0.1803130E-01  0.1835653E-01
 0.1590000E+04 -0.1330740E-01 -0.1531891E-01  0.2029177E-01
 0.1600000E+04 -0.1926019E-01 -0.6814790E-02  0.2043028E-01
 0.1610000E+04 -0.1834441E-01  0.3166624E-02  0.1861572E-01
 0.1620000E+04 -0.1172207E-01  0.9230506E-02  0.1492009E-01
 0.1630000E+04 -0.4388192E-02  0.8730038E-02  0.9770865E-02
 0.1640000E+04 -0.1505260E-02  0.3959269E-02  0.4235755E-02
 0.1650000E+04 -0.4258145E-02  0.3363566E-03  0.4271409E-02
 0.1660000E+04 -0.9075136E-02  0.1769848E-02  0.9246104E-02
 0.1670000E+04 -0.1107598E-01  0.7742711E-02  0.1351395E-01
 0.1680000E+04 -0.7775048E-02  0.1450593E-01  0.1645823E-01
 0.1690000E+04 -0.1207985E-03  0.1796230E-01  0.1796271E-01
 0.1700000E+04  0.8441288E-02  0.1588276E-01  0.1798659E-01
 0.1710000E+04  0.1381926E-01  0.9105549E-02  0.1654941E-01
 0.1720000E+04  0.1384343E-01  0.1216643E-02  0.1389679E-01
 0.1730000E+04  0.9650997E-02 -0.4045770E-02  0.1046470E-01
 0.1740000E+04  0.4260207E-02 -0.5075504E-02  0.6626470E-02
 0.1750000E+04  0.6665052E-03 -0.2533797E-02  0.2619992E-02
 0.1760000E+04  0.6768589E-03  0.1123781E-02  0.1311877E-02
 0.1770000E+04  0.3677057E-02  0.2814782E-02  0.4630739E-02
 0.1780000E+04  0.6920752E-02  0.1177596E-02  0.7020224E-02
 0.1790000E+04  0.7892729E-02 -0.2547353E-02  0.8293623E-02
 0.1800000E+04  0.6026958E-02 -0.5859459E-02  0.8405801E-02
 0.1810000E+04  0.2928518E-02 -0.6908176E-02  0.7503273E-02
 0.1820000E+04  0.8185703E-03 -0.6158327E-02  0.6212491E-02
 0.1830000E+04  0.6777271E-04 -0.5464850E-02  0.5465271E-02
 0.1840000E+04 -0.5934987E-03 -0.5600264E-02  0.5631624E-02
 0.1850000E+04 -0.2138750E-02 -0.5718235E-02  0.6105117E-02
 0.1860000E+04 -0.4043925E-02 -0.4576137E-02  0.6106911E-02
 0.1870000E+04 -0.4711241E-02 -0.2172738E-02  0.5188119E-02
 0.1880000E+04 -0.3274170E-02 -0.2828940E-03  0.3286369E-02
 0.1890000E+04 -0.1157593E-02 -0.7541195E-03  0.1381564E-02
 0.1900000E+04 -0.8410137E-03 -0.3223794E-02  0.3331689E-02
 0.1910000E+04 -0.3562107E-02 -0.5449428E-02  0.6510367E-02
 0.1920000E+04 -0.8538687E-02 -0.4650651E-02  0.9723051E-02
 0.1930000E+04 -0.1242314E-01  0.9204337E-03  0.1245719E-01
 0.1940000E+04 -0.1077619E-01  0.9134023E-02  0.1412645E-01
 0.1950000E+04 -0.2671388E-02  0.1415676E-01  0.1440660E-01
 0.1960000E+04  0.7169631E-02  0.1124093E-01  0.1333275E-01
 0.1970000E+04  0.1126092E-01  0.1401052E-02  0.1134774E-01
 0.1980000E+04  0.5616587E-02 -0.7834447E-02  0.9639742E-02
 0.1990000E+04 -0.5317444E-02 -0.8331684E-02  0.9883935E-02
 0.2000000E+04 -0.1204182E-01  0.6208736E-03  0.1205782E-01
 0.2010000E+04 -0.8720780E-02  0.1172796E-01  0.1461496E-01
 0.2020000E+04  0.2380723E-02  0.1631595E-01  0.1648872E-01
 0.2030000E+04  0.1341738E-01  0.1084807E-01  0.1725418E-01
 0.2040000E+04  0.1683249E-01 -0.1131076E-02  0.1687045E-01
 0.2050000E+04  0.1022850E-01 -0.1170621E-01  0.1554534E-01
 0.2060000E+04 -0.2034743E-02 -0.1360913E-01  0.1376040E-01
 0.2070000E+04 -0.1118403E-01 -0.5323755E-02  0.1238648E-01
 0.2080000E+04 -0.1023987E-01  0.6982542E-02  0.1239399E-01
 0.2090000E+04  0.1682184E-03  0.1384603E-01  0.1384705E-01
 0.2100000E+04  0.1222651E-01  0.1000083E-01  0.1579570E-01
 0.2110000E+04  0.1720041E-01 -0.1699702E-02  0.1728419E-01
 0.2120000E+04  0.1209884E-01 -0.1306609E-01  0.1780743E-01
 0.2130000E+04  0.1057514E-02 -0.1723883E-01  0.1727124E-01
 0.2140000E+04 -0.8886363E-02 -0.1314241E-01  0.1586475E-01
 0.2150000E+04 -0.1315611E-01 -0.4805379E-02  0.1400625E-01
 0.2160000E+04 -0.1199653E-01  0.2987360E-02  0.1236289E-01
 0.2170000E+04 -0.7906577E-02  0.8644035E-02  0.1171466E-01
 0.2180000E+04 -0.1276800E-02  0.1253796E-01  0.1260280E-01
 0.2190000E+04  0.8908535E-02  0.1232292E-01  0.1520580E-01
 0.2200000E+04  0.1928535E-01  0.3095168E-02  0.1953215E-01
 0.2210000E+04  0.2030735E-01 -0.1520964E-01  0.2537167E-01
 0.2220000E+04  0.4192185E-02 -0.3192611E-01  0.3220017E-01
 0.2230000E+04 -0.2407727E-01 -0.3108124E-01  0.3931614E-01
 0.2240000E+04 -0.4563992E-01 -0.5743382E-02  0.4599988E-01
 0.2250000E+04 -0.4070302E-01  0.3181311E-01  0.5166052E-01
 0.2260000E+04 -0.6303474E-02  0.5567157E-01  0.5602729E-01
 0.2270000E+04  0.3773055E-01  0.4562232E-01  0.5920296E-01
 0.2280000E+04  0.6140051E-01  0.4030255E-02  0.6153264E-01
 0.2290000E+04  0.4609412E-01 -0.4353677E-01  0.6340440E-01
 0.2300000E+04 -0.6501073E-03 -0.6509964E-01  0.6510289E-01
 0.2310000E+04 -0.4907614E-01 -0.4519052E-01  0.6671319E-01
 0.2320000E+04 -0.6799532E-01  0.3942083E-02  0.6810950E-01
 0.2330000E+04 -0.4593922E-01  0.5150331E-01  0.6901451E-01
 0.2340000E+04  0.2733416E-02  0.6904710E-01  0.6910119E-01
 0.2350000E+04  0.4858839E-01  0.4772034E-01  0.6810332E-01
 0.2360000E+04  0.6585765E-01  0.1980043E-02  0.6588741E-01
 0.2370000E+04  0.4731101E-01 -0.4081930E-01  0.6248638E-01
 0.2380000E+04  0.6868336E-02 -0.5771815E-01  0.5812537E-01
 0.2390000E+04 -0.3097994E-01 -0.4319769E-01  0.5315823E-01
 0.2400000E+04 -0.4692180E-01 -0.9947432E-02  0.4796464E-01
 0.2410000E+04 -0.3712070E-01  0.2149426E-01  0.4289463E-01
 0.2420000E+04 -0.1229121E-01  0.3623198E-01  0.3826003E-01
 0.2430000E+04  0.1230761E-01  0.3199713E-01  0.3428256E-01
 0.2440000E+04  0.2662963E-01  0.1599186E-01  0.3106247E-01
 0.2450000E+04  0.2845280E-01 -0.2548558E-02  0.2856671E-01
 0.2460000E+04  0.2058777E-01 -0.1697777E-01  0.2668522E-01
 0.2470000E+04  0.7591470E-02 -0.2419694E-01  0.2535985E-01
 0.2480000E+04 -0.6405957E-02 -0.2368506E-01  0.2453606E-01
 0.2490000E+04 -0.1790847E-01 -0.1602190E-01  0.2402946E-01
 0.2500000E+04 -0.2337563E-01 -0.3050411E-02  0.2357382E-01
 0.2510000E+04 -0.2003882E-01  0.1108607E-01  0.2290099E-01
 0.2520000E+04 -0.8226440E-02  0.2015433E-01  0.2176858E-01
 0.2530000E+04  0.6635071E-02  0.1896343E-01  0.2009069E-01
 0.2540000E+04  0.1610558E-01  0.8027728E-02  0.1799539E-01
 0.2550000E+04  0.1475523E-01 -0.5489259E-02  0.1574322E-01
 0.2560000E+04  0.4753006E-02 -0.1275615E-01  0.1361287E-01
 0.2570000E+04 -0.5904060E-02 -0.1016374E-01  0.1175413E-01
 0.2580000E+04 -0.1000384E-01 -0.1547238E-02  0.1012279E-01
 0.2590000E+04 -0.6341949E-02  0.5800130E-02  0.8594290E-02
 0.2600000E+04  0.6247572E-03  0.7082661E-02  0.7110163E-02
 0.2610000E+04  0.5136902E-02  0.2745515E-02  0.5824570E-02
 0.2620000E+04  0.4223516E-02 -0.2988889E-02  0.5174122E-02
 0.2630000E+04 -0.9145759E-03 -0.5530162E-02  0.5605278E-02
 0.2640000E+04 -0.6326670E-02 -0.2910921E-02  0.6964209E-02
 0.2650000E+04 -0.8007148E-02  0.3482169E-02  0.8731547E-02
 0.2660000E+04 -0.3934918E-02  0.9632866E-02  0.1040556E-01
 0.2670000E+04  0.3993416E-02  0.1077688E-01  0.1149297E-01
 0.2680000E+04  0.1022010E-01  0.5460316E-02  0.1158730E-01
 0.2690000E+04  0.1024640E-01 -0.2230770E-02  0.1048642E-01
 0.2700000E+04  0.5270598E-02 -0.6368566E-02  0.8266670E-02
 0.2710000E+04  0.7394236E-03 -0.5234353E-02  0.5286321E-02
 0.2720000E+04  0.3727993E-03 -0.2589723E-02  0.2616418E-02
 0.2730000E+04  0.2417037E-02 -0.3226005E-02  0.4031027E-02
 0.2740000E+04  0.1491093E-02 -0.7475710E-02  0.7622965E-02
 0.2750000E+04 -0.5279524E-02 -0.9873159E-02  0.1119610E-01
 0.2760000E+04 -0.1366899E-01 -0.4431656E-02  0.1436944E-01
 0.2770000E+04 -0.1500320E-01  0.8069817E-02  0.1703579E-01
 0.2780000E+04 -0.4697937E-02  0.1854897E-01  0.1913465E-01
 0.2790000E+04  0.1139962E-01  0.1714005E-01  0.2058477E-01
 0.2800000E+04  0.2100711E-01  0.3343325E-02  0.2127150E-01
 0.2810000E+04  0.1676823E-01 -0.1270251E-01  0.2103633E-01
 0.2820000E+04  0.2881576E-02 -0.1953790E-01  0.1974925E-01
 0.2830000E+04 -0.9661830E-02 -0.1453109E-01  0.1745003E-01
 0.2840000E+04 -0.1370816E-01 -0.4461327E-02  0.1441586E-01
 0.2850000E+04 -0.1088122E-01  0.2762651E-02  0.1122645E-01
 0.2860000E+04 -0.7051987E-02  0.5361282E-02  0.8858547E-02
 0.2870000E+04 -0.4870489E-02  0.6727297E-02  0.8305311E-02
 0.2880000E+04 -0.2094542E-02  0.9111426E-02  0.9349075E-02
 0.2890000E+04  0.3735440E-02  0.1019171E-01  0.1085470E-01
 0.2900000E+04  0.1055102E-01  0.5924992E-02  0.1210081E-01
 0.2910000E+04  0.1236505E-01 -0.3637607E-02  0.1288902E-01
 0.2920000E+04  0.5524585E-02 -0.1218233E-01  0.1337648E-01
 0.2930000E+04 -0.6283637E-02 -0.1237971E-01  0.1388313E-01
 0.2940000E+04 -0.1435927E-01 -0.2764583E-02  0.1462298E-01
 0.2950000E+04 -0.1167141E-01  0.1027648E-01  0.1555081E-01
 0.2960000E+04  0.9656841E-03  0.1642289E-01  0.1645125E-01
 0.2970000E+04  0.1408503E-01  0.9777679E-02  0.1714617E-01
 0.2980000E+04  0.1681067E-01 -0.5243148E-02  0.1760935E-01
 0.2990000E+04  0.6191665E-02 -0.1688391E-01  0.1798341E-01
 0.3000000E+04 -0.9992600E-02 -0.1557045E-01  0.1850110E-01
 0.3010000E+04 -0.1926368E-01 -0.1603818E-02  0.1933032E-01
 0.3020000E+04 -0.1398566E-01  0.1492606E-01  0.2045448E-01
 0.3030000E+04  0.2747620E-02  0.2146418E-01  0.2163933E-01
 0.3040000E+04  0.1881527E-01  0.1234667E-01  0.2250455E-01
 0.3050000E+04  0.2181294E-01 -0.6111208E-02  0.2265284E-01
 0.3060000E+04  0.9302828E-02 -0.1969548E-01  0.2178198E-01
 0.3070000E+04 -0.8263345E-02 -0.1795742E-01  0.1976744E-01
 0.3080000E+04 -0.1626550E-01 -0.3871021E-02  0.1671978E-01
 0.3090000E+04 -0.9720946E-02  0.8698246E-02  0.1304440E-01
 0.3100000E+04  0.2080688E-02  0.9197434E-02  0.9429849E-02
 0.3110000E+04  0.6627463E-02  0.8460517E-03  0.6681248E-02
 0.3120000E+04  0.1769952E-02 -0.5003178E-02  0.5307025E-02
 0.3130000E+04 -0.4033127E-02 -0.2694587E-02  0.4850455E-02
 0.3140000E+04 -0.3559499E-02  0.2601157E-02  0.4408633E-02
 0.3150000E+04  0.8835355E-03  0.3532316E-02  0.3641139E-02
 0.3160000E+04  0.2651815E-02  0.2764813E-03  0.2666189E-02
 0.3170000E+04  0.5457115E-03 -0.1557984E-02  0.1650793E-02
 0.3180000E+04 -0.8146332E-03  0.2511732E-04  0.8150204E-03
 0.3190000E+04  0.1147210E-02  0.1144453E-02  0.1620451E-02
 0.3200000E+04  0.3145469E-02 -0.1552277E-02  0.3507640E-02
 0.3210000E+04  0.6847676E-03 -0.5690265E-02  0.5731319E-02
 0.3220000E+04 -0.5604960E-02 -0.5593521E-02  0.7918526E-02
 0.3230000E+04 -0.9618828E-02  0.7622307E-03  0.9648981E-02
 0.3240000E+04 -0.6435454E-02  0.8347886E-02  0.1054051E-01
 0.3250000E+04  0.1543910E-02  0.1026751E-01  0.1038294E-01
 0.3260000E+04  0.7281208E-02  0.5681732E-02  0.9235696E-02
 0.3270000E+04  0.7552573E-02  0.2502284E-04  0.7552614E-02
 0.3280000E+04  0.5635045E-02 -0.2953400E-02  0.6362099E-02
 0.3290000E+04  0.4239218E-02 -0.5398724E-02  0.6864196E-02
 0.3300000E+04  0.4517546E-03 -0.8969054E-02  0.8980424E-02
 0.3310000E+04 -0.8106226E-02 -0.8698674E-02  0.1189024E-01
 0.3320000E+04 -0.1510339E-01  0.1033615E-02  0.1513871E-01
 0.3330000E+04 -0.1018679E-01  0.1539107E-01  0.1845686E-01
 0.3340000E+04  0.7061593E-02  0.2033122E-01  0.2152265E-01
 0.3350000E+04  0.2269757E-01  0.7684040E-02  0.2396297E-01
 0.3360000E+04  0.2141742E-01 -0.1381271E-01  0.2548523E-01
 0.3370000E+04  0.2840832E-02 -0.2582188E-01  0.2597768E-01
 0.3380000E+04 -0.1772574E-01 -0.1844421E-01  0.2558106E-01
 0.3390000E+04 -0.2464580E-01  0.1268531E-02  0.2467843E-01
 0.3400000E+04 -0.1506500E-01  0.1835514E-01  0.2374585E-01
 0.3410000E+04  0.2671986E-02  0.2303272E-01  0.2318719E-01
 0.3420000E+04  0.1802678E-01  0.1467654E-01  0.2324577E-01
 0.3430000E+04  0.2399420E-01 -0.1484474E-02  0.2404007E-01
 0.3440000E+04  0.1799866E-01 -0.1817744E-01  0.2558068E-01
 0.3450000E+04  0.1568374E-02 -0.2769086E-01  0.2773524E-01
 0.3460000E+04 -0.1882445E-01 -0.2377700E-01  0.3032665E-01
 0.3470000E+04 -0.3281061E-01 -0.5549516E-02  0.3327662E-01
 0.3480000E+04 -0.3059522E-01  0.2000001E-01  0.3655226E-01
 0.3490000E+04 -0.9064143E-02  0.3905616E-01  0.4009417E-01
 0.3500000E+04  0.2304711E-01  0.3721081E-01  0.4377001E-01
 0.3510000E+04  0.4623070E-01  0.1022620E-01  0.4734820E-01
 0.3520000E+04  0.4201110E-01 -0.2813698E-01  0.5056305E-01
 0.3530000E+04  0.9083967E-02 -0.5239283E-01  0.5317449E-01
 0.3540000E+04 -0.3245932E-01 -0.4440437E-01  0.5500323E-01
 0.3550000E+04 -0.5533954E-01 -0.8243091E-02  0.5595010E-01
 0.3560000E+04 -0.4526302E-01  0.3301709E-01  0.5602561E-01
 0.3570000E+04 -0.9657225E-02  0.5446956E-01  0.5531903E-01
 0.3580000E+04  0.2953038E-01  0.4512658E-01  0.5393006E-01
 0.3590000E+04  0.5040834E-01  0.1250417E-01  0.5193606E-01
 0.3600000E+04  0.4333220E-01 -0.2372938E-01  0.4940408E-01
 0.3610000E+04  0.1496487E-01 -0.4393921E-01  0.4641768E-01
 0.3620000E+04 -0.1720024E-01 -0.3948006E-01  0.4306417E-01
 0.3630000E+04 -0.3588428E-01 -0.1622926E-01  0.3938363E-01
 0.3640000E+04 -0.3380472E-01  0.1050164E-01  0.3539835E-01
 0.3650000E+04 -0.1663406E-01  0.2640424E-01  0.3120698E-01
 0.3660000E+04  0.3113803E-02  0.2681338E-01  0.2699357E-01
 0.3670000E+04  0.1567933E-01  0.1677570E-01  0.2296227E-01
 0.3680000E+04  0.1878874E-01  0.4584988E-02  0.1934008E-01
 0.3690000E+04  0.1582171E-01 -0.4385753E-02  0.1641832E-01
 0.3700000E+04  0.1102974E-01 -0.9430323E-02  0.1451159E-01
 0.3710000E+04  0.6334576E-02 -0.1234573E-01  0.1387602E-01
 0.3720000E+04  0.1137189E-02 -0.1449001E-01  0.1453457E-01
 0.3730000E+04 -0.5841363E-02 -0.1511394E-01  0.1620348E-01
 0.3740000E+04 -0.1418444E-01 -0.1180340E-01  0.1845315E-01
 0.3750000E+04 -0.2071597E-01 -0.2926192E-02  0.2092162E-01
 0.3760000E+04 -0.2128123E-01  0.9981870E-02  0.2350592E-01
 0.3770000E+04 -0.1356519E-01  0.2265459E-01  0.2640539E-01
 0.3780000E+04  0.1982942E-02  0.2986098E-01  0.2992675E-01
 0.3790000E+04  0.2184844E-01  0.2651001E-01  0.3435309E-01
 0.3800000E+04  0.3877635E-01  0.9306175E-02  0.3987744E-01
 0.3810000E+04  0.4204603E-01 -0.1968760E-01  0.4642704E-01
 0.3820000E+04  0.2247821E-01 -0.4864288E-01  0.5358544E-01
 0.3830000E+04 -0.1723768E-01 -0.5820662E-01  0.6070542E-01
 0.3840000E+04 -0.5722850E-01 -0.3501109E-01  0.6708857E-01
 0.3850000E+04 -0.7084843E-01  0.1365472E-01  0.7215228E-01
 0.3860000E+04 -0.4522141E-01  0.6051833E-01  0.7554762E-01
 0.3870000E+04  0.7046454E-02  0.7690431E-01  0.7722646E-01
 0.3880000E+04  0.5639157E-01  0.5301418E-01  0.7739840E-01
 0.3890000E+04  0.7631259E-01  0.2917327E-02  0.7636833E-01
 0.3900000E+04  0.5824037E-01 -0.4621077E-01  0.7434632E-01
 0.3910000E+04  0.1404165E-01 -0.6992391E-01  0.7131985E-01
 0.3920000E+04 -0.3177479E-01 -0.5918234E-01  0.6717281E-01
 0.3930000E+04 -0.5689472E-01 -0.2457170E-01  0.6197401E-01
 0.3940000E+04 -0.5472355E-01  0.1271260E-01  0.5618076E-01
 0.3950000E+04 -0.3474816E-01  0.3687546E-01  0.5066788E-01
 0.3960000E+04 -0.1039319E-01  0.4540988E-01  0.4658407E-01
 0.3970000E+04  0.1167037E-01  0.4340661E-01  0.4494810E-01
 0.3980000E+04  0.3111662E-01  0.3403585E-01  0.4611597E-01
 0.3990000E+04  0.4692539E-01  0.1608659E-01  0.4960616E-01
 0.4000000E+04  0.5343360E-01 -0.1092672E-01  0.5453937E-01
 0.4010000E+04  0.4368828E-01 -0.4155866E-01  0.6029750E-01
 0.4020000E+04  0.1526504E-01 -0.6487745E-01  0.6664912E-01
 0.4030000E+04 -0.2628757E-01 -0.6862880E-01  0.7349115E-01
 0.4040000E+04 -0.6696851E-01 -0.4500729E-01  0.8068729E-01
 0.4050000E+04 -0.8791364E-01  0.3258511E-02  0.8797400E-01
 0.4060000E+04 -0.7385824E-01  0.5964076E-01  0.9493187E-01
 0.4070000E+04 -0.2399617E-01  0.9823086E-01  0.1011193E+00
 0.4080000E+04  0.4308849E-01  0.9708194E-01  0.1062145E+00
 0.4090000E+04  0.9686205E-01  0.5217332E-01  0.1100196E+00
 0.4100000E+04  0.1109294E+00 -0.1833144E-01  0.1124339E+00
 0.4110000E+04  0.7746669E-01 -0.8279197E-01  0.1133825E+00
 0.4120000E+04  0.1146847E-01 -0.1121462E+00  0.1127310E+00
 0.4130000E+04 -0.5683560E-01 -0.9455247E-01  0.1103198E+00
 0.4140000E+04 -0.9784601E-01 -0.4111117E-01  0.1061319E+00
 0.4150000E+04 -0.9803972E-01  0.2163108E-01  0.1003977E+00
 0.4160000E+04 -0.6466592E-01  0.6771470E-01  0.9363206E-01
 0.4170000E+04 -0.1739174E-01  0.8490077E-01  0.8666380E-01
 0.4180000E+04  0.2550803E-01  0.7644480E-01  0.8058825E-01
 0.4190000E+04  0.5554147E-01  0.5276995E-01  0.7661281E-01
 0.4200000E+04  0.7262948E-01  0.2196369E-01  0.7587783E-01
 0.4210000E+04  0.7783783E-01 -0.1381473E-01  0.7905425E-01
 0.4220000E+04  0.6685427E-01 -0.5366810E-01  0.8573073E-01
 0.4230000E+04  0.3226130E-01 -0.8865932E-01  0.9434652E-01
 0.4240000E+04 -0.2409275E-01 -0.1000655E+00  0.1029251E+00
 0.4250000E+04 -0.8241531E-01 -0.7262174E-01  0.1098463E+00
 0.4260000E+04 -0.1136406E+00 -0.1095359E-01  0.1141672E+00
 0.4270000E+04 -0.9946733E-01  0.5882264E-01  0.1155589E+00
 0.4280000E+04 -0.4548304E-01  0.1046738E+00  0.1141285E+00
 0.4290000E+04  0.2282594E-01  0.1078179E+00  0.1102076E+00
 0.4300000E+04  0.7578700E-01  0.7148637E-01  0.1041824E+00
 0.4310000E+04  0.9516647E-01  0.1614422E-01  0.9652613E-01
 0.4320000E+04  0.8110196E-01 -0.3389452E-01  0.8789976E-01
 0.4330000E+04  0.4739102E-01 -0.6336672E-01  0.7912806E-01
 0.4340000E+04  0.1037384E-01 -0.7037126E-01  0.7113179E-01
 0.4350000E+04 -0.1984154E-01 -0.6172340E-01  0.6483413E-01
 0.4360000E+04 -0.4103354E-01 -0.4510553E-01  0.6097754E-01
 0.4370000E+04 -0.5473825E-01 -0.2416901E-01  0.5983658E-01
 0.4380000E+04 -0.6096091E-01  0.8410194E-03  0.6096671E-01
 0.4390000E+04 -0.5659184E-01  0.2865065E-01  0.6343103E-01
 0.4400000E+04 -0.3863162E-01  0.5383195E-01  0.6625919E-01
 0.4410000E+04 -0.8674441E-02  0.6820576E-01  0.6875515E-01
 0.4420000E+04  0.2590917E-01  0.6580741E-01  0.7072411E-01
 0.4430000E+04  0.5560021E-01  0.4641428E-01  0.7242699E-01
 0.4440000E+04  0.7283418E-01  0.1465025E-01  0.7429299E-01
 0.4450000E+04  0.7328304E-01 -0.2255002E-01  0.7667403E-01
 0.4460000E+04  0.5543917E-01 -0.5717078E-01  0.7963668E-01
 0.4470000E+04  0.2124180E-01 -0.8011170E-01  0.8288002E-01
 0.4480000E+04 -0.2201589E-01 -0.8313981E-01  0.8600539E-01
 0.4490000E+04 -0.6251255E-01 -0.6316630E-01  0.8886957E-01
 0.4500000E+04 -0.8842013E-01 -0.2426961E-01  0.9169043E-01
 0.4510000E+04 -0.9153325E-01  0.2429743E-01  0.9470323E-01
 0.4520000E+04 -0.6825634E-01  0.6985523E-01  0.9766617E-01
 0.4530000E+04 -0.2218516E-01  0.9734370E-01  0.9983976E-01
 0.4540000E+04  0.3297743E-01  0.9485598E-01  0.1004249E+00
 0.4550000E+04  0.7724098E-01  0.6187709E-01  0.9896940E-01
 0.4560000E+04  0.9481225E-01  0.1145550E-01  0.9550179E-01
 0.4570000E+04  0.8254768E-01 -0.3703480E-01  0.9047484E-01
 0.4580000E+04  0.4962291E-01 -0.6858530E-01  0.8465446E-01
 0.4590000E+04  0.9880521E-02 -0.7826354E-01  0.7888476E-01
 0.4600000E+04 -0.2563278E-01 -0.6920963E-01  0.7380388E-01
 0.4610000E+04 -0.5086831E-01 -0.4764225E-01  0.6969483E-01
 0.4620000E+04 -0.6365429E-01 -0.1993700E-01  0.6670347E-01
 0.4630000E+04 -0.6454432E-01  0.8766804E-02  0.6513698E-01
 0.4640000E+04 -0.5486775E-01  0.3544520E-01  0.6532100E-01
 0.4650000E+04 -0.3462878E-01  0.5743916E-01  0.6707018E-01
 0.4660000E+04 -0.4278120E-02  0.6936130E-01  0.6949311E-01
 0.4670000E+04  0.3067076E-01  0.6456226E-01  0.7147714E-01
 0.4680000E+04  0.5927191E-01  0.4126932E-01  0.7222407E-01
 0.4690000E+04  0.7126516E-01  0.6263600E-02  0.7153989E-01
 0.4700000E+04  0.6358454E-01 -0.2876537E-01  0.6978854E-01
 0.4710000E+04  0.4065631E-01 -0.5395229E-01  0.6755579E-01
 0.4720000E+04  0.1024200E-01 -0.6455107E-01  0.6535855E-01
 0.4730000E+04 -0.2015634E-01 -0.6022121E-01  0.6350490E-01
 0.4740000E+04 -0.4455920E-01 -0.4324261E-01  0.6209223E-01
 0.4750000E+04 -0.5844550E-01 -0.1752509E-01  0.6101643E-01
 0.4760000E+04 -0.5902409E-01  0.1143996E-01  0.6012250E-01
 0.4770000E+04 -0.4619654E-01  0.3727486E-01  0.5935938E-01
 0.4780000E+04 -0.2270655E-01  0.5414460E-01  0.5871308E-01
 0.4790000E+04  0.6303053E-02  0.5770614E-01  0.5804935E-01
 0.4800000E+04  0.3352819E-01  0.4621721E-01  0.5709790E-01
 0.4810000E+04  0.5100863E-01  0.2234724E-01  0.5568914E-01
 0.4820000E+04  0.5343646E-01 -0.6917061E-02  0.5388229E-01
 0.4830000E+04  0.3997393E-01 -0.3277878E-01  0.5169491E-01
 0.4840000E+04  0.1455590E-01 -0.4663422E-01  0.4885309E-01
 0.4850000E+04 -0.1352564E-01 -0.4284984E-01  0.4493386E-01
 0.4860000E+04 -0.3203649E-01 -0.2338557E-01  0.3966386E-01
 0.4870000E+04 -0.3307567E-01  0.9096269E-03  0.3308817E-01
 0.4880000E+04 -0.1942914E-01  0.1660887E-01  0.2556063E-01
 0.4890000E+04 -0.2821149E-02  0.1743035E-01  0.1765718E-01
 0.4900000E+04  0.5545929E-02  0.8433349E-02  0.1009350E-01
 0.4910000E+04  0.3616341E-02  0.2201942E-03  0.3623039E-02
 0.4920000E+04 -0.2143835E-02 -0.7729950E-03  0.2278936E-02
 0.4930000E+04 -0.4202750E-02  0.3863555E-02  0.5708779E-02
 0.4940000E+04 -0.2254221E-03  0.7767182E-02  0.7770452E-02
 0.4950000E+04  0.5828469E-02  0.6090199E-02  0.8429803E-02
 0.4960000E+04  0.8113920E-02 -0.3147977E-03  0.8120024E-02
 0.4970000E+04  0.4203434E-02 -0.6394113E-02  0.7652028E-02
 0.4980000E+04 -0.3538648E-02 -0.7319285E-02  0.8129819E-02
 0.4990000E+04 -0.1011406E-01 -0.1638626E-02  0.1024594E-01
 0.5000000E+04 -0.1099999E-01  0.8343592E-02  0.1380635E-01
