 0.0000000E+00  0.4169701E-34  0.4169701E-34  0.1000000E+01
 0.1000000E+02  0.9719924E-16  0.9719924E-16  0.9999998E+00
 0.2000000E+02  0.3249590E-15  0.3249590E-15  0.9999996E+00
 0.3000000E+02  0.4810748E-15  0.4810748E-15  0.9999994E+00
 0.4000000E+02  0.1488757E-14  0.1488757E-14  0.9999992E+00
 0.5000000E+02  0.1385737E-14  0.1385737E-14  0.9999990E+00
 0.6000000E+02  0.1636634E-14  0.1636634E-14  0.9999988E+00
 0.7000000E+02  0.1684323E-14  0.1684323E-14  0.9999986E+00
 0.8000000E+02  0.6769150E-14  0.6769150E-14  0.9999984E+00
 0.9000000E+02  0.1363494E-12  0.1363494E-12  0.9999982E+00
 0.1000000E+03  0.2021564E-11  0.2021564E-11  0.9999980E+00
 0.1100000E+03  0.1918393E-10  0.1918393E-10  0.9999977E+00
 0.1200000E+03  0.1743437E-09  0.1743437E-09  0.9999970E+00
 0.1300000E+03  0.9475387E-09  0.9475387E-09  0.9999959E+00
 0.1400000E+03  0.3475917E-08  0.3475917E-08  0.9999943E+00
 0.1500000E+03  0.1022236E-07  0.1022236E-07  0.9999912E+00
 0.1600000E+03  0.2646999E-07  0.2646999E-07  0.9999832E+00
 0.1700000E+03  0.6159756E-07  0.6159756E-07  0.9999636E+00
 0.1800000E+03  0.1284122E-06  0.1284122E-06  0.9999180E+00
 0.1900000E+03  0.2401849E-06  0.2401849E-06  0.9998185E+00
 0.2000000E+03  0.4070573E-06  0.4070573E-06  0.9996169E+00
 0.2100000E+03  0.6338040E-06  0.6338040E-06  0.9992369E+00
 0.2200000E+03  0.9194932E-06  0.9194932E-06  0.9985695E+00
 0.2300000E+03  0.1258577E-05  0.1258577E-05  0.9974702E+00
 0.2400000E+03  0.1642272E-05  0.1642272E-05  0.9957604E+00
 0.2500000E+03  0.2059480E-05  0.2059480E-05  0.9932333E+00
 0.2600000E+03  0.2497980E-05  0.2497980E-05  0.9896631E+00
 0.2700000E+03  0.2945266E-05  0.2945266E-05  0.9848185E+00
 0.2800000E+03  0.3389626E-05  0.3389626E-05  0.9784777E+00
 0.2900000E+03  0.3821611E-05  0.3821611E-05  0.9704455E+00
 0.3000000E+03  0.4234392E-05  0.4234392E-05  0.9605685E+00
 0.3100000E+03  0.4623944E-05  0.4623944E-05  0.9487459E+00
 0.3200000E+03  0.4988311E-05  0.4988311E-05  0.9349363E+00
 0.3300000E+03  0.5326354E-05  0.5326354E-05  0.9191585E+00
 0.3400000E+03  0.5636651E-05  0.5636651E-05  0.9014882E+00
 0.3500000E+03  0.5916636E-05  0.5916636E-05  0.8820507E+00
 0.3600000E+03  0.6162042E-05  0.6162042E-05  0.8610120E+00
 0.3700000E+03  0.6367613E-05  0.6367613E-05  0.8385682E+00
 0.3800000E+03  0.6527577E-05  0.6527577E-05  0.8149358E+00
 0.3900000E+03  0.6637026E-05  0.6637026E-05  0.7903430E+00
 0.4000000E+03  0.6692521E-05  0.6692521E-05  0.7650231E+00
 0.4100000E+03  0.6692348E-05  0.6692348E-05  0.7392075E+00
 0.4200000E+03  0.6635892E-05  0.6635892E-05  0.7131185E+00
 0.4300000E+03  0.6524105E-05  0.6524105E-05  0.6869593E+00
 0.4400000E+03  0.6364096E-05  0.6364096E-05  0.6609076E+00
 0.4500000E+03  0.6180779E-05  0.6180779E-05  0.6351156E+00
 0.4600000E+03  0.6035326E-05  0.6035326E-05  0.6097189E+00
 0.4700000E+03  0.6043396E-05  0.6043396E-05  0.5848435E+00
 0.4800000E+03  0.6384262E-05  0.6384262E-05  0.5606037E+00
 0.4900000E+03  0.7298149E-05  0.7298149E-05  0.5370963E+00
 0.5000000E+03  0.9083466E-05  0.9083466E-05  0.5143981E+00
 0.5100000E+03  0.1212102E-04  0.1212102E-04  0.4925647E+00
 0.5200000E+03  0.1695575E-04  0.1695575E-04  0.4716240E+00
 0.5300000E+03  0.2445433E-04  0.2445433E-04  0.4515763E+00
 0.5400000E+03  0.3603755E-04  0.3603755E-04  0.4324122E+00
 0.5500000E+03  0.5393923E-04  0.5393923E-04  0.4141345E+00
 0.5600000E+03  0.8138154E-04  0.8138154E-04  0.3967545E+00
 0.5700000E+03  0.1225217E-03  0.1225217E-03  0.3802619E+00
 0.5800000E+03  0.1820849E-03  0.1820849E-03  0.3646042E+00
 0.5900000E+03  0.2648247E-03  0.2648247E-03  0.3497049E+00
 0.6000000E+03  0.3752420E-03  0.3752420E-03  0.3355082E+00
 0.6100000E+03  0.5180680E-03  0.5180680E-03  0.3220034E+00
 0.6200000E+03  0.6995964E-03  0.6995964E-03  0.3092073E+00
 0.6300000E+03  0.9291143E-03  0.9291143E-03  0.2971310E+00
 0.6400000E+03  0.1219043E-02  0.1219043E-02  0.2857693E+00
 0.6500000E+03  0.1582839E-02  0.1582839E-02  0.2751190E+00
 0.6600000E+03  0.2031272E-02  0.2031272E-02  0.2651923E+00
 0.6700000E+03  0.2569466E-02  0.2569466E-02  0.2559960E+00
 0.6800000E+03  0.3197155E-02  0.3197155E-02  0.2474872E+00
 0.6900000E+03  0.3912440E-02  0.3912440E-02  0.2395463E+00
 0.7000000E+03  0.4716370E-02  0.4716370E-02  0.2319862E+00
 0.7100000E+03  0.5614583E-02  0.5614583E-02  0.2245903E+00
 0.7200000E+03  0.6614550E-02  0.6614550E-02  0.2171615E+00
 0.7300000E+03  0.7720693E-02  0.7720693E-02  0.2095850E+00
 0.7400000E+03  0.8931525E-02  0.8931525E-02  0.2019044E+00
 0.7500000E+03  0.1024107E-01  0.1024107E-01  0.1943789E+00
 0.7600000E+03  0.1164308E-01  0.1164308E-01  0.1874835E+00
 0.7700000E+03  0.1313465E-01  0.1313465E-01  0.1818382E+00
 0.7800000E+03  0.1471718E-01  0.1471718E-01  0.1780973E+00
 0.7900000E+03  0.1639569E-01  0.1639569E-01  0.1768272E+00
 0.8000000E+03  0.1817816E-01  0.1817816E-01  0.1783940E+00
 0.8100000E+03  0.2007549E-01  0.2007549E-01  0.1828734E+00
 0.8200000E+03  0.2210071E-01  0.2210071E-01  0.1900149E+00
 0.8300000E+03  0.2426700E-01  0.2426700E-01  0.1992787E+00
 0.8400000E+03  0.2658557E-01  0.2658557E-01  0.2099352E+00
 0.8500000E+03  0.2906491E-01  0.2906491E-01  0.2211942E+00
 0.8600000E+03  0.3171070E-01  0.3171070E-01  0.2323345E+00
 0.8700000E+03  0.3452458E-01  0.3452458E-01  0.2428128E+00
 0.8800000E+03  0.3750128E-01  0.3750128E-01  0.2523280E+00
 0.8900000E+03  0.4062635E-01  0.4062635E-01  0.2608306E+00
 0.9000000E+03  0.4387694E-01  0.4387694E-01  0.2684818E+00
 0.9100000E+03  0.4722525E-01  0.4722525E-01  0.2755853E+00
 0.9200000E+03  0.5064216E-01  0.5064216E-01  0.2825141E+00
 0.9300000E+03  0.5409924E-01  0.5409924E-01  0.2896440E+00
 0.9400000E+03  0.5757019E-01  0.5757019E-01  0.2973034E+00
 0.9500000E+03  0.6103332E-01  0.6103332E-01  0.3057441E+00
 0.9600000E+03  0.6447397E-01  0.6447397E-01  0.3151311E+00
 0.9700000E+03  0.6788470E-01  0.6788470E-01  0.3255423E+00
 0.9800000E+03  0.7126200E-01  0.7126200E-01  0.3369692E+00
 0.9900000E+03  0.7460186E-01  0.7460186E-01  0.3493191E+00
 0.1000000E+04  0.7789696E-01  0.7789696E-01  0.3624229E+00
 0.1010000E+04  0.8113674E-01  0.8113674E-01  0.3760508E+00
 0.1020000E+04  0.8430945E-01  0.8430945E-01  0.3899356E+00
 0.1030000E+04  0.8740513E-01  0.8740513E-01  0.4038018E+00
 0.1040000E+04  0.9041871E-01  0.9041871E-01  0.4173987E+00
 0.1050000E+04  0.9335191E-01  0.9335191E-01  0.4305255E+00
 0.1060000E+04  0.9621214E-01  0.9621214E-01  0.4430431E+00
 0.1070000E+04  0.9900778E-01  0.9900778E-01  0.4548676E+00
 0.1080000E+04  0.1017421E+00  0.1017421E+00  0.4659571E+00
 0.1090000E+04  0.1044087E+00  0.1044087E+00  0.4763005E+00
 0.1100000E+04  0.1069922E+00  0.1069922E+00  0.4859103E+00
 0.1110000E+04  0.1094722E+00  0.1094722E+00  0.4948192E+00
 0.1120000E+04  0.1118304E+00  0.1118304E+00  0.5030767E+00
 0.1130000E+04  0.1140552E+00  0.1140552E+00  0.5107481E+00
 0.1140000E+04  0.1161442E+00  0.1161442E+00  0.5179086E+00
 0.1150000E+04  0.1181020E+00  0.1181020E+00  0.5246352E+00
 0.1160000E+04  0.1199361E+00  0.1199361E+00  0.5310021E+00
 0.1170000E+04  0.1216538E+00  0.1216538E+00  0.5370807E+00
 0.1180000E+04  0.1232610E+00  0.1232610E+00  0.5429386E+00
 0.1190000E+04  0.1247636E+00  0.1247636E+00  0.5486348E+00
 0.1200000E+04  0.1261694E+00  0.1261694E+00  0.5542165E+00
 0.1210000E+04  0.1274884E+00  0.1274884E+00  0.5597161E+00
 0.1220000E+04  0.1287322E+00  0.1287322E+00  0.5651490E+00
 0.1230000E+04  0.1299125E+00  0.1299125E+00  0.5705126E+00
 0.1240000E+04  0.1310392E+00  0.1310392E+00  0.5757923E+00
 0.1250000E+04  0.1321192E+00  0.1321192E+00  0.5809674E+00
 0.1260000E+04  0.1331564E+00  0.1331564E+00  0.5860179E+00
 0.1270000E+04  0.1341523E+00  0.1341523E+00  0.5909296E+00
 0.1280000E+04  0.1351060E+00  0.1351060E+00  0.5956954E+00
 0.1290000E+04  0.1360146E+00  0.1360146E+00  0.6003105E+00
 0.1300000E+04  0.1368745E+00  0.1368745E+00  0.6047674E+00
 0.1310000E+04  0.1376825E+00  0.1376825E+00  0.6090551E+00
 0.1320000E+04  0.1384379E+00  0.1384379E+00  0.6131587E+00
 0.1330000E+04  0.1391428E+00  0.1391428E+00  0.6170548E+00
 0.1340000E+04  0.1398017E+00  0.1398017E+00  0.6207133E+00
 0.1350000E+04  0.1404204E+00  0.1404204E+00  0.6241059E+00
 0.1360000E+04  0.1410051E+00  0.1410051E+00  0.6272140E+00
 0.1370000E+04  0.1415625E+00  0.1415625E+00  0.6300313E+00
 0.1380000E+04  0.1420989E+00  0.1420989E+00  0.6325669E+00
 0.1390000E+04  0.1426191E+00  0.1426191E+00  0.6348467E+00
 0.1400000E+04  0.1431262E+00  0.1431262E+00  0.6369105E+00
 0.1410000E+04  0.1436195E+00  0.1436195E+00  0.6388084E+00
 0.1420000E+04  0.1440951E+00  0.1440951E+00  0.6405948E+00
 0.1430000E+04  0.1445448E+00  0.1445448E+00  0.6423233E+00
 0.1440000E+04  0.1449562E+00  0.1449562E+00  0.6440387E+00
 0.1450000E+04  0.1453139E+00  0.1453139E+00  0.6457738E+00
 0.1460000E+04  0.1455999E+00  0.1455999E+00  0.6475490E+00
 0.1470000E+04  0.1457956E+00  0.1457956E+00  0.6493716E+00
 0.1480000E+04  0.1458831E+00  0.1458831E+00  0.6512368E+00
 0.1490000E+04  0.1458458E+00  0.1458458E+00  0.6531303E+00
 0.1500000E+04  0.1456699E+00  0.1456699E+00  0.6550329E+00
 0.1510000E+04  0.1453464E+00  0.1453464E+00  0.6569220E+00
 0.1520000E+04  0.1448729E+00  0.1448729E+00  0.6587735E+00
 0.1530000E+04  0.1442561E+00  0.1442561E+00  0.6605657E+00
 0.1540000E+04  0.1435124E+00  0.1435124E+00  0.6622804E+00
 0.1550000E+04  0.1426678E+00  0.1426678E+00  0.6639025E+00
 0.1560000E+04  0.1417555E+00  0.1417555E+00  0.6654221E+00
 0.1570000E+04  0.1408125E+00  0.1408125E+00  0.6668364E+00
 0.1580000E+04  0.1398739E+00  0.1398739E+00  0.6681490E+00
 0.1590000E+04  0.1389689E+00  0.1389689E+00  0.6693656E+00
 0.1600000E+04  0.1381175E+00  0.1381175E+00  0.6704911E+00
 0.1610000E+04  0.1373293E+00  0.1373293E+00  0.6715297E+00
 0.1620000E+04  0.1366045E+00  0.1366045E+00  0.6724859E+00
 0.1630000E+04  0.1359359E+00  0.1359359E+00  0.6733645E+00
 0.1640000E+04  0.1353130E+00  0.1353130E+00  0.6741696E+00
 0.1650000E+04  0.1347264E+00  0.1347264E+00  0.6749043E+00
 0.1660000E+04  0.1341710E+00  0.1341710E+00  0.6755720E+00
 0.1670000E+04  0.1336464E+00  0.1336464E+00  0.6761775E+00
 0.1680000E+04  0.1331554E+00  0.1331554E+00  0.6767278E+00
 0.1690000E+04  0.1327010E+00  0.1327010E+00  0.6772308E+00
 0.1700000E+04  0.1322842E+00  0.1322842E+00  0.6776925E+00
 0.1710000E+04  0.1319036E+00  0.1319036E+00  0.6781160E+00
 0.1720000E+04  0.1315564E+00  0.1315564E+00  0.6785017E+00
 0.1730000E+04  0.1312400E+00  0.1312400E+00  0.6788505E+00
 0.1740000E+04  0.1309533E+00  0.1309533E+00  0.6791661E+00
 0.1750000E+04  0.1306968E+00  0.1306968E+00  0.6794552E+00
 0.1760000E+04  0.1304702E+00  0.1304702E+00  0.6797267E+00
 0.1770000E+04  0.1302708E+00  0.1302708E+00  0.6799914E+00
 0.1780000E+04  0.1300921E+00  0.1300921E+00  0.6802606E+00
 0.1790000E+04  0.1299251E+00  0.1299251E+00  0.6805461E+00
 0.1800000E+04  0.1297628E+00  0.1297628E+00  0.6808583E+00
 0.1810000E+04  0.1296022E+00  0.1296022E+00  0.6812039E+00
 0.1820000E+04  0.1294446E+00  0.1294446E+00  0.6815855E+00
 0.1830000E+04  0.1292927E+00  0.1292927E+00  0.6820015E+00
 0.1840000E+04  0.1291469E+00  0.1291469E+00  0.6824483E+00
 0.1850000E+04  0.1290053E+00  0.1290053E+00  0.6829222E+00
 0.1860000E+04  0.1288659E+00  0.1288659E+00  0.6834216E+00
 0.1870000E+04  0.1287288E+00  0.1287288E+00  0.6839496E+00
 0.1880000E+04  0.1285967E+00  0.1285967E+00  0.6845161E+00
 0.1890000E+04  0.1284731E+00  0.1284731E+00  0.6851396E+00
 0.1900000E+04  0.1283596E+00  0.1283596E+00  0.6858453E+00
 0.1910000E+04  0.1282558E+00  0.1282558E+00  0.6866614E+00
 0.1920000E+04  0.1281592E+00  0.1281592E+00  0.6876121E+00
 0.1930000E+04  0.1280677E+00  0.1280677E+00  0.6887119E+00
 0.1940000E+04  0.1279798E+00  0.1279798E+00  0.6899608E+00
 0.1950000E+04  0.1278958E+00  0.1278958E+00  0.6913437E+00
 0.1960000E+04  0.1278169E+00  0.1278169E+00  0.6928304E+00
 0.1970000E+04  0.1277450E+00  0.1277450E+00  0.6943799E+00
 0.1980000E+04  0.1276821E+00  0.1276821E+00  0.6959450E+00
 0.1990000E+04  0.1276292E+00  0.1276292E+00  0.6974777E+00
 0.2000000E+04  0.1275865E+00  0.1275865E+00  0.6989340E+00
 0.2010000E+04  0.1275536E+00  0.1275536E+00  0.7002808E+00
 0.2020000E+04  0.1275295E+00  0.1275295E+00  0.7014992E+00
 0.2030000E+04  0.1275131E+00  0.1275131E+00  0.7025861E+00
 0.2040000E+04  0.1275039E+00  0.1275039E+00  0.7035536E+00
 0.2050000E+04  0.1275014E+00  0.1275014E+00  0.7044230E+00
 0.2060000E+04  0.1275048E+00  0.1275048E+00  0.7052204E+00
 0.2070000E+04  0.1275118E+00  0.1275118E+00  0.7059718E+00
 0.2080000E+04  0.1275199E+00  0.1275199E+00  0.7066997E+00
 0.2090000E+04  0.1275271E+00  0.1275271E+00  0.7074223E+00
 0.2100000E+04  0.1275332E+00  0.1275332E+00  0.7081529E+00
 0.2110000E+04  0.1275386E+00  0.1275386E+00  0.7089003E+00
 0.2120000E+04  0.1275444E+00  0.1275444E+00  0.7096691E+00
 0.2130000E+04  0.1275520E+00  0.1275520E+00  0.7104622E+00
 0.2140000E+04  0.1275630E+00  0.1275630E+00  0.7112812E+00
 0.2150000E+04  0.1275796E+00  0.1275796E+00  0.7121272E+00
 0.2160000E+04  0.1276039E+00  0.1276039E+00  0.7129995E+00
 0.2170000E+04  0.1276369E+00  0.1276369E+00  0.7138939E+00
 0.2180000E+04  0.1276782E+00  0.1276782E+00  0.7148013E+00
 0.2190000E+04  0.1277269E+00  0.1277269E+00  0.7157085E+00
 0.2200000E+04  0.1277811E+00  0.1277811E+00  0.7166006E+00
 0.2210000E+04  0.1278393E+00  0.1278393E+00  0.7174643E+00
 0.2220000E+04  0.1278995E+00  0.1278995E+00  0.7182890E+00
 0.2230000E+04  0.1279592E+00  0.1279592E+00  0.7190682E+00
 0.2240000E+04  0.1280167E+00  0.1280167E+00  0.7198012E+00
 0.2250000E+04  0.1280708E+00  0.1280708E+00  0.7204918E+00
 0.2260000E+04  0.1281216E+00  0.1281216E+00  0.7211458E+00
 0.2270000E+04  0.1281695E+00  0.1281695E+00  0.7217667E+00
 0.2280000E+04  0.1282151E+00  0.1282151E+00  0.7223549E+00
 0.2290000E+04  0.1282586E+00  0.1282586E+00  0.7229097E+00
 0.2300000E+04  0.1282999E+00  0.1282999E+00  0.7234319E+00
 0.2310000E+04  0.1283396E+00  0.1283396E+00  0.7239264E+00
 0.2320000E+04  0.1283784E+00  0.1283784E+00  0.7243986E+00
 0.2330000E+04  0.1284178E+00  0.1284178E+00  0.7248527E+00
 0.2340000E+04  0.1284593E+00  0.1284593E+00  0.7252894E+00
 0.2350000E+04  0.1285037E+00  0.1285037E+00  0.7257084E+00
 0.2360000E+04  0.1285510E+00  0.1285510E+00  0.7261098E+00
 0.2370000E+04  0.1286006E+00  0.1286006E+00  0.7264950E+00
 0.2380000E+04  0.1286517E+00  0.1286517E+00  0.7268658E+00
 0.2390000E+04  0.1287046E+00  0.1287046E+00  0.7272227E+00
 0.2400000E+04  0.1287602E+00  0.1287602E+00  0.7275647E+00
 0.2410000E+04  0.1288191E+00  0.1288191E+00  0.7278914E+00
 0.2420000E+04  0.1288809E+00  0.1288809E+00  0.7282046E+00
 0.2430000E+04  0.1289453E+00  0.1289453E+00  0.7285097E+00
 0.2440000E+04  0.1290127E+00  0.1290127E+00  0.7288119E+00
 0.2450000E+04  0.1290839E+00  0.1290839E+00  0.7291131E+00
 0.2460000E+04  0.1291586E+00  0.1291586E+00  0.7294099E+00
 0.2470000E+04  0.1292352E+00  0.1292352E+00  0.7296948E+00
 0.2480000E+04  0.1293118E+00  0.1293118E+00  0.7299604E+00
 0.2490000E+04  0.1293872E+00  0.1293872E+00  0.7302038E+00
 0.2500000E+04  0.1294608E+00  0.1294608E+00  0.7304263E+00
 0.2510000E+04  0.1295317E+00  0.1295317E+00  0.7306311E+00
 0.2520000E+04  0.1295981E+00  0.1295981E+00  0.7308188E+00
 0.2530000E+04  0.1296585E+00  0.1296585E+00  0.7309875E+00
 0.2540000E+04  0.1297125E+00  0.1297125E+00  0.7311347E+00
 0.2550000E+04  0.1297606E+00  0.1297606E+00  0.7312594E+00
 0.2560000E+04  0.1298036E+00  0.1298036E+00  0.7313634E+00
 0.2570000E+04  0.1298432E+00  0.1298432E+00  0.7314481E+00
 0.2580000E+04  0.1298812E+00  0.1298812E+00  0.7315143E+00
 0.2590000E+04  0.1299198E+00  0.1299198E+00  0.7315617E+00
 0.2600000E+04  0.1299598E+00  0.1299598E+00  0.7315897E+00
 0.2610000E+04  0.1299998E+00  0.1299998E+00  0.7315980E+00
 0.2620000E+04  0.1300376E+00  0.1300376E+00  0.7315883E+00
 0.2630000E+04  0.1300714E+00  0.1300714E+00  0.7315618E+00
 0.2640000E+04  0.1300997E+00  0.1300997E+00  0.7315204E+00
 0.2650000E+04  0.1301207E+00  0.1301207E+00  0.7314649E+00
 0.2660000E+04  0.1301331E+00  0.1301331E+00  0.7313964E+00
 0.2670000E+04  0.1301373E+00  0.1301373E+00  0.7313155E+00
 0.2680000E+04  0.1301348E+00  0.1301348E+00  0.7312227E+00
 0.2690000E+04  0.1301278E+00  0.1301278E+00  0.7311169E+00
 0.2700000E+04  0.1301189E+00  0.1301189E+00  0.7309965E+00
 0.2710000E+04  0.1301107E+00  0.1301107E+00  0.7308598E+00
 0.2720000E+04  0.1301049E+00  0.1301049E+00  0.7307078E+00
 0.2730000E+04  0.1301030E+00  0.1301030E+00  0.7305422E+00
 0.2740000E+04  0.1301057E+00  0.1301057E+00  0.7303655E+00
 0.2750000E+04  0.1301123E+00  0.1301123E+00  0.7301792E+00
 0.2760000E+04  0.1301231E+00  0.1301231E+00  0.7299830E+00
 0.2770000E+04  0.1301385E+00  0.1301385E+00  0.7297771E+00
 0.2780000E+04  0.1301581E+00  0.1301581E+00  0.7295617E+00
 0.2790000E+04  0.1301811E+00  0.1301811E+00  0.7293373E+00
 0.2800000E+04  0.1302056E+00  0.1302056E+00  0.7291041E+00
 0.2810000E+04  0.1302309E+00  0.1302309E+00  0.7288621E+00
 0.2820000E+04  0.1302570E+00  0.1302570E+00  0.7286111E+00
 0.2830000E+04  0.1302827E+00  0.1302827E+00  0.7283516E+00
 0.2840000E+04  0.1303068E+00  0.1303068E+00  0.7280848E+00
 0.2850000E+04  0.1303297E+00  0.1303297E+00  0.7278111E+00
 0.2860000E+04  0.1303524E+00  0.1303524E+00  0.7275293E+00
 0.2870000E+04  0.1303759E+00  0.1303759E+00  0.7272380E+00
 0.2880000E+04  0.1304000E+00  0.1304000E+00  0.7269365E+00
 0.2890000E+04  0.1304253E+00  0.1304253E+00  0.7266238E+00
 0.2900000E+04  0.1304514E+00  0.1304514E+00  0.7262996E+00
 0.2910000E+04  0.1304769E+00  0.1304769E+00  0.7259638E+00
 0.2920000E+04  0.1305003E+00  0.1305003E+00  0.7256165E+00
 0.2930000E+04  0.1305202E+00  0.1305202E+00  0.7252575E+00
 0.2940000E+04  0.1305359E+00  0.1305359E+00  0.7248871E+00
 0.2950000E+04  0.1305477E+00  0.1305477E+00  0.7245052E+00
 0.2960000E+04  0.1305568E+00  0.1305568E+00  0.7241115E+00
 0.2970000E+04  0.1305647E+00  0.1305647E+00  0.7237050E+00
 0.2980000E+04  0.1305733E+00  0.1305733E+00  0.7232845E+00
 0.2990000E+04  0.1305828E+00  0.1305828E+00  0.7228497E+00
 0.3000000E+04  0.1305922E+00  0.1305922E+00  0.7224043E+00
 0.3010000E+04  0.1306006E+00  0.1306006E+00  0.7219528E+00
 0.3020000E+04  0.1306071E+00  0.1306071E+00  0.7214999E+00
 0.3030000E+04  0.1306124E+00  0.1306124E+00  0.7210477E+00
 0.3040000E+04  0.1306192E+00  0.1306192E+00  0.7205951E+00
 0.3050000E+04  0.1306295E+00  0.1306295E+00  0.7201394E+00
 0.3060000E+04  0.1306436E+00  0.1306436E+00  0.7196776E+00
 0.3070000E+04  0.1306592E+00  0.1306592E+00  0.7192089E+00
 0.3080000E+04  0.1306741E+00  0.1306741E+00  0.7187334E+00
 0.3090000E+04  0.1306870E+00  0.1306870E+00  0.7182520E+00
 0.3100000E+04  0.1306974E+00  0.1306974E+00  0.7177653E+00
 0.3110000E+04  0.1307045E+00  0.1307045E+00  0.7172727E+00
 0.3120000E+04  0.1307070E+00  0.1307070E+00  0.7167725E+00
 0.3130000E+04  0.1307039E+00  0.1307039E+00  0.7162625E+00
 0.3140000E+04  0.1306938E+00  0.1306938E+00  0.7157407E+00
 0.3150000E+04  0.1306756E+00  0.1306756E+00  0.7152063E+00
 0.3160000E+04  0.1306492E+00  0.1306492E+00  0.7146588E+00
 0.3170000E+04  0.1306142E+00  0.1306142E+00  0.7140991E+00
 0.3180000E+04  0.1305698E+00  0.1305698E+00  0.7135295E+00
 0.3190000E+04  0.1305153E+00  0.1305153E+00  0.7129542E+00
 0.3200000E+04  0.1304494E+00  0.1304494E+00  0.7123777E+00
 0.3210000E+04  0.1303699E+00  0.1303699E+00  0.7118019E+00
 0.3220000E+04  0.1302755E+00  0.1302755E+00  0.7112237E+00
 0.3230000E+04  0.1301659E+00  0.1301659E+00  0.7106364E+00
 0.3240000E+04  0.1300405E+00  0.1300405E+00  0.7100341E+00
 0.3250000E+04  0.1298978E+00  0.1298978E+00  0.7094159E+00
 0.3260000E+04  0.1297356E+00  0.1297356E+00  0.7087862E+00
 0.3270000E+04  0.1295535E+00  0.1295535E+00  0.7081524E+00
 0.3280000E+04  0.1293520E+00  0.1293520E+00  0.7075196E+00
 0.3290000E+04  0.1291305E+00  0.1291305E+00  0.7068891E+00
 0.3300000E+04  0.1288872E+00  0.1288872E+00  0.7062606E+00
 0.3310000E+04  0.1286206E+00  0.1286206E+00  0.7056322E+00
 0.3320000E+04  0.1283317E+00  0.1283317E+00  0.7050026E+00
 0.3330000E+04  0.1280236E+00  0.1280236E+00  0.7043667E+00
 0.3340000E+04  0.1276979E+00  0.1276979E+00  0.7037144E+00
 0.3350000E+04  0.1273522E+00  0.1273522E+00  0.7030327E+00
 0.3360000E+04  0.1269822E+00  0.1269822E+00  0.7023081E+00
 0.3370000E+04  0.1265815E+00  0.1265815E+00  0.7015312E+00
 0.3380000E+04  0.1261457E+00  0.1261457E+00  0.7007002E+00
 0.3390000E+04  0.1256730E+00  0.1256730E+00  0.6998196E+00
 0.3400000E+04  0.1251644E+00  0.1251644E+00  0.6989048E+00
 0.3410000E+04  0.1246205E+00  0.1246205E+00  0.6979805E+00
 0.3420000E+04  0.1240408E+00  0.1240408E+00  0.6970697E+00
 0.3430000E+04  0.1234229E+00  0.1234229E+00  0.6961868E+00
 0.3440000E+04  0.1227638E+00  0.1227638E+00  0.6953342E+00
 0.3450000E+04  0.1220642E+00  0.1220642E+00  0.6945022E+00
 0.3460000E+04  0.1213258E+00  0.1213258E+00  0.6936803E+00
 0.3470000E+04  0.1205490E+00  0.1205490E+00  0.6928630E+00
 0.3480000E+04  0.1197336E+00  0.1197336E+00  0.6920459E+00
 0.3490000E+04  0.1188799E+00  0.1188799E+00  0.6912188E+00
 0.3500000E+04  0.1179936E+00  0.1179936E+00  0.6903608E+00
 0.3510000E+04  0.1170816E+00  0.1170816E+00  0.6894429E+00
 0.3520000E+04  0.1161468E+00  0.1161468E+00  0.6884418E+00
 0.3530000E+04  0.1151863E+00  0.1151863E+00  0.6873490E+00
 0.3540000E+04  0.1141900E+00  0.1141900E+00  0.6861759E+00
 0.3550000E+04  0.1131485E+00  0.1131485E+00  0.6849496E+00
 0.3560000E+04  0.1120568E+00  0.1120568E+00  0.6837027E+00
 0.3570000E+04  0.1109119E+00  0.1109119E+00  0.6824672E+00
 0.3580000E+04  0.1097160E+00  0.1097160E+00  0.6812749E+00
 0.3590000E+04  0.1084747E+00  0.1084747E+00  0.6801531E+00
 0.3600000E+04  0.1071979E+00  0.1071979E+00  0.6791204E+00
 0.3610000E+04  0.1059006E+00  0.1059006E+00  0.6781816E+00
 0.3620000E+04  0.1045952E+00  0.1045952E+00  0.6773224E+00
 0.3630000E+04  0.1032919E+00  0.1032919E+00  0.6765147E+00
 0.3640000E+04  0.1019974E+00  0.1019974E+00  0.6757254E+00
 0.3650000E+04  0.1007131E+00  0.1007131E+00  0.6749285E+00
 0.3660000E+04  0.9943438E-01  0.9943438E-01  0.6741017E+00
 0.3670000E+04  0.9815169E-01  0.9815169E-01  0.6732218E+00
 0.3680000E+04  0.9685089E-01  0.9685089E-01  0.6722590E+00
 0.3690000E+04  0.9551978E-01  0.9551978E-01  0.6711831E+00
 0.3700000E+04  0.9415479E-01  0.9415479E-01  0.6699775E+00
 0.3710000E+04  0.9276224E-01  0.9276224E-01  0.6686464E+00
 0.3720000E+04  0.9136091E-01  0.9136091E-01  0.6672078E+00
 0.3730000E+04  0.8997646E-01  0.8997646E-01  0.6656774E+00
 0.3740000E+04  0.8863246E-01  0.8863246E-01  0.6640678E+00
 0.3750000E+04  0.8734278E-01  0.8734278E-01  0.6623933E+00
 0.3760000E+04  0.8611383E-01  0.8611383E-01  0.6606730E+00
 0.3770000E+04  0.8494887E-01  0.8494887E-01  0.6589265E+00
 0.3780000E+04  0.8385449E-01  0.8385449E-01  0.6571637E+00
 0.3790000E+04  0.8284130E-01  0.8284130E-01  0.6553877E+00
 0.3800000E+04  0.8191285E-01  0.8191285E-01  0.6536026E+00
 0.3810000E+04  0.8105949E-01  0.8105949E-01  0.6518192E+00
 0.3820000E+04  0.8025777E-01  0.8025777E-01  0.6500572E+00
 0.3830000E+04  0.7947670E-01  0.7947670E-01  0.6483326E+00
 0.3840000E+04  0.7869358E-01  0.7869358E-01  0.6466482E+00
 0.3850000E+04  0.7790424E-01  0.7790424E-01  0.6450007E+00
 0.3860000E+04  0.7711801E-01  0.7711801E-01  0.6433869E+00
 0.3870000E+04  0.7634615E-01  0.7634615E-01  0.6418016E+00
 0.3880000E+04  0.7559405E-01  0.7559405E-01  0.6402349E+00
 0.3890000E+04  0.7485568E-01  0.7485568E-01  0.6386683E+00
 0.3900000E+04  0.7412150E-01  0.7412150E-01  0.6370783E+00
 0.3910000E+04  0.7338176E-01  0.7338176E-01  0.6354421E+00
 0.3920000E+04  0.7263181E-01  0.7263181E-01  0.6337456E+00
 0.3930000E+04  0.7187088E-01  0.7187088E-01  0.6319829E+00
 0.3940000E+04  0.7110262E-01  0.7110262E-01  0.6301509E+00
 0.3950000E+04  0.7033289E-01  0.7033289E-01  0.6282476E+00
 0.3960000E+04  0.6956962E-01  0.6956962E-01  0.6262736E+00
 0.3970000E+04  0.6882658E-01  0.6882658E-01  0.6242386E+00
 0.3980000E+04  0.6812309E-01  0.6812309E-01  0.6221605E+00
 0.3990000E+04  0.6747783E-01  0.6747783E-01  0.6200646E+00
 0.4000000E+04  0.6690376E-01  0.6690376E-01  0.6179731E+00
 0.4010000E+04  0.6640566E-01  0.6640566E-01  0.6159041E+00
 0.4020000E+04  0.6598070E-01  0.6598070E-01  0.6138753E+00
 0.4030000E+04  0.6562276E-01  0.6562276E-01  0.6119108E+00
 0.4040000E+04  0.6532808E-01  0.6532808E-01  0.6100361E+00
 0.4050000E+04  0.6509176E-01  0.6509176E-01  0.6082729E+00
 0.4060000E+04  0.6490402E-01  0.6490402E-01  0.6066441E+00
 0.4070000E+04  0.6475083E-01  0.6475083E-01  0.6051686E+00
 0.4080000E+04  0.6461699E-01  0.6461699E-01  0.6038621E+00
 0.4090000E+04  0.6449405E-01  0.6449405E-01  0.6027229E+00
 0.4100000E+04  0.6438421E-01  0.6438421E-01  0.6017346E+00
 0.4110000E+04  0.6429243E-01  0.6429243E-01  0.6008683E+00
 0.4120000E+04  0.6422258E-01  0.6422258E-01  0.6000880E+00
 0.4130000E+04  0.6417937E-01  0.6417937E-01  0.5993616E+00
 0.4140000E+04  0.6416714E-01  0.6416714E-01  0.5986559E+00
 0.4150000E+04  0.6418657E-01  0.6418657E-01  0.5979488E+00
 0.4160000E+04  0.6423286E-01  0.6423286E-01  0.5972293E+00
 0.4170000E+04  0.6429855E-01  0.6429855E-01  0.5964911E+00
 0.4180000E+04  0.6437860E-01  0.6437860E-01  0.5957248E+00
 0.4190000E+04  0.6447182E-01  0.6447182E-01  0.5949252E+00
 0.4200000E+04  0.6458100E-01  0.6458100E-01  0.5941003E+00
 0.4210000E+04  0.6471227E-01  0.6471227E-01  0.5932594E+00
 0.4220000E+04  0.6487487E-01  0.6487487E-01  0.5924123E+00
 0.4230000E+04  0.6507271E-01  0.6507271E-01  0.5915620E+00
 0.4240000E+04  0.6530217E-01  0.6530217E-01  0.5907044E+00
 0.4250000E+04  0.6555017E-01  0.6555017E-01  0.5898293E+00
 0.4260000E+04  0.6580085E-01  0.6580085E-01  0.5889319E+00
 0.4270000E+04  0.6604520E-01  0.6604520E-01  0.5880189E+00
 0.4280000E+04  0.6627821E-01  0.6627821E-01  0.5870973E+00
 0.4290000E+04  0.6649861E-01  0.6649861E-01  0.5861777E+00
 0.4300000E+04  0.6670755E-01  0.6670755E-01  0.5852666E+00
 0.4310000E+04  0.6690631E-01  0.6690631E-01  0.5843724E+00
 0.4320000E+04  0.6710128E-01  0.6710128E-01  0.5835047E+00
 0.4330000E+04  0.6730496E-01  0.6730496E-01  0.5826782E+00
 0.4340000E+04  0.6752792E-01  0.6752792E-01  0.5819001E+00
 0.4350000E+04  0.6776852E-01  0.6776852E-01  0.5811730E+00
 0.4360000E+04  0.6801778E-01  0.6801778E-01  0.5804905E+00
 0.4370000E+04  0.6826857E-01  0.6826857E-01  0.5798457E+00
 0.4380000E+04  0.6851728E-01  0.6851728E-01  0.5792356E+00
 0.4390000E+04  0.6876286E-01  0.6876286E-01  0.5786496E+00
 0.4400000E+04  0.6900611E-01  0.6900611E-01  0.5780678E+00
 0.4410000E+04  0.6924824E-01  0.6924824E-01  0.5774583E+00
 0.4420000E+04  0.6948768E-01  0.6948768E-01  0.5767946E+00
 0.4430000E+04  0.6971969E-01  0.6971969E-01  0.5760659E+00
 0.4440000E+04  0.6993905E-01  0.6993905E-01  0.5752731E+00
 0.4450000E+04  0.7014459E-01  0.7014459E-01  0.5744282E+00
 0.4460000E+04  0.7033779E-01  0.7033779E-01  0.5735370E+00
 0.4470000E+04  0.7052021E-01  0.7052021E-01  0.5726022E+00
 0.4480000E+04  0.7069748E-01  0.7069748E-01  0.5716213E+00
 0.4490000E+04  0.7087671E-01  0.7087671E-01  0.5705983E+00
 0.4500000E+04  0.7106567E-01  0.7106567E-01  0.5695402E+00
 0.4510000E+04  0.7127430E-01  0.7127430E-01  0.5684521E+00
 0.4520000E+04  0.7151797E-01  0.7151797E-01  0.5673332E+00
 0.4530000E+04  0.7181519E-01  0.7181519E-01  0.5661765E+00
 0.4540000E+04  0.7217882E-01  0.7217882E-01  0.5649790E+00
 0.4550000E+04  0.7261073E-01  0.7261073E-01  0.5637435E+00
 0.4560000E+04  0.7310234E-01  0.7310234E-01  0.5624784E+00
 0.4570000E+04  0.7364289E-01  0.7364289E-01  0.5611935E+00
 0.4580000E+04  0.7422452E-01  0.7422452E-01  0.5598981E+00
 0.4590000E+04  0.7484207E-01  0.7484207E-01  0.5586024E+00
 0.4600000E+04  0.7549255E-01  0.7549255E-01  0.5573153E+00
 0.4610000E+04  0.7617132E-01  0.7617132E-01  0.5560412E+00
 0.4620000E+04  0.7687214E-01  0.7687214E-01  0.5547856E+00
 0.4630000E+04  0.7758841E-01  0.7758841E-01  0.5535521E+00
 0.4640000E+04  0.7831631E-01  0.7831631E-01  0.5523515E+00
 0.4650000E+04  0.7905906E-01  0.7905906E-01  0.5511941E+00
 0.4660000E+04  0.7982022E-01  0.7982022E-01  0.5500900E+00
 0.4670000E+04  0.8059891E-01  0.8059891E-01  0.5490455E+00
 0.4680000E+04  0.8139192E-01  0.8139192E-01  0.5480615E+00
 0.4690000E+04  0.8219050E-01  0.8219050E-01  0.5471328E+00
 0.4700000E+04  0.8298334E-01  0.8298334E-01  0.5462490E+00
 0.4710000E+04  0.8375685E-01  0.8375685E-01  0.5454036E+00
 0.4720000E+04  0.8449812E-01  0.8449812E-01  0.5445894E+00
 0.4730000E+04  0.8520011E-01  0.8520011E-01  0.5438005E+00
 0.4740000E+04  0.8585512E-01  0.8585512E-01  0.5430377E+00
 0.4750000E+04  0.8645898E-01  0.8645898E-01  0.5422939E+00
 0.4760000E+04  0.8700955E-01  0.8700955E-01  0.5415610E+00
 0.4770000E+04  0.8750545E-01  0.8750545E-01  0.5408346E+00
 0.4780000E+04  0.8795026E-01  0.8795026E-01  0.5401077E+00
 0.4790000E+04  0.8835453E-01  0.8835453E-01  0.5393726E+00
 0.4800000E+04  0.8872885E-01  0.8872885E-01  0.5386226E+00
 0.4810000E+04  0.8907877E-01  0.8907877E-01  0.5378488E+00
 0.4820000E+04  0.8940286E-01  0.8940286E-01  0.5370458E+00
 0.4830000E+04  0.8969818E-01  0.8969818E-01  0.5362136E+00
 0.4840000E+04  0.8996394E-01  0.8996394E-01  0.5353543E+00
 0.4850000E+04  0.9020103E-01  0.9020103E-01  0.5344737E+00
 0.4860000E+04  0.9040957E-01  0.9040957E-01  0.5335721E+00
 0.4870000E+04  0.9058896E-01  0.9058896E-01  0.5326500E+00
 0.4880000E+04  0.9073444E-01  0.9073444E-01  0.5317131E+00
 0.4890000E+04  0.9083884E-01  0.9083884E-01  0.5307728E+00
 0.4900000E+04  0.9089926E-01  0.9089926E-01  0.5298414E+00
 0.4910000E+04  0.9092221E-01  0.9092221E-01  0.5289237E+00
 0.4920000E+04  0.9091820E-01  0.9091820E-01  0.5280171E+00
 0.4930000E+04  0.9089924E-01  0.9089924E-01  0.5271200E+00
 0.4940000E+04  0.9087463E-01  0.9087463E-01  0.5262405E+00
 0.4950000E+04  0.9085285E-01  0.9085285E-01  0.5253878E+00
 0.4960000E+04  0.9084148E-01  0.9084148E-01  0.5245579E+00
 0.4970000E+04  0.9084570E-01  0.9084570E-01  0.5237293E+00
 0.4980000E+04  0.9086598E-01  0.9086598E-01  0.5228728E+00
 0.4990000E+04  0.9089926E-01  0.9089926E-01  0.5219706E+00
 0.5000000E+04  0.9094582E-01  0.9094582E-01  0.5210188E+00
