 0.1500000E-01 -0.2153256E+01  0.3252581E+01 -0.2153256E+01 -0.3252581E+01  0.1819513E-02 -0.2461690E-02  0.9370543E-05
 0.1520000E-01 -0.3357460E+01  0.2139023E+01 -0.3357460E+01 -0.2139023E+01  0.2081895E-02 -0.2090463E-02  0.8704321E-05
 0.1540000E-01 -0.4009953E+01  0.6327692E+00 -0.4009953E+01 -0.6327692E+00  0.2302284E-02 -0.1630395E-02  0.7958699E-05
 0.1560000E-01 -0.4011419E+01 -0.1009967E+01 -0.4011419E+01  0.1009967E+01  0.2464239E-02 -0.1081789E-02  0.7242740E-05
 0.1580000E-01 -0.3371861E+01 -0.2524270E+01 -0.3371861E+01  0.2524270E+01  0.2552318E-02 -0.4562287E-03  0.6722473E-05
 0.1600000E-01 -0.2199889E+01 -0.3678245E+01 -0.2199889E+01  0.3678245E+01  0.2552708E-02  0.2221014E-03  0.6565649E-05
 0.1620000E-01 -0.6784583E+00 -0.4305035E+01 -0.6784583E+00  0.4305035E+01  0.2454259E-02  0.9163642E-03  0.6863110E-05
 0.1640000E-01  0.9674900E+00 -0.4321869E+01  0.9674900E+00  0.4321869E+01  0.2249930E-02  0.1578554E-02  0.7554017E-05
 0.1660000E-01  0.2505816E+01 -0.3735247E+01  0.2505816E+01  0.3735247E+01  0.1938531E-02  0.2152647E-02  0.8391793E-05
 0.1680000E-01  0.3729329E+01 -0.2633412E+01  0.3729329E+01  0.2633412E+01  0.1526495E-02  0.2579389E-02  0.8983435E-05
 0.1700000E-01  0.4481368E+01 -0.1168764E+01  0.4481368E+01  0.1168764E+01  0.1029307E-02  0.2802482E-02  0.8913375E-05
 0.1720000E-01  0.4672355E+01  0.4662518E+00  0.4672355E+01 -0.4662518E+00  0.4721374E-03  0.2775713E-02  0.7927498E-05
 0.1740000E-01  0.4286365E+01  0.2065943E+01  0.4286365E+01 -0.2065943E+01 -0.1107717E-03  0.2470349E-02  0.6114894E-05
 0.1760000E-01  0.3378093E+01  0.3437270E+01  0.3378093E+01 -0.3437270E+01 -0.6783192E-03  0.1881899E-02  0.4001661E-05
 0.1780000E-01  0.2061734E+01  0.4421862E+01  0.2061734E+01 -0.4421862E+01 -0.1186489E-02  0.1035271E-02  0.2479544E-05
 0.1800000E-01  0.4939688E+00  0.4912061E+01  0.4939688E+00 -0.4912061E+01 -0.1593865E-02 -0.1271539E-04  0.2540568E-05
 0.1820000E-01 -0.1146352E+01  0.4859827E+01 -0.1146352E+01 -0.4859827E+01 -0.1868175E-02 -0.1174334E-02  0.4869140E-05
 0.1840000E-01 -0.2679213E+01  0.4278318E+01 -0.2679213E+01 -0.4278318E+01 -0.1992971E-02 -0.2336049E-02  0.9429059E-05
 0.1860000E-01 -0.3942802E+01  0.3236765E+01 -0.3942802E+01 -0.3236765E+01 -0.1973235E-02 -0.3367810E-02  0.1523580E-04
 0.1880000E-01 -0.4809369E+01  0.1849870E+01 -0.4809369E+01 -0.1849870E+01 -0.1838573E-02 -0.4136036E-02  0.2048715E-04
 0.1900000E-01 -0.5196299E+01  0.2634028E+00 -0.5196299E+01 -0.2634028E+00 -0.1642742E-02 -0.4519086E-02  0.2312074E-04
 0.1920000E-01 -0.5071781E+01 -0.1362185E+01 -0.5071781E+01  0.1362185E+01 -0.1458615E-02 -0.4423391E-02  0.2169395E-04
 0.1940000E-01 -0.4455035E+01 -0.2868302E+01 -0.4455035E+01  0.2868302E+01 -0.1368331E-02 -0.3797932E-02  0.1629662E-04
 0.1960000E-01 -0.3411619E+01 -0.4113316E+01 -0.3411619E+01  0.4113316E+01 -0.1449261E-02 -0.2644569E-02  0.9094101E-05
 0.1980000E-01 -0.2044720E+01 -0.4984913E+01 -0.2044720E+01  0.4984913E+01 -0.1757361E-02 -0.1021970E-02  0.4132740E-05
 0.2000000E-01 -0.4836239E+00 -0.5408833E+01 -0.4836239E+00  0.5408833E+01 -0.2310420E-02  0.9584331E-03  0.6256636E-05
 0.2020000E-01  0.1129335E+01 -0.5353525E+01  0.1129335E+01  0.5353525E+01 -0.3074300E-02  0.3144884E-02  0.1934162E-04
 0.2040000E-01  0.2652042E+01 -0.4830674E+01  0.2652042E+01  0.4830674E+01 -0.3955429E-02  0.5365131E-02  0.4443005E-04
 0.2060000E-01  0.3954909E+01 -0.3891938E+01  0.3954909E+01  0.3891938E+01 -0.4802313E-02  0.7451076E-02  0.7858075E-04
 0.2080000E-01  0.4931250E+01 -0.2622485E+01  0.4931250E+01  0.2622485E+01 -0.5417667E-02  0.9264359E-02  0.1151795E-03
 0.2100000E-01  0.5505016E+01 -0.1132182E+01  0.5505016E+01  0.1132182E+01 -0.5581006E-02  0.1071818E-01  0.1460269E-03
 0.2120000E-01  0.5635490E+01  0.4546601E+00  0.5635490E+01 -0.4546601E+00 -0.5079441E-02  0.1179063E-01  0.1648197E-03
 0.2140000E-01  0.5318801E+01  0.2010010E+01  0.5318801E+01 -0.2010010E+01 -0.3742354E-02  0.1252593E-01  0.1709040E-03
 0.2160000E-01  0.4586414E+01  0.3412429E+01  0.4586414E+01 -0.3412429E+01 -0.1474046E-02  0.1302161E-01  0.1717352E-03
 0.2180000E-01  0.3500957E+01  0.4556193E+01  0.3500957E+01 -0.4556193E+01  0.1722184E-02  0.1340286E-01  0.1826026E-03
 0.2200000E-01  0.2149929E+01  0.5358608E+01  0.2149929E+01 -0.5358608E+01  0.5734387E-02  0.1378766E-01  0.2229827E-03
 0.2220000E-01  0.6379331E+00  0.5765126E+01  0.6379331E+00 -0.5765126E+01  0.1035058E-01  0.1424939E-01  0.3101797E-03
 0.2240000E-01 -0.9218714E+00  0.5752040E+01 -0.9218714E+00 -0.5752040E+01  0.1528623E-01  0.1478503E-01  0.4522660E-03
 0.2260000E-01 -0.2416401E+01  0.5326759E+01 -0.2416401E+01 -0.5326759E+01  0.2022711E-01  0.1529702E-01  0.6431345E-03
 0.2280000E-01 -0.3740743E+01  0.4525827E+01 -0.3740743E+01 -0.4525827E+01  0.2488048E-01  0.1559512E-01  0.8622461E-03
 0.2300000E-01 -0.4805168E+01  0.3410995E+01 -0.4805168E+01 -0.3410995E+01  0.2902439E-01  0.1542104E-01  0.1080223E-02
 0.2320000E-01 -0.5540663E+01  0.2063783E+01 -0.5540663E+01 -0.2063783E+01  0.3254409E-01  0.1449333E-01  0.1269174E-02
 0.2340000E-01 -0.5902702E+01  0.5790033E+00 -0.5902702E+01 -0.5790033E+00  0.3544619E-01  0.1256541E-01  0.1414322E-02
 0.2360000E-01 -0.5873141E+01 -0.9422204E+00 -0.5873141E+01  0.9422204E+00  0.3784489E-01  0.9484770E-02  0.1522197E-02
 0.2380000E-01 -0.5460230E+01 -0.2399449E+01 -0.5460230E+01  0.2399449E+01  0.3992084E-01  0.5239856E-02  0.1621129E-02
 0.2400000E-01 -0.4696901E+01 -0.3699463E+01 -0.4696901E+01  0.3699463E+01  0.4185978E-01 -0.1840322E-04  0.1752242E-02
 0.2420000E-01 -0.3637553E+01 -0.4761953E+01 -0.3637553E+01  0.4761953E+01  0.4378432E-01 -0.5988760E-02  0.1952932E-02
 0.2440000E-01 -0.2353644E+01 -0.5524052E+01 -0.2353644E+01  0.5524052E+01  0.4569548E-01 -0.1226697E-01  0.2238555E-02
 0.2460000E-01 -0.9284705E+00 -0.5943515E+01 -0.9284705E+00  0.5943515E+01  0.4744074E-01 -0.1842105E-01  0.2589959E-02
 0.2480000E-01  0.5484963E+00 -0.6000431E+01  0.5484963E+00  0.6000431E+01  0.4872075E-01 -0.2407929E-01  0.2953523E-02
 0.2500000E-01  0.1987336E+01 -0.5697473E+01  0.1987336E+01  0.5697473E+01  0.4913836E-01 -0.2901044E-01  0.3256184E-02
 0.2520000E-01  0.3303108E+01 -0.5058763E+01  0.3303108E+01  0.5058763E+01  0.4828334E-01 -0.3317465E-01  0.3431838E-02
 0.2540000E-01  0.4420680E+01 -0.4127526E+01  0.4420680E+01  0.4127526E+01  0.4583525E-01 -0.3672875E-01  0.3449871E-02
 0.2560000E-01  0.5278719E+01 -0.2962740E+01  0.5278719E+01  0.2962740E+01  0.4166002E-01 -0.3997898E-01  0.3333876E-02
 0.2580000E-01  0.5832651E+01 -0.1635057E+01  0.5832651E+01  0.1635057E+01  0.3587363E-01 -0.4328758E-01  0.3160732E-02
 0.2600000E-01  0.6056505E+01 -0.2222769E+00  0.6056505E+01  0.2222769E+00  0.2885127E-01 -0.4695281E-01  0.3036962E-02
 0.2620000E-01  0.5943594E+01  0.1195347E+01  0.5943594E+01 -0.1195347E+01  0.2117216E-01 -0.5109217E-01  0.3058670E-02
 0.2640000E-01  0.5506087E+01  0.2539676E+01  0.5506087E+01 -0.2539676E+01  0.1350614E-01 -0.5556134E-01  0.3269478E-02
 0.2660000E-01  0.4773551E+01  0.3738908E+01  0.4773551E+01 -0.3738908E+01  0.6464787E-02 -0.5993634E-01  0.3634158E-02
 0.2680000E-01  0.3790624E+01  0.4731209E+01  0.3790624E+01 -0.4731209E+01  0.4526328E-03 -0.6357267E-01  0.4041690E-02
 0.2700000E-01  0.2613997E+01  0.5467637E+01  0.2613997E+01 -0.5467637E+01 -0.4441349E-02 -0.6573542E-01  0.4340871E-02
 0.2720000E-01  0.1308903E+01  0.5914204E+01  0.1308903E+01 -0.5914204E+01 -0.8477760E-02 -0.6577415E-01  0.4398111E-02
 0.2740000E-01 -0.5465101E-01  0.6053049E+01 -0.5465101E-01 -0.6053049E+01 -0.1220838E-01 -0.6330016E-01  0.4155955E-02
 0.2760000E-01 -0.1405717E+01  0.5882711E+01 -0.1405717E+01 -0.5882711E+01 -0.1633107E-01 -0.5831775E-01  0.3667664E-02
 0.2780000E-01 -0.2676081E+01  0.5417536E+01 -0.2676081E+01 -0.5417536E+01 -0.2148868E-01 -0.5126786E-01  0.3090157E-02
 0.2800000E-01 -0.3803613E+01  0.4686308E+01 -0.3803613E+01 -0.4686308E+01 -0.2806210E-01 -0.4296223E-01  0.2633234E-02
 0.2820000E-01 -0.4735140E+01  0.3730224E+01 -0.4735140E+01 -0.3730224E+01 -0.3601508E-01 -0.3441437E-01  0.2481435E-02
 0.2840000E-01 -0.5428723E+01  0.2600350E+01 -0.5428723E+01 -0.2600350E+01 -0.4484005E-01 -0.2660385E-01  0.2718395E-02
 0.2860000E-01 -0.5855266E+01  0.1354718E+01 -0.5855266E+01 -0.1354718E+01 -0.5363047E-01 -0.2023306E-01  0.3285603E-02
 0.2880000E-01 -0.5999414E+01  0.5523325E-01 -0.5999414E+01 -0.5523325E-01 -0.6127156E-01 -0.1554426E-01  0.3995828E-02
 0.2900000E-01 -0.5859745E+01 -0.1235459E+01 -0.5859745E+01  0.1235459E+01 -0.6670567E-01 -0.1225352E-01  0.4599795E-02
 0.2920000E-01 -0.5448281E+01 -0.2456977E+01 -0.5448281E+01  0.2456977E+01 -0.6920254E-01 -0.9629600E-02  0.4881720E-02
 0.2940000E-01 -0.4789394E+01 -0.3553955E+01 -0.4789394E+01  0.3553955E+01 -0.6855663E-01 -0.6705220E-02  0.4744971E-02
 0.2960000E-01 -0.3918177E+01 -0.4478423E+01 -0.3918177E+01  0.4478423E+01 -0.6514839E-01 -0.2567574E-02  0.4250905E-02
 0.2980000E-01 -0.2878409E+01 -0.5191725E+01 -0.2878409E+01  0.5191725E+01 -0.5984201E-01  0.3354042E-02  0.3592316E-02
 0.3000000E-01 -0.1720215E+01 -0.5665916E+01 -0.1720215E+01  0.5665916E+01 -0.5374010E-01  0.1109166E-01  0.3011024E-02
 0.3020000E-01 -0.4975504E+00 -0.5884605E+01 -0.4975504E+00  0.5884605E+01 -0.4786206E-01  0.2010047E-01  0.2694805E-02
 0.3040000E-01  0.7343584E+00 -0.5843236E+01  0.7343584E+00  0.5843236E+01 -0.4284278E-01  0.2940193E-01  0.2699977E-02
 0.3060000E-01  0.1921512E+01 -0.5548824E+01  0.1921512E+01  0.5548824E+01 -0.3875048E-01  0.3787436E-01  0.2936067E-02
 0.3080000E-01  0.3013457E+01 -0.5019202E+01  0.3013457E+01  0.5019202E+01 -0.3509196E-01  0.4460581E-01  0.3221124E-02
 0.3100000E-01  0.3965340E+01 -0.4281820E+01  0.3965340E+01  0.4281820E+01 -0.3101779E-01  0.4919465E-01  0.3382217E-02
 0.3120000E-01  0.4739622E+01 -0.3372194E+01  0.4739622E+01  0.3372194E+01 -0.2567317E-01  0.5188950E-01  0.3351632E-02
 0.3140000E-01  0.5307389E+01 -0.2332079E+01  0.5307389E+01  0.2332079E+01 -0.1858405E-01  0.5350331E-01  0.3207972E-02
 0.3160000E-01  0.5649246E+01 -0.1207464E+01  0.5649246E+01  0.1207464E+01 -0.9942595E-02  0.5510742E-01  0.3135683E-02
 0.3180000E-01  0.5755757E+01 -0.4648622E-01  0.5755757E+01  0.4648622E-01 -0.6744760E-03  0.5758974E-01  0.3317033E-02
 0.3200000E-01  0.5627454E+01  0.1102650E+01  0.5627454E+01 -0.1102650E+01  0.7768106E-02  0.6122078E-01  0.3808327E-02
 0.3220000E-01  0.5274431E+01  0.2193653E+01  0.5274431E+01 -0.2193653E+01  0.1385395E-01  0.6538901E-01  0.4467655E-02
 0.3240000E-01  0.4715564E+01  0.3183954E+01  0.4715564E+01 -0.3183954E+01  0.1653596E-01  0.6863107E-01  0.4983662E-02
 0.3260000E-01  0.3977418E+01  0.4036287E+01  0.3977418E+01 -0.4036287E+01  0.1574384E-01  0.6899644E-01  0.5008378E-02
 0.3280000E-01  0.3092882E+01  0.4719970E+01  0.3092882E+01 -0.4719970E+01  0.1261501E-01  0.6467378E-01  0.4341836E-02
 0.3300000E-01  0.2099632E+01  0.5211871E+01  0.2099632E+01 -0.5211871E+01  0.9333209E-02  0.5470079E-01  0.3079285E-02
 0.3320000E-01  0.1038462E+01  0.5497032E+01  0.1038462E+01 -0.5497032E+01  0.8560507E-02  0.3951991E-01  0.1635106E-02
 0.3340000E-01 -0.4842195E-01  0.5568937E+01 -0.4842195E-01 -0.5568937E+01  0.1258801E-01  0.2115555E-01  0.6060153E-03
 0.3360000E-01 -0.1119087E+01  0.5429442E+01 -0.1119087E+01 -0.5429442E+01  0.2244985E-01  0.2881779E-02  0.5123004E-03
 0.3380000E-01 -0.2133467E+01  0.5088388E+01 -0.2133467E+01 -0.5088388E+01  0.3729873E-01 -0.1159715E-01  0.1525689E-02
 0.3400000E-01 -0.3054818E+01  0.4562921E+01 -0.3054818E+01 -0.4562921E+01  0.5430173E-01 -0.1926076E-01  0.3319655E-02
 0.3420000E-01 -0.3850970E+01  0.3876572E+01 -0.3850970E+01 -0.3876572E+01  0.6918066E-01 -0.1885668E-01  0.5141539E-02
 0.3440000E-01 -0.4495361E+01  0.3058132E+01 -0.4495361E+01 -0.3058132E+01  0.7732433E-01 -0.1158907E-01  0.6113359E-02
 0.3460000E-01 -0.4967806E+01  0.2140390E+01 -0.4967806E+01 -0.2140390E+01  0.7519688E-01 -0.1120121E-02  0.5655826E-02
 0.3480000E-01 -0.5254997E+01  0.1158775E+01 -0.5254997E+01 -0.1158775E+01  0.6162615E-01  0.7222391E-02  0.3849946E-02
 0.3500000E-01 -0.5350731E+01  0.1499640E+00 -0.5350731E+01 -0.1499640E+00  0.3853397E-01  0.7891700E-02  0.1547146E-02
 0.3520000E-01 -0.5255864E+01 -0.8494900E+00 -0.5255864E+01  0.8494900E+00  0.1079125E-01 -0.3152023E-02  0.1263864E-03
 0.3540000E-01 -0.4978016E+01 -0.1804466E+01 -0.4978016E+01  0.1804466E+01 -0.1487645E-01 -0.2695463E-01  0.9478606E-03
 0.3560000E-01 -0.4531043E+01 -0.2682473E+01 -0.4531043E+01  0.2682473E+01 -0.3170750E-01 -0.6082898E-01  0.4705530E-02
 0.3580000E-01 -0.3934313E+01 -0.3454694E+01 -0.3934313E+01  0.3454694E+01 -0.3495700E-01 -0.9869514E-01  0.1096272E-01
 0.3600000E-01 -0.3211821E+01 -0.4096863E+01 -0.3211821E+01  0.4096863E+01 -0.2355792E-01 -0.1325216E+00  0.1811696E-01
 0.3620000E-01 -0.2391181E+01 -0.4589936E+01 -0.2391181E+01  0.4589936E+01 -0.8173543E-03 -0.1545358E+00  0.2388198E-01
 0.3640000E-01 -0.1502534E+01 -0.4920551E+01 -0.1502534E+01  0.4920551E+01  0.2617807E-01 -0.1595853E+00  0.2615277E-01
 0.3660000E-01 -0.5774231E+00 -0.5081274E+01 -0.5774231E+00  0.5081274E+01  0.4839241E-01 -0.1469175E+00  0.2392659E-01
 0.3680000E-01  0.3523325E+00 -0.5070630E+01  0.3523325E+00  0.5070630E+01  0.5744641E-01 -0.1207541E+00  0.1788165E-01
 0.3700000E-01  0.1255722E+01 -0.4892929E+01  0.1255722E+01  0.4892929E+01  0.4824394E-01 -0.8936807E-01  0.1031413E-01
 0.3720000E-01  0.2103550E+01 -0.4557903E+01  0.2103550E+01  0.4557903E+01  0.2078588E-01 -0.6282332E-01  0.4378823E-02
 0.3740000E-01  0.2869343E+01 -0.4080185E+01  0.2869343E+01  0.4080185E+01 -0.1947383E-01 -0.4998569E-01  0.2877799E-02
 0.3760000E-01  0.3530119E+01 -0.3478633E+01  0.3530119E+01  0.3478633E+01 -0.6295822E-01 -0.5570024E-01  0.7066254E-02
 0.3780000E-01  0.4067009E+01 -0.2775565E+01  0.4067009E+01  0.2775565E+01 -0.9868447E-01 -0.7904941E-01  0.1598743E-01
 0.3800000E-01  0.4465722E+01 -0.1995896E+01  0.4465722E+01  0.1995896E+01 -0.1175955E+00 -0.1133254E+00  0.2667135E-01
 0.3820000E-01  0.4716831E+01 -0.1166237E+01  0.4716831E+01  0.1166237E+01 -0.1154771E+00 -0.1478391E+00  0.3519135E-01
 0.3840000E-01  0.4815898E+01 -0.3139799E+00  0.4815898E+01  0.3139799E+00 -0.9449550E-01 -0.1710973E+00  0.3820368E-01
 0.3860000E-01  0.4763426E+01  0.5336047E+00  0.4763426E+01 -0.5336047E+00 -0.6277858E-01 -0.1744016E+00  0.3435708E-01
 0.3880000E-01  0.4564661E+01  0.1350227E+01  0.4564661E+01 -0.1350227E+01 -0.3206897E-01 -0.1547262E+00  0.2496861E-01
 0.3900000E-01  0.4229249E+01  0.2111368E+01  0.4229249E+01 -0.2111368E+01 -0.1411449E-01 -0.1159003E+00  0.1363210E-01
 0.3920000E-01  0.3770772E+01  0.2794977E+01  0.3770772E+01 -0.2794977E+01 -0.1691406E-01 -0.6763051E-01  0.4859971E-02
 0.3940000E-01  0.3206180E+01  0.3382063E+01  0.3206180E+01 -0.3382063E+01 -0.4204333E-01 -0.2258667E-01  0.2277799E-02
 0.3960000E-01  0.2555143E+01  0.3857167E+01  0.2555143E+01 -0.3857167E+01 -0.8398439E-01  0.7567188E-02  0.7110640E-02
 0.3980000E-01  0.1839352E+01  0.4208702E+01  0.1839352E+01 -0.4208702E+01 -0.1317561E+00  0.1592339E-01  0.1761322E-01
 0.4000000E-01  0.1081778E+01  0.4429163E+01  0.1081778E+01 -0.4429163E+01 -0.1723812E+00  0.2607906E-02  0.2972207E-01
 0.4020000E-01  0.3059401E+00  0.4515197E+01  0.3059401E+00 -0.4515197E+01 -0.1950878E+00 -0.2522370E-01  0.3869548E-01
 0.4040000E-01 -0.4648284E+00  0.4467556E+01 -0.4648284E+00 -0.4467556E+01 -0.1948511E+00 -0.5573563E-01  0.4107342E-01
 0.4060000E-01 -0.1208062E+01  0.4290914E+01 -0.1208062E+01 -0.4290914E+01 -0.1740568E+00 -0.7637217E-01  0.3612849E-01
 0.4080000E-01 -0.1902799E+01  0.3993589E+01 -0.1902799E+01 -0.3993589E+01 -0.1416701E+00 -0.7811568E-01  0.2617247E-01
 0.4100000E-01 -0.2530138E+01  0.3587163E+01 -0.2530138E+01 -0.3587163E+01 -0.1101371E+00 -0.5858267E-01  0.1556211E-01
 0.4120000E-01 -0.3073717E+01  0.3086017E+01 -0.3073717E+01 -0.3086017E+01 -0.9104143E-01 -0.2285545E-01  0.8810913E-02
 0.4140000E-01 -0.3520094E+01  0.2506815E+01 -0.3520094E+01 -0.2506815E+01 -0.9100572E-01  0.1829557E-01  0.8616768E-02
 0.4160000E-01 -0.3859023E+01  0.1867939E+01 -0.3859023E+01 -0.1867939E+01 -0.1092909E+00  0.5223560E-01  0.1467305E-01
 0.4180000E-01 -0.4083630E+01  0.1188893E+01 -0.4083630E+01 -0.1188893E+01 -0.1379892E+00  0.6902934E-01  0.2380607E-01
 0.4200000E-01 -0.4190488E+01  0.4897120E+00 -0.4190488E+01 -0.4897120E+00 -0.1648137E+00  0.6513303E-01  0.3140587E-01
 0.4220000E-01 -0.4179578E+01 -0.2096294E+00 -0.4179578E+01  0.2096294E+00 -0.1775569E+00  0.4486109E-01  0.3353898E-01
 0.4240000E-01 -0.4054172E+01 -0.8897732E+00 -0.4054172E+01  0.8897732E+00 -0.1686616E+00  0.1902709E-01  0.2880876E-01
 0.4260000E-01 -0.3820610E+01 -0.1532498E+01 -0.3820610E+01  0.1532498E+01 -0.1382507E+00  0.1155756E-02  0.1911460E-01
 0.4280000E-01 -0.3488020E+01 -0.2121183E+01 -0.3488020E+01  0.2121183E+01 -0.9446241E-01  0.2554086E-02  0.8929670E-02
 0.4300000E-01 -0.3067953E+01 -0.2641207E+01 -0.3067953E+01  0.2641207E+01 -0.5086707E-01  0.2798849E-01  0.3370815E-02
 0.4320000E-01 -0.2573984E+01 -0.3080277E+01 -0.2573984E+01  0.3080277E+01 -0.2179374E-01  0.7355910E-01  0.5885908E-02
 0.4340000E-01 -0.2021260E+01 -0.3428674E+01 -0.2021260E+01  0.3428674E+01 -0.1717675E-01  0.1276245E+00  0.1658305E-01
 0.4360000E-01 -0.1426037E+01 -0.3679427E+01 -0.1426037E+01  0.3679427E+01 -0.3876576E-01  0.1745575E+00  0.3197312E-01
 0.4380000E-01 -0.8051932E+00 -0.3828391E+01 -0.8051932E+00  0.3828391E+01 -0.7911213E-01  0.2000829E+00  0.4629190E-01
 0.4400000E-01 -0.1757610E+00 -0.3874262E+01 -0.1757610E+00  0.3874262E+01 -0.1237894E+00  0.1963355E+00  0.5387144E-01
 0.4420000E-01  0.4455378E+00 -0.3818500E+01  0.4455378E+00  0.3818500E+01 -0.1561548E+00  0.1648235E+00  0.5155111E-01
 0.4440000E-01  0.1042721E+01 -0.3665189E+01  0.1042721E+01  0.3665189E+01 -0.1630263E+00  0.1161818E+00  0.4007577E-01
 0.4460000E-01  0.1600942E+01 -0.3420836E+01  0.1600942E+01  0.3420836E+01 -0.1392786E+00  0.6672674E-01  0.2385099E-01
 0.4480000E-01  0.2106833E+01 -0.3094104E+01  0.2106833E+01  0.3094104E+01 -0.8970842E-01  0.3297187E-01  0.9134745E-02
 0.4500000E-01  0.2548802E+01 -0.2695515E+01  0.2548802E+01  0.2695515E+01 -0.2746565E-01  0.2601546E-01  0.1431166E-02
 0.4520000E-01  0.2917264E+01 -0.2237098E+01  0.2917264E+01  0.2237098E+01  0.3042850E-01  0.4778668E-01  0.3209461E-02
 0.4540000E-01  0.3204817E+01 -0.1732034E+01  0.3204817E+01  0.1732034E+01  0.6890545E-01  0.9049057E-01  0.1293650E-01
 0.4560000E-01  0.3406345E+01 -0.1194268E+01  0.3406345E+01  0.1194268E+01  0.7994897E-01  0.1394520E+00  0.2583871E-01
 0.4580000E-01  0.3519071E+01 -0.6381280E+00  0.3519071E+01  0.6381280E+00  0.6515751E-01  0.1783345E+00  0.3604868E-01
 0.4600000E-01  0.3542533E+01 -0.7795051E-01  0.3542533E+01  0.7795051E-01  0.3487275E-01  0.1948488E+00  0.3918215E-01
 0.4620000E-01  0.3478515E+01  0.4722847E+00  0.3478515E+01 -0.4722847E+00  0.4227337E-02  0.1848954E+00  0.3420416E-01
 0.4640000E-01  0.3330916E+01  0.9992893E+00  0.3330916E+01 -0.9992893E+00 -0.1241306E-01  0.1536645E+00  0.2376686E-01
 0.4660000E-01  0.3105578E+01  0.1490773E+01  0.3105578E+01 -0.1490773E+01 -0.6559464E-02  0.1133469E+00  0.1289054E-01
 0.4680000E-01  0.2810062E+01  0.1935709E+01  0.2810062E+01 -0.1935709E+01  0.2160807E-01  0.7836257E-01  0.6607601E-02
 0.4700000E-01  0.2453407E+01  0.2324562E+01  0.2453407E+01 -0.2324562E+01  0.6375407E-01  0.5992928E-01  0.7656100E-02
 0.4720000E-01  0.2045848E+01  0.2649462E+01  0.2045848E+01 -0.2649462E+01  0.1069463E+00  0.6201960E-01  0.1528393E-01
 0.4740000E-01  0.1598521E+01  0.2904341E+01  0.1598521E+01 -0.2904341E+01  0.1388516E+00  0.8021174E-01  0.2571369E-01
 0.4760000E-01  0.1123164E+01  0.3085006E+01  0.1123164E+01 -0.3085006E+01  0.1525511E+00  0.1038236E+00  0.3405118E-01
 0.4780000E-01  0.6318080E+00  0.3189175E+01  0.6318080E+00 -0.3189175E+01  0.1491156E+00  0.1204581E+00  0.3674560E-01
 0.4800000E-01  0.1364794E+00  0.3216459E+01  0.1364794E+00 -0.3216459E+01  0.1369565E+00  0.1211614E+00  0.3343717E-01
 0.4820000E-01 -0.3510887E+00  0.3168303E+01 -0.3510887E+00 -0.3168303E+01  0.1282205E+00  0.1041575E+00  0.2728928E-01
 0.4840000E-01 -0.8197232E+00  0.3047881E+01 -0.8197232E+00 -0.3047881E+01  0.1336518E+00  0.7567343E-01  0.2358926E-01
 0.4860000E-01 -0.1259054E+01  0.2859957E+01 -0.1259054E+01 -0.2859957E+01  0.1579578E+00  0.4750032E-01  0.2720694E-01
 0.4880000E-01 -0.1659729E+01  0.2610718E+01 -0.1659729E+01 -0.2610718E+01  0.1975408E+00  0.3221372E-01  0.4006009E-01
 0.4900000E-01 -0.2013593E+01  0.2307569E+01 -0.2013593E+01 -0.2307569E+01  0.2415554E+00  0.3791509E-01  0.5978654E-01
 0.4920000E-01 -0.2313836E+01  0.1958924E+01 -0.2313836E+01 -0.1958924E+01  0.2759630E+00  0.6458286E-01  0.8032654E-01
 0.4940000E-01 -0.2555098E+01  0.1573965E+01 -0.2555098E+01 -0.1573965E+01  0.2890681E+00  0.1035404E+00  0.9428100E-01
 0.4960000E-01 -0.2733539E+01  0.1162409E+01 -0.2733539E+01 -0.1162409E+01  0.2763958E+00  0.1403691E+00  0.9609811E-01
 0.4980000E-01 -0.2846872E+01  0.7342613E+00 -0.2846872E+01 -0.7342613E+00  0.2429631E+00  0.1602590E+00  0.8471401E-01
 0.5000000E-01 -0.2894356E+01  0.2995794E+00 -0.2894356E+01 -0.2995794E+00  0.2019403E+00  0.1538116E+00  0.6443787E-01
 0.5020000E-01 -0.2876756E+01 -0.1317599E+00 -0.2876756E+01  0.1317599E+00  0.1700581E+00  0.1210591E+00  0.4357508E-01
 0.5040000E-01 -0.2796269E+01 -0.5502756E+00 -0.2796269E+01  0.5502756E+00  0.1613782E+00  0.7207043E-01  0.3123706E-01
 0.5060000E-01 -0.2656423E+01 -0.9470802E+00 -0.2656423E+01  0.9470802E+00  0.1817284E+00  0.2374765E-01  0.3358915E-01
 0.5080000E-01 -0.2461944E+01 -0.1314058E+01 -0.2461944E+01  0.1314058E+01  0.2259445E+00 -0.6154101E-02  0.5108880E-01
 0.5100000E-01 -0.2218613E+01 -0.1644014E+01 -0.2218613E+01  0.1644014E+01  0.2790890E+00 -0.5671360E-02  0.7792281E-01
 0.5120000E-01 -0.1933093E+01 -0.1930802E+01 -0.1933093E+01  0.1930802E+01  0.3213817E+00  0.2650237E-01  0.1039886E+00
 0.5140000E-01 -0.1612753E+01 -0.2169422E+01 -0.1612753E+01  0.2169422E+01  0.3351983E+00  0.7981088E-01  0.1187277E+00
 0.5160000E-01 -0.1265475E+01 -0.2356080E+01 -0.1265475E+01  0.2356080E+01  0.3116683E+00  0.1348994E+00  0.1153350E+00
 0.5180000E-01 -0.8994707E+00 -0.2488236E+01 -0.8994707E+00  0.2488236E+01  0.2544606E+00  0.1700286E+00  0.9365991E-01
 0.5200000E-01 -0.5230826E+00 -0.2564604E+01 -0.5230826E+00  0.2564604E+01  0.1792725E+00  0.1686760E+00  0.6059024E-01
 0.5220000E-01 -0.1446041E+00 -0.2585137E+01 -0.1446041E+00  0.2585137E+01  0.1090236E+00  0.1256607E+00  0.2767675E-01
 0.5240000E-01  0.2278994E+00 -0.2550982E+01  0.2278994E+00  0.2550982E+01  0.6628629E-01  0.4956201E-01  0.6850266E-02
 0.5260000E-01  0.5867542E+00 -0.2464409E+01  0.5867542E+00  0.2464409E+01  0.6551239E-01 -0.3955784E-01  0.5856696E-02
 0.5280000E-01  0.9248276E+00 -0.2328722E+01  0.9248276E+00  0.2328722E+01  0.1077640E+00 -0.1164997E+00  0.2518528E-01
 0.5300000E-01  0.1235659E+01 -0.2148150E+01  0.1235659E+01  0.2148150E+01  0.1798665E+00 -0.1592710E+00  0.5771919E-01
 0.5320000E-01  0.1513571E+01 -0.1927722E+01  0.1513571E+01  0.1927722E+01  0.2584127E+00 -0.1566011E+00  0.9130101E-01
 0.5340000E-01  0.1753761E+01 -0.1673134E+01  0.1753761E+01  0.1673134E+01  0.3173801E+00 -0.1120138E+00  0.1132772E+00
 0.5360000E-01  0.1952366E+01 -0.1390603E+01  0.1952366E+01  0.1390603E+01  0.3368364E+00 -0.4296225E-01  0.1153045E+00
 0.5380000E-01  0.2106511E+01 -0.1086715E+01  0.2106511E+01  0.1086715E+01  0.3097715E+00  0.2479878E-01  0.9657339E-01
 0.5400000E-01  0.2214332E+01 -0.7682803E+00  0.2214332E+01  0.7682803E+00  0.2446684E+00  0.6578192E-01  0.6418990E-01
 0.5420000E-01  0.2274972E+01 -0.4421817E+00  0.2274972E+01  0.4421817E+00  0.1628378E+00  0.6339712E-01  0.3053533E-01
 0.5440000E-01  0.2288568E+01 -0.1152294E+00  0.2288568E+01  0.1152294E+00  0.9133188E-01  0.1567653E-01  0.8587267E-02
 0.5460000E-01  0.2256204E+01  0.2059750E+00  0.2256204E+01 -0.2059750E+00  0.5379996E-01 -0.6393107E-01  0.6981617E-02
 0.5480000E-01  0.2179859E+01  0.5151648E+00  0.2179859E+01 -0.5151648E+00  0.6241244E-01 -0.1510521E+00  0.2671204E-01
 0.5500000E-01  0.2062329E+01  0.8065232E+00  0.2062329E+01 -0.8065232E+00  0.1136749E+00 -0.2186854E+00  0.6074529E-01
 0.5520000E-01  0.1907145E+01  0.1074784E+01  0.1907145E+01 -0.1074784E+01  0.1896443E+00 -0.2464612E+00  0.9670809E-01
 0.5540000E-01  0.1718469E+01  0.1315317E+01  0.1718469E+01 -0.1315317E+01  0.2641860E+00 -0.2276222E+00  0.1216061E+00
 0.5560000E-01  0.1500989E+01  0.1524198E+01  0.1500989E+01 -0.1524198E+01  0.3121144E+00 -0.1712349E+00  0.1267368E+00
 0.5580000E-01  0.1259808E+01  0.1698256E+01  0.1259808E+01 -0.1698256E+01  0.3179875E+00 -0.9879692E-01  0.1108769E+00
 0.5600000E-01  0.1000323E+01  0.1835114E+01  0.1000323E+01 -0.1835114E+01  0.2813937E+00 -0.3641033E-01  0.8050810E-01
 0.5620000E-01  0.7281111E+00  0.1933204E+01  0.7281111E+00 -0.1933204E+01  0.2167808E+00 -0.5323307E-02  0.4702225E-01
 0.5640000E-01  0.4488112E+00  0.1991765E+01  0.4488112E+00 -0.1991765E+01  0.1478491E+00 -0.1429371E-01  0.2206368E-01
 0.5660000E-01  0.1680108E+00  0.2010832E+01  0.1680108E+00 -0.2010832E+01  0.9853596E-01 -0.5661702E-01  0.1291482E-01
 0.5680000E-01 -0.1088608E+00  0.1991200E+01 -0.1088608E+00 -0.1991200E+01  0.8393573E-01 -0.1129742E+00  0.1980837E-01
 0.5700000E-01 -0.3766318E+00  0.1934385E+01 -0.3766318E+00 -0.1934385E+01  0.1045879E+00 -0.1590831E+00  0.3624606E-01
 0.5720000E-01 -0.6304786E+00  0.1842567E+01 -0.6304786E+00 -0.1842567E+01  0.1463539E+00 -0.1752911E+00  0.5214643E-01
 0.5740000E-01 -0.8660057E+00  0.1718518E+01 -0.8660057E+00 -0.1718518E+01  0.1860101E+00 -0.1544383E+00  0.5845093E-01
 0.5760000E-01 -0.1079314E+01  0.1565534E+01 -0.1079314E+01 -0.1565534E+01  0.2004742E+00 -0.1049121E+00  0.5119648E-01
 0.5780000E-01 -0.1267057E+01  0.1387346E+01 -0.1267057E+01 -0.1387346E+01  0.1761251E+00 -0.4761185E-01  0.3328694E-01
 0.5800000E-01 -0.1426482E+01  0.1188035E+01 -0.1426482E+01 -0.1188035E+01  0.1145518E+00 -0.7899389E-02  0.1318452E-01
 0.5820000E-01 -0.1555463E+01  0.9719431E+00 -0.1555463E+01 -0.9719431E+00  0.3239222E-01 -0.5612066E-02  0.1080751E-02
 0.5840000E-01 -0.1652516E+01  0.7435789E+00 -0.1652516E+01 -0.7435789E+00 -0.4479809E-01 -0.4705239E-01  0.4220796E-02
 0.5860000E-01 -0.1716799E+01  0.5075278E+00 -0.1716799E+01 -0.5075278E+00 -0.9233301E-01 -0.1221746E+00  0.2345202E-01
 0.5880000E-01 -0.1748111E+01  0.2683629E+00 -0.1748111E+01 -0.2683629E+00 -0.9601791E-01 -0.2081876E+00  0.5256151E-01
 0.5900000E-01 -0.1746864E+01  0.3056023E-01 -0.1746864E+01 -0.3056023E-01 -0.5777004E-01 -0.2782527E+00  0.8076193E-01
 0.5920000E-01 -0.1714059E+01 -0.2015807E+00 -0.1714059E+01  0.2015807E+00  0.5068310E-02 -0.3118883E+00  0.9729998E-01
 0.5940000E-01 -0.1651239E+01 -0.4240099E+00 -0.1651239E+01  0.4240099E+00  0.6653613E-01 -0.3029467E+00  0.9620373E-01
 0.5960000E-01 -0.1560445E+01 -0.6329922E+00 -0.1560445E+01  0.6329922E+00  0.1023260E+00 -0.2619450E+00  0.7908578E-01
 0.5980000E-01 -0.1444157E+01 -0.8251639E+00 -0.1444157E+01  0.8251639E+00  0.9943883E-01 -0.2117664E+00  0.5473310E-01
 0.6000000E-01 -0.1305234E+01 -0.9975803E+00 -0.1305234E+01  0.9975803E+00  0.6134914E-01 -0.1784126E+00  0.3559478E-01
 0.6020000E-01 -0.1146845E+01 -0.1147754E+01 -0.1146845E+01  0.1147754E+01  0.6594765E-02 -0.1804957E+00  0.3262218E-01
 0.6040000E-01 -0.9724019E+00 -0.1273680E+01 -0.9724019E+00  0.1273680E+01 -0.3864409E-01 -0.2216743E+00  0.5063285E-01
 0.6060000E-01 -0.7854880E+00 -0.1373860E+01 -0.7854880E+00  0.1373860E+01 -0.5099192E-01 -0.2890423E+00  0.8614562E-01
 0.6080000E-01 -0.5897872E+00 -0.1447302E+01 -0.5897872E+00  0.1447302E+01 -0.1916902E-01 -0.3580584E+00  0.1285732E+00
 0.6100000E-01 -0.3890138E+00 -0.1493526E+01 -0.3890138E+00  0.1493526E+01  0.5153380E-01 -0.4019680E+00  0.1642340E+00
 0.6120000E-01 -0.1868452E+00 -0.1512550E+01 -0.1868452E+00  0.1512550E+01  0.1412495E+00 -0.4019081E+00  0.1814815E+00
 0.6140000E-01  0.1314231E-01 -0.1504869E+01  0.1314231E-01  0.1504869E+01  0.2230120E+00 -0.3537191E+00  0.1748515E+00
 0.6160000E-01  0.2075330E+00 -0.1471433E+01  0.2075330E+00  0.1471433E+01  0.2725733E+00 -0.2689570E+00  0.1466341E+00
 0.6180000E-01  0.3931260E+00 -0.1413608E+01  0.3931260E+00  0.1413608E+01  0.2766309E+00 -0.1700362E+00  0.1054370E+00
 0.6200000E-01  0.5669835E+00 -0.1333142E+01  0.5669835E+00  0.1333142E+01  0.2364030E+00 -0.8179018E-01  0.6257601E-01
 0.6220000E-01  0.7264723E+00 -0.1232113E+01  0.7264723E+00  0.1232113E+01  0.1655780E+00 -0.2301344E-01  0.2794568E-01
 0.6240000E-01  0.8692982E+00 -0.1112884E+01  0.8692982E+00  0.1112884E+01  0.8401650E-01 -0.1258802E-02  0.7060358E-02
 0.6260000E-01  0.9935330E+00 -0.9780528E+00  0.9935330E+00  0.9780528E+00  0.1018853E-01 -0.1251586E-01  0.2604530E-03
 0.6280000E-01  0.1097634E+01 -0.8303943E+00  0.1097634E+01  0.8303943E+00 -0.4448143E-01 -0.4519802E-01  0.4021458E-02
 0.6300000E-01  0.1180457E+01 -0.6728080E+00  0.1180457E+01  0.6728080E+00 -0.7738317E-01 -0.8611739E-01  0.1340436E-01
 0.6320000E-01  0.1241259E+01 -0.5082627E+00  0.1241259E+01  0.5082627E+00 -0.9257743E-01 -0.1255815E+00  0.2434129E-01
 0.6340000E-01  0.1279697E+01 -0.3397435E+00  0.1279697E+01  0.3397435E+00 -0.9646637E-01 -0.1595550E+00  0.3476355E-01
 0.6360000E-01  0.1295818E+01 -0.1701996E+00  0.1295818E+01  0.1701996E+00 -0.9376021E-01 -0.1885068E+00  0.4432579E-01
 0.6380000E-01  0.1290045E+01 -0.2495754E-02  0.1290045E+01  0.2495754E-02 -0.8570175E-01 -0.2142371E+00  0.5324234E-01
 0.6400000E-01  0.1263152E+01  0.1606330E+00  0.1263152E+01 -0.1606330E+00 -0.7106851E-01 -0.2368319E+00  0.6114008E-01
 0.6420000E-01  0.1216243E+01  0.3166227E+00  0.1216243E+01 -0.3166227E+00 -0.4889969E-01 -0.2535551E+00  0.6668135E-01
 0.6440000E-01  0.1150715E+01  0.4631172E+00  0.1150715E+01 -0.4631172E+00 -0.2100981E-01 -0.2602116E+00  0.6815149E-01
 0.6460000E-01  0.1068228E+01  0.5979997E+00  0.1068228E+01 -0.5979997E+00  0.7414165E-02 -0.2540148E+00  0.6457847E-01
 0.6480000E-01  0.9706631E+00  0.7194190E+00  0.9706631E+00 -0.7194190E+00  0.2964584E-01 -0.2360892E+00  0.5661700E-01
 0.6500000E-01  0.8600873E+00  0.8258102E+00  0.8600873E+00 -0.8258102E+00  0.4071996E-01 -0.2119156E+00  0.4656632E-01
 0.6520000E-01  0.7387090E+00  0.9159100E+00  0.7387090E+00 -0.9159100E+00  0.4029173E-01 -0.1891785E+00  0.3741195E-01
 0.6540000E-01  0.6088366E+00  0.9887656E+00  0.6088366E+00 -0.9887656E+00  0.3326413E-01 -0.1739908E+00  0.3137929E-01
 0.6560000E-01  0.4728376E+00  0.1043739E+01  0.4728376E+00 -0.1043739E+01  0.2754029E-01 -0.1674963E+00  0.2881349E-01
 0.6580000E-01  0.3330965E+00  0.1080505E+01  0.3330965E+00 -0.1080505E+01  0.2984028E-01 -0.1648250E+00  0.2805772E-01
 0.6600000E-01  0.1919755E+00  0.1099046E+01  0.1919755E+00 -0.1099046E+01  0.4168838E-01 -0.1572336E+00  0.2646032E-01
 0.6620000E-01  0.5177710E-01  0.1099638E+01  0.5177710E-01 -0.1099638E+01  0.5776904E-01 -0.1365985E+00  0.2199642E-01
 0.6640000E-01 -0.8529151E-01  0.1082837E+01 -0.8529151E-01 -0.1082837E+01  0.6775893E-01 -0.1000873E+00  0.1460875E-01
 0.6660000E-01 -0.2171502E+00  0.1049459E+01 -0.2171502E+00 -0.1049459E+01  0.6098662E-01 -0.5257148E-01  0.6483128E-02
 0.6680000E-01 -0.3418748E+00  0.1000556E+01 -0.3418748E+00 -0.1000556E+01  0.3174636E-01 -0.5345614E-02  0.1036407E-02
 0.6700000E-01 -0.4577220E+00  0.9373914E+00 -0.4577220E+00 -0.9373914E+00 -0.1738855E-01  0.2846953E-01  0.1112876E-02
 0.6720000E-01 -0.5631502E+00  0.8614097E+00 -0.5631502E+00 -0.8614097E+00 -0.7604292E-01  0.3975103E-01  0.7362669E-02
 0.6740000E-01 -0.6568369E+00  0.7742087E+00 -0.6568369E+00 -0.7742087E+00 -0.1302759E+00  0.2760907E-01  0.1773407E-01
 0.6760000E-01 -0.7376908E+00  0.6775067E+00 -0.7376908E+00 -0.6775067E+00 -0.1686649E+00 -0.1074429E-03  0.2844785E-01
 0.6780000E-01 -0.8048606E+00  0.5731116E+00 -0.8048606E+00 -0.5731116E+00 -0.1873442E+00 -0.3040014E-01  0.3602203E-01
 0.6800000E-01 -0.8577392E+00  0.4628879E+00 -0.8577392E+00 -0.4628879E+00 -0.1915482E+00 -0.5116504E-01  0.3930857E-01
 0.6820000E-01 -0.8959638E+00  0.3487262E+00 -0.8959638E+00 -0.3487262E+00 -0.1928742E+00 -0.5682336E-01  0.4042936E-01
 0.6840000E-01 -0.9194126E+00  0.2325116E+00 -0.9194126E+00 -0.2325116E+00 -0.2035596E+00 -0.5085148E-01  0.4402240E-01
 0.6860000E-01 -0.9281968E+00  0.1160951E+00 -0.9281968E+00 -0.1160951E+00 -0.2305034E+00 -0.4402701E-01  0.5507021E-01
 0.6880000E-01 -0.9226507E+00  0.1265489E-02 -0.9226507E+00 -0.1265489E-02 -0.2718539E+00 -0.4928157E-01  0.7633324E-01
 0.6900000E-01 -0.9033172E+00 -0.1102756E+00 -0.9033172E+00  0.1102756E+00 -0.3176902E+00 -0.7565073E-01  0.1066501E+00
 0.6920000E-01 -0.8709322E+00 -0.2169369E+00 -0.8709322E+00  0.2169369E+00 -0.3543227E+00 -0.1241488E+00  0.1409575E+00
 0.6940000E-01 -0.8264049E+00 -0.3172581E+00 -0.8264049E+00  0.3172581E+00 -0.3700575E+00 -0.1873398E+00  0.1720387E+00
 0.6960000E-01 -0.7707981E+00 -0.4099269E+00 -0.7707981E+00  0.4099269E+00 -0.3597271E+00 -0.2525182E+00  0.1931690E+00
 0.6980000E-01 -0.7053052E+00 -0.4937936E+00 -0.7053052E+00  0.4937936E+00 -0.3261162E+00 -0.3067301E+00  0.2004351E+00
 0.7000000E-01 -0.6312275E+00 -0.5678825E+00 -0.6312275E+00  0.5678825E+00 -0.2780740E+00 -0.3412107E+00  0.1937499E+00
 0.7020000E-01 -0.5499496E+00 -0.6314002E+00 -0.5499496E+00  0.6314002E+00 -0.2266919E+00 -0.3534370E+00  0.1763069E+00
 0.7040000E-01 -0.4629160E+00 -0.6837401E+00 -0.4629160E+00  0.6837401E+00 -0.1815982E+00 -0.3464515E+00  0.1530066E+00
 0.7060000E-01 -0.3716062E+00 -0.7244851E+00 -0.3716062E+00  0.7244851E+00 -0.1489088E+00 -0.3265239E+00  0.1287917E+00
 0.7080000E-01 -0.2775113E+00 -0.7534062E+00 -0.2775113E+00  0.7534062E+00 -0.1311055E+00 -0.3007843E+00  0.1076599E+00
 0.7100000E-01 -0.1821112E+00 -0.7704588E+00 -0.1821112E+00  0.7704588E+00 -0.1279236E+00 -0.2759486E+00  0.9251209E-01
 0.7120000E-01 -0.8685264E-01 -0.7757762E+00 -0.8685264E-01  0.7757762E+00 -0.1369798E+00 -0.2580907E+00  0.8537427E-01
 0.7140000E-01  0.6871079E-02 -0.7696608E+00  0.6871079E-02  0.7696608E+00 -0.1535431E+00 -0.2524542E+00  0.8730858E-01
 0.7160000E-01  0.9773872E-01 -0.7525733E+00  0.9773872E-01  0.7525733E+00 -0.1700329E+00 -0.2622498E+00  0.9768612E-01
 0.7180000E-01  0.1845180E+00 -0.7251192E+00  0.1845180E+00  0.7251192E+00 -0.1766320E+00 -0.2863620E+00  0.1132021E+00
 0.7200000E-01  0.2660806E+00 -0.6880348E+00  0.2660806E+00  0.6880348E+00 -0.1641024E+00 -0.3172663E+00  0.1275875E+00
 0.7220000E-01  0.3414143E+00 -0.6421710E+00  0.3414143E+00  0.6421710E+00 -0.1284702E+00 -0.3412215E+00  0.1329367E+00
 0.7240000E-01  0.4096342E+00 -0.5884766E+00  0.4096342E+00  0.5884766E+00 -0.7547869E-01 -0.3421861E+00  0.1227883E+00
 0.7260000E-01  0.4699898E+00 -0.5279802E+00  0.4699898E+00  0.5279802E+00 -0.2180353E-01 -0.3089408E+00  0.9591980E-01
 0.7280000E-01  0.5218718E+00 -0.4617724E+00  0.5218718E+00  0.4617724E+00  0.9143004E-02 -0.2425605E+00  0.5891920E-01
 0.7300000E-01  0.5648148E+00 -0.3909873E+00  0.5648148E+00  0.3909873E+00 -0.3544062E-02 -0.1600974E+00  0.2564372E-01
 0.7320000E-01  0.5984986E+00 -0.3167846E+00  0.5984986E+00  0.3167846E+00 -0.6741349E-01 -0.9122305E-01  0.1286622E-01
 0.7340000E-01  0.6227477E+00 -0.2403316E+00  0.6227477E+00  0.2403316E+00 -0.1695331E+00 -0.6763171E-01  0.3331551E-01
 0.7360000E-01  0.6375277E+00 -0.1627860E+00  0.6375277E+00  0.1627860E+00 -0.2777158E+00 -0.1089238E+00  0.8899045E-01
 0.7380000E-01  0.6429405E+00 -0.8527977E-01  0.6429405E+00  0.8527977E-01 -0.3512831E+00 -0.2114064E+00  0.1680925E+00
 0.7400000E-01  0.6392177E+00 -0.8903825E-02  0.6392177E+00  0.8903825E-02 -0.3577743E+00 -0.3459861E+00  0.2477089E+00
 0.7420000E-01  0.6267122E+00  0.6530607E-01  0.6267122E+00 -0.6530607E-01 -0.2882959E+00 -0.4677111E+00  0.3018682E+00
 0.7440000E-01  0.6058882E+00  0.1363819E+00  0.6058882E+00 -0.1363819E+00 -0.1637607E+00 -0.5339459E+00  0.3119158E+00
 0.7460000E-01  0.5773109E+00  0.2034344E+00  0.5773109E+00 -0.2034344E+00 -0.2781586E-01 -0.5233575E+00  0.2746768E+00
 0.7480000E-01  0.5416338E+00  0.2656630E+00  0.5416338E+00 -0.2656630E+00  0.7152296E-01 -0.4465116E+00  0.2044881E+00
 0.7500000E-01  0.4995867E+00  0.3223633E+00  0.4995867E+00 -0.3223633E+00  0.1035981E+00 -0.3420990E+00  0.1277643E+00
 0.7520000E-01  0.4519619E+00  0.3729333E+00  0.4519619E+00 -0.3729333E+00  0.6979221E-01 -0.2594725E+00  0.7219694E-01
 0.7540000E-01  0.3996012E+00  0.4168784E+00  0.3996012E+00 -0.4168784E+00  0.3405599E-02 -0.2351369E+00  0.5530097E-01
 0.7560000E-01  0.3433817E+00  0.4538134E+00  0.3433817E+00 -0.4538134E+00 -0.4615534E-01 -0.2744941E+00  0.7747733E-01
 0.7580000E-01  0.2842023E+00  0.4834642E+00  0.2842023E+00 -0.4834642E+00 -0.3787228E-01 -0.3482758E+00  0.1227303E+00
 0.7600000E-01  0.2229705E+00  0.5056672E+00  0.2229705E+00 -0.5056672E+00  0.3957896E-01 -0.4062294E+00  0.1665888E+00
 0.7620000E-01  0.1605893E+00  0.5203670E+00  0.1605893E+00 -0.5203670E+00  0.1606392E+00 -0.4019625E+00  0.1873788E+00
 0.7640000E-01  0.9794497E-01  0.5276134E+00  0.9794497E-01 -0.5276134E+00  0.2740615E+00 -0.3168135E+00  0.1754805E+00
 0.7660000E-01  0.3589532E-01  0.5275562E+00  0.3589532E-01 -0.5275562E+00  0.3275023E+00 -0.1705482E+00  0.1363445E+00
 0.7680000E-01 -0.2474089E-01  0.5204395E+00 -0.2474089E-01 -0.5204395E+00  0.2933919E+00 -0.1296761E-01  0.8624697E-01
 0.7700000E-01 -0.8319374E-01  0.5065946E+00 -0.8319374E-01 -0.5065946E+00  0.1828493E+00  0.9979821E-01  0.4339356E-01
 0.7720000E-01 -0.1387507E+00  0.4864322E+00 -0.1387507E+00 -0.4864322E+00  0.4021470E-01  0.1324220E+00  0.1915281E-01
 0.7740000E-01 -0.1907643E+00  0.4604333E+00 -0.1907643E+00 -0.4604333E+00 -0.7925452E-01  0.8691019E-01  0.1383466E-01
 0.7760000E-01 -0.2386582E+00  0.4291406E+00 -0.2386582E+00 -0.4291406E+00 -0.1369928E+00 -0.2292430E-03  0.1876709E-01
 0.7780000E-01 -0.2819322E+00  0.3931480E+00 -0.2819322E+00 -0.3931480E+00 -0.1294063E+00 -0.7877685E-01  0.2295179E-01
 0.7800000E-01 -0.3201666E+00  0.3530910E+00 -0.3201666E+00 -0.3530910E+00 -0.8691746E-01 -0.1123853E+00  0.2018511E-01
 0.7820000E-01 -0.3530237E+00  0.3096364E+00 -0.3530237E+00 -0.3096364E+00 -0.5419584E-01 -0.9779724E-01  0.1250149E-01
 0.7840000E-01 -0.3802504E+00  0.2634722E+00 -0.3802504E+00 -0.2634722E+00 -0.6248354E-01 -0.6477763E-01  0.8100334E-02
 0.7860000E-01 -0.4016771E+00  0.2152972E+00 -0.4016771E+00 -0.2152972E+00 -0.1097600E+00 -0.5636222E-01  0.1522395E-01
 0.7880000E-01 -0.4172175E+00  0.1658118E+00 -0.4172175E+00 -0.1658118E+00 -0.1606776E+00 -0.1002634E+00  0.3587004E-01
 0.7900000E-01 -0.4268662E+00  0.1157079E+00 -0.4268662E+00 -0.1157079E+00 -0.1674060E+00 -0.1879603E+00  0.6335382E-01
 0.7920000E-01 -0.4306958E+00  0.6566061E-01 -0.4306958E+00 -0.6566061E-01 -0.1004279E+00 -0.2745821E+00  0.8548107E-01
 0.7940000E-01 -0.4288525E+00  0.1631974E-01 -0.4288525E+00 -0.1631974E-01  0.2829009E-01 -0.3015352E+00  0.9172381E-01
 0.7960000E-01 -0.4215517E+00 -0.3169793E-01 -0.4215517E+00  0.3169793E-01  0.1643492E+00 -0.2307325E+00  0.8024813E-01
 0.7980000E-01 -0.4090723E+00 -0.7781535E-01 -0.4090723E+00  0.7781535E-01  0.2352143E+00 -0.7155454E-01  0.6044580E-01
