 0.2500000E-01 -0.3956567E+00  0.8846080E-01 -0.8357555E-01 -0.2583137E+00  0.4376582E+00  0.7236736E+00  0.2434246E-01 -0.5797144E+00  0.4121408E+00  0.1570094E+00 -0.8006957E-01 -0.1397750E+00 -0.1054824E+01 -0.4148614E-01  0.1356065E+00  0.5219175E+00 -0.7449582E-01  0.3119612E+00  0.5508863E+00
 0.3866843E+00
 0.5000000E-01 -0.3954325E+00  0.8839051E-01 -0.8352327E-01 -0.2581611E+00  0.4373833E+00  0.7233893E+00  0.2432552E-01 -0.5793759E+00  0.4119729E+00  0.1569364E+00 -0.8000708E-01 -0.1396894E+00 -0.1054235E+01 -0.4142262E-01  0.1355426E+00  0.5216170E+00 -0.7443244E-01  0.3118132E+00  0.5506645E+00
 0.3865532E+00
 0.7500000E-01 -0.3950533E+00  0.8827175E-01 -0.8343473E-01 -0.2579028E+00  0.4369173E+00  0.7229074E+00  0.2429691E-01 -0.5788019E+00  0.4116879E+00  0.1568124E+00 -0.7990192E-01 -0.1395445E+00 -0.1053239E+01 -0.4131655E-01  0.1354339E+00  0.5211076E+00 -0.7432595E-01  0.3115620E+00  0.5502884E+00
 0.3863303E+00
 0.1000000E+00 -0.3945170E+00  0.8810382E-01 -0.8330927E-01 -0.2575372E+00  0.4362564E+00  0.7222255E+00  0.2425653E-01 -0.5779881E+00  0.4112837E+00  0.1566362E+00 -0.7975378E-01 -0.1393392E+00 -0.1051827E+01 -0.4116813E-01  0.1352797E+00  0.5203851E+00 -0.7417616E-01  0.3112058E+00  0.5497557E+00
 0.3860142E+00
 0.1250000E+00 -0.3938231E+00  0.8788645E-01 -0.8314655E-01 -0.2570638E+00  0.4353985E+00  0.7213438E+00  0.2420440E-01 -0.5769323E+00  0.4107602E+00  0.1564075E+00 -0.7956271E-01 -0.1390731E+00 -0.1049998E+01 -0.4097785E-01  0.1350794E+00  0.5194478E+00 -0.7398325E-01  0.3107437E+00  0.5490661E+00
 0.3856050E+00
 0.1500000E+00 -0.3929727E+00  0.8761980E-01 -0.8294655E-01 -0.2564830E+00  0.4343436E+00  0.7202655E+00  0.2414067E-01 -0.5756346E+00  0.4101186E+00  0.1561265E+00 -0.7932915E-01 -0.1387462E+00 -0.1047753E+01 -0.4074651E-01  0.1348332E+00  0.5182958E+00 -0.7374774E-01  0.3101765E+00  0.5482219E+00
 0.3851041E+00
 0.1750000E+00 -0.3919688E+00  0.8730447E-01 -0.8270958E-01 -0.2557965E+00  0.4330933E+00  0.7189970E+00  0.2406564E-01 -0.5740975E+00  0.4093618E+00  0.1557940E+00 -0.7905392E-01 -0.1383593E+00 -0.1045097E+01 -0.4047522E-01  0.1345419E+00  0.5169317E+00 -0.7347057E-01  0.3095059E+00  0.5472273E+00
 0.3845147E+00
 0.2000000E+00 -0.3908159E+00  0.8694148E-01 -0.8243628E-01 -0.2550068E+00  0.4316512E+00  0.7175474E+00  0.2397973E-01 -0.5723259E+00  0.4084945E+00  0.1554115E+00 -0.7873821E-01 -0.1379136E+00 -0.1042042E+01 -0.4016536E-01  0.1342066E+00  0.5153601E+00 -0.7315301E-01  0.3087350E+00  0.5460889E+00
 0.3838414E+00
 0.2250000E+00 -0.3895201E+00  0.8653228E-01 -0.8212762E-01 -0.2541178E+00  0.4300225E+00  0.7159288E+00  0.2388351E-01 -0.5703271E+00  0.4075228E+00  0.1549810E+00 -0.7838357E-01 -0.1374108E+00 -0.1038602E+01 -0.3981863E-01  0.1338294E+00  0.5135876E+00 -0.7279671E-01  0.3078682E+00  0.5448155E+00
 0.3830901E+00
 0.2500000E+00 -0.3880894E+00  0.8607875E-01 -0.8178488E-01 -0.2531342E+00  0.4282144E+00  0.7141562E+00  0.2377768E-01 -0.5681106E+00  0.4064548E+00  0.1545054E+00 -0.7799196E-01 -0.1368533E+00 -0.1034796E+01 -0.3943701E-01  0.1334123E+00  0.5116231E+00 -0.7240371E-01  0.3069111E+00  0.5434180E+00
 0.3822687E+00
 0.2750000E+00 -0.3865330E+00  0.8558317E-01 -0.8140967E-01 -0.2520618E+00  0.4262357E+00  0.7122475E+00  0.2366305E-01 -0.5656880E+00  0.4052998E+00  0.1539879E+00 -0.7756565E-01 -0.1362441E+00 -0.1030647E+01 -0.3902277E-01  0.1329584E+00  0.5094775E+00 -0.7197638E-01  0.3058704E+00  0.5419095E+00
 0.3813861E+00
 0.3000000E+00 -0.3848620E+00  0.8504822E-01 -0.8100387E-01 -0.2509074E+00  0.4240970E+00  0.7102231E+00  0.2354058E-01 -0.5630733E+00  0.4040688E+00  0.1534323E+00 -0.7710730E-01 -0.1355865E+00 -0.1026183E+01 -0.3857848E-01  0.1324710E+00  0.5071636E+00 -0.7151743E-01  0.3047542E+00  0.5403051E+00
 0.3804527E+00
 0.3250000E+00 -0.3830887E+00  0.8447696E-01 -0.8056967E-01 -0.2496787E+00  0.4218101E+00  0.7081062E+00  0.2341132E-01 -0.5602823E+00  0.4027741E+00  0.1528432E+00 -0.7661987E-01 -0.1348843E+00 -0.1021433E+01 -0.3810694E-01  0.1319539E+00  0.5046960E+00 -0.7102993E-01  0.3035713E+00  0.5386218E+00
 0.3794804E+00
 0.3500000E+00 -0.3812269E+00  0.8387276E-01 -0.8010950E-01 -0.2483842E+00  0.4193887E+00  0.7059222E+00  0.2327644E-01 -0.5573328E+00  0.4014293E+00  0.1522254E+00 -0.7610665E-01 -0.1341420E+00 -0.1016433E+01 -0.3761126E-01  0.1314114E+00  0.5020910E+00 -0.7051721E-01  0.3023317E+00  0.5368784E+00
 0.3784821E+00
 0.3750000E+00 -0.3792914E+00  0.8323935E-01 -0.7962601E-01 -0.2470333E+00  0.4168474E+00  0.7036986E+00  0.2313722E-01 -0.5542440E+00  0.4000493E+00  0.1515843E+00 -0.7557120E-01 -0.1333642E+00 -0.1011220E+01 -0.3709476E-01  0.1308480E+00  0.4993666E+00 -0.6998294E-01  0.3010464E+00  0.5350952E+00
 0.3774719E+00
 0.4000000E+00 -0.3772982E+00  0.8258068E-01 -0.7912207E-01 -0.2456360E+00  0.4142020E+00  0.7014650E+00  0.2299501E-01 -0.5510367E+00  0.3986500E+00  0.1509255E+00 -0.7501733E-01 -0.1325560E+00 -0.1005833E+01 -0.3656099E-01  0.1302688E+00  0.4965417E+00 -0.6943099E-01  0.2997269E+00  0.5332941E+00
 0.3764649E+00
 0.4250000E+00 -0.3752643E+00  0.8190098E-01 -0.7860072E-01 -0.2442028E+00  0.4114694E+00  0.6992524E+00  0.2285123E-01 -0.5477330E+00  0.3972481E+00  0.1502552E+00 -0.7444909E-01 -0.1317229E+00 -0.1000315E+01 -0.3601372E-01  0.1296790E+00  0.4936368E+00 -0.6886549E-01  0.2983855E+00  0.5314981E+00
 0.3754768E+00
 0.4500000E+00 -0.3732070E+00  0.8120464E-01 -0.7806511E-01 -0.2427448E+00  0.4086670E+00  0.6970932E+00  0.2270737E-01 -0.5443557E+00  0.3958608E+00  0.1495796E+00 -0.7387069E-01 -0.1308703E+00 -0.9947102E+00 -0.3545690E-01  0.1290839E+00  0.4906727E+00 -0.6829075E-01  0.2970350E+00  0.5297310E+00
 0.3745242E+00
 0.4750000E+00 -0.3711446E+00  0.8049615E-01 -0.7751848E-01 -0.2412731E+00  0.4058126E+00  0.6950206E+00  0.2256496E-01 -0.5409281E+00  0.3945061E+00  0.1489052E+00 -0.7328647E-01 -0.1300041E+00 -0.9890635E+00 -0.3489463E-01  0.1284893E+00  0.4876710E+00 -0.6771122E-01  0.2956884E+00  0.5280173E+00
 0.3736239E+00
 0.5000000E+00 -0.3690951E+00  0.7978009E-01 -0.7696410E-01 -0.2397993E+00  0.4029242E+00  0.6930681E+00  0.2242553E-01 -0.5374739E+00  0.3932019E+00  0.1482382E+00 -0.7270088E-01 -0.1291300E+00 -0.9834206E+00 -0.3433116E-01  0.1279005E+00  0.4846534E+00 -0.6713144E-01  0.2943588E+00  0.5263817E+00
 0.3727930E+00
 0.5250000E+00 -0.3670768E+00  0.7906103E-01 -0.7640523E-01 -0.2383346E+00  0.4000198E+00  0.6912693E+00  0.2229062E-01 -0.5340165E+00  0.3919661E+00  0.1475853E+00 -0.7211836E-01 -0.1282538E+00 -0.9778270E+00 -0.3377080E-01  0.1273232E+00  0.4816415E+00 -0.6655599E-01  0.2930593E+00  0.5248490E+00
 0.3720485E+00
 0.5500000E+00 -0.3651077E+00  0.7834345E-01 -0.7584505E-01 -0.2368903E+00  0.3971166E+00  0.6896572E+00  0.2216175E-01 -0.5305789E+00  0.3908161E+00  0.1469524E+00 -0.7154336E-01 -0.1273811E+00 -0.9723270E+00 -0.3321793E-01  0.1267626E+00  0.4786563E+00 -0.6598947E-01  0.2918027E+00  0.5234434E+00
 0.3714070E+00
 0.5750000E+00 -0.3632049E+00  0.7763167E-01 -0.7528661E-01 -0.2354770E+00  0.3942313E+00  0.6882638E+00  0.2204037E-01 -0.5271828E+00  0.3897687E+00  0.1463457E+00 -0.7098022E-01 -0.1265174E+00 -0.9669634E+00 -0.3267695E-01  0.1262240E+00  0.4757177E+00 -0.6543637E-01  0.2906010E+00  0.5221881E+00
 0.3708847E+00
 0.6000000E+00 -0.3613848E+00  0.7692978E-01 -0.7473276E-01 -0.2341049E+00  0.3913793E+00  0.6871193E+00  0.2192785E-01 -0.5238487E+00  0.3888398E+00  0.1457704E+00 -0.7043314E-01 -0.1256678E+00 -0.9617763E+00 -0.3215224E-01  0.1257121E+00  0.4728446E+00 -0.6490109E-01  0.2894656E+00  0.5211053E+00
 0.3704966E+00
 0.6250000E+00 -0.3596625E+00  0.7624156E-01 -0.7418613E-01 -0.2327833E+00  0.3885746E+00  0.6862517E+00  0.2182548E-01 -0.5205950E+00  0.3880437E+00  0.1452316E+00 -0.6990608E-01 -0.1248369E+00 -0.9568027E+00 -0.3164808E-01  0.1252310E+00  0.4700537E+00 -0.6438778E-01  0.2884068E+00  0.5202151E+00
 0.3702567E+00
 0.6500000E+00 -0.3580516E+00  0.7557038E-01 -0.7364901E-01 -0.2315204E+00  0.3858293E+00  0.6856863E+00  0.2173438E-01 -0.5174380E+00  0.3873933E+00  0.1447335E+00 -0.6940273E-01 -0.1240288E+00 -0.9520750E+00 -0.3116866E-01  0.1247844E+00  0.4673600E+00 -0.6390040E-01  0.2874336E+00  0.5195357E+00
 0.3701773E+00
 0.6750000E+00 -0.3565638E+00  0.7491916E-01 -0.7312337E-01 -0.2303234E+00  0.3831534E+00  0.6854449E+00  0.2165553E-01 -0.5143912E+00  0.3868994E+00  0.1442796E+00 -0.6892644E-01 -0.1232470E+00 -0.9476211E+00 -0.3071799E-01  0.1243754E+00  0.4647755E+00 -0.6344252E-01  0.2865535E+00  0.5190826E+00
 0.3702692E+00
 0.7000000E+00 -0.3552086E+00  0.7429027E-01 -0.7261073E-01 -0.2291980E+00  0.3805545E+00  0.6855457E+00  0.2158972E-01 -0.5114649E+00  0.3865705E+00  0.1438724E+00 -0.6848014E-01 -0.1224943E+00 -0.9434630E+00 -0.3029987E-01  0.1240060E+00  0.4623097E+00 -0.6301739E-01  0.2857722E+00  0.5188684E+00
 0.3705408E+00
 0.7250000E+00 -0.3539932E+00  0.7368547E-01 -0.7211220E-01 -0.2281484E+00  0.3780376E+00  0.6860023E+00  0.2153750E-01 -0.5086662E+00  0.3864128E+00  0.1435136E+00 -0.6806630E-01 -0.1217728E+00 -0.9396165E+00 -0.2991783E-01  0.1236777E+00  0.4599687E+00 -0.6262777E-01  0.2850936E+00  0.5189022E+00
 0.3709983E+00
 0.7500000E+00 -0.3529223E+00  0.7310587E-01 -0.7162839E-01 -0.2271772E+00  0.3756048E+00  0.6868236E+00  0.2149924E-01 -0.5059983E+00  0.3864295E+00  0.1432035E+00 -0.6768690E-01 -0.1210834E+00 -0.9360907E+00 -0.2957510E-01  0.1233908E+00  0.4577554E+00 -0.6227599E-01  0.2845194E+00  0.5191895E+00
 0.3716454E+00
 0.7750000E+00 -0.3519978E+00  0.7255190E-01 -0.7115943E-01 -0.2262851E+00  0.3732552E+00  0.6880134E+00  0.2147500E-01 -0.5034609E+00  0.3866210E+00  0.1429416E+00 -0.6734333E-01 -0.1204266E+00 -0.9328874E+00 -0.2927459E-01  0.1231448E+00  0.4556687E+00 -0.6196381E-01  0.2840490E+00  0.5197321E+00
 0.3724831E+00
 0.8000000E+00 -0.3512186E+00  0.7202326E-01 -0.7070492E-01 -0.2254712E+00  0.3709847E+00  0.6895703E+00  0.2146462E-01 -0.5010494E+00  0.3869848E+00  0.1427261E+00 -0.6703646E-01 -0.1198015E+00 -0.9300013E+00 -0.2901880E-01  0.1229380E+00  0.4537042E+00 -0.6169246E-01  0.2836798E+00  0.5205275E+00
 0.3735094E+00
 0.8250000E+00 -0.3505811E+00  0.7151892E-01 -0.7026396E-01 -0.2247326E+00  0.3687866E+00  0.6914872E+00  0.2146765E-01 -0.4987554E+00  0.3875151E+00  0.1425540E+00 -0.6676652E-01 -0.1192066E+00 -0.9274194E+00 -0.2880985E-01  0.1227677E+00  0.4518536E+00 -0.6146259E-01  0.2834065E+00  0.5215692E+00
 0.3747196E+00
 0.8500000E+00 -0.3500783E+00  0.7103714E-01 -0.6983515E-01 -0.2240648E+00  0.3666507E+00  0.6937518E+00  0.2148335E-01 -0.4965667E+00  0.3882031E+00  0.1424212E+00 -0.6653318E-01 -0.1186395E+00 -0.9251214E+00 -0.2864939E-01  0.1226304E+00  0.4501050E+00 -0.6127425E-01  0.2832220E+00  0.5228465E+00
 0.3761060E+00
 0.8750000E+00 -0.3497007E+00  0.7057546E-01 -0.6941665E-01 -0.2234613E+00  0.3645644E+00  0.6963463E+00  0.2151072E-01 -0.4944675E+00  0.3890371E+00  0.1423225E+00 -0.6633550E-01 -0.1180967E+00 -0.9230801E+00 -0.2853864E-01  0.1225215E+00  0.4484430E+00 -0.6112692E-01  0.2831166E+00  0.5243447E+00
 0.3776582E+00
 0.9000000E+00 -0.3494363E+00  0.7013079E-01 -0.6900618E-01 -0.2229143E+00  0.3625122E+00  0.6992476E+00  0.2154850E-01 -0.4924385E+00  0.3900024E+00  0.1422515E+00 -0.6617199E-01 -0.1175741E+00 -0.9212615E+00 -0.2847838E-01  0.1224354E+00  0.4468491E+00 -0.6101950E-01  0.2830788E+00  0.5260453E+00
 0.3793628E+00
 0.9250000E+00 -0.3492705E+00  0.6969942E-01 -0.6860111E-01 -0.2224143E+00  0.3604765E+00  0.7024280E+00  0.2159516E-01 -0.4904573E+00  0.3910820E+00  0.1422010E+00 -0.6604063E-01 -0.1170669E+00 -0.9196260E+00 -0.2846889E-01  0.1223658E+00  0.4453019E+00 -0.6095039E-01  0.2830950E+00  0.5279261E+00
 0.3812042E+00
 0.9500000E+00 -0.3491864E+00  0.6927710E-01 -0.6819850E-01 -0.2219505E+00  0.3584379E+00  0.7058557E+00  0.2164893E-01 -0.4884994E+00  0.3922563E+00  0.1421631E+00 -0.6593893E-01 -0.1165696E+00 -0.9181285E+00 -0.2850999E-01  0.1223057E+00  0.4437774E+00 -0.6091743E-01  0.2831502E+00  0.5299618E+00
 0.3831644E+00
 0.9750000E+00 -0.3491656E+00  0.6885913E-01 -0.6779519E-01 -0.2215113E+00  0.3563752E+00  0.7094946E+00  0.2170783E-01 -0.4865378E+00  0.3935039E+00  0.1421290E+00 -0.6586395E-01 -0.1160764E+00 -0.9167200E+00 -0.2860107E-01  0.1222476E+00  0.4422499E+00 -0.6091806E-01  0.2832280E+00  0.5321246E+00
 0.3852235E+00
 0.1000000E+01 -0.3491882E+00  0.6844043E-01 -0.6738788E-01 -0.2210841E+00  0.3542662E+00  0.7133062E+00  0.2176968E-01 -0.4845444E+00  0.3948017E+00  0.1420895E+00 -0.6581243E-01 -0.1155810E+00 -0.9153482E+00 -0.2874106E-01  0.1221832E+00  0.4406921E+00 -0.6094930E-01  0.2833108E+00  0.5343840E+00
 0.3873602E+00
 0.1025000E+01 -0.3492332E+00  0.6801567E-01 -0.6697324E-01 -0.2206558E+00  0.3520884E+00  0.7172493E+00  0.2183217E-01 -0.4824904E+00  0.3961257E+00  0.1420351E+00 -0.6578082E-01 -0.1150770E+00 -0.9139587E+00 -0.2892847E-01  0.1221044E+00  0.4390758E+00 -0.6100786E-01  0.2833806E+00  0.5367085E+00
 0.3895518E+00
 0.1050000E+01 -0.3492792E+00  0.6757932E-01 -0.6654794E-01 -0.2202132E+00  0.3498188E+00  0.7212815E+00  0.2189281E-01 -0.4803466E+00  0.3974512E+00  0.1419561E+00 -0.6576538E-01 -0.1145580E+00 -0.9124963E+00 -0.2916143E-01  0.1220026E+00  0.4373728E+00 -0.6109019E-01  0.2834188E+00  0.5390652E+00
 0.3917751E+00
 0.1075000E+01 -0.3493045E+00  0.6712578E-01 -0.6610881E-01 -0.2197430E+00  0.3474351E+00  0.7253596E+00  0.2194903E-01 -0.4780845E+00  0.3987534E+00  0.1418429E+00 -0.6576226E-01 -0.1140177E+00 -0.9109065E+00 -0.2943768E-01  0.1218695E+00  0.4355549E+00 -0.6119258E-01  0.2834071E+00  0.5414211E+00
 0.3940067E+00
 0.1100000E+01 -0.3492880E+00  0.6664946E-01 -0.6565289E-01 -0.2192324E+00  0.3449158E+00  0.7294410E+00  0.2199821E-01 -0.4756768E+00  0.4000080E+00  0.1416861E+00 -0.6576758E-01 -0.1134501E+00 -0.9091359E+00 -0.2975466E-01  0.1216968E+00  0.4335952E+00 -0.6131122E-01  0.2833275E+00  0.5437436E+00
 0.3962234E+00
 0.1125000E+01 -0.3492093E+00  0.6614489E-01 -0.6517754E-01 -0.2186692E+00  0.3422406E+00  0.7334844E+00  0.2203765E-01 -0.4730980E+00  0.4011915E+00  0.1414768E+00 -0.6577753E-01 -0.1128496E+00 -0.9071345E+00 -0.3010946E-01  0.1214767E+00  0.4314681E+00 -0.6144227E-01  0.2831630E+00  0.5460015E+00
 0.3984030E+00
 0.1150000E+01 -0.3490494E+00  0.6560679E-01 -0.6468050E-01 -0.2180421E+00  0.3393911E+00  0.7374507E+00  0.2206469E-01 -0.4703251E+00  0.4022820E+00  0.1412068E+00 -0.6578849E-01 -0.1122113E+00 -0.9048559E+00 -0.3049896E-01  0.1212021E+00  0.4291503E+00 -0.6158201E-01  0.2828977E+00  0.5481649E+00
 0.4005245E+00
 0.1175000E+01 -0.3487910E+00  0.6503015E-01 -0.6415996E-01 -0.2173412E+00  0.3363511E+00  0.7413041E+00  0.2207666E-01 -0.4673378E+00  0.4032597E+00  0.1408684E+00 -0.6579702E-01 -0.1115309E+00 -0.9022589E+00 -0.3091978E-01  0.1208661E+00  0.4266209E+00 -0.6172681E-01  0.2825171E+00  0.5502071E+00
 0.4025688E+00
 0.1200000E+01 -0.3484189E+00  0.6441030E-01 -0.6361465E-01 -0.2165579E+00  0.3331068E+00  0.7450126E+00  0.2207095E-01 -0.4641197E+00  0.4041070E+00  0.1404552E+00 -0.6580005E-01 -0.1108050E+00 -0.8993084E+00 -0.3136837E-01  0.1204632E+00  0.4238621E+00 -0.6187330E-01  0.2820090E+00  0.5521042E+00
 0.4045191E+00
 0.1225000E+01 -0.3479204E+00  0.6374294E-01 -0.6304388E-01 -0.2156852E+00  0.3296471E+00  0.7485496E+00  0.2204504E-01 -0.4606578E+00  0.4048094E+00  0.1399617E+00 -0.6579486E-01 -0.1100310E+00 -0.8959761E+00 -0.3184105E-01  0.1199883E+00  0.4208596E+00 -0.6201840E-01  0.2813629E+00  0.5538362E+00
 0.4063614E+00
 0.1250000E+01 -0.3472856E+00  0.6302423E-01 -0.6244758E-01 -0.2147181E+00  0.3259639E+00  0.7518939E+00  0.2199649E-01 -0.4569434E+00  0.4053556E+00  0.1393837E+00 -0.6577919E-01 -0.1092075E+00 -0.8922414E+00 -0.3233403E-01  0.1194378E+00  0.4176028E+00 -0.6215939E-01  0.2805710E+00  0.5553875E+00
 0.4080849E+00
 0.1275000E+01 -0.3465078E+00  0.6225080E-01 -0.6182629E-01 -0.2136535E+00  0.3220523E+00  0.7550307E+00  0.2192300E-01 -0.4529724E+00  0.4057381E+00  0.1387181E+00 -0.6575128E-01 -0.1083341E+00 -0.8880919E+00 -0.3284349E-01  0.1188089E+00  0.4140850E+00 -0.6229395E-01  0.2796281E+00  0.5567474E+00
 0.4096823E+00
 0.1300000E+01 -0.3455834E+00  0.6141976E-01 -0.6118123E-01 -0.2124903E+00  0.3179104E+00  0.7579524E+00  0.2182241E-01 -0.4487449E+00  0.4059531E+00  0.1379636E+00 -0.6570992E-01 -0.1074113E+00 -0.8835237E+00 -0.3336563E-01  0.1181001E+00  0.4103037E+00 -0.6242024E-01  0.2785315E+00  0.5579105E+00
 0.4111502E+00
 0.1325000E+01 -0.3445120E+00  0.6052872E-01 -0.6051427E-01 -0.2112295E+00  0.3135397E+00  0.7606588E+00  0.2169271E-01 -0.4442659E+00  0.4060011E+00  0.1371198E+00 -0.6565446E-01 -0.1064410E+00 -0.8785420E+00 -0.3389672E-01  0.1173110E+00  0.4062606E+00 -0.6253690E-01  0.2772817E+00  0.5588769E+00
 0.4124894E+00
 0.1350000E+01 -0.3432970E+00  0.5957582E-01 -0.5982787E-01 -0.2098745E+00  0.3089447E+00  0.7631571E+00  0.2153208E-01 -0.4395446E+00  0.4058867E+00  0.1361882E+00 -0.6558483E-01 -0.1054260E+00 -0.8731604E+00 -0.3443316E-01  0.1164427E+00  0.4019615E+00 -0.6264313E-01  0.2758818E+00  0.5596524E+00
 0.4137049E+00
 0.1375000E+01 -0.3419449E+00  0.5855971E-01 -0.5912509E-01 -0.2084302E+00  0.3041331E+00  0.7654629E+00  0.2133891E-01 -0.4345946E+00  0.4056186E+00  0.1351713E+00 -0.6550157E-01 -0.1043702E+00 -0.8674015E+00 -0.3497153E-01  0.1154971E+00  0.3974163E+00 -0.6273864E-01  0.2743380E+00  0.5602487E+00
 0.4148058E+00
 0.1400000E+01 -0.3404655E+00  0.5747954E-01 -0.5840950E-01 -0.2069040E+00  0.2991151E+00  0.7675993E+00  0.2111181E-01 -0.4294335E+00  0.4052100E+00  0.1340733E+00 -0.6540578E-01 -0.1032782E+00 -0.8612959E+00 -0.3550869E-01  0.1144776E+00  0.3926387E+00 -0.6282369E-01  0.2726589E+00  0.5606831E+00
 0.4158057E+00
 0.1425000E+01 -0.3388718E+00  0.5633495E-01 -0.5768509E-01 -0.2053048E+00  0.2939039E+00  0.7695971E+00  0.2084962E-01 -0.4240827E+00  0.4046776E+00  0.1328996E+00 -0.6529909E-01 -0.1021559E+00 -0.8548820E+00 -0.3604184E-01  0.1133886E+00  0.3876458E+00 -0.6289911E-01  0.2708562E+00  0.5609787E+00
 0.4167221E+00
 0.1450000E+01 -0.3371794E+00  0.5512612E-01 -0.5695619E-01 -0.2036431E+00  0.2885145E+00  0.7714943E+00  0.2055148E-01 -0.4185664E+00  0.4040421E+00  0.1316566E+00 -0.6518366E-01 -0.1010093E+00 -0.8482051E+00 -0.3656855E-01  0.1122355E+00  0.3824581E+00 -0.6296621E-01  0.2689435E+00  0.5611632E+00
 0.4175764E+00
 0.1475000E+01 -0.3354064E+00  0.5385367E-01 -0.5622735E-01 -0.2019307E+00  0.2829640E+00  0.7733353E+00  0.2021683E-01 -0.4129115E+00  0.4033273E+00  0.1303519E+00 -0.6506207E-01 -0.9984554E-01 -0.8413162E+00 -0.3708687E-01  0.1110245E+00  0.3770985E+00 -0.6302677E-01  0.2669366E+00  0.5612695E+00
 0.4183934E+00
 0.1500000E+01 -0.3335729E+00  0.5251875E-01 -0.5550318E-01 -0.2001805E+00  0.2772710E+00  0.7751700E+00  0.1984543E-01 -0.4071465E+00  0.4025595E+00  0.1289939E+00 -0.6493726E-01 -0.9867161E-01 -0.8342711E+00 -0.3759535E-01  0.1097627E+00  0.3715921E+00 -0.6308301E-01  0.2648530E+00  0.5613337E+00
 0.4192008E+00
 0.1525000E+01 -0.3317003E+00  0.5112297E-01 -0.5478822E-01 -0.1984058E+00  0.2714549E+00  0.7770529E+00  0.1943741E-01 -0.4013011E+00  0.4017673E+00  0.1275918E+00 -0.6481243E-01 -0.9749483E-01 -0.8271289E+00 -0.3809308E-01  0.1084577E+00  0.3659653E+00 -0.6313749E-01  0.2627114E+00  0.5613954E+00
 0.4200283E+00
 0.1550000E+01 -0.3298108E+00  0.4966844E-01 -0.5408681E-01 -0.1966204E+00  0.2655356E+00  0.7790414E+00  0.1899330E-01 -0.3954050E+00  0.4009804E+00  0.1261550E+00 -0.6469094E-01 -0.9632234E-01 -0.8199501E+00 -0.3857971E-01  0.1071176E+00  0.3602454E+00 -0.6319300E-01  0.2605313E+00  0.5614960E+00
 0.4209073E+00
 0.1575000E+01 -0.3279269E+00  0.4815769E-01 -0.5340287E-01 -0.1948377E+00  0.2595329E+00  0.7811945E+00  0.1851401E-01 -0.3894874E+00  0.4002291E+00  0.1246930E+00 -0.6457617E-01 -0.9516095E-01 -0.8127955E+00 -0.3905544E-01  0.1057504E+00  0.3544593E+00 -0.6325251E-01  0.2583322E+00  0.5616776E+00
 0.4218696E+00
 0.1600000E+01 -0.3260701E+00  0.4659374E-01 -0.5273979E-01 -0.1930705E+00  0.2534659E+00  0.7835709E+00  0.1800091E-01 -0.3835755E+00  0.3995430E+00  0.1232156E+00 -0.6447140E-01 -0.9401683E-01 -0.8057243E+00 -0.3952097E-01  0.1043644E+00  0.3486333E+00 -0.6331899E-01  0.2561334E+00  0.5619820E+00
 0.4229467E+00
 0.1625000E+01 -0.3242609E+00  0.4497997E-01 -0.5210028E-01 -0.1913304E+00  0.2473527E+00  0.7862273E+00  0.1745575E-01 -0.3776942E+00  0.3989504E+00  0.1217317E+00 -0.6437964E-01 -0.9289532E-01 -0.7987919E+00 -0.3997746E-01  0.1029674E+00  0.3427920E+00 -0.6339530E-01  0.2539529E+00  0.5624492E+00
 0.4241688E+00
 0.1650000E+01 -0.3225176E+00  0.4332016E-01 -0.5148622E-01 -0.1896276E+00  0.2412093E+00  0.7892166E+00  0.1688072E-01 -0.3718651E+00  0.3984773E+00  0.1202500E+00 -0.6430351E-01 -0.9180070E-01 -0.7920486E+00 -0.4042640E-01  0.1015667E+00  0.3369575E+00 -0.6348405E-01  0.2518074E+00  0.5631161E+00
 0.4255637E+00
 0.1675000E+01 -0.3208555E+00  0.4161834E-01 -0.5089855E-01 -0.1879702E+00  0.2350499E+00  0.7925856E+00  0.1627836E-01 -0.3661054E+00  0.3981462E+00  0.1187779E+00 -0.6424507E-01 -0.9073596E-01 -0.7855376E+00 -0.4086952E-01  0.1001690E+00  0.3311488E+00 -0.6358742E-01  0.2497112E+00  0.5640148E+00
 0.4271556E+00
 0.1700000E+01 -0.3192865E+00  0.3987882E-01 -0.5033720E-01 -0.1863639E+00  0.2288859E+00  0.7963736E+00  0.1565155E-01 -0.3604276E+00  0.3979754E+00  0.1173217E+00 -0.6420567E-01 -0.8970268E-01 -0.7792936E+00 -0.4130864E-01  0.9877980E-01  0.3253810E+00 -0.6370706E-01  0.2476759E+00  0.5651721E+00
 0.4289645E+00
 0.1725000E+01 -0.3178184E+00  0.3810603E-01 -0.4980102E-01 -0.1848119E+00  0.2227258E+00  0.8006104E+00  0.1500348E-01 -0.3548390E+00  0.3979782E+00  0.1158864E+00 -0.6418586E-01 -0.8870087E-01 -0.7733412E+00 -0.4174554E-01  0.9740374E-01  0.3196649E+00 -0.6384390E-01  0.2457099E+00  0.5666074E+00
 0.4310050E+00
 0.1750000E+01 -0.3164543E+00  0.3630449E-01 -0.4928779E-01 -0.1833143E+00  0.2165750E+00  0.8053148E+00  0.1433755E-01 -0.3493410E+00  0.3981620E+00  0.1144754E+00 -0.6418526E-01 -0.8772893E-01 -0.7676942E+00 -0.4218183E-01  0.9604402E-01  0.3140066E+00 -0.6399806E-01  0.2438181E+00  0.5683323E+00
 0.4332856E+00
 0.1775000E+01 -0.3151924E+00  0.3447875E-01 -0.4879419E-01 -0.1818683E+00  0.2104357E+00  0.8104938E+00  0.1365733E-01 -0.3439292E+00  0.3985280E+00  0.1130903E+00 -0.6420250E-01 -0.8678360E-01 -0.7623547E+00 -0.4261877E-01  0.9470252E-01  0.3084073E+00 -0.6416875E-01  0.2420014E+00  0.5703496E+00
 0.4358082E+00
 0.1800000E+01 -0.3140257E+00  0.3263326E-01 -0.4831587E-01 -0.1804680E+00  0.2043069E+00  0.8161413E+00  0.1296650E-01 -0.3385935E+00  0.3990711E+00  0.1117310E+00 -0.6423513E-01 -0.8586001E-01 -0.7573125E+00 -0.4305720E-01  0.9337968E-01  0.3028632E+00 -0.6435417E-01  0.2402570E+00  0.5726528E+00
 0.4385674E+00
 0.1825000E+01 -0.3129423E+00  0.3077242E-01 -0.4784757E-01 -0.1791045E+00  0.1981849E+00  0.8222377E+00  0.1226877E-01 -0.3333184E+00  0.3997791E+00  0.1103956E+00 -0.6427968E-01 -0.8495176E-01 -0.7525455E+00 -0.4349744E-01  0.9207453E-01  0.2973658E+00 -0.6455154E-01  0.2385779E+00  0.5752257E+00
 0.4415507E+00
 0.1850000E+01 -0.3119252E+00  0.2890046E-01 -0.4738316E-01 -0.1777659E+00  0.1920630E+00  0.8287503E+00  0.1156785E-01 -0.3280831E+00  0.4006336E+00  0.1090807E+00 -0.6433166E-01 -0.8405109E-01 -0.7480202E+00 -0.4393921E-01  0.9078471E-01  0.2919023E+00 -0.6475706E-01  0.2369537E+00  0.5780431E+00
 0.4447381E+00
 0.1875000E+01 -0.3109526E+00  0.2702148E-01 -0.4691585E-01 -0.1764380E+00  0.1859326E+00  0.8356334E+00  0.1086740E-01 -0.3228624E+00  0.4016097E+00  0.1077813E+00 -0.6438560E-01 -0.8314901E-01 -0.7436921E+00 -0.4438158E-01  0.8950666E-01  0.2864557E+00 -0.6496597E-01  0.2353702E+00  0.5810703E+00
 0.4481027E+00
 0.1900000E+01 -0.3099991E+00  0.2513945E-01 -0.4643829E-01 -0.1751043E+00  0.1797831E+00  0.8428292E+00  0.1017098E-01 -0.3176277E+00  0.4026771E+00  0.1064909E+00 -0.6443520E-01 -0.8223560E-01 -0.7395076E+00 -0.4482302E-01  0.8823567E-01  0.2810059E+00 -0.6517262E-01  0.2338101E+00  0.5842645E+00
 0.4516110E+00
 0.1925000E+01 -0.3090355E+00  0.2325818E-01 -0.4594281E-01 -0.1737466E+00  0.1736027E+00  0.8502692E+00  0.9482019E-02 -0.3123474E+00  0.4038004E+00  0.1052020E+00 -0.6447345E-01 -0.8130021E-01 -0.7354048E+00 -0.4526137E-01  0.8696617E-01  0.2755304E+00 -0.6537062E-01  0.2322539E+00  0.5875756E+00
 0.4552238E+00
 0.1950000E+01 -0.3080301E+00  0.2138140E-01 -0.4542154E-01 -0.1723453E+00  0.1673794E+00  0.8578757E+00  0.8803812E-02 -0.3069882E+00  0.4049402E+00  0.1039063E+00 -0.6449277E-01 -0.8033178E-01 -0.7313161E+00 -0.4569393E-01  0.8569187E-01  0.2700048E+00 -0.6555296E-01  0.2306797E+00  0.5909474E+00
 0.4588970E+00
 0.1975000E+01 -0.3069494E+00  0.1951275E-01 -0.4486665E-01 -0.1708802E+00  0.1611006E+00  0.8655638E+00  0.8139479E-02 -0.3015162E+00  0.4060540E+00  0.1025950E+00 -0.6448524E-01 -0.7931909E-01 -0.7271693E+00 -0.4611752E-01  0.8440607E-01  0.2644040E+00 -0.6571216E-01  0.2290646E+00  0.5943188E+00
 0.4625826E+00
 0.2000000E+01 -0.3057589E+00  0.1765580E-01 -0.4427049E-01 -0.1693310E+00  0.1547547E+00  0.8732438E+00  0.7491964E-02 -0.2958977E+00  0.4070976E+00  0.1012588E+00 -0.6444275E-01 -0.7825110E-01 -0.7228903E+00 -0.4652856E-01  0.8310185E-01  0.2587030E+00 -0.6584052E-01  0.2273849E+00  0.5976257E+00
 0.4662302E+00
 0.2025000E+01 -0.3044245E+00  0.1581411E-01 -0.4362579E-01 -0.1676777E+00  0.1483309E+00  0.8808230E+00  0.6864027E-02 -0.2901003E+00  0.4080259E+00  0.9988871E-01 -0.6435723E-01 -0.7711718E-01 -0.7184050E+00 -0.4692324E-01  0.8177236E-01  0.2528776E+00 -0.6593025E-01  0.2256169E+00  0.6008026E+00
 0.4697878E+00
 0.2050000E+01 -0.3029126E+00  0.1399121E-01 -0.4292581E-01 -0.1659012E+00  0.1418201E+00  0.8882085E+00  0.6258235E-02 -0.2840936E+00  0.4087944E+00  0.9847599E-01 -0.6422082E-01 -0.7590738E-01 -0.7136412E+00 -0.4729755E-01  0.8041102E-01  0.2469053E+00 -0.6597371E-01  0.2237378E+00  0.6037841E+00
 0.4732035E+00
 0.2075000E+01 -0.3011917E+00  0.1219061E-01 -0.4216450E-01 -0.1639838E+00  0.1352148E+00  0.8953093E+00  0.5676956E-02 -0.2778505E+00  0.4093600E+00  0.9701253E-01 -0.6402612E-01 -0.7461271E-01 -0.7085307E+00 -0.4764751E-01  0.7901176E-01  0.2407658E+00 -0.6596359E-01  0.2217260E+00  0.6065069E+00
 0.4764267E+00
 0.2100000E+01 -0.2992331E+00  0.1041581E-01 -0.4133658E-01 -0.1619097E+00  0.1285099E+00  0.9020392E+00  0.5122353E-02 -0.2713474E+00  0.4096826E+00  0.9549108E-01 -0.6376632E-01 -0.7322529E-01 -0.7030109E+00 -0.4796921E-01  0.7756920E-01  0.2344420E+00 -0.6589310E-01  0.2195621E+00  0.6089110E+00
 0.4794094E+00
 0.2125000E+01 -0.2970113E+00  0.8670238E-02 -0.4043769E-01 -0.1596654E+00  0.1217025E+00  0.9083185E+00  0.4596374E-02 -0.2645651E+00  0.4097257E+00  0.9390549E-01 -0.6343541E-01 -0.7173856E-01 -0.6970268E+00 -0.4825900E-01  0.7607885E-01  0.2279201E+00 -0.6575616E-01  0.2172288E+00  0.6109418E+00
 0.4821075E+00
 0.2150000E+01 -0.2945049E+00  0.6957256E-02 -0.3946444E-01 -0.1572398E+00  0.1147920E+00  0.9140767E+00  0.4100743E-02 -0.2574891E+00  0.4094578E+00  0.9225085E-01 -0.6302829E-01 -0.7014740E-01 -0.6905322E+00 -0.4851358E-01  0.7453718E-01  0.2211899E+00 -0.6554756E-01  0.2147122E+00  0.6125513E+00
 0.4844820E+00
 0.2175000E+01 -0.2916972E+00  0.5280084E-02 -0.3841447E-01 -0.1546249E+00  0.1077804E+00  0.9192539E+00  0.3636944E-02 -0.2501098E+00  0.4088526E+00  0.9052362E-01 -0.6254096E-01 -0.6844825E-01 -0.6834909E+00 -0.4873011E-01  0.7294180E-01  0.2142454E+00 -0.6526305E-01  0.2120012E+00  0.6136991E+00
 0.4864997E+00
 0.2200000E+01 -0.2885766E+00  0.3641744E-02 -0.3728651E-01 -0.1518154E+00  0.1006719E+00  0.9238034E+00  0.3206210E-02 -0.2424231E+00  0.4078904E+00  0.8872177E-01 -0.6197054E-01 -0.6663914E-01 -0.6758777E+00 -0.4890635E-01  0.7129145E-01  0.2070848E+00 -0.6489954E-01  0.2090887E+00  0.6143543E+00
 0.4881348E+00
 0.2225000E+01 -0.2851366E+00  0.2044986E-02 -0.3608033E-01 -0.1488094E+00  0.9347293E-01  0.9276923E+00  0.2809499E-02 -0.2344299E+00  0.4065584E+00  0.8684478E-01 -0.6131542E-01 -0.6471976E-01 -0.6676787E+00 -0.4904068E-01  0.6958606E-01  0.1997101E+00 -0.6445512E-01  0.2059711E+00  0.6144956E+00
 0.4893690E+00
 0.2250000E+01 -0.2813765E+00  0.4922089E-03 -0.3479678E-01 -0.1456081E+00  0.8619161E-01  0.9309032E+00  0.2447477E-02 -0.2261363E+00  0.4048509E+00  0.8489363E-01 -0.6057525E-01 -0.6269137E-01 -0.6588925E+00 -0.4913225E-01  0.6782676E-01  0.1921274E+00 -0.6392915E-01  0.2026487E+00  0.6141125E+00
 0.4901928E+00
 0.2275000E+01 -0.2773010E+00 -0.1014628E-02 -0.3343772E-01 -0.1422156E+00  0.7883770E-01  0.9334353E+00  0.2120494E-02 -0.2175532E+00  0.4027697E+00  0.8287081E-01 -0.5975102E-01 -0.6055682E-01 -0.6495292E+00 -0.4918098E-01  0.6601578E-01  0.1843466E+00 -0.6332231E-01  0.1991257E+00  0.6132057E+00
 0.4906052E+00
 0.2300000E+01 -0.2729203E+00 -0.2474096E-02 -0.3200599E-01 -0.1386393E+00  0.7142206E-01  0.9353043E+00  0.1828559E-02 -0.2086958E+00  0.4003245E+00  0.8078020E-01 -0.5884497E-01 -0.5832043E-01 -0.6396109E+00 -0.4918760E-01  0.6415642E-01  0.1763806E+00 -0.6263655E-01  0.1954098E+00  0.6117873E+00
 0.4906146E+00
 0.2325000E+01 -0.2682497E+00 -0.3885390E-02 -0.3050531E-01 -0.1348891E+00  0.6395624E-01  0.9365430E+00  0.1571317E-02 -0.1995834E+00  0.3975319E+00  0.7862690E-01 -0.5786063E-01 -0.5598785E-01 -0.6291712E+00 -0.4915367E-01  0.6225288E-01  0.1682456E+00 -0.6187511E-01  0.1915124E+00  0.6098805E+00
 0.4902382E+00
 0.2350000E+01 -0.2633095E+00 -0.5248410E-02 -0.2894019E-01 -0.1309776E+00  0.5645199E-01  0.9372007E+00  0.1348022E-02 -0.1902386E+00  0.3944158E+00  0.7641713E-01 -0.5680265E-01 -0.5356593E-01 -0.6182536E+00 -0.4908155E-01  0.6031015E-01  0.1599595E+00 -0.6104243E-01  0.1874477E+00  0.6075194E+00
 0.4895023E+00
 0.2375000E+01 -0.2581240E+00 -0.6563844E-02 -0.2731583E-01 -0.1269194E+00  0.4892083E-01  0.9373424E+00  0.1157514E-02 -0.1806864E+00  0.3910066E+00  0.7415794E-01 -0.5567677E-01 -0.5106250E-01 -0.6069109E+00 -0.4897438E-01  0.5833379E-01  0.1515423E+00 -0.6014404E-01  0.1832328E+00  0.6047483E+00
 0.4884413E+00
 0.2400000E+01 -0.2527211E+00 -0.7833229E-02 -0.2563800E-01 -0.1227308E+00  0.4137347E-01  0.9370472E+00  0.9981992E-03 -0.1709538E+00  0.3873401E+00  0.7185698E-01 -0.5448963E-01 -0.4848620E-01 -0.5952037E+00 -0.4883597E-01  0.5632973E-01  0.1430147E+00 -0.5918644E-01  0.1788869E+00  0.6016204E+00
 0.4870970E+00
 0.2425000E+01 -0.2471315E+00 -0.9059002E-02 -0.2391287E-01 -0.1184294E+00  0.3381942E-01  0.9364066E+00  0.8680336E-03 -0.1610685E+00  0.3834570E+00  0.6952224E-01 -0.5324863E-01 -0.4584622E-01 -0.5831980E+00 -0.4867073E-01  0.5430404E-01  0.1343976E+00 -0.5817693E-01  0.1744308E+00  0.5981965E+00
 0.4855178E+00
 0.2450000E+01 -0.2413876E+00 -0.1024452E-01 -0.2214692E-01 -0.1140337E+00  0.2626654E-01  0.9355217E+00  0.7645114E-03 -0.1510585E+00  0.3794010E+00  0.6716173E-01 -0.5196170E-01 -0.4315208E-01 -0.5709636E+00 -0.4848351E-01  0.5226268E-01  0.1257112E+00 -0.5712339E-01  0.1698858E+00  0.5945430E+00
 0.4837566E+00
 0.2475000E+01 -0.2355227E+00 -0.1139406E-01 -0.2034676E-01 -0.1095620E+00  0.1872073E-01  0.9345002E+00  0.6846641E-03 -0.1409507E+00  0.3752179E+00  0.6478313E-01 -0.5063709E-01 -0.4041336E-01 -0.5585719E+00 -0.4827948E-01  0.5021123E-01  0.1169746E+00 -0.5603411E-01  0.1652738E+00  0.5907302E+00
 0.4818699E+00
 0.2500000E+01 -0.2295697E+00 -0.1251276E-01 -0.1851902E-01 -0.1050325E+00  0.1118564E-01  0.9334530E+00  0.6250677E-03 -0.1307705E+00  0.3709539E+00  0.6239354E-01 -0.4928316E-01 -0.3763949E-01 -0.5460928E+00 -0.4806391E-01  0.4815469E-01  0.1082047E+00 -0.5491744E-01  0.1606154E+00  0.5868294E+00
 0.4799154E+00
 0.2525000E+01 -0.2235599E+00 -0.1360657E-01 -0.1667023E-01 -0.1004625E+00  0.3662602E-02  0.9324895E+00  0.5818628E-03 -0.1205410E+00  0.3666538E+00  0.5999910E-01 -0.4790813E-01 -0.3483952E-01 -0.5335929E+00 -0.4784199E-01  0.4609719E-01  0.9941603E-01 -0.5378164E-01  0.1559302E+00  0.5829107E+00
 0.4779499E+00
 0.2550000E+01 -0.2175226E+00 -0.1468212E-01 -0.1480669E-01 -0.9586770E-01 -0.3849354E-02  0.9317142E+00  0.5507880E-03 -0.1102823E+00  0.3623591E+00  0.5760482E-01 -0.4651978E-01 -0.3202192E-01 -0.5211327E+00 -0.4761864E-01  0.4404181E-01  0.9062001E-01 -0.5263455E-01  0.1512355E+00  0.5790397E+00
 0.4760271E+00
 0.2575000E+01 -0.2114830E+00 -0.1574655E-01 -0.1293439E-01 -0.9126210E-01 -0.1135332E-01  0.9312214E+00  0.5272284E-03 -0.1000111E+00  0.3581068E+00  0.5521426E-01 -0.4512534E-01 -0.2919445E-01 -0.5087641E+00 -0.4739824E-01  0.4199047E-01  0.8182479E-01 -0.5148338E-01  0.1465455E+00  0.5752757E+00
 0.4741954E+00
 0.2600000E+01 -0.2054624E+00 -0.1680736E-01 -0.1105898E-01 -0.8665748E-01 -0.1885414E-01  0.9310917E+00  0.5062785E-03 -0.8974059E-01  0.3539274E+00  0.5282947E-01 -0.4373119E-01 -0.2636401E-01 -0.4965290E+00 -0.4718450E-01  0.3994377E-01  0.7303515E-01 -0.5033444E-01  0.1418714E+00  0.5716680E+00
 0.4724958E+00
 0.2625000E+01 -0.1994771E+00 -0.1787212E-01 -0.9185681E-02 -0.8206325E-01 -0.2635794E-01  0.9313875E+00  0.4828198E-03 -0.7948039E-01  0.3498438E+00  0.5045084E-01 -0.4234276E-01 -0.2353665E-01 -0.4844573E+00 -0.4698023E-01  0.3790101E-01  0.6425266E-01 -0.4919300E-01  0.1372204E+00  0.5682546E+00
 0.4709597E+00
 0.2650000E+01 -0.1935377E+00 -0.1894830E-01 -0.7319359E-02 -0.7748631E-01 -0.3387147E-01  0.9321497E+00  0.4516104E-03 -0.6923685E-01  0.3458701E+00  0.4807717E-01 -0.4096437E-01 -0.2071756E-01 -0.4725661E+00 -0.4678720E-01  0.3586018E-01  0.5547601E-01 -0.4806311E-01  0.1325958E+00  0.5650598E+00
 0.4696074E+00
 0.2675000E+01 -0.1876498E+00 -0.2004297E-01 -0.5464496E-02 -0.7293115E-01 -0.4140144E-01  0.9333955E+00  0.4073841E-03 -0.5901348E-01  0.3420113E+00  0.4570572E-01 -0.3959924E-01 -0.1791109E-01 -0.4608590E+00 -0.4660609E-01  0.3381813E-01  0.4670152E-01 -0.4694755E-01  0.1279972E+00  0.5620929E+00
 0.4684470E+00
 0.2700000E+01 -0.1818130E+00 -0.2116259E-01 -0.3625260E-02 -0.6840000E-01 -0.4895373E-01  0.9351167E+00  0.3449543E-03 -0.4881162E-01  0.3382627E+00  0.4333243E-01 -0.3824942E-01 -0.1512092E-01 -0.4493270E+00 -0.4643635E-01  0.3177071E-01  0.3792383E-01 -0.4584777E-01  0.1234201E+00  0.5593480E+00
 0.4674739E+00
 0.2725000E+01 -0.1760225E+00 -0.2231276E-01 -0.1805570E-02 -0.6389315E-01 -0.5653269E-01  0.9372794E+00  0.2593186E-03 -0.3863116E-01  0.3346104E+00  0.4095215E-01 -0.3691589E-01 -0.1235019E-01 -0.4379486E+00 -0.4627631E-01  0.2971302E-01  0.2913669E-01 -0.4476397E-01  0.1188570E+00  0.5568037E+00
 0.4666705E+00
 0.2750000E+01 -0.1702686E+00 -0.2349809E-01 -0.9168095E-05 -0.5940929E-01 -0.6414048E-01  0.9398246E+00  0.1457591E-03 -0.2847141E-01  0.3310319E+00  0.3855894E-01 -0.3559862E-01 -0.9601635E-02 -0.4266918E+00 -0.4612316E-01  0.2763965E-01  0.2033379E-01 -0.4369521E-01  0.1142977E+00  0.5544241E+00
 0.4660068E+00
 0.2775000E+01 -0.1645384E+00 -0.2472198E-01  0.1760308E-02 -0.5494599E-01 -0.7177651E-01  0.9426706E+00 -0.6649119E-07 -0.1833190E-01  0.3274974E+00  0.3614645E-01 -0.3429678E-01 -0.6877809E-02 -0.4155160E+00 -0.4597311E-01  0.2554502E-01  0.1150957E-01 -0.4263950E-01  0.1097296E+00  0.5521602E+00
 0.4654420E+00
 0.2800000E+01 -0.1588165E+00 -0.2598663E-01  0.3499262E-02 -0.5050019E-01 -0.7943716E-01  0.9457158E+00 -0.1820465E-03 -0.8213166E-02  0.3239708E+00  0.3370821E-01 -0.3300887E-01 -0.4181219E-02 -0.4043739E+00 -0.4582155E-01  0.2342364E-01  0.2659905E-02 -0.4159407E-01  0.1051392E+00  0.5499523E+00
 0.4649256E+00
 0.2825000E+01 -0.1530855E+00 -0.2729293E-01  0.5204093E-02 -0.4606859E-01 -0.8711547E-01  0.9488421E+00 -0.4035532E-03  0.1882680E-02  0.3204117E+00  0.3123800E-01 -0.3173292E-01 -0.1514482E-02 -0.3932140E+00 -0.4566322E-01  0.2127036E-01 -0.6217228E-02 -0.4055554E-01  0.1005121E+00  0.5477320E+00
 0.4643996E+00
 0.2850000E+01 -0.1473279E+00 -0.2864055E-01  0.6871168E-02 -0.4164813E-01 -0.9480130E-01  0.9519202E+00 -0.6673974E-03  0.1195144E-01  0.3167768E+00  0.2873015E-01 -0.3046669E-01  0.1119578E-02 -0.3819836E+00 -0.4549248E-01  0.1908068E-01 -0.1512137E-01 -0.3952018E-01  0.9583439E-01  0.5454252E+00
 0.4638009E+00
 0.2875000E+01 -0.1415264E+00 -0.3002800E-01  0.8496825E-02 -0.3723632E-01 -0.1024814E+00  0.9548135E+00 -0.9758022E-03  0.2198658E-01  0.3130222E+00  0.2617980E-01 -0.2920785E-01  0.3717854E-02 -0.3706303E+00 -0.4530349E-01  0.1685086E-01 -0.2404933E-01 -0.3848410E-01  0.9109281E-01  0.5429552E+00
 0.4630638E+00
 0.2900000E+01 -0.1356650E+00 -0.3145274E-01  0.1007739E-01 -0.3283149E-01 -0.1101400E+00  0.9573837E+00 -0.1330393E-02  0.3197915E-01  0.3091044E+00  0.2358307E-01 -0.2795416E-01  0.6276945E-02 -0.3591049E+00 -0.4509045E-01  0.1457813E-01 -0.3299513E-01 -0.3744349E-01  0.8627569E-01  0.5402452E+00
 0.4621221E+00
 0.2925000E+01 -0.1297295E+00 -0.3291138E-01  0.1160923E-01 -0.2843301E-01 -0.1177592E+00  0.9594950E+00 -0.1732205E-02  0.4191795E-01  0.3049827E+00  0.2093722E-01 -0.2670360E-01  0.8793174E-02 -0.3473630E+00 -0.4484786E-01  0.1226072E-01 -0.4195012E-01 -0.3639481E-01  0.8137322E-01  0.5372216E+00
 0.4609118E+00
 0.2950000E+01 -0.1237084E+00 -0.3439982E-01  0.1308882E-01 -0.2404137E-01 -0.1253195E+00  0.9610194E+00 -0.2181702E-02  0.5178978E-01  0.3006201E+00  0.1824073E-01 -0.2545451E-01  0.1126266E-01 -0.3353663E+00 -0.4457066E-01  0.9897946E-02 -0.5090333E-01 -0.3533493E-01  0.7637789E-01  0.5338158E+00
 0.4593732E+00
 0.2975000E+01 -0.1175931E+00 -0.3591351E-01  0.1451282E-01 -0.1965816E-01 -0.1328010E+00  0.9618401E+00 -0.2678812E-02  0.6157995E-01  0.2959844E+00  0.1549325E-01 -0.2420561E-01  0.1368140E-01 -0.3230840E+00 -0.4425445E-01  0.7490145E-02 -0.5984188E-01 -0.3426128E-01  0.7128463E-01  0.5299673E+00
 0.4574528E+00
 0.3000000E+01 -0.1113781E+00 -0.3744760E-01  0.1587818E-01 -0.1528602E-01 -0.1401836E+00  0.9618558E+00 -0.3222968E-02  0.7127284E-01  0.2910497E+00  0.1269562E-01 -0.2295612E-01  0.1604545E-01 -0.3104938E+00 -0.4389562E-01  0.5038628E-02 -0.6875158E-01 -0.3317193E-01  0.6609093E-01  0.5256247E+00
 0.4551050E+00
 0.3025000E+01 -0.1050610E+00 -0.3899722E-01  0.1718225E-01 -0.1092847E-01 -0.1474484E+00  0.9609834E+00 -0.3813158E-02  0.8085259E-01  0.2857966E+00  0.9849748E-02 -0.2170575E-01  0.1835101E-01 -0.2975815E+00 -0.4349148E-01  0.2545571E-02 -0.7761754E-01 -0.3206563E-01  0.6079681E-01  0.5207479E+00
 0.4522933E+00
 0.3050000E+01 -0.9864281E-01 -0.4055763E-01  0.1842287E-01 -0.6589705E-02 -0.1545780E+00  0.9591603E+00 -0.4447980E-02  0.9030384E-01  0.2802131E+00  0.6958453E-02 -0.2045466E-01  0.2059465E-01 -0.2843420E+00 -0.4304032E-01  0.1387416E-04 -0.8642492E-01 -0.3094185E-01  0.5540463E-01  0.5153088E+00
 0.4489918E+00
 0.3075000E+01 -0.9212718E-01 -0.4212443E-01  0.1959849E-01 -0.2274359E-02 -0.1615578E+00  0.9563467E+00 -0.5125701E-02  0.9961246E-01  0.2742941E+00  0.4025318E-02 -0.1920346E-01  0.2277345E-01 -0.2707783E+00 -0.4254148E-01 -0.2552999E-02 -0.9515959E-01 -0.2980079E-01  0.4991892E-01  0.5092920E+00
 0.4451853E+00
 0.3100000E+01 -0.8552050E-01 -0.4369375E-01  0.2070827E-01  0.2012812E-02 -0.1683760E+00  0.9525262E+00 -0.5844315E-02  0.1087664E+00  0.2680422E+00  0.1054483E-02 -0.1795316E-01  0.2488519E-01 -0.2569015E+00 -0.4199535E-01 -0.5151202E-02 -0.1038089E+00 -0.2864328E-01  0.4434605E-01  0.5026952E+00
 0.4408699E+00
 0.3125000E+01 -0.7883133E-01 -0.4526239E-01  0.2175216E-01  0.6267215E-02 -0.1750249E+00  0.9477065E+00 -0.6601604E-02  0.1177562E+00  0.2614669E+00 -0.1949560E-02 -0.1670503E-01  0.2692850E-01 -0.2427294E+00 -0.4140337E-01 -0.7776696E-02 -0.1123625E+00 -0.2747079E-01  0.3869386E-01  0.4955290E+00
 0.4360533E+00
 0.3150000E+01 -0.7206995E-01 -0.4682791E-01  0.2273102E-01  0.1048474E-01 -0.1815008E+00  0.9419188E+00 -0.7395192E-02  0.1265760E+00  0.2545844E+00 -0.4982189E-02 -0.1546059E-01  0.2890305E-01 -0.2282861E+00 -0.4076796E-01 -0.1042544E-01 -0.1208126E+00 -0.2628528E-01  0.3297126E-01  0.4878164E+00
 0.4307537E+00
 0.3175000E+01 -0.6524780E-01 -0.4838875E-01  0.2364660E-01  0.1466206E-01 -0.1878050E+00  0.9352172E+00 -0.8222601E-02  0.1352238E+00  0.2474168E+00 -0.8038866E-02 -0.1422144E-01  0.3080963E-01 -0.2136003E+00 -0.4009247E-01 -0.1309357E-01 -0.1291548E+00 -0.2508912E-01  0.2718778E-01  0.4795922E+00
 0.4250002E+00
 0.3200000E+01 -0.5837691E-01 -0.4994427E-01  0.2450165E-01  0.1879693E-01 -0.1939433E+00  0.9276769E+00 -0.9081294E-02  0.1437021E+00  0.2399913E+00 -0.1111534E-01 -0.1298916E-01  0.3265027E-01 -0.1987042E+00 -0.3938105E-01 -0.1577758E-01 -0.1373887E+00 -0.2388496E-01  0.2135315E-01  0.4709013E+00
 0.4188310E+00
 0.3225000E+01 -0.5146929E-01 -0.5149474E-01  0.2529992E-01  0.2288841E-01 -0.1999266E+00  0.9193918E+00 -0.9968714E-02  0.1520179E+00  0.2323393E+00 -0.1420784E-01 -0.1176523E-01  0.3442832E-01 -0.1836322E+00 -0.3863850E-01 -0.1847445E-01 -0.1455177E+00 -0.2267561E-01  0.1547686E-01  0.4617977E+00
 0.4122923E+00
 0.3250000E+01 -0.4453637E-01 -0.5304132E-01  0.2604608E-01  0.2693710E-01 -0.2057704E+00  0.9104714E+00 -0.1088231E-01  0.1601833E+00  0.2244952E+00 -0.1731319E-01 -0.1055086E-01  0.3614842E-01 -0.1684192E+00 -0.3787017E-01 -0.2118179E-01 -0.1535493E+00 -0.2146386E-01  0.9567717E-02  0.4523423E+00
 0.4054373E+00
 0.3275000E+01 -0.3758844E-01 -0.5458592E-01  0.2674576E-01  0.3094521E-01 -0.2114944E+00  0.9010374E+00 -0.1181956E-01  0.1682149E+00  0.2164951E+00 -0.2042898E-01 -0.9346933E-02  0.3781653E-01 -0.1530991E+00 -0.3708167E-01 -0.2389789E-01 -0.1614952E+00 -0.2025235E-01  0.3633536E-02  0.4426010E+00
 0.3983238E+00
 0.3300000E+01 -0.3063416E-01 -0.5613109E-01  0.2740537E-01  0.3491668E-01 -0.2171219E+00  0.8912192E+00 -0.1277796E-01  0.1761337E+00  0.2083759E+00 -0.2355356E-01 -0.8153865E-02  0.3943977E-01 -0.1377038E+00 -0.3627875E-01 -0.2662174E-01 -0.1693707E+00 -0.1904342E-01 -0.2319185E-02  0.4326422E+00
 0.3910122E+00
 0.3325000E+01 -0.2368022E-01 -0.5767980E-01  0.2803206E-01  0.3885707E-01 -0.2226792E+00  0.8811494E+00 -0.1375501E-01  0.1839643E+00  0.2001734E+00 -0.2668609E-01 -0.6971560E-02  0.4102634E-01 -0.1222618E+00 -0.3546707E-01 -0.2935302E-01 -0.1771944E+00 -0.1783901E-01 -0.8285439E-02  0.4225345E+00
 0.3835640E+00
 0.3350000E+01 -0.1673102E-01 -0.5923519E-01  0.2863346E-01  0.4277345E-01 -0.2281940E+00  0.8709588E+00 -0.1474822E-01  0.1917344E+00  0.1919215E+00 -0.2982643E-01 -0.5799342E-02  0.4258522E-01 -0.1067969E+00 -0.3465193E-01 -0.3209200E-01 -0.1849869E+00 -0.1664047E-01 -0.1426180E-01  0.4123441E+00
 0.3760387E+00
 0.3375000E+01 -0.9788603E-02 -0.6080025E-01  0.2921756E-01  0.4667411E-01 -0.2336945E+00  0.8607712E+00 -0.1575501E-01  0.1994730E+00  0.1836508E+00 -0.3297501E-01 -0.4635936E-02  0.4412596E-01 -0.9132817E-01 -0.3383812E-01 -0.3483938E-01 -0.1927704E+00 -0.1544853E-01 -0.2024637E-01  0.4021324E+00
 0.3684922E+00
 0.3400000E+01 -0.2852690E-02 -0.6237754E-01  0.2979242E-01  0.5056820E-01 -0.2392076E+00  0.8506983E+00 -0.1677269E-01  0.2072098E+00  0.1753880E+00 -0.3613263E-01 -0.3479485E-02  0.4565830E-01 -0.7586894E-01 -0.3302967E-01 -0.3759610E-01 -0.2005670E+00 -0.1426324E-01 -0.2623861E-01  0.3919538E+00
 0.3609742E+00
 0.3425000E+01  0.4079076E-02 -0.6396881E-01  0.3036594E-01  0.5446524E-01 -0.2447578E+00  0.8408355E+00 -0.1779841E-01  0.2149731E+00  0.1671543E+00 -0.3930020E-01 -0.2327595E-02  0.4719181E-01 -0.6042717E-01 -0.3222972E-01 -0.4036304E-01 -0.2083975E+00 -0.1308392E-01 -0.3223901E-01  0.3818533E+00
 0.3535267E+00
 0.3450000E+01  0.1101073E-01 -0.6557469E-01  0.3094559E-01  0.5837461E-01 -0.2503652E+00  0.8312571E+00 -0.1882906E-01  0.2227885E+00  0.1589658E+00 -0.4247839E-01 -0.1177426E-02  0.4873551E-01 -0.4500581E-01 -0.3144035E-01 -0.4314075E-01 -0.2162798E+00 -0.1190917E-01 -0.3824869E-01  0.3718655E+00
 0.3461823E+00
 0.3475000E+01  0.1794743E-01 -0.6719439E-01  0.3153816E-01  0.6230492E-01 -0.2560445E+00  0.8220139E+00 -0.1986120E-01  0.2306771E+00  0.1508326E+00 -0.4566731E-01 -0.2581089E-04  0.5029743E-01 -0.2960353E-01 -0.3066253E-01 -0.4592911E-01 -0.2242275E+00 -0.1073700E-01 -0.4426883E-01  0.3620131E+00
 0.3389630E+00
 0.3500000E+01  0.2489479E-01 -0.6882544E-01  0.3214948E-01  0.6626345E-01 -0.2618032E+00  0.8131309E+00 -0.2089107E-01  0.2386543E+00  0.1427594E+00 -0.4886616E-01  0.1130597E-02  0.5188425E-01 -0.1421591E-01 -0.2989607E-01 -0.4872706E-01 -0.2322486E+00 -0.9564870E-02 -0.5030011E-01  0.3523069E+00
 0.3318798E+00
 0.3525000E+01  0.3185815E-01 -0.7046354E-01  0.3278429E-01  0.7025558E-01 -0.2676413E+00  0.8046064E+00 -0.2191446E-01  0.2467280E+00  0.1347455E+00 -0.5207293E-01  0.2295156E-02  0.5350098E-01  0.1163227E-02 -0.2913968E-01 -0.5153228E-01 -0.2403444E+00 -0.8389855E-02 -0.5634217E-01  0.3427454E+00
 0.3249324E+00
 0.3550000E+01  0.3884185E-01 -0.7210245E-01  0.3344598E-01  0.7428428E-01 -0.2735503E+00  0.7964131E+00 -0.2292679E-01  0.2548985E+00  0.1267861E+00 -0.5528411E-01  0.3471067E-02  0.5515070E-01  0.1654037E-01 -0.2839103E-01 -0.5434100E-01 -0.2485086E+00 -0.7208808E-02 -0.6239296E-01  0.3333163E+00
 0.3181103E+00
 0.3575000E+01  0.4584854E-01 -0.7373409E-01  0.3413660E-01  0.7834982E-01 -0.2795131E+00  0.7884994E+00 -0.2392304E-01  0.2631570E+00  0.1188723E+00 -0.5849454E-01  0.4661206E-02  0.5683439E-01  0.3192079E-01 -0.2764688E-01 -0.5714788E-01 -0.2567269E+00 -0.6018524E-02 -0.6844840E-01  0.3239973E+00
 0.3113933E+00
 0.3600000E+01  0.5287860E-01 -0.7534860E-01  0.3485677E-01  0.8244948E-01 -0.2855046E+00  0.7807927E+00 -0.2489785E-01  0.2714864E+00  0.1109932E+00 -0.6169734E-01  0.5867984E-02  0.5855089E-01  0.4730722E-01 -0.2690329E-01 -0.5994591E-01 -0.2649772E+00 -0.4815921E-02 -0.7450194E-01  0.3147582E+00
 0.3047532E+00
 0.3625000E+01  0.5992972E-01 -0.7693462E-01  0.3560571E-01  0.8657757E-01 -0.2914919E+00  0.7732033E+00 -0.2584559E-01  0.2798612E+00  0.1031362E+00 -0.6488389E-01  0.7093219E-02  0.6029694E-01  0.6269873E-01 -0.2615580E-01 -0.6272652E-01 -0.2732299E+00 -0.3598193E-02 -0.8054449E-01  0.3055627E+00
 0.2981558E+00
 0.3650000E+01  0.6699673E-01 -0.7847961E-01  0.3638137E-01  0.9072550E-01 -0.2974359E+00  0.7656289E+00 -0.2676042E-01  0.2882483E+00  0.9528847E-01 -0.6804401E-01  0.8338063E-02  0.6206734E-01  0.7808992E-01 -0.2539963E-01 -0.6547972E-01 -0.2814485E+00 -0.2362951E-02 -0.8656437E-01  0.2963710E+00
 0.2915626E+00
 0.3675000E+01  0.7407149E-01 -0.7997022E-01  0.3718055E-01  0.9488207E-01 -0.3032926E+00  0.7579595E+00 -0.2763646E-01  0.2966086E+00  0.8743793E-01 -0.7116618E-01  0.9602955E-02  0.6385518E-01  0.9347049E-01 -0.2462993E-01 -0.6819433E-01 -0.2895915E+00 -0.1108322E-02 -0.9254750E-01  0.2871416E+00
 0.2849331E+00
 0.3700000E+01  0.8114309E-01 -0.8139273E-01  0.3799912E-01  0.9903391E-01 -0.3090146E+00  0.7500820E+00 -0.2846791E-01  0.3048978E+00  0.7957390E-01 -0.7423788E-01  0.1088762E-01  0.6565216E-01  0.1088252E+00 -0.2384196E-01 -0.7085831E-01 -0.2976130E+00  0.1669736E-03 -0.9847776E-01  0.2778340E+00
 0.2782267E+00
 0.3725000E+01  0.8819820E-01 -0.8273353E-01  0.3883221E-01  0.1031659E+00 -0.3145530E+00  0.7418856E+00 -0.2924919E-01  0.3130689E+00  0.7168787E-01 -0.7724595E-01  0.1219109E-01  0.6744898E-01  0.1241342E+00 -0.2303125E-01 -0.7345915E-01 -0.3054650E+00  0.1463594E-02 -0.1043375E+00  0.2684100E+00
 0.2714043E+00
 0.3750000E+01  0.9522155E-01 -0.8397957E-01  0.3967446E-01  0.1072620E+00 -0.3198589E+00  0.7332655E+00 -0.2997510E-01  0.3210733E+00  0.6377394E-01 -0.8017704E-01  0.1351181E-01  0.6923570E-01  0.1393737E+00 -0.2219378E-01 -0.7598427E-01 -0.3130988E+00  0.2781577E-02 -0.1101079E+00  0.2588354E+00
 0.2644305E+00
