  -6.0000000000000000       -6.0000000000000000        647.88000000268221     
  -5.6470588235294121       -6.0000000000000000        510.42467789830107     
  -5.2941176470588234       -6.0000000000000000        396.69332832956337     
  -4.9411764705882355       -6.0000000000000000        303.79977895657919     
  -4.5882352941176467       -6.0000000000000000        229.04406210654722     
  -4.2352941176470589       -6.0000000000000000        169.91241477375664     
  -3.8823529411764706       -6.0000000000000000        124.07727861958581     
  -3.5294117647058822       -6.0000000000000000        89.397299972503106     
  -3.1764705882352939       -6.0000000000000000        63.917329828066542     
  -2.8235294117647056       -6.0000000000000000        45.868423848923790     
  -2.4705882352941173       -6.0000000000000000        33.667842364812316     
  -2.1176470588235290       -6.0000000000000000        25.919050372559251     
  -1.7647058823529411       -6.0000000000000000        21.411717536081454     
  -1.4117647058823524       -6.0000000000000000        19.121718186385497     
  -1.0588235294117645       -6.0000000000000000        18.211131321567674     
 -0.70588235294117574       -6.0000000000000000        18.028240606813977     
 -0.35294117647058787       -6.0000000000000000        18.107534374400128     
   0.0000000000000000       -6.0000000000000000        18.169705623691556     
  0.35294117647058876       -6.0000000000000000        18.121652021143397     
  0.70588235294117663       -6.0000000000000000        18.056475900300519     
   1.0588235294117654       -6.0000000000000000        18.253484261797485     
   1.4117647058823533       -6.0000000000000000        19.178188773358581     
   1.7647058823529420       -6.0000000000000000        21.482305769797811     
   2.1176470588235308       -6.0000000000000000        26.003756253018896     
   2.4705882352941178       -6.0000000000000000        33.766665892015212     
   2.8235294117647065       -6.0000000000000000        45.981365022869980     
   3.1764705882352953       -6.0000000000000000        64.044388648756055     
   3.5294117647058822       -6.0000000000000000        89.538476439935806     
   3.8823529411764710       -6.0000000000000000        124.23257273376181     
   4.2352941176470598       -6.0000000000000000        170.08182653467600     
   4.5882352941176485       -6.0000000000000000        229.22759151420999     
   4.9411764705882355       -6.0000000000000000        303.99742601098495     
   5.2941176470588243       -6.0000000000000000        396.90509303071269     
   5.6470588235294130       -6.0000000000000000        510.65056024619361     
   6.0000000000000000       -6.0000000000000000        648.11999999731779     
  
  -6.0000000000000000       -5.6470588235294121        645.81231735345239     
  -5.6470588235294121       -5.6470588235294121        508.35658002416704     
  -5.2941176470588234       -5.6470588235294121        394.62481523052514     
  -4.9411764705882355       -5.6470588235294121        301.73085063263676     
  -4.5882352941176467       -5.6470588235294121        226.97471855770056     
  -4.2352941176470589       -5.6470588235294121        167.84265600000575     
  -3.8823529411764706       -5.6470588235294121        122.00710462093070     
  -3.5294117647058822       -5.6470588235294121        87.326710748943796     
  -3.1764705882352939       -5.6470588235294121        61.846325379603009     
  -2.8235294117647056       -5.6470588235294121        43.797004175556047     
  -2.4705882352941173       -5.6470588235294121        31.596007466540357     
  -2.1176470588235290       -5.6470588235294121        23.846800249383080     
  -1.7647058823529411       -5.6470588235294121        19.339052188001070     
  -1.4117647058823524       -5.6470588235294121        17.048637613400899     
  -1.0588235294117645       -5.6470588235294121        16.137635523678863     
 -0.70588235294117574       -5.6470588235294121        15.954329584020950     
 -0.35294117647058787       -5.6470588235294121        16.033208126702888     
   0.0000000000000000       -5.6470588235294121        16.094964151090100     
  0.35294117647058876       -5.6470588235294121        16.046495323637728     
  0.70588235294117663       -5.6470588235294121        15.980903977890636     
   1.0588235294117654       -5.6470588235294121        16.177497114483387     
   1.4117647058823533       -5.6470588235294121        17.101786401140270     
   1.7647058823529420       -5.6470588235294121        19.405488172675287     
   2.1176470588235308       -5.6470588235294121        23.926523430992159     
   2.4705882352941178       -5.6470588235294121        31.689017845084262     
   2.8235294117647065       -5.6470588235294121        43.903301751034817     
   3.1764705882352953       -5.6470588235294121        61.965910152016669     
   3.5294117647058822       -5.6470588235294121        87.459582718292211     
   3.8823529411764710       -5.6470588235294121        122.15326378721402     
   4.2352941176470598       -5.6470588235294121        168.00210236322397     
   4.5882352941176485       -5.6470588235294121        227.14745211785379     
   4.9411764705882355       -5.6470588235294121        301.91687138972452     
   5.2941176470588243       -5.6470588235294121        394.82412318454806     
   5.6470588235294130       -5.6470588235294121        508.56917517512471     
   6.0000000000000000       -5.6470588235294121        646.03819970134475     
  
  -6.0000000000000000       -5.2941176470588234        643.87037661165289     
  -5.6470588235294121       -5.2941176470588234        506.41422405746340     
  -5.2941176470588234       -5.2941176470588234        392.68204403891730     
  -4.9411764705882355       -5.2941176470588234        299.78766421612465     
  -4.5882352941176467       -5.2941176470588234        225.03111691628425     
  -4.2352941176470589       -5.2941176470588234        165.89863913368524     
  -3.8823529411764706       -5.2941176470588234        120.06267252970598     
  -3.5294117647058822       -5.2941176470588234        85.381863432814853     
  -3.1764705882352939       -5.2941176470588234        59.901062838569864     
  -2.8235294117647056       -5.2941176470588234        41.851326409618686     
  -2.4705882352941173       -5.2941176470588234        29.649914475698786     
  -2.1176470588235290       -5.2941176470588234        21.900292033637292     
  -1.7647058823529411       -5.2941176470588234        17.392128747351066     
  -1.4117647058823524       -5.2941176470588234        15.101298947846683     
  -1.0588235294117645       -5.2941176470588234        14.189881633220432     
 -0.70588235294117574       -5.2941176470588234        14.006160468658308     
 -0.35294117647058787       -5.2941176470588234        14.084623786436032     
   0.0000000000000000       -5.2941176470588234        14.145964585919030     
  0.35294117647058876       -5.2941176470588234        14.097080533562446     
  0.70588235294117663       -5.2941176470588234        14.031073962911137     
   1.0588235294117654       -5.2941176470588234        14.227251874599677     
   1.4117647058823533       -5.2941176470588234        15.151125936352344     
   1.7647058823529420       -5.2941176470588234        17.454412482983148     
   2.1176470588235308       -5.2941176470588234        21.975032516395807     
   2.4705882352941178       -5.2941176470588234        29.737111705583690     
   2.8235294117647065       -5.2941176470588234        41.950980386630043     
   3.1764705882352953       -5.2941176470588234        60.013173562707678     
   3.5294117647058822       -5.2941176470588234        85.506430904078996     
   3.8823529411764710       -5.2941176470588234        120.19969674809658     
   4.2352941176470598       -5.2941176470588234        166.04812009920232     
   4.5882352941176485       -5.2941176470588234        225.19305462892791     
   4.9411764705882355       -5.2941176470588234        299.96205867589447     
   5.2941176470588243       -5.2941176470588234        392.86889524581380     
   5.6470588235294130       -5.2941176470588234        506.61353201148626     
   6.0000000000000000       -5.2941176470588234        644.08214131280192     
  
  -6.0000000000000000       -4.9411764705882355        642.05417777728383     
  -5.6470588235294121       -4.9411764705882355        504.59760999819014     
  -5.2941176470588234       -4.9411764705882355        390.86501475473983     
  -4.9411764705882355       -4.9411764705882355        297.97021970704299     
  -4.5882352941176467       -4.9411764705882355        223.21325718229835     
  -4.2352941176470589       -4.9411764705882355        164.08036417479514     
  -3.8823529411764706       -4.9411764705882355        118.24398234591166     
  -3.5294117647058822       -4.9411764705882355        83.562758024116334     
  -3.1764705882352939       -4.9411764705882355        58.081542204967114     
  -2.8235294117647056       -4.9411764705882355        40.031390551111727     
  -2.4705882352941173       -4.9411764705882355        27.829563392287607     
  -2.1176470588235290       -4.9411764705882355        20.079525725321901     
  -1.7647058823529411       -4.9411764705882355        15.570947214131465     
  -1.4117647058823524       -4.9411764705882355        13.279702189722865     
  -1.0588235294117645       -4.9411764705882355        12.367869650192398     
 -0.70588235294117574       -4.9411764705882355        12.183733260726063     
 -0.35294117647058787       -4.9411764705882355        12.261781353599572     
   0.0000000000000000       -4.9411764705882355        12.322706928178356     
  0.35294117647058876       -4.9411764705882355        12.273407650917559     
  0.70588235294117663       -4.9411764705882355        12.206985855362037     
   1.0588235294117654       -4.9411764705882355        12.402748542146361     
   1.4117647058823533       -4.9411764705882355        13.326207378994816     
   1.7647058823529420       -4.9411764705882355        15.629078700721408     
   2.1176470588235308       -4.9411764705882355        20.149283509229850     
   2.4705882352941178       -4.9411764705882355        27.910947473513524     
   2.8235294117647065       -4.9411764705882355        40.124400929655650     
   3.1764705882352953       -4.9411764705882355        58.186178880829083     
   3.5294117647058822       -4.9411764705882355        83.679020997296192     
   3.8823529411764710       -4.9411764705882355        118.37187161640956     
   4.2352941176470598       -4.9411764705882355        164.21987974261108     
   4.5882352941176485       -4.9411764705882355        223.36439904743247     
   4.9411764705882355       -4.9411764705882355        298.13298786949480     
   5.2941176470588243       -4.9411764705882355        391.03940921450993     
   5.6470588235294130       -4.9411764705882355        504.78363075527812     
   6.0000000000000000       -4.9411764705882355        642.25182483168965     
  
  -6.0000000000000000       -4.5882352941176467        640.36372085034532     
  -5.6470588235294121       -4.5882352941176467        502.90673784634726     
  -5.2941176470588234       -4.5882352941176467        389.17372737799275     
  -4.9411764705882355       -4.5882352941176467        296.27851710539170     
  -4.5882352941176467       -4.5882352941176467        221.52113935574286     
  -4.2352941176470589       -4.5882352941176467        162.38783112333545     
  -3.8823529411764706       -4.5882352941176467        116.55103406954773     
  -3.5294117647058822       -4.5882352941176467        81.869394522848168     
  -3.1764705882352939       -4.5882352941176467        56.387763478794760     
  -2.8235294117647056       -4.5882352941176467        38.337196600035142     
  -2.4705882352941173       -4.5882352941176467        26.134954216306820     
  -2.1176470588235290       -4.5882352941176467        18.384501324436897     
  -1.7647058823529411       -4.5882352941176467        13.875507588342249     
  -1.4117647058823524       -4.5882352941176467        11.583847339029436     
  -1.0588235294117645       -4.5882352941176467        10.671599574594756     
 -0.70588235294117574       -4.5882352941176467        10.487047960224205     
 -0.35294117647058787       -4.5882352941176467        10.564680828193501     
   0.0000000000000000       -4.5882352941176467        10.625191177868071     
  0.35294117647058876       -4.5882352941176467        10.575476675703060     
  0.70588235294117663       -4.5882352941176467        10.508639655243323     
   1.0588235294117654       -4.5882352941176467        10.703987117123434     
   1.4117647058823533       -4.5882352941176467        11.627030729067675     
   1.7647058823529420       -4.5882352941176467        13.929486825890052     
   2.1176470588235308       -4.5882352941176467        18.449276409494281     
   2.4705882352941178       -4.5882352941176467        26.210525148873739     
   2.8235294117647065       -4.5882352941176467        38.423563380111659     
   3.1764705882352953       -4.5882352941176467        56.484926106380875     
   3.5294117647058822       -4.5882352941176467        81.977352997943768     
   3.8823529411764710       -4.5882352941176467        116.66978839215292     
   4.2352941176470598       -4.5882352941176467        162.51738129345026     
   4.5882352941176485       -4.5882352941176467        221.66148537336741     
   4.9411764705882355       -4.5882352941176467        296.42965897052551     
   5.2941176470588243       -4.5882352941176467        389.33566509063644     
   5.6470588235294130       -4.5882352941176467        503.07947140650043     
   6.0000000000000000       -4.5882352941176467        640.54725025800781     
  
  -6.0000000000000000       -4.2352941176470589        638.79900583083702     
  -5.6470588235294121       -4.2352941176470589        501.34160760193475     
  -5.2941176470588234       -4.2352941176470589        387.60818190867604     
  -4.9411764705882355       -4.2352941176470589        294.71255641117074     
  -4.5882352941176467       -4.2352941176470589        219.95476343661772     
  -4.2352941176470589       -4.2352941176470589        160.82103997930608     
  -3.8823529411764706       -4.2352941176470589        114.98382770061420     
  -3.5294117647058822       -4.2352941176470589        80.301772929010426     
  -3.1764705882352939       -4.2352941176470589        54.819726660052787     
  -2.8235294117647056       -4.2352941176470589        36.768744556388974     
  -2.4705882352941173       -4.2352941176470589        24.566086947756421     
  -2.1176470588235290       -4.2352941176470589        16.815218830982289     
  -1.7647058823529411       -4.2352941176470589        12.305809869983428     
  -1.4117647058823524       -4.2352941176470589        10.013734395766400     
  -1.0588235294117645       -4.2352941176470589        9.1010714064275060     
 -0.70588235294117574       -4.2352941176470589        8.9161045671527415     
 -0.35294117647058787       -4.2352941176470589        8.9933222102178227     
   0.0000000000000000       -4.2352941176470589        9.0534173349881808     
  0.35294117647058876       -4.2352941176470589        9.0032876079189545     
  0.70588235294117663       -4.2352941176470589        8.9360353625550051     
   1.0588235294117654       -4.2352941176470589        9.1309675995309014     
   1.4117647058823533       -4.2352941176470589        10.053595986570929     
   1.7647058823529420       -4.2352941176470589        12.355636858489092     
   2.1176470588235308       -4.2352941176470589        16.875011217189105     
   2.4705882352941178       -4.2352941176470589        24.635844731664353     
   2.8235294117647065       -4.2352941176470589        36.848467737998057     
   3.1764705882352953       -4.2352941176470589        54.909415239363057     
   3.5294117647058822       -4.2352941176470589        80.401426906021740     
   3.8823529411764710       -4.2352941176470589        115.09344707532668     
   4.2352941176470598       -4.2352941176470589        160.94062475171978     
   4.5882352941176485       -4.2352941176470589        220.08431360673271     
   4.9411764705882355       -4.2352941176470589        294.85207197898660     
   5.2941176470588243       -4.2352941176470589        387.75766287419327     
   5.6470588235294130       -4.2352941176470589        501.50105396515312     
   6.0000000000000000       -4.2352941176470589        638.96841759175618     
  
  -6.0000000000000000       -3.8823529411764706        637.36003271875916     
  -5.6470588235294121       -3.8823529411764706        499.90221926495269     
  -5.2941176470588234       -3.8823529411764706        386.16837834678978     
  -4.9411764705882355       -3.8823529411764706        293.27233762438027     
  -4.5882352941176467       -3.8823529411764706        218.51412942492303     
  -4.2352941176470589       -3.8823529411764706        159.37999074270715     
  -3.8823529411764706       -3.8823529411764706        113.54236323911104     
  -3.5294117647058822       -3.8823529411764706        78.859893242603064     
  -3.1764705882352939       -3.8823529411764706        53.377431748741209     
  -2.8235294117647056       -3.8823529411764706        35.326034420173180     
  -2.4705882352941173       -3.8823529411764706        23.122961586636418     
  -2.1176470588235290       -3.8823529411764706        15.371678244958071     
  -1.7647058823529411       -3.8823529411764706        10.861854059054995     
  -1.4117647058823524       -3.8823529411764706        8.5693633599337531     
  -1.0588235294117645       -3.8823529411764706        7.6562851456906458     
 -0.70588235294117574       -3.8823529411764706        7.4709030815116675     
 -0.35294117647058787       -3.8823529411764706        7.5477054996725359     
   0.0000000000000000       -3.8823529411764706        7.6073853995386784     
  0.35294117647058876       -3.8823529411764706        7.5568404475652393     
  0.70588235294117663       -3.8823529411764706        7.4891729772970752     
   1.0588235294117654       -3.8823529411764706        7.6836899893687587     
   1.4117647058823533       -3.8823529411764706        8.6059031515045721     
   1.7647058823529420       -3.8823529411764706        10.907528798518522     
   2.1176470588235308       -3.8823529411764706        15.426487932314322     
   2.4705882352941178       -3.8823529411764706        23.186906221885355     
   2.8235294117647065       -3.8823529411764706        35.399114003314843     
   3.1764705882352953       -3.8823529411764706        53.459646279775626     
   3.5294117647058822       -3.8823529411764706        78.951242721530093     
   3.8823529411764710       -3.8823529411764706        113.64284766593083     
   4.2352941176470598       -3.8823529411764706        159.48961011741972     
   4.5882352941176485       -3.8823529411764706        218.63288374752847     
   4.9411764705882355       -3.8823529411764706        293.40022689487813     
   5.2941176470588243       -3.8823529411764706        386.30540256518060     
   5.6470588235294130       -3.8823529411764706        500.04837843123619     
   6.0000000000000000       -3.8823529411764706        637.51532683293510     
  
  -6.0000000000000000       -3.5294117647058822        636.04680151411162     
  -5.6470588235294121       -3.5294117647058822        498.58857283540101     
  -5.2941176470588234       -3.5294117647058822        384.85431669233384     
  -4.9411764705882355       -3.5294117647058822        291.95786074502013     
  -4.5882352941176467       -3.5294117647058822        217.19923732065868     
  -4.2352941176470589       -3.5294117647058822        158.06468341353863     
  -3.8823529411764706       -3.5294117647058822        112.22664068503829     
  -3.5294117647058822       -3.5294117647058822        77.543755463626084     
  -3.1764705882352939       -3.5294117647058822        52.060878744860027     
  -2.8235294117647056       -3.5294117647058822        34.009066191387781     
  -2.4705882352941173       -3.5294117647058822        21.805578132946806     
  -2.1176470588235290       -3.5294117647058822        14.053879566364245     
  -1.7647058823529411       -3.5294117647058822        9.5436401555569539     
  -1.4117647058823524       -3.5294117647058822        7.2507342315314984     
  -1.0588235294117645       -3.5294117647058822        6.3372407923841774     
 -0.70588235294117574       -3.5294117647058822        6.1514435033009853     
 -0.35294117647058787       -3.5294117647058822        6.2278306965576400     
   0.0000000000000000       -3.5294117647058822        6.2870953715195688     
  0.35294117647058876       -3.5294117647058822        6.2361351946419159     
  0.70588235294117663       -3.5294117647058822        6.1680524994695380     
   1.0588235294117654       -3.5294117647058822        6.3621542866370078     
   1.4117647058823533       -3.5294117647058822        7.2839522238686065     
   1.7647058823529420       -3.5294117647058822        9.5851626459783414     
   2.1176470588235308       -3.5294117647058822        14.103706554869929     
   2.4705882352941178       -3.5294117647058822        21.863709619536749     
   2.8235294117647065       -3.5294117647058822        34.075502176062024     
   3.1764705882352953       -3.5294117647058822        52.135619227618598     
   3.5294117647058822       -3.5294117647058822        77.626800444468856     
   3.8823529411764710       -3.5294117647058822        112.31799016396536     
   4.2352941176470598       -3.5294117647058822        158.16433739055006     
   4.5882352941176485       -3.5294117647058822        217.30719579575455     
   4.9411764705882355       -3.5294117647058822        292.07412371819998     
   5.2941176470588243       -3.5294117647058822        384.97888416359825     
   5.6470588235294130       -3.5294117647058822        498.72144480474964     
   6.0000000000000000       -3.5294117647058822        636.18797798154435     
  
  -6.0000000000000000       -3.1764705882352939        634.85931221689452     
  -5.6470588235294121       -3.1764705882352939        497.40066831327971     
  -5.2941176470588234       -3.1764705882352939        383.66599694530834     
  -4.9411764705882355       -3.1764705882352939        290.76912577309042     
  -4.5882352941176467       -3.1764705882352939        216.01008712382475     
  -4.2352941176470589       -3.1764705882352939        156.87511799180047     
  -3.8823529411764706       -3.1764705882352939        111.03666003839591     
  -3.5294117647058822       -3.1764705882352939        76.353359592079499     
  -3.1764705882352939       -3.1764705882352939        50.870067648409233     
  -2.8235294117647056       -3.1764705882352939        32.817839870032770     
  -2.4705882352941173       -3.1764705882352939        20.613936586687586     
  -2.1176470588235290       -3.1764705882352939        12.861822795200810     
  -1.7647058823529411       -3.1764705882352939        8.3511681594893030     
  -1.4117647058823524       -3.1764705882352939        6.0578470105596356     
  -1.0588235294117645       -3.1764705882352939        5.1439383465081008     
 -0.70588235294117574       -3.1764705882352939        4.9577258325206950     
 -0.35294117647058787       -3.1764705882352939        5.0336978008731359     
   0.0000000000000000       -3.1764705882352939        5.0925472509308509     
  0.35294117647058876       -3.1764705882352939        5.0411718491489843     
  0.70588235294117663       -3.1764705882352939        4.9726739290723927     
   1.0588235294117654       -3.1764705882352939        5.1663604913356478     
   1.4117647058823533       -3.1764705882352939        6.0877432036630337     
   1.7647058823529420       -3.1764705882352939        8.3885384008685548     
   2.1176470588235308       -3.1764705882352939        12.906667084855927     
   2.4705882352941178       -3.1764705882352939        20.666254924618531     
   2.8235294117647065       -3.1764705882352939        32.877632256239593     
   3.1764705882352953       -3.1764705882352939        50.937334082891951     
   3.5294117647058822       -3.1764705882352939        76.428100074837985     
   3.8823529411764710       -3.1764705882352939        111.11887456943029     
   4.2352941176470598       -3.1764705882352939        156.96480657111076     
   4.5882352941176485       -3.1764705882352939        216.10724975141108     
   4.9411764705882355       -3.1764705882352939        290.87376244895228     
   5.2941176470588243       -3.1764705882352939        383.77810766944634     
   5.6470588235294130       -3.1764705882352939        497.52025308569347     
   6.0000000000000000       -3.1764705882352939        634.98637103758404     
  
  -6.0000000000000000       -2.8235294117647056        633.79756482710798     
  -5.6470588235294121       -2.8235294117647056        496.33850569858879     
  -5.2941176470588234       -2.8235294117647056        382.60341910571321     
  -4.9411764705882355       -2.8235294117647056        289.70613270859104     
  -4.5882352941176467       -2.8235294117647056        214.94667883442119     
  -4.2352941176470589       -2.8235294117647056        155.81129447749271     
  -3.8823529411764706       -2.8235294117647056        109.97242129918395     
  -3.5294117647058822       -2.8235294117647056        75.288705627963324     
  -3.1764705882352939       -2.8235294117647056        49.804998459388827     
  -2.8235294117647056       -2.8235294117647056        31.752355456108155     
  -2.4705882352941173       -2.8235294117647056        19.548036947858755     
  -2.1176470588235290       -2.8235294117647056        11.795507931467764     
  -1.7647058823529411       -2.8235294117647056        7.2844380708520458     
  -1.4117647058823524       -2.8235294117647056        4.9907016970181637     
  -1.0588235294117645       -2.8235294117647056        4.0763778080624160     
 -0.70588235294117574       -2.8235294117647056        3.8897500691707956     
 -0.35294117647058787       -2.8235294117647056        3.9653068126190218     
   0.0000000000000000       -2.8235294117647056        4.0237410377725231     
  0.35294117647058876       -2.8235294117647056        3.9719504110864432     
  0.70588235294117663       -2.8235294117647056        3.9030372661056378     
   1.0588235294117654       -2.8235294117647056        4.0963086034646796     
   1.4117647058823533       -2.8235294117647056        5.0172760908878509     
   1.7647058823529420       -2.8235294117647056        7.3176560631891592     
   2.1176470588235308       -2.8235294117647056        11.835369522272318     
   2.4705882352941178       -2.8235294117647056        19.594542137130709     
   2.8235294117647065       -2.8235294117647056        31.805504243847558     
   3.1764705882352953       -2.8235294117647056        49.864790845595699     
   3.5294117647058822       -2.8235294117647056        75.355141612637539     
   3.8823529411764710       -2.8235294117647056        110.04550088232563     
   4.2352941176470598       -2.8235294117647056        155.89101765910186     
   4.5882352941176485       -2.8235294117647056        215.03304561449795     
   4.9411764705882355       -2.8235294117647056        289.79914308713495     
   5.2941176470588243       -2.8235294117647056        382.70307308272481     
   5.6470588235294130       -2.8235294117647056        496.44480327406774     
   6.0000000000000000       -2.8235294117647056        633.91050600105405     
  
  -6.0000000000000000       -2.4705882352941173        632.86155934475164     
  -5.6470588235294121       -2.4705882352941173        495.40208499132831     
  -5.2941176470588234       -2.4705882352941173        381.66658317354853     
  -4.9411764705882355       -2.4705882352941173        288.76888155152216     
  -4.5882352941176467       -2.4705882352941173        214.00901245244805     
  -4.2352941176470589       -2.4705882352941173        154.87321287061533     
  -3.8823529411764706       -2.4705882352941173        109.03392446740237     
  -3.5294117647058822       -2.4705882352941173        74.349793571277530     
  -3.1764705882352939       -2.4705882352941173        48.865671177798816     
  -2.8235294117647056       -2.4705882352941173        30.812612949613928     
  -2.4705882352941173       -2.4705882352941173        18.607879216460315     
  -2.1176470588235290       -2.4705882352941173        10.854934975165111     
  -1.7647058823529411       -2.4705882352941173        6.3434498896451794     
  -1.4117647058823524       -2.4705882352941173        4.0492982909070836     
  -1.0588235294117645       -2.4705882352941173        3.1345591770471213     
 -0.70588235294117574       -2.4705882352941173        2.9475162132512880     
 -0.35294117647058787       -2.4705882352941173        3.0226577317953010     
   0.0000000000000000       -2.4705882352941173        3.0806767320445880     
  0.35294117647058876       -2.4705882352941173        3.0284708804542939     
  0.70588235294117663       -2.4705882352941173        2.9591425105692744     
   1.0588235294117654       -2.4705882352941173        3.1519986230241024     
   1.4117647058823533       -2.4705882352941173        4.0725508855430608     
   1.7647058823529420       -2.4705882352941173        6.3725156329401544     
   2.1176470588235308       -2.4705882352941173        10.889813867119100     
   2.4705882352941178       -2.4705882352941173        18.648571257073279     
   2.8235294117647065       -2.4705882352941173        30.859118138885911     
   3.1764705882352953       -2.4705882352941173        48.917989515729843     
   3.5294117647058822       -2.4705882352941173        74.407925057867459     
   3.8823529411764710       -2.4705882352941173        109.09786910265133     
   4.2352941176470598       -2.4705882352941173        154.94297065452335     
   4.5882352941176485       -2.4705882352941173        214.08458338501524     
   4.9411764705882355       -2.4705882352941173        288.85026563274806     
   5.2941176470588243       -2.4705882352941173        381.75378040343372     
   5.6470588235294130       -2.4705882352941173        495.49509536987244     
   6.0000000000000000       -2.4705882352941173        632.96038287195449     
  
  -6.0000000000000000       -2.1176470588235290        632.05129576982574     
  -5.6470588235294121       -2.1176470588235290        494.59140619149815     
  -5.2941176470588234       -2.1176470588235290        380.85548914881417     
  -4.9411764705882355       -2.1176470588235290        287.95737230188359     
  -4.5882352941176467       -2.1176470588235290        213.19708797790528     
  -4.2352941176470589       -2.1176470588235290        154.06087317116834     
  -3.8823529411764706       -2.1176470588235290        108.22116954305116     
  -3.5294117647058822       -2.1176470588235290        73.536623422022117     
  -3.1764705882352939       -2.1176470588235290        48.052085803639194     
  -2.8235294117647056       -2.1176470588235290        29.998612350550097     
  -2.4705882352941173       -2.1176470588235290        17.793463392492271     
  -2.1176470588235290       -2.1176470588235290        10.040103926292851     
  -1.7647058823529411       -2.1176470588235290        5.5282036158687049     
  -1.4117647058823524       -2.1176470588235290        3.2336367922263949     
  -1.0588235294117645       -2.1176470588235290        2.3184824534622188     
 -0.70588235294117574       -2.1176470588235290        2.1310242647621718     
 -0.35294117647058787       -2.1176470588235290        2.2057505584019705     
   0.0000000000000000       -2.1176470588235290        2.2633543337470443     
  0.35294117647058876       -2.1176470588235290        2.2107332572525360     
  0.70588235294117663       -2.1176470588235290        2.1409896624633031     
   1.0588235294117654       -2.1176470588235290        2.3334305500139170     
   1.4117647058823533       -2.1176470588235290        3.2535675876286612     
   1.7647058823529420       -2.1176470588235290        5.5531171101215424     
   2.1176470588235308       -2.1176470588235290        10.070000119396273     
   2.4705882352941178       -2.1176470588235290        17.828342284446236     
   2.8235294117647065       -2.1176470588235290        30.038473941354656     
   3.1764705882352953       -2.1176470588235290        48.096930093294368     
   3.5294117647058822       -2.1176470588235290        73.586450410527775     
   3.8823529411764710       -2.1176470588235290        108.27597923040743     
   4.2352941176470598       -2.1176470588235290        154.12066555737525     
   4.5882352941176485       -2.1176470588235290        213.26186306296290     
   4.9411764705882355       -2.1176470588235290        288.02713008579150     
   5.2941176470588243       -2.1176470588235290        380.93022963157290     
   5.6470588235294130       -2.1176470588235290        494.67112937310742     
   6.0000000000000000       -2.1176470588235290        632.13600165028538     
  
  -6.0000000000000000       -1.7647058823529411        631.36677410233017     
  -5.6470588235294121       -1.7647058823529411        493.90646929909843     
  -5.2941176470588234       -1.7647058823529411        380.17013703151025     
  -4.9411764705882355       -1.7647058823529411        287.27160495967547     
  -4.5882352941176467       -1.7647058823529411        212.51090541079290     
  -4.2352941176470589       -1.7647058823529411        153.37427537915175     
  -3.8823529411764706       -1.7647058823529411        107.53415652613036     
  -3.5294117647058822       -1.7647058823529411        72.849195180197100     
  -3.1764705882352939       -1.7647058823529411        47.364242336909967     
  -2.8235294117647056       -1.7647058823529411        29.310353658916654     
  -2.4705882352941173       -1.7647058823529411        17.104789475954615     
  -2.1176470588235290       -1.7647058823529411        9.3510147848509817     
  -1.7647058823529411       -1.7647058823529411        4.8386992495226213     
  -1.4117647058823524       -1.7647058823529411        2.5437172009760980     
  -1.0588235294117645       -1.7647058823529411        1.6281476373077082     
 -0.70588235294117574       -1.7647058823529411        1.4402742237034474     
 -0.35294117647058787       -1.7647058823529411        1.5145852924390322     
   0.0000000000000000       -1.7647058823529411        1.5717738428798922     
  0.35294117647058876       -1.7647058823529411        1.5187375414811701     
  0.70588235294117663       -1.7647058823529411        1.4485787217877235     
   1.0588235294117654       -1.7647058823529411        1.6406043844341236     
   1.4117647058823533       -1.7647058823529411        2.5603261971446543     
   1.7647058823529420       -1.7647058823529411        4.8594604947333204     
   2.1176470588235308       -1.7647058823529411        9.3759282791038370     
   2.4705882352941178       -1.7647058823529411        17.133855219249586     
   2.8235294117647065       -1.7647058823529411        29.343571651253793     
   3.1764705882352953       -1.7647058823529411        47.401612578289296     
   3.5294117647058822       -1.7647058823529411        72.890717670618471     
   3.8823529411764710       -1.7647058823529411        107.57983126559392     
   4.2352941176470598       -1.7647058823529411        153.42410236765753     
   4.5882352941176485       -1.7647058823529411        212.56488464834098     
   4.9411764705882355       -1.7647058823529411        287.32973644626537     
   5.2941176470588243       -1.7647058823529411        380.23242076714257     
   5.6470588235294130       -1.7647058823529411        493.97290528377289     
   6.0000000000000000       -1.7647058823529411        631.43736233604648     
  
  -6.0000000000000000       -1.4117647058823524        630.80799434226503     
  -5.6470588235294121       -1.4117647058823524        493.34727431412909     
  -5.2941176470588234       -1.4117647058823524        379.61052682163665     
  -4.9411764705882355       -1.4117647058823524        286.71157952489767     
  -4.5882352941176467       -1.4117647058823524        211.95046475111093     
  -4.2352941176470589       -1.4117647058823524        152.81341949456558     
  -3.8823529411764706       -1.4117647058823524        106.97288541663995     
  -3.5294117647058822       -1.4117647058823524        72.287508845802478     
  -3.1764705882352939       -1.4117647058823524        46.802140777611136     
  -2.8235294117647056       -1.4117647058823524        28.747836874713602     
  -2.4705882352941173       -1.4117647058823524        16.541857466847347     
  -2.1176470588235290       -1.4117647058823524        8.7876675508395028     
  -1.7647058823529411       -1.4117647058823524        4.2749367906069287     
  -1.4117647058823524       -1.4117647058823524        1.9795395171561916     
  -1.0588235294117645       -1.4117647058823524        1.0635547285835876     
 -0.70588235294117574       -1.4117647058823524       0.87526609007511291     
 -0.35294117647058787       -1.4117647058823524       0.94916193390648418     
   0.0000000000000000       -1.4117647058823524        1.0059352594431303     
  0.35294117647058876       -1.4117647058823524       0.95248373314019452     
  0.70588235294117663       -1.4117647058823524       0.88190968854253393     
   1.0588235294117654       -1.4117647058823524        1.0735201262847203     
   1.4117647058823533       -1.4117647058823524        1.9928267140910370     
   1.7647058823529420       -1.4117647058823524        4.2915457867754894     
   2.1176470588235308       -1.4117647058823524        8.8075983462417913     
   2.4705882352941178       -1.4117647058823524        16.565110061483331     
   2.8235294117647065       -1.4117647058823524        28.774411268583322     
   3.1764705882352953       -1.4117647058823524        46.832036970714611     
   3.5294117647058822       -1.4117647058823524        72.320726838139578     
   3.8823529411764710       -1.4117647058823524        107.00942520821081     
   4.2352941176470598       -1.4117647058823524        152.85328108537021     
   4.5882352941176485       -1.4117647058823524        211.99364814114946     
   4.9411764705882355       -1.4117647058823524        286.75808471416963     
   5.2941176470588243       -1.4117647058823524        379.66035381014257     
   5.6470588235294130       -1.4117647058823524        493.40042310186868     
   6.0000000000000000       -1.4117647058823524        630.86446492923812     
  
  -6.0000000000000000       -1.0588235294117645        630.37495648963034     
  -5.6470588235294121       -1.0588235294117645        492.91382123659014     
  -5.2941176470588234       -1.0588235294117645        379.17665851919350     
  -4.9411764705882355       -1.0588235294117645        286.27729599755025     
  -4.5882352941176467       -1.0588235294117645        211.51576599885934     
  -4.2352941176470589       -1.0588235294117645        152.37830551740979     
  -3.8823529411764706       -1.0588235294117645        106.53735621457994     
  -3.5294117647058822       -1.0588235294117645        71.851564418838251     
  -3.1764705882352939       -1.0588235294117645        46.365781125742686     
  -2.8235294117647056       -1.0588235294117645        28.311061997940943     
  -2.4705882352941173       -1.0588235294117645        16.104667365170474     
  -2.1176470588235290       -1.0588235294117645        8.3500622242584157     
  -1.7647058823529411       -1.0588235294117645        3.8369162391216283     
  -1.4117647058823524       -1.0588235294117645        1.5411037407666774     
  -1.0588235294117645       -1.0588235294117645       0.62470372728985990     
 -0.70588235294117574       -1.0588235294117645       0.43599986387717138     
 -0.35294117647058787       -1.0588235294117645       0.50948048280432878     
   0.0000000000000000       -1.0588235294117645       0.56583858343676108     
  0.35294117647058876       -1.0588235294117645       0.51197183222961140     
  0.70588235294117663       -1.0588235294117645       0.44098256272773712     
   1.0588235294117654       -1.0588235294117645       0.63217777556570964     
   1.4117647058823533       -1.0588235294117645        1.5510691384678124     
   1.7647058823529420       -1.0588235294117645        3.8493729862480510     
   2.1176470588235308       -1.0588235294117645        8.3650103208101410     
   2.4705882352941178       -1.0588235294117645        16.122106811147464     
   2.8235294117647065       -1.0588235294117645        28.330992793343242     
   3.1764705882352953       -1.0588235294117645        46.388203270570315     
   3.5294117647058822       -1.0588235294117645        71.876477913091080     
   3.8823529411764710       -1.0588235294117645        106.56476105825810     
   4.2352941176470598       -1.0588235294117645        152.40820171051328     
   4.5882352941176485       -1.0588235294117645        211.54815354138830     
   4.9411764705882355       -1.0588235294117645        286.31217488950426     
   5.2941176470588243       -1.0588235294117645        379.21402876057300     
   5.6470588235294130       -1.0588235294117645        492.95368282739491     
   6.0000000000000000       -1.0588235294117645        630.41730942986010     
  
  -6.0000000000000000      -0.70588235294117574        630.06766054442596     
  -5.6470588235294121      -0.70588235294117574        492.60611006648156     
  -5.2941176470588234      -0.70588235294117574        378.86853212418072     
  -4.9411764705882355      -0.70588235294117574        285.96875437763327     
  -4.5882352941176467      -0.70588235294117574        211.20680915403815     
  -4.2352941176470589      -0.70588235294117574        152.06893344768437     
  -3.8823529411764706      -0.70588235294117574        106.22756891995031     
  -3.5294117647058822      -0.70588235294117574        71.541361899304405     
  -3.1764705882352939      -0.70588235294117574        46.055163381304631     
  -2.8235294117647056      -0.70588235294117574        28.000029028598675     
  -2.4705882352941173      -0.70588235294117574        15.793219170923994     
  -2.1176470588235290      -0.70588235294117574        8.0381988051077204     
  -1.7647058823529411      -0.70588235294117574        3.5246375950667188     
  -1.4117647058823524      -0.70588235294117574        1.2284098718075538     
  -1.0588235294117645      -0.70588235294117574       0.31159463342652255     
 -0.70588235294117574      -0.70588235294117574       0.12247554510962023     
 -0.35294117647058787      -0.70588235294117574       0.19554093913256379     
   0.0000000000000000      -0.70588235294117574       0.25148381486078225     
  0.35294117647058876      -0.70588235294117574       0.19720183874941882     
  0.70588235294117663      -0.70588235294117574       0.12579734434333070     
   1.0588235294117654      -0.70588235294117574       0.31657733227708940     
   1.4117647058823533      -0.70588235294117574        1.2350534702749782     
   1.7647058823529420      -0.70588235294117574        3.5329420931510032     
   2.1176470588235308      -0.70588235294117574        8.0481642028088789     
   2.4705882352941178      -0.70588235294117574        15.804845468241989     
   2.8235294117647065      -0.70588235294117574        28.013316225533551     
   3.1764705882352953      -0.70588235294117574        46.070111477856415     
   3.5294117647058822      -0.70588235294117574        71.557970895472948     
   3.8823529411764710      -0.70588235294117574        106.24583881573577     
   4.2352941176470598      -0.70588235294117574        152.08886424308673     
   4.5882352941176485      -0.70588235294117574        211.22840084905755     
   4.9411764705882355      -0.70588235294117574        285.99200697226928     
   5.2941176470588243      -0.70588235294117574        378.89344561843382     
   5.6470588235294130      -0.70588235294117574        492.63268446035147     
   6.0000000000000000      -0.70588235294117574        630.09589583791251     
  
  -6.0000000000000000      -0.35294117647058787        629.88610650665203     
  -5.6470588235294121      -0.35294117647058787        492.42414080380343     
  -5.2941176470588234      -0.35294117647058787        378.68614763659838     
  -4.9411764705882355      -0.35294117647058787        285.78595466514673     
  -4.5882352941176467      -0.35294117647058787        211.02359421664733     
  -4.2352941176470589      -0.35294117647058787        151.88530328538934     
  -3.8823529411764706      -0.35294117647058787        106.04352353275108     
  -3.5294117647058822      -0.35294117647058787        71.356901287200955     
  -3.1764705882352939      -0.35294117647058787        45.870287544296971     
  -2.8235294117647056      -0.35294117647058787        27.814737966686799     
  -2.4705882352941173      -0.35294117647058787        15.607512884107903     
  -2.1176470588235290      -0.35294117647058787        7.8520772933874170     
  -1.7647058823529411      -0.35294117647058787        3.3381008584422016     
  -1.4117647058823524      -0.35294117647058787        1.0414579102788224     
  -1.0588235294117645      -0.35294117647058787       0.12422744699357728     
 -0.70588235294117574      -0.35294117647058787       -6.5306866227538840E-002
 -0.35294117647058787      -0.35294117647058787        7.3433028911908931E-003
   0.0000000000000000      -0.35294117647058787        6.2870953715195563E-002
  0.35294117647058876      -0.35294117647058787        8.1737526996182863E-003
  0.70588235294117663      -0.35294117647058787       -6.3645966610683613E-002
   1.0588235294117654      -0.35294117647058787       0.12671879641886125     
   1.4117647058823533      -0.35294117647058787        1.0447797095125364     
   1.7647058823529420      -0.35294117647058787        3.3422531074843480     
   2.1176470588235308      -0.35294117647058787        7.8570599922380095     
   2.4705882352941178      -0.35294117647058787        15.613326032766906     
   2.8235294117647065      -0.35294117647058787        27.821381565154255     
   3.1764705882352953      -0.35294117647058787        45.877761592572902     
   3.5294117647058822      -0.35294117647058787        71.365205785285227     
   3.8823529411764710      -0.35294117647058787        106.05265848064383     
   4.2352941176470598      -0.35294117647058787        151.89526868309056     
   4.5882352941176485      -0.35294117647058787        211.03439006415718     
   4.9411764705882355      -0.35294117647058787        285.79758096246474     
   5.2941176470588243      -0.35294117647058787        378.69860438372507     
   5.6470588235294130      -0.35294117647058787        492.43742800073852     
   6.0000000000000000      -0.35294117647058787        629.90022415339524     
  
  -6.0000000000000000        0.0000000000000000        629.83029437630842     
  -5.6470588235294121        0.0000000000000000        492.36791344855567     
  -5.2941176470588234        0.0000000000000000        378.62950505644636     
  -4.9411764705882355        0.0000000000000000        285.72889686009052     
  -4.5882352941176467        0.0000000000000000        210.96612118668691     
  -4.2352941176470589        0.0000000000000000        151.82741503052472     
  -3.8823529411764706        0.0000000000000000        105.98522005298224     
  -3.5294117647058822        0.0000000000000000        71.298182582527900     
  -3.1764705882352939        0.0000000000000000        45.811153614719700     
  -2.8235294117647056        0.0000000000000000        27.755188812205315     
  -2.4705882352941173        0.0000000000000000        15.547548504722204     
  -2.1176470588235290        0.0000000000000000        7.7916976890975036     
  -1.7647058823529411        0.0000000000000000        3.2773060292480749     
  -1.4117647058823524        0.0000000000000000       0.98024785618048216     
  -1.0588235294117645        0.0000000000000000        6.2602167991023167E-002
 -0.70588235294117574        0.0000000000000000      -0.12734737013430680     
 -0.35294117647058787        0.0000000000000000       -5.5112425919790847E-002
   0.0000000000000000        0.0000000000000000        0.0000000000000000     
  0.35294117647058876        0.0000000000000000       -5.5112425919791069E-002
  0.70588235294117663        0.0000000000000000      -0.12734737013430680     
   1.0588235294117654        0.0000000000000000        6.2602167991024277E-002
   1.4117647058823533        0.0000000000000000       0.98024785618048571     
   1.7647058823529420        0.0000000000000000        3.2773060292480829     
   2.1176470588235308        0.0000000000000000        7.7916976890975311     
   2.4705882352941178        0.0000000000000000        15.547548504722213     
   2.8235294117647065        0.0000000000000000        27.755188812205351     
   3.1764705882352953        0.0000000000000000        45.811153614719785     
   3.5294117647058822        0.0000000000000000        71.298182582527900     
   3.8823529411764710        0.0000000000000000        105.98522005298229     
   4.2352941176470598        0.0000000000000000        151.82741503052483     
   4.5882352941176485        0.0000000000000000        210.96612118668719     
   4.9411764705882355        0.0000000000000000        285.72889686009052     
   5.2941176470588243        0.0000000000000000        378.62950505644665     
   5.6470588235294130        0.0000000000000000        492.36791344855590     
   6.0000000000000000        0.0000000000000000        629.83029437630842     
  
  -6.0000000000000000       0.35294117647058876        629.90022415339524     
  -5.6470588235294121       0.35294117647058876        492.43742800073829     
  -5.2941176470588234       0.35294117647058876        378.69860438372478     
  -4.9411764705882355       0.35294117647058876        285.79758096246474     
  -4.5882352941176467       0.35294117647058876        211.03439006415690     
  -4.2352941176470589       0.35294117647058876        151.89526868309045     
  -3.8823529411764706       0.35294117647058876        106.05265848064379     
  -3.5294117647058822       0.35294117647058876        71.365205785285227     
  -3.1764705882352939       0.35294117647058876        45.877761592572817     
  -2.8235294117647056       0.35294117647058876        27.821381565154219     
  -2.4705882352941173       0.35294117647058876        15.613326032766897     
  -2.1176470588235290       0.35294117647058876        7.8570599922379829     
  -1.7647058823529411       0.35294117647058876        3.3422531074843396     
  -1.4117647058823524       0.35294117647058876        1.0447797095125333     
  -1.0588235294117645       0.35294117647058876       0.12671879641886047     
 -0.70588235294117574       0.35294117647058876       -6.3645966610683280E-002
 -0.35294117647058787       0.35294117647058876        8.1737526996188484E-003
   0.0000000000000000       0.35294117647058876        6.2870953715195868E-002
  0.35294117647058876       0.35294117647058876        7.3433028911910015E-003
  0.70588235294117663       0.35294117647058876       -6.5306866227538535E-002
   1.0588235294117654       0.35294117647058876       0.12422744699357871     
   1.4117647058823533       0.35294117647058876        1.0414579102788264     
   1.7647058823529420       0.35294117647058876        3.3381008584422096     
   2.1176470588235308       0.35294117647058876        7.8520772933874436     
   2.4705882352941178       0.35294117647058876        15.607512884107912     
   2.8235294117647065       0.35294117647058876        27.814737966686835     
   3.1764705882352953       0.35294117647058876        45.870287544297057     
   3.5294117647058822       0.35294117647058876        71.356901287200955     
   3.8823529411764710       0.35294117647058876        106.04352353275112     
   4.2352941176470598       0.35294117647058876        151.88530328538945     
   4.5882352941176485       0.35294117647058876        211.02359421664761     
   4.9411764705882355       0.35294117647058876        285.78595466514673     
   5.2941176470588243       0.35294117647058876        378.68614763659866     
   5.6470588235294130       0.35294117647058876        492.42414080380365     
   6.0000000000000000       0.35294117647058876        629.88610650665203     
  
  -6.0000000000000000       0.70588235294117663        630.09589583791251     
  -5.6470588235294121       0.70588235294117663        492.63268446035124     
  -5.2941176470588234       0.70588235294117663        378.89344561843353     
  -4.9411764705882355       0.70588235294117663        285.99200697226928     
  -4.5882352941176467       0.70588235294117663        211.22840084905727     
  -4.2352941176470589       0.70588235294117663        152.08886424308662     
  -3.8823529411764706       0.70588235294117663        106.24583881573572     
  -3.5294117647058822       0.70588235294117663        71.557970895472948     
  -3.1764705882352939       0.70588235294117663        46.070111477856329     
  -2.8235294117647056       0.70588235294117663        28.013316225533515     
  -2.4705882352941173       0.70588235294117663        15.804845468241981     
  -2.1176470588235290       0.70588235294117663        8.0481642028088523     
  -1.7647058823529411       0.70588235294117663        3.5329420931509956     
  -1.4117647058823524       0.70588235294117663        1.2350534702749754     
  -1.0588235294117645       0.70588235294117663       0.31657733227708890     
 -0.70588235294117574       0.70588235294117663       0.12579734434333134     
 -0.35294117647058787       0.70588235294117663       0.19720183874941966     
   0.0000000000000000       0.70588235294117663       0.25148381486078286     
  0.35294117647058876       0.70588235294117663       0.19554093913256418     
  0.70588235294117663       0.70588235294117663       0.12247554510962085     
   1.0588235294117654       0.70588235294117663       0.31159463342652427     
   1.4117647058823533       0.70588235294117663        1.2284098718075580     
   1.7647058823529420       0.70588235294117663        3.5246375950667281     
   2.1176470588235308       0.70588235294117663        8.0381988051077471     
   2.4705882352941178       0.70588235294117663        15.793219170924003     
   2.8235294117647065       0.70588235294117663        28.000029028598711     
   3.1764705882352953       0.70588235294117663        46.055163381304716     
   3.5294117647058822       0.70588235294117663        71.541361899304405     
   3.8823529411764710       0.70588235294117663        106.22756891995036     
   4.2352941176470598       0.70588235294117663        152.06893344768449     
   4.5882352941176485       0.70588235294117663        211.20680915403844     
   4.9411764705882355       0.70588235294117663        285.96875437763327     
   5.2941176470588243       0.70588235294117663        378.86853212418100     
   5.6470588235294130       0.70588235294117663        492.60611006648179     
   6.0000000000000000       0.70588235294117663        630.06766054442596     
  
  -6.0000000000000000        1.0588235294117654        630.41730942986010     
  -5.6470588235294121        1.0588235294117654        492.95368282739469     
  -5.2941176470588234        1.0588235294117654        379.21402876057272     
  -4.9411764705882355        1.0588235294117654        286.31217488950426     
  -4.5882352941176467        1.0588235294117654        211.54815354138802     
  -4.2352941176470589        1.0588235294117654        152.40820171051317     
  -3.8823529411764706        1.0588235294117654        106.56476105825806     
  -3.5294117647058822        1.0588235294117654        71.876477913091080     
  -3.1764705882352939        1.0588235294117654        46.388203270570230     
  -2.8235294117647056        1.0588235294117654        28.330992793343206     
  -2.4705882352941173        1.0588235294117654        16.122106811147454     
  -2.1176470588235290        1.0588235294117654        8.3650103208101143     
  -1.7647058823529411        1.0588235294117654        3.8493729862480435     
  -1.4117647058823524        1.0588235294117654        1.5510691384678097     
  -1.0588235294117645        1.0588235294117654       0.63217777556570942     
 -0.70588235294117574        1.0588235294117654       0.44098256272773800     
 -0.35294117647058787        1.0588235294117654       0.51197183222961251     
   0.0000000000000000        1.0588235294117654       0.56583858343676197     
  0.35294117647058876        1.0588235294117654       0.50948048280432945     
  0.70588235294117663        1.0588235294117654       0.43599986387717227     
   1.0588235294117654        1.0588235294117654       0.62470372728986190     
   1.4117647058823533        1.0588235294117654        1.5411037407666819     
   1.7647058823529420        1.0588235294117654        3.8369162391216376     
   2.1176470588235308        1.0588235294117654        8.3500622242584441     
   2.4705882352941178        1.0588235294117654        16.104667365170485     
   2.8235294117647065        1.0588235294117654        28.311061997940978     
   3.1764705882352953        1.0588235294117654        46.365781125742771     
   3.5294117647058822        1.0588235294117654        71.851564418838251     
   3.8823529411764710        1.0588235294117654        106.53735621457999     
   4.2352941176470598        1.0588235294117654        152.37830551740990     
   4.5882352941176485        1.0588235294117654        211.51576599885962     
   4.9411764705882355        1.0588235294117654        286.27729599755025     
   5.2941176470588243        1.0588235294117654        379.17665851919378     
   5.6470588235294130        1.0588235294117654        492.91382123659037     
   6.0000000000000000        1.0588235294117654        630.37495648963034     
  
  -6.0000000000000000        1.4117647058823533        630.86446492923812     
  -5.6470588235294121        1.4117647058823533        493.40042310186845     
  -5.2941176470588234        1.4117647058823533        379.66035381014228     
  -4.9411764705882355        1.4117647058823533        286.75808471416963     
  -4.5882352941176467        1.4117647058823533        211.99364814114918     
  -4.2352941176470589        1.4117647058823533        152.85328108537010     
  -3.8823529411764706        1.4117647058823533        107.00942520821077     
  -3.5294117647058822        1.4117647058823533        72.320726838139578     
  -3.1764705882352939        1.4117647058823533        46.832036970714526     
  -2.8235294117647056        1.4117647058823533        28.774411268583290     
  -2.4705882352941173        1.4117647058823533        16.565110061483324     
  -2.1176470588235290        1.4117647058823533        8.8075983462417682     
  -1.7647058823529411        1.4117647058823533        4.2915457867754823     
  -1.4117647058823524        1.4117647058823533        1.9928267140910343     
  -1.0588235294117645        1.4117647058823533        1.0735201262847203     
 -0.70588235294117574        1.4117647058823533       0.88190968854253515     
 -0.35294117647058787        1.4117647058823533       0.95248373314019585     
   0.0000000000000000        1.4117647058823533        1.0059352594431314     
  0.35294117647058876        1.4117647058823533       0.94916193390648507     
  0.70588235294117663        1.4117647058823533       0.87526609007511413     
   1.0588235294117654        1.4117647058823533        1.0635547285835900     
   1.4117647058823533        1.4117647058823533        1.9795395171561960     
   1.7647058823529420        1.4117647058823533        4.2749367906069384     
   2.1176470588235308        1.4117647058823533        8.7876675508395312     
   2.4705882352941178        1.4117647058823533        16.541857466847357     
   2.8235294117647065        1.4117647058823533        28.747836874713641     
   3.1764705882352953        1.4117647058823533        46.802140777611221     
   3.5294117647058822        1.4117647058823533        72.287508845802478     
   3.8823529411764710        1.4117647058823533        106.97288541664000     
   4.2352941176470598        1.4117647058823533        152.81341949456569     
   4.5882352941176485        1.4117647058823533        211.95046475111121     
   4.9411764705882355        1.4117647058823533        286.71157952489767     
   5.2941176470588243        1.4117647058823533        379.61052682163694     
   5.6470588235294130        1.4117647058823533        493.34727431412932     
   6.0000000000000000        1.4117647058823533        630.80799434226503     
  
  -6.0000000000000000        1.7647058823529420        631.43736233604648     
  -5.6470588235294121        1.7647058823529420        493.97290528377266     
  -5.2941176470588234        1.7647058823529420        380.23242076714229     
  -4.9411764705882355        1.7647058823529420        287.32973644626537     
  -4.5882352941176467        1.7647058823529420        212.56488464834069     
  -4.2352941176470589        1.7647058823529420        153.42410236765741     
  -3.8823529411764706        1.7647058823529420        107.57983126559390     
  -3.5294117647058822        1.7647058823529420        72.890717670618486     
  -3.1764705882352939        1.7647058823529420        47.401612578289210     
  -2.8235294117647056        1.7647058823529420        29.343571651253757     
  -2.4705882352941173        1.7647058823529420        17.133855219249579     
  -2.1176470588235290        1.7647058823529420        9.3759282791038121     
  -1.7647058823529411        1.7647058823529420        4.8594604947333142     
  -1.4117647058823524        1.7647058823529420        2.5603261971446520     
  -1.0588235294117645        1.7647058823529420        1.6406043844341240     
 -0.70588235294117574        1.7647058823529420        1.4485787217877251     
 -0.35294117647058787        1.7647058823529420        1.5187375414811719     
   0.0000000000000000        1.7647058823529420        1.5717738428798937     
  0.35294117647058876        1.7647058823529420        1.5145852924390335     
  0.70588235294117663        1.7647058823529420        1.4402742237034489     
   1.0588235294117654        1.7647058823529420        1.6281476373077108     
   1.4117647058823533        1.7647058823529420        2.5437172009761029     
   1.7647058823529420        1.7647058823529420        4.8386992495226311     
   2.1176470588235308        1.7647058823529420        9.3510147848510101     
   2.4705882352941178        1.7647058823529420        17.104789475954625     
   2.8235294117647065        1.7647058823529420        29.310353658916689     
   3.1764705882352953        1.7647058823529420        47.364242336910053     
   3.5294117647058822        1.7647058823529420        72.849195180197114     
   3.8823529411764710        1.7647058823529420        107.53415652613042     
   4.2352941176470598        1.7647058823529420        153.37427537915187     
   4.5882352941176485        1.7647058823529420        212.51090541079319     
   4.9411764705882355        1.7647058823529420        287.27160495967547     
   5.2941176470588243        1.7647058823529420        380.17013703151054     
   5.6470588235294130        1.7647058823529420        493.90646929909866     
   6.0000000000000000        1.7647058823529420        631.36677410233017     
  
  -6.0000000000000000        2.1176470588235308        632.13600165028538     
  -5.6470588235294121        2.1176470588235308        494.67112937310719     
  -5.2941176470588234        2.1176470588235308        380.93022963157262     
  -4.9411764705882355        2.1176470588235308        288.02713008579150     
  -4.5882352941176467        2.1176470588235308        213.26186306296262     
  -4.2352941176470589        2.1176470588235308        154.12066555737513     
  -3.8823529411764706        2.1176470588235308        108.27597923040739     
  -3.5294117647058822        2.1176470588235308        73.586450410527775     
  -3.1764705882352939        2.1176470588235308        48.096930093294290     
  -2.8235294117647056        2.1176470588235308        30.038473941354624     
  -2.4705882352941173        2.1176470588235308        17.828342284446233     
  -2.1176470588235290        2.1176470588235308        10.070000119396248     
  -1.7647058823529411        2.1176470588235308        5.5531171101215371     
  -1.4117647058823524        2.1176470588235308        3.2535675876286612     
  -1.0588235294117645        2.1176470588235308        2.3334305500139196     
 -0.70588235294117574        2.1176470588235308        2.1409896624633067     
 -0.35294117647058787        2.1176470588235308        2.2107332572525400     
   0.0000000000000000        2.1176470588235308        2.2633543337470479     
  0.35294117647058876        2.1176470588235308        2.2057505584019736     
  0.70588235294117663        2.1176470588235308        2.1310242647621753     
   1.0588235294117654        2.1176470588235308        2.3184824534622233     
   1.4117647058823533        2.1176470588235308        3.2336367922264020     
   1.7647058823529420        2.1176470588235308        5.5282036158687173     
   2.1176470588235308        2.1176470588235308        10.040103926292883     
   2.4705882352941178        2.1176470588235308        17.793463392492281     
   2.8235294117647065        2.1176470588235308        29.998612350550136     
   3.1764705882352953        2.1176470588235308        48.052085803639287     
   3.5294117647058822        2.1176470588235308        73.536623422022117     
   3.8823529411764710        2.1176470588235308        108.22116954305120     
   4.2352941176470598        2.1176470588235308        154.06087317116845     
   4.5882352941176485        2.1176470588235308        213.19708797790557     
   4.9411764705882355        2.1176470588235308        287.95737230188359     
   5.2941176470588243        2.1176470588235308        380.85548914881446     
   5.6470588235294130        2.1176470588235308        494.59140619149838     
   6.0000000000000000        2.1176470588235308        632.05129576982574     
  
  -6.0000000000000000        2.4705882352941178        632.96038287195449     
  -5.6470588235294121        2.4705882352941178        495.49509536987222     
  -5.2941176470588234        2.4705882352941178        381.75378040343344     
  -4.9411764705882355        2.4705882352941178        288.85026563274806     
  -4.5882352941176467        2.4705882352941178        214.08458338501495     
  -4.2352941176470589        2.4705882352941178        154.94297065452324     
  -3.8823529411764706        2.4705882352941178        109.09786910265129     
  -3.5294117647058822        2.4705882352941178        74.407925057867459     
  -3.1764705882352939        2.4705882352941178        48.917989515729758     
  -2.8235294117647056        2.4705882352941178        30.859118138885876     
  -2.4705882352941173        2.4705882352941178        18.648571257073272     
  -2.1176470588235290        2.4705882352941178        10.889813867119074     
  -1.7647058823529411        2.4705882352941178        6.3725156329401473     
  -1.4117647058823524        2.4705882352941178        4.0725508855430581     
  -1.0588235294117645        2.4705882352941178        3.1519986230241019     
 -0.70588235294117574        2.4705882352941178        2.9591425105692757     
 -0.35294117647058787        2.4705882352941178        3.0284708804542952     
   0.0000000000000000        2.4705882352941178        3.0806767320445889     
  0.35294117647058876        2.4705882352941178        3.0226577317953014     
  0.70588235294117663        2.4705882352941178        2.9475162132512889     
   1.0588235294117654        2.4705882352941178        3.1345591770471235     
   1.4117647058823533        2.4705882352941178        4.0492982909070880     
   1.7647058823529420        2.4705882352941178        6.3434498896451892     
   2.1176470588235308        2.4705882352941178        10.854934975165140     
   2.4705882352941178        2.4705882352941178        18.607879216460326     
   2.8235294117647065        2.4705882352941178        30.812612949613964     
   3.1764705882352953        2.4705882352941178        48.865671177798902     
   3.5294117647058822        2.4705882352941178        74.349793571277530     
   3.8823529411764710        2.4705882352941178        109.03392446740241     
   4.2352941176470598        2.4705882352941178        154.87321287061545     
   4.5882352941176485        2.4705882352941178        214.00901245244833     
   4.9411764705882355        2.4705882352941178        288.76888155152216     
   5.2941176470588243        2.4705882352941178        381.66658317354882     
   5.6470588235294130        2.4705882352941178        495.40208499132854     
   6.0000000000000000        2.4705882352941178        632.86155934475164     
  
  -6.0000000000000000        2.8235294117647065        633.91050600105405     
  -5.6470588235294121        2.8235294117647065        496.44480327406751     
  -5.2941176470588234        2.8235294117647065        382.70307308272453     
  -4.9411764705882355        2.8235294117647065        289.79914308713495     
  -4.5882352941176467        2.8235294117647065        215.03304561449767     
  -4.2352941176470589        2.8235294117647065        155.89101765910175     
  -3.8823529411764706        2.8235294117647065        110.04550088232558     
  -3.5294117647058822        2.8235294117647065        75.355141612637539     
  -3.1764705882352939        2.8235294117647065        49.864790845595621     
  -2.8235294117647056        2.8235294117647065        31.805504243847523     
  -2.4705882352941173        2.8235294117647065        19.594542137130702     
  -2.1176470588235290        2.8235294117647065        11.835369522272291     
  -1.7647058823529411        2.8235294117647065        7.3176560631891530     
  -1.4117647058823524        2.8235294117647065        5.0172760908878500     
  -1.0588235294117645        2.8235294117647065        4.0963086034646805     
 -0.70588235294117574        2.8235294117647065        3.9030372661056401     
 -0.35294117647058787        2.8235294117647065        3.9719504110864459     
   0.0000000000000000        2.8235294117647065        4.0237410377725258     
  0.35294117647058876        2.8235294117647065        3.9653068126190250     
  0.70588235294117663        2.8235294117647065        3.8897500691707978     
   1.0588235294117654        2.8235294117647065        4.0763778080624187     
   1.4117647058823533        2.8235294117647065        4.9907016970181699     
   1.7647058823529420        2.8235294117647065        7.2844380708520564     
   2.1176470588235308        2.8235294117647065        11.795507931467794     
   2.4705882352941178        2.8235294117647065        19.548036947858765     
   2.8235294117647065        2.8235294117647065        31.752355456108191     
   3.1764705882352953        2.8235294117647065        49.804998459388919     
   3.5294117647058822        2.8235294117647065        75.288705627963324     
   3.8823529411764710        2.8235294117647065        109.97242129918399     
   4.2352941176470598        2.8235294117647065        155.81129447749282     
   4.5882352941176485        2.8235294117647065        214.94667883442148     
   4.9411764705882355        2.8235294117647065        289.70613270859104     
   5.2941176470588243        2.8235294117647065        382.60341910571350     
   5.6470588235294130        2.8235294117647065        496.33850569858902     
   6.0000000000000000        2.8235294117647065        633.79756482710798     
  
  -6.0000000000000000        3.1764705882352953        634.98637103758404     
  -5.6470588235294121        3.1764705882352953        497.52025308569324     
  -5.2941176470588234        3.1764705882352953        383.77810766944606     
  -4.9411764705882355        3.1764705882352953        290.87376244895228     
  -4.5882352941176467        3.1764705882352953        216.10724975141079     
  -4.2352941176470589        3.1764705882352953        156.96480657111064     
  -3.8823529411764706        3.1764705882352953        111.11887456943026     
  -3.5294117647058822        3.1764705882352953        76.428100074838000     
  -3.1764705882352939        3.1764705882352953        50.937334082891866     
  -2.8235294117647056        3.1764705882352953        32.877632256239565     
  -2.4705882352941173        3.1764705882352953        20.666254924618528     
  -2.1176470588235290        3.1764705882352953        12.906667084855904     
  -1.7647058823529411        3.1764705882352953        8.3885384008685513     
  -1.4117647058823524        3.1764705882352953        6.0877432036630346     
  -1.0588235294117645        3.1764705882352953        5.1663604913356513     
 -0.70588235294117574        3.1764705882352953        4.9726739290723971     
 -0.35294117647058787        3.1764705882352953        5.0411718491489887     
   0.0000000000000000        3.1764705882352953        5.0925472509308554     
  0.35294117647058876        3.1764705882352953        5.0336978008731403     
  0.70588235294117663        3.1764705882352953        4.9577258325206994     
   1.0588235294117654        3.1764705882352953        5.1439383465081070     
   1.4117647058823533        3.1764705882352953        6.0578470105596436     
   1.7647058823529420        3.1764705882352953        8.3511681594893172     
   2.1176470588235308        3.1764705882352953        12.861822795200842     
   2.4705882352941178        3.1764705882352953        20.613936586687597     
   2.8235294117647065        3.1764705882352953        32.817839870032806     
   3.1764705882352953        3.1764705882352953        50.870067648409318     
   3.5294117647058822        3.1764705882352953        76.353359592079514     
   3.8823529411764710        3.1764705882352953        111.03666003839596     
   4.2352941176470598        3.1764705882352953        156.87511799180058     
   4.5882352941176485        3.1764705882352953        216.01008712382503     
   4.9411764705882355        3.1764705882352953        290.76912577309042     
   5.2941176470588243        3.1764705882352953        383.66599694530862     
   5.6470588235294130        3.1764705882352953        497.40066831327994     
   6.0000000000000000        3.1764705882352953        634.85931221689452     
  
  -6.0000000000000000        3.5294117647058822        636.18797798154435     
  -5.6470588235294121        3.5294117647058822        498.72144480474941     
  -5.2941176470588234        3.5294117647058822        384.97888416359797     
  -4.9411764705882355        3.5294117647058822        292.07412371819998     
  -4.5882352941176467        3.5294117647058822        217.30719579575427     
  -4.2352941176470589        3.5294117647058822        158.16433739054995     
  -3.8823529411764706        3.5294117647058822        112.31799016396532     
  -3.5294117647058822        3.5294117647058822        77.626800444468856     
  -3.1764705882352939        3.5294117647058822        52.135619227618513     
  -2.8235294117647056        3.5294117647058822        34.075502176061988     
  -2.4705882352941173        3.5294117647058822        21.863709619536738     
  -2.1176470588235290        3.5294117647058822        14.103706554869902     
  -1.7647058823529411        3.5294117647058822        9.5851626459783343     
  -1.4117647058823524        3.5294117647058822        7.2839522238686030     
  -1.0588235294117645        3.5294117647058822        6.3621542866370060     
 -0.70588235294117574        3.5294117647058822        6.1680524994695380     
 -0.35294117647058787        3.5294117647058822        6.2361351946419159     
   0.0000000000000000        3.5294117647058822        6.2870953715195688     
  0.35294117647058876        3.5294117647058822        6.2278306965576400     
  0.70588235294117663        3.5294117647058822        6.1514435033009853     
   1.0588235294117654        3.5294117647058822        6.3372407923841791     
   1.4117647058823533        3.5294117647058822        7.2507342315315020     
   1.7647058823529420        3.5294117647058822        9.5436401555569610     
   2.1176470588235308        3.5294117647058822        14.053879566364271     
   2.4705882352941178        3.5294117647058822        21.805578132946817     
   2.8235294117647065        3.5294117647058822        34.009066191387817     
   3.1764705882352953        3.5294117647058822        52.060878744860112     
   3.5294117647058822        3.5294117647058822        77.543755463626084     
   3.8823529411764710        3.5294117647058822        112.22664068503833     
   4.2352941176470598        3.5294117647058822        158.06468341353875     
   4.5882352941176485        3.5294117647058822        217.19923732065897     
   4.9411764705882355        3.5294117647058822        291.95786074502013     
   5.2941176470588243        3.5294117647058822        384.85431669233412     
   5.6470588235294130        3.5294117647058822        498.58857283540124     
   6.0000000000000000        3.5294117647058822        636.04680151411162     
  
  -6.0000000000000000        3.8823529411764710        637.51532683293510     
  -5.6470588235294121        3.8823529411764710        500.04837843123596     
  -5.2941176470588234        3.8823529411764710        386.30540256518032     
  -4.9411764705882355        3.8823529411764710        293.40022689487813     
  -4.5882352941176467        3.8823529411764710        218.63288374752818     
  -4.2352941176470589        3.8823529411764710        159.48961011741963     
  -3.8823529411764706        3.8823529411764710        113.64284766593079     
  -3.5294117647058822        3.8823529411764710        78.951242721530093     
  -3.1764705882352939        3.8823529411764710        53.459646279775541     
  -2.8235294117647056        3.8823529411764710        35.399114003314807     
  -2.4705882352941173        3.8823529411764710        23.186906221885348     
  -2.1176470588235290        3.8823529411764710        15.426487932314295     
  -1.7647058823529411        3.8823529411764710        10.907528798518515     
  -1.4117647058823524        3.8823529411764710        8.6059031515045703     
  -1.0588235294117645        3.8823529411764710        7.6836899893687587     
 -0.70588235294117574        3.8823529411764710        7.4891729772970770     
 -0.35294117647058787        3.8823529411764710        7.5568404475652411     
   0.0000000000000000        3.8823529411764710        7.6073853995386802     
  0.35294117647058876        3.8823529411764710        7.5477054996725377     
  0.70588235294117663        3.8823529411764710        7.4709030815116693     
   1.0588235294117654        3.8823529411764710        7.6562851456906493     
   1.4117647058823533        3.8823529411764710        8.5693633599337584     
   1.7647058823529420        3.8823529411764710        10.861854059055004     
   2.1176470588235308        3.8823529411764710        15.371678244958099     
   2.4705882352941178        3.8823529411764710        23.122961586636428     
   2.8235294117647065        3.8823529411764710        35.326034420173215     
   3.1764705882352953        3.8823529411764710        53.377431748741294     
   3.5294117647058822        3.8823529411764710        78.859893242603064     
   3.8823529411764710        3.8823529411764710        113.54236323911108     
   4.2352941176470598        3.8823529411764710        159.37999074270729     
   4.5882352941176485        3.8823529411764710        218.51412942492331     
   4.9411764705882355        3.8823529411764710        293.27233762438027     
   5.2941176470588243        3.8823529411764710        386.16837834679006     
   5.6470588235294130        3.8823529411764710        499.90221926495292     
   6.0000000000000000        3.8823529411764710        637.36003271875916     
  
  -6.0000000000000000        4.2352941176470598        638.96841759175618     
  -5.6470588235294121        4.2352941176470598        501.50105396515289     
  -5.2941176470588234        4.2352941176470598        387.75766287419299     
  -4.9411764705882355        4.2352941176470598        294.85207197898660     
  -4.5882352941176467        4.2352941176470598        220.08431360673245     
  -4.2352941176470589        4.2352941176470598        160.94062475171970     
  -3.8823529411764706        4.2352941176470598        115.09344707532664     
  -3.5294117647058822        4.2352941176470598        80.401426906021740     
  -3.1764705882352939        4.2352941176470598        54.909415239362971     
  -2.8235294117647056        4.2352941176470598        36.848467737998021     
  -2.4705882352941173        4.2352941176470598        24.635844731664349     
  -2.1176470588235290        4.2352941176470598        16.875011217189083     
  -1.7647058823529411        4.2352941176470598        12.355636858489088     
  -1.4117647058823524        4.2352941176470598        10.053595986570929     
  -1.0588235294117645        4.2352941176470598        9.1309675995309032     
 -0.70588235294117574        4.2352941176470598        8.9360353625550086     
 -0.35294117647058787        4.2352941176470598        9.0032876079189581     
   0.0000000000000000        4.2352941176470598        9.0534173349881844     
  0.35294117647058876        4.2352941176470598        8.9933222102178263     
  0.70588235294117663        4.2352941176470598        8.9161045671527450     
   1.0588235294117654        4.2352941176470598        9.1010714064275113     
   1.4117647058823533        4.2352941176470598        10.013734395766408     
   1.7647058823529420        4.2352941176470598        12.305809869983438     
   2.1176470588235308        4.2352941176470598        16.815218830982321     
   2.4705882352941178        4.2352941176470598        24.566086947756435     
   2.8235294117647065        4.2352941176470598        36.768744556389009     
   3.1764705882352953        4.2352941176470598        54.819726660052872     
   3.5294117647058822        4.2352941176470598        80.301772929010426     
   3.8823529411764710        4.2352941176470598        114.98382770061424     
   4.2352941176470598        4.2352941176470598        160.82103997930622     
   4.5882352941176485        4.2352941176470598        219.95476343661804     
   4.9411764705882355        4.2352941176470598        294.71255641117074     
   5.2941176470588243        4.2352941176470598        387.60818190867633     
   5.6470588235294130        4.2352941176470598        501.34160760193498     
   6.0000000000000000        4.2352941176470598        638.79900583083702     
  
  -6.0000000000000000        4.5882352941176485        640.54725025800781     
  -5.6470588235294121        4.5882352941176485        503.07947140650020     
  -5.2941176470588234        4.5882352941176485        389.33566509063616     
  -4.9411764705882355        4.5882352941176485        296.42965897052551     
  -4.5882352941176467        4.5882352941176485        221.66148537336713     
  -4.2352941176470589        4.5882352941176485        162.51738129345014     
  -3.8823529411764706        4.5882352941176485        116.66978839215290     
  -3.5294117647058822        4.5882352941176485        81.977352997943782     
  -3.1764705882352939        4.5882352941176485        56.484926106380790     
  -2.8235294117647056        4.5882352941176485        38.423563380111631     
  -2.4705882352941173        4.5882352941176485        26.210525148873739     
  -2.1176470588235290        4.5882352941176485        18.449276409494260     
  -1.7647058823529411        4.5882352941176485        13.929486825890050     
  -1.4117647058823524        4.5882352941176485        11.627030729067679     
  -1.0588235294117645        4.5882352941176485        10.703987117123440     
 -0.70588235294117574        4.5882352941176485        10.508639655243330     
 -0.35294117647058787        4.5882352941176485        10.575476675703067     
   0.0000000000000000        4.5882352941176485        10.625191177868079     
  0.35294117647058876        4.5882352941176485        10.564680828193508     
  0.70588235294117663        4.5882352941176485        10.487047960224212     
   1.0588235294117654        4.5882352941176485        10.671599574594765     
   1.4117647058823533        4.5882352941176485        11.583847339029447     
   1.7647058823529420        4.5882352941176485        13.875507588342264     
   2.1176470588235308        4.5882352941176485        18.384501324436933     
   2.4705882352941178        4.5882352941176485        26.134954216306834     
   2.8235294117647065        4.5882352941176485        38.337196600035185     
   3.1764705882352953        4.5882352941176485        56.387763478794845     
   3.5294117647058822        4.5882352941176485        81.869394522848182     
   3.8823529411764710        4.5882352941176485        116.55103406954778     
   4.2352941176470598        4.5882352941176485        162.38783112333556     
   4.5882352941176485        4.5882352941176485        221.52113935574314     
   4.9411764705882355        4.5882352941176485        296.27851710539170     
   5.2941176470588243        4.5882352941176485        389.17372737799303     
   5.6470588235294130        4.5882352941176485        502.90673784634748     
   6.0000000000000000        4.5882352941176485        640.36372085034532     
  
  -6.0000000000000000        4.9411764705882355        642.25182483168965     
  -5.6470588235294121        4.9411764705882355        504.78363075527790     
  -5.2941176470588234        4.9411764705882355        391.03940921450965     
  -4.9411764705882355        4.9411764705882355        298.13298786949480     
  -4.5882352941176467        4.9411764705882355        223.36439904743219     
  -4.2352941176470589        4.9411764705882355        164.21987974261097     
  -3.8823529411764706        4.9411764705882355        118.37187161640951     
  -3.5294117647058822        4.9411764705882355        83.679020997296192     
  -3.1764705882352939        4.9411764705882355        58.186178880828997     
  -2.8235294117647056        4.9411764705882355        40.124400929655614     
  -2.4705882352941173        4.9411764705882355        27.910947473513513     
  -2.1176470588235290        4.9411764705882355        20.149283509229821     
  -1.7647058823529411        4.9411764705882355        15.629078700721397     
  -1.4117647058823524        4.9411764705882355        13.326207378994813     
  -1.0588235294117645        4.9411764705882355        12.402748542146359     
 -0.70588235294117574        4.9411764705882355        12.206985855362037     
 -0.35294117647058787        4.9411764705882355        12.273407650917559     
   0.0000000000000000        4.9411764705882355        12.322706928178356     
  0.35294117647058876        4.9411764705882355        12.261781353599572     
  0.70588235294117663        4.9411764705882355        12.183733260726063     
   1.0588235294117654        4.9411764705882355        12.367869650192400     
   1.4117647058823533        4.9411764705882355        13.279702189722869     
   1.7647058823529420        4.9411764705882355        15.570947214131474     
   2.1176470588235308        4.9411764705882355        20.079525725321929     
   2.4705882352941178        4.9411764705882355        27.829563392287618     
   2.8235294117647065        4.9411764705882355        40.031390551111762     
   3.1764705882352953        4.9411764705882355        58.081542204967199     
   3.5294117647058822        4.9411764705882355        83.562758024116334     
   3.8823529411764710        4.9411764705882355        118.24398234591172     
   4.2352941176470598        4.9411764705882355        164.08036417479525     
   4.5882352941176485        4.9411764705882355        223.21325718229863     
   4.9411764705882355        4.9411764705882355        297.97021970704299     
   5.2941176470588243        4.9411764705882355        390.86501475474012     
   5.6470588235294130        4.9411764705882355        504.59760999819036     
   6.0000000000000000        4.9411764705882355        642.05417777728383     
  
  -6.0000000000000000        5.2941176470588243        644.08214131280192     
  -5.6470588235294121        5.2941176470588243        506.61353201148603     
  -5.2941176470588234        5.2941176470588243        392.86889524581352     
  -4.9411764705882355        5.2941176470588243        299.96205867589447     
  -4.5882352941176467        5.2941176470588243        225.19305462892763     
  -4.2352941176470589        5.2941176470588243        166.04812009920221     
  -3.8823529411764706        5.2941176470588243        120.19969674809656     
  -3.5294117647058822        5.2941176470588243        85.506430904079011     
  -3.1764705882352939        5.2941176470588243        60.013173562707593     
  -2.8235294117647056        5.2941176470588243        41.950980386630008     
  -2.4705882352941173        5.2941176470588243        29.737111705583693     
  -2.1176470588235290        5.2941176470588243        21.975032516395785     
  -1.7647058823529411        5.2941176470588243        17.454412482983145     
  -1.4117647058823524        5.2941176470588243        15.151125936352345     
  -1.0588235294117645        5.2941176470588243        14.227251874599681     
 -0.70588235294117574        5.2941176470588243        14.031073962911142     
 -0.35294117647058787        5.2941176470588243        14.097080533562451     
   0.0000000000000000        5.2941176470588243        14.145964585919035     
  0.35294117647058876        5.2941176470588243        14.084623786436037     
  0.70588235294117663        5.2941176470588243        14.006160468658313     
   1.0588235294117654        5.2941176470588243        14.189881633220439     
   1.4117647058823533        5.2941176470588243        15.101298947846692     
   1.7647058823529420        5.2941176470588243        17.392128747351080     
   2.1176470588235308        5.2941176470588243        21.900292033637324     
   2.4705882352941178        5.2941176470588243        29.649914475698800     
   2.8235294117647065        5.2941176470588243        41.851326409618729     
   3.1764705882352953        5.2941176470588243        59.901062838569949     
   3.5294117647058822        5.2941176470588243        85.381863432814868     
   3.8823529411764710        5.2941176470588243        120.06267252970603     
   4.2352941176470598        5.2941176470588243        165.89863913368535     
   4.5882352941176485        5.2941176470588243        225.03111691628453     
   4.9411764705882355        5.2941176470588243        299.78766421612465     
   5.2941176470588243        5.2941176470588243        392.68204403891758     
   5.6470588235294130        5.2941176470588243        506.41422405746363     
   6.0000000000000000        5.2941176470588243        643.87037661165289     
  
  -6.0000000000000000        5.6470588235294130        646.03819970134475     
  -5.6470588235294121        5.6470588235294130        508.56917517512449     
  -5.2941176470588234        5.6470588235294130        394.82412318454777     
  -4.9411764705882355        5.6470588235294130        301.91687138972452     
  -4.5882352941176467        5.6470588235294130        227.14745211785350     
  -4.2352941176470589        5.6470588235294130        168.00210236322388     
  -3.8823529411764706        5.6470588235294130        122.15326378721397     
  -3.5294117647058822        5.6470588235294130        87.459582718292211     
  -3.1764705882352939        5.6470588235294130        61.965910152016590     
  -2.8235294117647056        5.6470588235294130        43.903301751034782     
  -2.4705882352941173        5.6470588235294130        31.689017845084255     
  -2.1176470588235290        5.6470588235294130        23.926523430992134     
  -1.7647058823529411        5.6470588235294130        19.405488172675280     
  -1.4117647058823524        5.6470588235294130        17.101786401140270     
  -1.0588235294117645        5.6470588235294130        16.177497114483391     
 -0.70588235294117574        5.6470588235294130        15.980903977890639     
 -0.35294117647058787        5.6470588235294130        16.046495323637732     
   0.0000000000000000        5.6470588235294130        16.094964151090103     
  0.35294117647058876        5.6470588235294130        16.033208126702892     
  0.70588235294117663        5.6470588235294130        15.954329584020956     
   1.0588235294117654        5.6470588235294130        16.137635523678867     
   1.4117647058823533        5.6470588235294130        17.048637613400906     
   1.7647058823529420        5.6470588235294130        19.339052188001084     
   2.1176470588235308        5.6470588235294130        23.846800249383111     
   2.4705882352941178        5.6470588235294130        31.596007466540367     
   2.8235294117647065        5.6470588235294130        43.797004175556090     
   3.1764705882352953        5.6470588235294130        61.846325379603101     
   3.5294117647058822        5.6470588235294130        87.326710748943796     
   3.8823529411764710        5.6470588235294130        122.00710462093075     
   4.2352941176470598        5.6470588235294130        167.84265600000589     
   4.5882352941176485        5.6470588235294130        226.97471855770084     
   4.9411764705882355        5.6470588235294130        301.73085063263676     
   5.2941176470588243        5.6470588235294130        394.62481523052543     
   5.6470588235294130        5.6470588235294130        508.35658002416727     
   6.0000000000000000        5.6470588235294130        645.81231735345239     
  
  -6.0000000000000000        6.0000000000000000        648.11999999731779     
  -5.6470588235294121        6.0000000000000000        510.65056024619338     
  -5.2941176470588234        6.0000000000000000        396.90509303071241     
  -4.9411764705882355        6.0000000000000000        303.99742601098495     
  -4.5882352941176467        6.0000000000000000        229.22759151420971     
  -4.2352941176470589        6.0000000000000000        170.08182653467588     
  -3.8823529411764706        6.0000000000000000        124.23257273376177     
  -3.5294117647058822        6.0000000000000000        89.538476439935806     
  -3.1764705882352939        6.0000000000000000        64.044388648755969     
  -2.8235294117647056        6.0000000000000000        45.981365022869944     
  -2.4705882352941173        6.0000000000000000        33.766665892015197     
  -2.1176470588235290        6.0000000000000000        26.003756253018867     
  -1.7647058823529411        6.0000000000000000        21.482305769797801     
  -1.4117647058823524        6.0000000000000000        19.178188773358578     
  -1.0588235294117645        6.0000000000000000        18.253484261797485     
 -0.70588235294117574        6.0000000000000000        18.056475900300519     
 -0.35294117647058787        6.0000000000000000        18.121652021143397     
   0.0000000000000000        6.0000000000000000        18.169705623691556     
  0.35294117647058876        6.0000000000000000        18.107534374400128     
  0.70588235294117663        6.0000000000000000        18.028240606813977     
   1.0588235294117654        6.0000000000000000        18.211131321567674     
   1.4117647058823533        6.0000000000000000        19.121718186385500     
   1.7647058823529420        6.0000000000000000        21.411717536081465     
   2.1176470588235308        6.0000000000000000        25.919050372559280     
   2.4705882352941178        6.0000000000000000        33.667842364812330     
   2.8235294117647065        6.0000000000000000        45.868423848923825     
   3.1764705882352953        6.0000000000000000        63.917329828066627     
   3.5294117647058822        6.0000000000000000        89.397299972503106     
   3.8823529411764710        6.0000000000000000        124.07727861958585     
   4.2352941176470598        6.0000000000000000        169.91241477375675     
   4.5882352941176485        6.0000000000000000        229.04406210654750     
   4.9411764705882355        6.0000000000000000        303.79977895657919     
   5.2941176470588243        6.0000000000000000        396.69332832956366     
   5.6470588235294130        6.0000000000000000        510.42467789830130     
   6.0000000000000000        6.0000000000000000        647.88000000268221     
  
