-0.2877376E+01  0.3966281E-05
-0.2880333E+01  0.3771198E-04
-0.2881876E+01  0.2099707E-03
-0.2882105E+01  0.6401875E-03
-0.2882166E+01  0.1109226E-02
-0.2882166E+01  0.1109226E-02
-0.2882105E+01  0.6401875E-03
-0.2881876E+01  0.2099707E-03
-0.2880333E+01  0.3771198E-04
-0.2877376E+01  0.3966281E-05
-0.2156310E+01  0.3499143E-04
-0.2156678E+01  0.3456764E-03
-0.2156695E+01  0.1890605E-02
-0.2156718E+01  0.5760996E-02
-0.2156726E+01  0.9978823E-02
-0.2156726E+01  0.9978823E-02
-0.2156718E+01  0.5760996E-02
-0.2156695E+01  0.1890605E-02
-0.2156678E+01  0.3456764E-03
-0.2156310E+01  0.3499143E-04
-0.1535772E+01  0.1461506E-03
-0.1536011E+01  0.1435015E-02
-0.1536136E+01  0.7865052E-02
-0.1536166E+01  0.2396529E-01
-0.1536176E+01  0.4151282E-01
-0.1536176E+01  0.4151282E-01
-0.1536166E+01  0.2396529E-01
-0.1536136E+01  0.7865052E-02
-0.1536011E+01  0.1435015E-02
-0.1535772E+01  0.1461506E-03
-0.9147285E+00  0.3797391E-03
-0.9149993E+00  0.3740829E-02
-0.9151355E+00  0.2048622E-01
-0.9151668E+00  0.6242076E-01
-0.9151761E+00  0.1081237E+00
-0.9151761E+00  0.1081237E+00
-0.9151668E+00  0.6242076E-01
-0.9151355E+00  0.2048622E-01
-0.9149993E+00  0.3740829E-02
-0.9147285E+00  0.3797391E-03
-0.3016226E+00  0.6799161E-03
-0.3018071E+00  0.6699152E-02
-0.3019156E+00  0.3667059E-01
-0.3019412E+00  0.1117291E+00
-0.3019489E+00  0.1935342E+00
-0.3019489E+00  0.1935342E+00
-0.3019412E+00  0.1117291E+00
-0.3019156E+00  0.3667059E-01
-0.3018071E+00  0.6699152E-02
-0.3016226E+00  0.6799161E-03
 0.3515080E+00  0.7965217E-03
 0.3513549E+00  0.7862680E-02
 0.3512521E+00  0.4301418E-01
 0.3512312E+00  0.1310511E+00
 0.3512255E+00  0.2270012E+00
 0.3512255E+00  0.2270012E+00
 0.3512312E+00  0.1310511E+00
 0.3512521E+00  0.4301418E-01
 0.3513549E+00  0.7862680E-02
 0.3515080E+00  0.7965217E-03
 0.1059524E+01  0.5623132E-03
 0.1059320E+01  0.5559895E-02
 0.1059249E+01  0.3039967E-01
 0.1059232E+01  0.9261515E-01
 0.1059228E+01  0.1604219E+00
 0.1059228E+01  0.1604219E+00
 0.1059232E+01  0.9261515E-01
 0.1059249E+01  0.3039967E-01
 0.1059320E+01  0.5559895E-02
 0.1059524E+01  0.5623132E-03
 0.1903333E+01  0.2338898E-03
 0.1903534E+01  0.2295501E-02
 0.1903226E+01  0.1255199E-01
 0.1903209E+01  0.3823311E-01
 0.1903222E+01  0.6621866E-01
 0.1903222E+01  0.6621866E-01
 0.1903209E+01  0.3823311E-01
 0.1903226E+01  0.1255199E-01
 0.1903534E+01  0.2295501E-02
 0.1903333E+01  0.2338898E-03
 0.3012774E+01  0.3525402E-03
 0.2976243E+01  0.5078727E-02
 0.2981427E+01  0.2612941E-01
 0.2981419E+01  0.7973839E-01
 0.2981030E+01  0.1384716E+00
 0.2981030E+01  0.1384716E+00
 0.2981419E+01  0.7973839E-01
 0.2981427E+01  0.2612941E-01
 0.2976243E+01  0.5078727E-02
 0.3012774E+01  0.3525402E-03
 0.3032109E+01  0.3099934E-03
 0.2993420E+01  0.4609115E-02
 0.2999342E+01  0.2358594E-01
 0.2999340E+01  0.7200164E-01
 0.2998891E+01  0.1250704E+00
 0.2998891E+01  0.1250704E+00
 0.2999340E+01  0.7200164E-01
 0.2999342E+01  0.2358594E-01
 0.2993420E+01  0.4609115E-02
 0.3032109E+01  0.3099933E-03
