 0.2500000E-01 -0.2583348E+00 -0.2914349E+01  0.4376866E+00 -0.2754843E+01  0.7236732E+00 -0.3159036E+01  0.2434837E-01 -0.2783920E+01 -0.5797422E+00 -0.2833140E+01  0.4121351E+00 -0.3069693E+01  0.1570083E+00 -0.2912537E+01 -0.8009080E-01 -0.2995279E+01 -0.1397850E+00 -0.2862535E+01 -0.1054882E+01
-0.2904237E+01
 0.5000000E-01 -0.2582450E+00 -0.2857739E+01  0.4374947E+00 -0.2689781E+01  0.7233894E+00 -0.3115364E+01  0.2434900E-01 -0.2720399E+01 -0.5794853E+00 -0.2772244E+01  0.4119508E+00 -0.3021293E+01  0.1569318E+00 -0.2855821E+01 -0.8009189E-01 -0.2942947E+01 -0.1397290E+00 -0.2803179E+01 -0.1054465E+01
-0.2847131E+01
 0.7500000E-01 -0.2580906E+00 -0.2801137E+01  0.4371636E+00 -0.2624725E+01  0.7229104E+00 -0.3071691E+01  0.2434932E-01 -0.2656885E+01 -0.5790448E+00 -0.2711367E+01  0.4116390E+00 -0.2972892E+01  0.1568017E+00 -0.2799108E+01 -0.8009233E-01 -0.2890620E+01 -0.1396328E+00 -0.2743830E+01 -0.1053753E+01
-0.2790061E+01
 0.1000000E+00 -0.2578688E+00 -0.2744545E+01  0.4366859E+00 -0.2559675E+01  0.7222348E+00 -0.3028018E+01  0.2434880E-01 -0.2593378E+01 -0.5784132E+00 -0.2650509E+01  0.4111981E+00 -0.2924492E+01  0.1566165E+00 -0.2742399E+01 -0.8009126E-01 -0.2838298E+01 -0.1394948E+00 -0.2684489E+01 -0.1052732E+01
-0.2733029E+01
 0.1250000E+00 -0.2575779E+00 -0.2687962E+01  0.4360554E+00 -0.2494636E+01  0.7213635E+00 -0.2984346E+01  0.2434689E-01 -0.2529880E+01 -0.5775847E+00 -0.2589671E+01  0.4106279E+00 -0.2876093E+01  0.1563753E+00 -0.2685695E+01 -0.8008803E-01 -0.2785981E+01 -0.1393136E+00 -0.2625157E+01 -0.1051397E+01
-0.2676035E+01
 0.1500000E+00 -0.2572165E+00 -0.2631391E+01  0.4352667E+00 -0.2429609E+01  0.7203003E+00 -0.2940676E+01  0.2434304E-01 -0.2466392E+01 -0.5765552E+00 -0.2528856E+01  0.4099295E+00 -0.2827697E+01  0.1560777E+00 -0.2628997E+01 -0.8008215E-01 -0.2733672E+01 -0.1390885E+00 -0.2565835E+01 -0.1049741E+01
-0.2619080E+01
 0.1750000E+00 -0.2567842E+00 -0.2574833E+01  0.4343157E+00 -0.2364597E+01  0.7190514E+00 -0.2897010E+01  0.2433675E-01 -0.2402918E+01 -0.5753222E+00 -0.2468064E+01  0.4091055E+00 -0.2779304E+01  0.1557236E+00 -0.2572306E+01 -0.8007333E-01 -0.2681369E+01 -0.1388189E+00 -0.2506525E+01 -0.1047764E+01
-0.2562165E+01
 0.2000000E+00 -0.2562813E+00 -0.2518287E+01  0.4331995E+00 -0.2299603E+01  0.7176256E+00 -0.2853347E+01  0.2432752E-01 -0.2339459E+01 -0.5738850E+00 -0.2407297E+01  0.4081600E+00 -0.2730915E+01  0.1553136E+00 -0.2515624E+01 -0.8006146E-01 -0.2629075E+01 -0.1385049E+00 -0.2447228E+01 -0.1045467E+01
-0.2505294E+01
 0.2250000E+00 -0.2557090E+00 -0.2461756E+01  0.4319161E+00 -0.2234631E+01  0.7160347E+00 -0.2809690E+01  0.2431490E-01 -0.2276018E+01 -0.5722445E+00 -0.2346558E+01  0.4070987E+00 -0.2682532E+01  0.1548488E+00 -0.2458952E+01 -0.8004668E-01 -0.2576790E+01 -0.1381468E+00 -0.2387946E+01 -0.1042855E+01
-0.2448467E+01
 0.2500000E+00 -0.2550691E+00 -0.2405242E+01  0.4304648E+00 -0.2169687E+01  0.7142927E+00 -0.2766040E+01  0.2429846E-01 -0.2212598E+01 -0.5704034E+00 -0.2285849E+01  0.4059287E+00 -0.2634155E+01  0.1543307E+00 -0.2402294E+01 -0.8002928E-01 -0.2524516E+01 -0.1377456E+00 -0.2328682E+01 -0.1039936E+01
-0.2391686E+01
 0.2750000E+00 -0.2543644E+00 -0.2348747E+01  0.4288460E+00 -0.2104774E+01  0.7124165E+00 -0.2722399E+01  0.2427781E-01 -0.2149205E+01 -0.5683661E+00 -0.2225174E+01  0.4046585E+00 -0.2585787E+01  0.1537615E+00 -0.2345650E+01 -0.8000980E-01 -0.2472253E+01 -0.1373023E+00 -0.2269439E+01 -0.1036723E+01
-0.2334954E+01
 0.3000000E+00 -0.2535983E+00 -0.2292273E+01  0.4270613E+00 -0.2039900E+01  0.7104255E+00 -0.2678766E+01  0.2425259E-01 -0.2085842E+01 -0.5661387E+00 -0.2164536E+01  0.4032981E+00 -0.2537428E+01  0.1531435E+00 -0.2289024E+01 -0.7998896E-01 -0.2420004E+01 -0.1368187E+00 -0.2210219E+01 -0.1033229E+01
-0.2278275E+01
 0.3250000E+00 -0.2527750E+00 -0.2235824E+01  0.4251131E+00 -0.1975070E+01  0.7083416E+00 -0.2635144E+01  0.2422248E-01 -0.2022516E+01 -0.5637287E+00 -0.2103939E+01  0.4018589E+00 -0.2489081E+01  0.1524800E+00 -0.2232420E+01 -0.7996768E-01 -0.2367771E+01 -0.1362968E+00 -0.2151026E+01 -0.1029473E+01
-0.2221652E+01
 0.3500000E+00 -0.2518994E+00 -0.2179402E+01  0.4230050E+00 -0.1910294E+01  0.7061890E+00 -0.2591535E+01  0.2418720E-01 -0.1959233E+01 -0.5611453E+00 -0.2043390E+01  0.4003536E+00 -0.2440747E+01  0.1517743E+00 -0.2175839E+01 -0.7994708E-01 -0.2315556E+01 -0.1357391E+00 -0.2091866E+01 -0.1025475E+01
-0.2165088E+01
 0.3750000E+00 -0.2509769E+00 -0.2123011E+01  0.4207414E+00 -0.1845582E+01  0.7039942E+00 -0.2547940E+01  0.2414650E-01 -0.1896002E+01 -0.5583989E+00 -0.1982894E+01  0.3987961E+00 -0.2392428E+01  0.1510303E+00 -0.2119288E+01 -0.7992843E-01 -0.2263361E+01 -0.1351481E+00 -0.2032742E+01 -0.1021258E+01
-0.2108588E+01
 0.4000000E+00 -0.2500151E+00 -0.2066656E+01  0.4183267E+00 -0.1780943E+01  0.7017914E+00 -0.2504362E+01  0.2410063E-01 -0.1832831E+01 -0.5554998E+00 -0.1922458E+01  0.3972017E+00 -0.2344127E+01  0.1502503E+00 -0.2062770E+01 -0.7991529E-01 -0.2211189E+01 -0.1345278E+00 -0.1973662E+01 -0.1016849E+01
-0.2052158E+01
 0.4250000E+00 -0.2490205E+00 -0.2010343E+01  0.4157664E+00 -0.1716392E+01  0.6996125E+00 -0.2460805E+01  0.2404943E-01 -0.1769732E+01 -0.5524603E+00 -0.1862093E+01  0.3955866E+00 -0.2295846E+01  0.1494388E+00 -0.2006291E+01 -0.7990934E-01 -0.2159044E+01 -0.1338813E+00 -0.1914633E+01 -0.1012274E+01
-0.1995806E+01
 0.4500000E+00 -0.2479986E+00 -0.1954078E+01  0.4130711E+00 -0.1651945E+01  0.6974818E+00 -0.2417267E+01  0.2399330E-01 -0.1706718E+01 -0.5492957E+00 -0.1801807E+01  0.3939655E+00 -0.2247589E+01  0.1486023E+00 -0.1949857E+01 -0.7991088E-01 -0.2106930E+01 -0.1332111E+00 -0.1855663E+01 -0.1007562E+01
-0.1939536E+01
 0.4750000E+00 -0.2469565E+00 -0.1897868E+01  0.4102483E+00 -0.1587620E+01  0.6954318E+00 -0.2373753E+01  0.2393218E-01 -0.1643805E+01 -0.5460205E+00 -0.1741611E+01  0.3923558E+00 -0.2199358E+01  0.1477461E+00 -0.1893477E+01 -0.7992149E-01 -0.2054851E+01 -0.1325208E+00 -0.1796762E+01 -0.1002745E+01
-0.1883356E+01
 0.5000000E+00 -0.2459017E+00 -0.1841722E+01  0.4073064E+00 -0.1523439E+01  0.6934959E+00 -0.2330265E+01  0.2386600E-01 -0.1581011E+01 -0.5426502E+00 -0.1681519E+01  0.3907753E+00 -0.2151157E+01  0.1468758E+00 -0.1837160E+01 -0.7994276E-01 -0.2002813E+01 -0.1318140E+00 -0.1737942E+01 -0.9978537E+00
-0.1827275E+01
 0.5250000E+00 -0.2448414E+00 -0.1785650E+01  0.4042538E+00 -0.1459427E+01  0.6917078E+00 -0.2286804E+01  0.2379471E-01 -0.1518357E+01 -0.5392003E+00 -0.1621547E+01  0.3892420E+00 -0.2102990E+01  0.1459970E+00 -0.1780914E+01 -0.7997625E-01 -0.1950821E+01 -0.1310945E+00 -0.1679215E+01 -0.9929215E+00
-0.1771303E+01
 0.5500000E+00 -0.2437833E+00 -0.1729662E+01  0.4010992E+00 -0.1395613E+01  0.6901012E+00 -0.2243373E+01  0.2371822E-01 -0.1455867E+01 -0.5356869E+00 -0.1561712E+01  0.3877742E+00 -0.2054861E+01  0.1451156E+00 -0.1724752E+01 -0.8002345E-01 -0.1898883E+01 -0.1303661E+00 -0.1620598E+01 -0.9879811E+00
-0.1715452E+01
 0.5750000E+00 -0.2427346E+00 -0.1673771E+01  0.3978514E+00 -0.1332030E+01  0.6887094E+00 -0.2199977E+01  0.2363642E-01 -0.1393570E+01 -0.5321258E+00 -0.1502036E+01  0.3863898E+00 -0.2006777E+01  0.1442373E+00 -0.1668688E+01 -0.8008576E-01 -0.1847007E+01 -0.1296325E+00 -0.1562108E+01 -0.9830652E+00
-0.1659735E+01
 0.6000000E+00 -0.2417025E+00 -0.1617994E+01  0.3945189E+00 -0.1268716E+01  0.6875646E+00 -0.2156617E+01  0.2354917E-01 -0.1331497E+01 -0.5285327E+00 -0.1442542E+01  0.3851066E+00 -0.1958741E+01  0.1433678E+00 -0.1612736E+01 -0.8016441E-01 -0.1795202E+01 -0.1288973E+00 -0.1503766E+01 -0.9782058E+00
-0.1604167E+01
 0.6250000E+00 -0.2406939E+00 -0.1562346E+01  0.3911099E+00 -0.1205715E+01  0.6866977E+00 -0.2113298E+01  0.2345628E-01 -0.1269687E+01 -0.5249227E+00 -0.1383257E+01  0.3839414E+00 -0.1910762E+01  0.1425126E+00 -0.1556915E+01 -0.8026048E-01 -0.1743478E+01 -0.1281641E+00 -0.1445596E+01 -0.9734336E+00
-0.1548766E+01
 0.6500000E+00 -0.2397150E+00 -0.1506848E+01  0.3876317E+00 -0.1143075E+01  0.6861377E+00 -0.2070024E+01  0.2335752E-01 -0.1208180E+01 -0.5213100E+00 -0.1324215E+01  0.3829106E+00 -0.1862846E+01  0.1416772E+00 -0.1501244E+01 -0.8037483E-01 -0.1691846E+01 -0.1274361E+00 -0.1387624E+01 -0.9687776E+00
-0.1493551E+01
 0.6750000E+00 -0.2387718E+00 -0.1451521E+01  0.3840911E+00 -0.1080852E+01  0.6859114E+00 -0.2026799E+01  0.2325257E-01 -0.1147026E+01 -0.5177075E+00 -0.1265449E+01  0.3820291E+00 -0.1815002E+01  0.1408665E+00 -0.1445746E+01 -0.8050806E-01 -0.1640321E+01 -0.1267164E+00 -0.1329882E+01 -0.9642646E+00
-0.1438544E+01
 0.7000000E+00 -0.2378692E+00 -0.1396392E+01  0.3804936E+00 -0.1019105E+01  0.6860427E+00 -0.1983629E+01  0.2314109E-01 -0.1086275E+01 -0.5141270E+00 -0.1207001E+01  0.3813107E+00 -0.1767239E+01  0.1400850E+00 -0.1390449E+01 -0.8066051E-01 -0.1588918E+01 -0.1260075E+00 -0.1272403E+01 -0.9599184E+00
-0.1383771E+01
 0.7250000E+00 -0.2370116E+00 -0.1341489E+01  0.3768436E+00 -0.9579000E+00  0.6865524E+00 -0.1940517E+01  0.2302263E-01 -0.1025987E+01 -0.5105780E+00 -0.1148915E+01  0.3807677E+00 -0.1719567E+01  0.1393370E+00 -0.1335380E+01 -0.8083219E-01 -0.1537653E+01 -0.1253117E+00 -0.1215228E+01 -0.9557596E+00
-0.1329262E+01
 0.7500000E+00 -0.2362021E+00 -0.1286845E+01  0.3731438E+00 -0.8973063E+00  0.6874579E+00 -0.1897472E+01  0.2289670E-01 -0.9662253E+00 -0.5070682E+00 -0.1091242E+01  0.3804107E+00 -0.1671999E+01  0.1386258E+00 -0.1280573E+01 -0.8102280E-01 -0.1486547E+01 -0.1246305E+00 -0.1158399E+01 -0.9518049E+00
-0.1275048E+01
 0.7750000E+00 -0.2354432E+00 -0.1232495E+01  0.3693953E+00 -0.8373970E+00  0.6887727E+00 -0.1854498E+01  0.2276273E-01 -0.9070561E+00 -0.5036030E+00 -0.1034035E+01  0.3802483E+00 -0.1624547E+01  0.1379543E+00 -0.1226064E+01 -0.8123168E-01 -0.1435621E+01 -0.1239653E+00 -0.1101965E+01 -0.9480667E+00
-0.1221166E+01
 0.8000000E+00 -0.2347358E+00 -0.1178480E+01  0.3655975E+00 -0.7782459E+00  0.6905066E+00 -0.1811604E+01  0.2262011E-01 -0.8485503E+00 -0.5001848E+00 -0.9773549E+00  0.3802874E+00 -0.1577227E+01  0.1373248E+00 -0.1171896E+01 -0.8145782E-01 -0.1384900E+01 -0.1233163E+00 -0.1045979E+01 -0.9445527E+00
-0.1167655E+01
 0.8250000E+00 -0.2340798E+00 -0.1124844E+01  0.3617475E+00 -0.7199259E+00  0.6926649E+00 -0.1768799E+01  0.2246814E-01 -0.7907800E+00 -0.4968135E+00 -0.9212636E+00  0.3805327E+00 -0.1530055E+01  0.1367385E+00 -0.1118113E+01 -0.8169982E-01 -0.1334411E+01 -0.1226834E+00 -0.9904986E+00 -0.9412653E+00
-0.1114562E+01
 0.8500000E+00 -0.2334737E+00 -0.1071635E+01  0.3578407E+00 -0.6625056E+00  0.6952489E+00 -0.1726089E+01  0.2230610E-01 -0.7338164E+00 -0.4934858E+00 -0.8658276E+00  0.3809867E+00 -0.1483049E+01  0.1361960E+00 -0.1064764E+01 -0.8195591E-01 -0.1284186E+01 -0.1220656E+00 -0.9355837E+00 -0.9382017E+00
-0.1061933E+01
 0.8750000E+00 -0.2329147E+00 -0.1018906E+01  0.3538703E+00 -0.6060460E+00  0.6982559E+00 -0.1683487E+01  0.2213322E-01 -0.6777275E+00 -0.4901951E+00 -0.8111146E+00  0.3816497E+00 -0.1436231E+01  0.1356969E+00 -0.1011903E+01 -0.8222395E-01 -0.1234256E+01 -0.1214612E+00 -0.8812987E+00 -0.9353535E+00
-0.1009822E+01
 0.9000000E+00 -0.2323986E+00 -0.9667135E+00  0.3498275E+00 -0.5505967E+00  0.7016790E+00 -0.1641003E+01  0.2194871E-01 -0.6225747E+00 -0.4869320E+00 -0.7571922E+00  0.3825200E+00 -0.1389622E+01  0.1352401E+00 -0.9595854E+00 -0.8250140E-01 -0.1184661E+01 -0.1208677E+00 -0.8277094E+00 -0.9327064E+00
-0.9582852E+00
 0.9250000E+00 -0.2319201E+00 -0.9151171E+00  0.3457571E+00 -0.4961934E+00  0.7054625E+00 -0.1598650E+01  0.2175418E-01 -0.5684135E+00 -0.4837179E+00 -0.7041244E+00  0.3835705E+00 -0.1343249E+01  0.1348245E+00 -0.9078740E+00 -0.8278216E-01 -0.1135441E+01 -0.1202870E+00 -0.7748848E+00 -0.9302455E+00
-0.9073715E+00
 0.9500000E+00 -0.2314735E+00 -0.8641786E+00  0.3416574E+00 -0.4428521E+00  0.7095822E+00 -0.1556441E+01  0.2154933E-01 -0.5152829E+00 -0.4805459E+00 -0.6519719E+00  0.3847908E+00 -0.1297138E+01  0.1344481E+00 -0.8568305E+00 -0.8306251E-01 -0.1086640E+01 -0.1197164E+00 -0.7228899E+00 -0.9279502E+00
-0.8571404E+00
 0.9750000E+00 -0.2310519E+00 -0.8139608E+00  0.3375265E+00 -0.3905669E+00  0.7140090E+00 -0.1514392E+01  0.2133393E-01 -0.4632051E+00 -0.4774077E+00 -0.6007881E+00  0.3861679E+00 -0.1251320E+01  0.1341082E+00 -0.8065183E+00 -0.8333843E-01 -0.1038307E+01 -0.1191532E+00 -0.6717864E+00 -0.9257963E+00
-0.8076521E+00
 0.1000000E+01 -0.2306477E+00 -0.7645262E+00  0.3333617E+00 -0.3393081E+00  0.7187095E+00 -0.1472519E+01  0.2110783E-01 -0.4121829E+00 -0.4742935E+00 -0.5506160E+00  0.3876869E+00 -0.1205829E+01  0.1338018E+00 -0.7569999E+00 -0.8360563E-01 -0.9904905E+00 -0.1185941E+00 -0.6216300E+00 -0.9237562E+00
-0.7589661E+00
 0.1025000E+01 -0.2302526E+00 -0.7159354E+00  0.3291600E+00 -0.2890212E+00  0.7236464E+00 -0.1430841E+01  0.2087093E-01 -0.3621975E+00 -0.4711928E+00 -0.5014862E+00  0.3893306E+00 -0.1160699E+01  0.1335252E+00 -0.7083361E+00 -0.8385959E-01 -0.9432452E+00 -0.1180354E+00 -0.5724674E+00 -0.9217998E+00
-0.7111398E+00
 0.1050000E+01 -0.2298581E+00 -0.6682454E+00  0.3249180E+00 -0.2396263E+00  0.7287788E+00 -0.1389378E+01  0.2062327E-01 -0.3132068E+00 -0.4680942E+00 -0.4534135E+00  0.3910803E+00 -0.1115971E+01  0.1332747E+00 -0.6605833E+00 -0.8409568E-01 -0.8966260E+00 -0.1174735E+00 -0.5243346E+00 -0.9198948E+00
-0.6642268E+00
 0.1075000E+01 -0.2294553E+00 -0.6215074E+00  0.3206323E+00 -0.1910199E+00  0.7340629E+00 -0.1348151E+01  0.2036496E-01 -0.2651454E+00 -0.4649859E+00 -0.4063956E+00  0.3929157E+00 -0.1071685E+01  0.1330461E+00 -0.6137920E+00 -0.8430921E-01 -0.8506896E+00 -0.1169044E+00 -0.4772538E+00 -0.9180081E+00
-0.6182746E+00
 0.1100000E+01 -0.2290351E+00 -0.5757648E+00  0.3162994E+00 -0.1430770E+00  0.7394526E+00 -0.1307185E+01  0.2009623E-01 -0.2179252E+00 -0.4618563E+00 -0.3604113E+00  0.3948155E+00 -0.1027886E+01  0.1328353E+00 -0.5680043E+00 -0.8449550E-01 -0.8054931E+00 -0.1163242E+00 -0.4312317E+00 -0.9161061E+00
-0.5733231E+00
 0.1125000E+01 -0.2285889E+00 -0.5310513E+00  0.3119161E+00 -0.9565410E-01  0.7449003E+00 -0.1266505E+01  0.1981741E-01 -0.1714367E+00 -0.4586937E+00 -0.3154197E+00  0.3967579E+00 -0.9846202E+00  0.1326382E+00 -0.5232523E+00 -0.8465001E-01 -0.7610929E+00 -0.1157292E+00 -0.3862578E+00 -0.9141556E+00
-0.5294026E+00
 0.1150000E+01 -0.2281083E+00 -0.4873888E+00  0.3074793E+00 -0.4859333E-01  0.7503570E+00 -0.1226141E+01  0.1952895E-01 -0.1255519E+00 -0.4554871E+00 -0.2713604E+00  0.3987206E+00 -0.9419354E+00  0.1324508E+00 -0.4795560E+00 -0.8476836E-01 -0.7175436E+00 -0.1151156E+00 -0.3423037E+00 -0.9121247E+00
-0.4865320E+00
 0.1175000E+01 -0.2275853E+00 -0.4447861E+00  0.3029864E+00 -0.1726888E-02  0.7557736E+00 -0.1186122E+01  0.1923142E-01 -0.8012734E-01 -0.4522264E+00 -0.2281541E+00  0.4006816E+00 -0.8998819E+00  0.1322694E+00 -0.4369217E+00 -0.8484650E-01 -0.6748962E+00 -0.1144799E+00 -0.2993225E+00 -0.9099836E+00
-0.4447175E+00
 0.1200000E+01 -0.2270130E+00 -0.4032379E+00  0.2984357E+00  0.4511817E-01  0.7611016E+00 -0.1146480E+01  0.1892549E-01 -0.3500776E-01 -0.4489028E+00 -0.1857038E+00  0.4026191E+00 -0.8585105E+00  0.1320905E+00 -0.3953412E+00 -0.8488070E-01 -0.6331973E+00 -0.1138192E+00 -0.2572495E+00 -0.9077050E+00
-0.4039517E+00
 0.1225000E+01 -0.2263850E+00 -0.3627236E+00  0.2938259E+00  0.9211497E-01  0.7662932E+00 -0.1107250E+01  0.1861195E-01  0.9969812E-02 -0.4455087E+00 -0.1438970E+00  0.4045127E+00 -0.8178722E+00  0.1319112E+00 -0.3547911E+00 -0.8486770E-01 -0.5924871E+00 -0.1131306E+00 -0.2160028E+00 -0.9052650E+00
-0.3642126E+00
 0.1250000E+01 -0.2256769E+00 -0.3232073E+00  0.2891373E+00  0.1394316E+00  0.7713644E+00 -0.1068477E+01  0.1829195E-01  0.5497125E-01 -0.4419990E+00 -0.1026081E+00  0.4063311E+00 -0.7780167E+00  0.1317171E+00 -0.3152321E+00 -0.8480089E-01 -0.5527969E+00 -0.1124015E+00 -0.1754849E+00 -0.9025656E+00
-0.3254656E+00
 0.1275000E+01 -0.2248861E+00 -0.2846386E+00  0.2843733E+00  0.1872268E+00  0.7762651E+00 -0.1030199E+01  0.1796650E-01  0.1001619E+00 -0.4383737E+00 -0.6170077E-01  0.4080559E+00 -0.7389929E+00  0.1315073E+00 -0.2766102E+00 -0.8467808E-01 -0.5141510E+00 -0.1116310E+00 -0.1355848E+00 -0.8995965E+00
-0.2876596E+00
 0.1300000E+01 -0.2240112E+00 -0.2469525E+00  0.2795383E+00  0.2356453E+00  0.7809487E+00 -0.9924561E+00  0.1763675E-01  0.1457020E+00 -0.4346348E+00 -0.2103092E-01  0.4096706E+00 -0.7008473E+00  0.1312812E+00 -0.2388575E+00 -0.8449781E-01 -0.4765639E+00 -0.1108190E+00 -0.9617984E-01 -0.8963532E+00
-0.2507302E+00
 0.1325000E+01 -0.2230527E+00 -0.2100709E+00  0.2746384E+00  0.2848136E+00  0.7853729E+00 -0.9552878E+00  0.1730395E-01  0.1917421E+00 -0.4307874E+00  0.1955017E-01  0.4111617E+00 -0.6636230E+00  0.1310395E+00 -0.2018925E+00 -0.8425938E-01 -0.4400398E+00 -0.1099662E+00 -0.5713827E-01 -0.8928372E+00
-0.2146005E+00
 0.1350000E+01 -0.2220126E+00 -0.1739040E+00  0.2696808E+00  0.3348374E+00  0.7895001E+00 -0.9187359E+00  0.1696945E-01  0.2384195E+00 -0.4268391E+00  0.6019280E-01  0.4125186E+00 -0.6273589E+00  0.1307834E+00 -0.1656222E+00 -0.8396286E-01 -0.4045719E+00 -0.1090740E+00 -0.1832184E-01 -0.8890567E+00
-0.1791822E+00
 0.1375000E+01 -0.2208949E+00 -0.1383511E+00  0.2646742E+00  0.3857986E+00  0.7932978E+00 -0.8828422E+00  0.1663472E-01  0.2858547E+00 -0.4228005E+00  0.1010457E+00  0.4137337E+00 -0.5920883E+00  0.1305150E+00 -0.1299432E+00 -0.8360916E-01 -0.3701426E+00 -0.1081446E+00  0.2041163E-01 -0.8850263E+00
-0.1443770E+00
 0.1400000E+01 -0.2197050E+00 -0.1033034E+00  0.2596286E+00  0.4377546E+00  0.7967393E+00 -0.8476488E+00  0.1630128E-01  0.3341484E+00 -0.4186850E+00  0.1422530E+00  0.4148026E+00 -0.5578388E+00  0.1302374E+00 -0.9474390E-01 -0.8319997E-01 -0.3367231E+00 -0.1071812E+00  0.5920554E-01 -0.8807671E+00
-0.1100784E+00
 0.1425000E+01 -0.2184698E+00 -0.6864667E-01  0.2547654E+00  0.4907321E+00  0.7997473E+00 -0.8131982E+00  0.1597910E-01  0.3833687E+00 -0.4146439E+00  0.1839546E+00  0.4156954E+00 -0.5246305E+00  0.1299643E+00 -0.5990912E-01 -0.8273609E-01 -0.3042759E+00 -0.1062134E+00  0.9819634E-01 -0.8763767E+00
-0.7615073E-01
 0.1450000E+01 -0.2172026E+00 -0.3426014E-01  0.2501360E+00  0.5447389E+00  0.8022968E+00 -0.7795311E+00  0.1567172E-01  0.4335699E+00 -0.4107228E+00  0.2262769E+00  0.4164096E+00 -0.4924768E+00  0.1297029E+00 -0.2531609E-01 -0.8222077E-01 -0.2727524E+00 -0.1052509E+00  0.1375211E+00 -0.8719046E+00
-0.4247173E-01
 0.1475000E+01 -0.2159183E+00 -0.1935236E-04  0.2457964E+00  0.5997607E+00  0.8043666E+00 -0.7466869E+00  0.1538302E-01  0.4847832E+00 -0.4069722E+00  0.2693332E+00  0.4169446E+00 -0.4613836E+00  0.1294608E+00  0.9160997E-02 -0.8165785E-01 -0.2420949E+00 -0.1043046E+00  0.1773100E+00 -0.8674065E+00
-0.8915488E-02
 0.1500000E+01 -0.2146332E+00  0.3420174E-01  0.2418074E+00  0.6557649E+00  0.8059391E+00 -0.7147027E+00  0.1511718E-01  0.5370172E+00 -0.4034476E+00  0.3132210E+00  0.4173014E+00 -0.4313492E+00  0.1292464E+00  0.4364920E-01 -0.8105168E-01 -0.2122378E+00 -0.1033867E+00  0.2176842E+00 -0.8629428E+00
 0.2464621E-01
 0.1525000E+01 -0.2133651E+00  0.6852914E-01  0.2382341E+00  0.7127029E+00  0.8069997E+00 -0.6836133E+00  0.1487868E-01  0.5902600E+00 -0.4002086E+00  0.3580208E+00  0.4174818E+00 -0.4023642E+00  0.1290688E+00  0.7827501E-01 -0.8040701E-01 -0.1831082E+00 -0.1025101E+00  0.2587532E+00 -0.8585781E+00
 0.5834218E-01
 0.1550000E+01 -0.2121321E+00  0.1030871E+00  0.2351447E+00  0.7705150E+00  0.8075363E+00 -0.6534506E+00  0.1467228E-01  0.6444813E+00 -0.3973189E+00  0.4037939E+00  0.4174882E+00 -0.3744120E+00  0.1289368E+00  0.1131626E+00 -0.7972886E-01 -0.1546271E+00 -0.1016887E+00  0.3006127E+00 -0.8543795E+00
 0.9230024E-01
 0.1575000E+01 -0.2109532E+00  0.1379962E+00  0.2326100E+00  0.8291335E+00  0.8075380E+00 -0.6242429E+00  0.1450297E-01  0.6996360E+00 -0.3948449E+00  0.4505825E+00  0.4173231E+00 -0.3474688E+00  0.1288597E+00  0.1484322E+00 -0.7902237E-01 -0.1267103E+00 -0.1009370E+00  0.3433430E+00 -0.8504151E+00
 0.1266454E+00
 0.1600000E+01 -0.2098470E+00  0.1733720E+00  0.2307019E+00  0.8884862E+00  0.8069948E+00 -0.5960148E+00  0.1437590E-01  0.7556674E+00 -0.3928552E+00  0.4984089E+00  0.4169877E+00 -0.3215047E+00  0.1288463E+00  0.1841979E+00 -0.7829266E-01 -0.9926929E-01 -0.1002698E+00  0.3870074E+00 -0.8467524E+00
 0.1614983E+00
 0.1625000E+01 -0.2088319E+00  0.2093230E+00  0.2294913E+00  0.9484997E+00  0.8058966E+00 -0.5687869E+00  0.1429631E-01  0.8125103E+00 -0.3914182E+00  0.5472769E+00  0.4164820E+00 -0.2964837E+00  0.1289047E+00  0.2205665E+00 -0.7754467E-01 -0.7221206E-01 -0.9970215E-01  0.4316516E+00 -0.8434558E+00
 0.1969734E+00
 0.1650000E+01 -0.2079248E+00  0.2459490E+00  0.2290468E+00  0.1009102E+01  0.8042317E+00 -0.5425757E+00  0.1426936E-01  0.8700951E+00 -0.3906014E+00  0.5971727E+00  0.4158037E+00 -0.2723646E+00  0.1290422E+00  0.2576354E+00 -0.7678294E-01 -0.4544409E-01 -0.9924846E-01  0.4773031E+00 -0.8405849E+00
 0.2331768E+00
 0.1675000E+01 -0.2071411E+00  0.2833398E+00  0.2294320E+00  0.1070223E+01  0.8019870E+00 -0.5173935E+00  0.1430001E-01  0.9283501E+00 -0.3904684E+00  0.6480672E+00  0.4149479E+00 -0.2491015E+00  0.1292648E+00  0.2954912E+00 -0.7601149E-01 -0.1886893E-01 -0.9892259E-01  0.5239721E+00 -0.8381914E+00
 0.2702051E+00
 0.1700000E+01 -0.2064936E+00  0.3215733E+00  0.2307033E+00  0.1131800E+01  0.7991464E+00 -0.4932482E+00  0.1439287E-01  0.9872042E+00 -0.3910769E+00  0.6999183E+00  0.4139062E+00 -0.2266450E+00  0.1295767E+00  0.3342083E+00 -0.7523367E-01  0.7611002E-02 -0.9873703E-01  0.5716517E+00 -0.8363173E+00
 0.3081434E+00
 0.1725000E+01 -0.2059921E+00  0.3607146E+00  0.2329074E+00  0.1193771E+01  0.7956911E+00 -0.4701439E+00  0.1455191E-01  0.1046589E+01 -0.3924762E+00  0.7526736E+00  0.4126670E+00 -0.2049418E+00  0.1299799E+00  0.3738476E+00 -0.7445198E-01  0.3409382E-01 -0.9870251E-01  0.6203202E+00 -0.8349919E+00
 0.3470636E+00
 0.1750000E+01 -0.2056427E+00  0.4008148E+00  0.2360785E+00  0.1256085E+01  0.7915989E+00 -0.4480809E+00  0.1478038E-01  0.1106440E+01 -0.3947042E+00  0.8062732E+00  0.4112146E+00 -0.1839364E+00  0.1304741E+00  0.4144559E+00 -0.7366800E-01  0.6067746E-01 -0.9882737E-01  0.6699428E+00 -0.8342299E+00
 0.3870231E+00
 0.1775000E+01 -0.2054472E+00  0.4419106E+00  0.2402363E+00  0.1318693E+01  0.7868452E+00 -0.4270557E+00  0.1508051E-01  0.1166697E+01 -0.3977847E+00  0.8606524E+00  0.4095302E+00 -0.1635707E+00  0.1310561E+00  0.4560649E+00 -0.7288237E-01  0.8745907E-01 -0.9911712E-01  0.7204739E+00 -0.8340294E+00
 0.4280641E+00
 0.1800000E+01 -0.2054030E+00  0.4840236E+00  0.2453838E+00  0.1381553E+01  0.7814031E+00 -0.4070618E+00  0.1545339E-01  0.1227307E+01 -0.4017254E+00  0.9157443E+00  0.4075918E+00 -0.1437852E+00  0.1317197E+00  0.4986916E+00 -0.7209473E-01  0.1145343E+00 -0.9957393E-01  0.7718596E+00 -0.8343705E+00
 0.4702127E+00
 0.1825000E+01 -0.2055025E+00  0.5271612E+00  0.2515055E+00  0.1444628E+01  0.7752452E+00 -0.3880895E+00  0.1589876E-01  0.1288221E+01 -0.4065156E+00  0.9714814E+00  0.4053749E+00 -0.1245187E+00  0.1324558E+00  0.5423384E+00 -0.7130382E-01  0.1419967E+00 -0.1001963E+00  0.8240404E+00 -0.8352143E+00
 0.5134789E+00
 0.1850000E+01 -0.2057333E+00  0.5713165E+00  0.2585669E+00  0.1507886E+01  0.7683446E+00 -0.3701267E+00  0.1641498E-01  0.1349396E+01 -0.4121249E+00  0.1027798E+01  0.4028541E+00 -0.1057093E+00  0.1332518E+00  0.5869943E+00 -0.7050761E-01  0.1699368E+00 -0.1009786E+00  0.8769535E+00 -0.8365033E+00
 0.5578571E+00
 0.1875000E+01 -0.2060675E+00  0.6164708E+00  0.2669813E+00  0.1571299E+01  0.7606463E+00 -0.3531604E+00  0.1701453E-01  0.1410781E+01 -0.4186376E+00  0.1084639E+01  0.3999802E+00 -0.8729387E-01  0.1340842E+00  0.6326355E+00 -0.6969636E-01  0.1984424E+00 -0.1019277E+00  0.9305321E+00 -0.8381114E+00
 0.6033358E+00
 0.1900000E+01 -0.2064758E+00  0.6625931E+00  0.2766852E+00  0.1634842E+01  0.7521258E+00 -0.3371746E+00  0.1769177E-01  0.1472341E+01 -0.4259713E+00  0.1141945E+01  0.3967239E+00 -0.6920908E-01  0.1349295E+00  0.6792278E+00 -0.6886508E-01  0.2275959E+00 -0.1030267E+00  0.9847128E+00 -0.8399146E+00
 0.6498806E+00
 0.1925000E+01 -0.2069228E+00  0.7096430E+00  0.2875772E+00  0.1698496E+01  0.7427655E+00 -0.3221520E+00  0.1843852E-01  0.1534049E+01 -0.4340124E+00  0.1199661E+01  0.3930586E+00 -0.5139116E-01  0.1357605E+00  0.7267279E+00 -0.6800831E-01  0.2574743E+00 -0.1042529E+00  0.1039434E+01 -0.8417655E+00
 0.6974443E+00
 0.1950000E+01 -0.2073685E+00  0.7575725E+00  0.2995192E+00  0.1762245E+01  0.7325585E+00 -0.3080739E+00  0.1924424E-01  0.1595880E+01 -0.4426197E+00  0.1257736E+01  0.3889622E+00 -0.3377599E-01  0.1365471E+00  0.7750856E+00 -0.6712059E-01  0.2881482E+00 -0.1055787E+00  0.1094637E+01 -0.8435001E+00
 0.7459703E+00
 0.1975000E+01 -0.2077705E+00  0.8063277E+00  0.3123409E+00  0.1826075E+01  0.7215117E+00 -0.2949207E+00  0.2009638E-01  0.1657816E+01 -0.4516300E+00  0.1316125E+01  0.3844197E+00 -0.1629922E-01  0.1372581E+00  0.8242458E+00 -0.6619697E-01  0.3196808E+00 -0.1069723E+00  0.1150268E+01 -0.8449450E+00
 0.7953942E+00
 0.2000000E+01 -0.2080858E+00  0.8558511E+00  0.3258455E+00  0.1889973E+01  0.7096490E+00 -0.2826723E+00  0.2098090E-01  0.1719840E+01 -0.4608644E+00  0.1374784E+01  0.3794250E+00  0.1103647E-02  0.1378619E+00  0.8741502E+00 -0.6523353E-01  0.3521272E+00 -0.1083994E+00  0.1206277E+01 -0.8459257E+00
 0.8456466E+00
 0.2025000E+01 -0.2082729E+00  0.9060833E+00  0.3398175E+00  0.1953931E+01  0.6970136E+00 -0.2713080E+00  0.2188272E-01  0.1781937E+01 -0.4701359E+00  0.1433678E+01  0.3739829E+00  0.1849728E-01  0.1383282E+00  0.9247394E+00 -0.6422773E-01  0.3855333E+00 -0.1098249E+00  0.1262619E+01 -0.8462742E+00
 0.8966552E+00
 0.2050000E+01 -0.2082937E+00  0.9569642E+00  0.3540293E+00  0.2017939E+01  0.6836706E+00 -0.2608072E+00  0.2278631E-01  0.1844098E+01 -0.4792559E+00  0.1492771E+01  0.3681100E+00  0.3594641E-01  0.1386290E+00  0.9759539E+00 -0.6317884E-01  0.4199354E+00 -0.1112136E+00  0.1319252E+01 -0.8458367E+00
 0.9483471E+00
 0.2075000E+01 -0.2081148E+00  0.1008435E+01  0.3682493E+00  0.2081989E+01  0.6697080E+00 -0.2511493E+00  0.2367616E-01  0.1906313E+01 -0.4880411E+00  0.1552036E+01  0.3618363E+00  0.5351579E-01  0.1387399E+00  0.1027736E+01 -0.6208817E-01  0.4553594E+00 -0.1125323E+00  0.1376140E+01 -0.8444797E+00
 0.1000650E+01
 0.2100000E+01 -0.2077094E+00  0.1060439E+01  0.3822480E+00  0.2146076E+01  0.6552386E+00 -0.2423142E+00  0.2453723E-01  0.1968576E+01 -0.4963184E+00  0.1611444E+01  0.3552056E+00  0.7127011E-01  0.1386406E+00  0.1080030E+01 -0.6095930E-01  0.4918205E+00 -0.1137504E+00  0.1433252E+01 -0.8420949E+00
 0.1053495E+01
 0.2125000E+01 -0.2070577E+00  0.1112923E+01  0.3958037E+00  0.2210194E+01  0.6403998E+00 -0.2342824E+00  0.2535529E-01  0.2030880E+01 -0.5039299E+00  0.1670975E+01  0.3482761E+00  0.8927396E-01  0.1383161E+00  0.1132783E+01 -0.5979817E-01  0.5293236E+00 -0.1148407E+00  0.1490559E+01 -0.8386036E+00
 0.1106816E+01
 0.2150000E+01 -0.2061480E+00  0.1165835E+01  0.4087073E+00  0.2274337E+01  0.6253549E+00 -0.2270353E+00  0.2611719E-01  0.2093221E+01 -0.5107365E+00  0.1730607E+01  0.3411204E+00  0.1075916E+00  0.1377566E+00  0.1185947E+01 -0.5861320E-01  0.5678630E+00 -0.1157805E+00  0.1548036E+01 -0.8339592E+00
 0.1160549E+01
 0.2175000E+01 -0.2049770E+00  0.1219128E+01  0.4207662E+00  0.2338501E+01  0.6102919E+00 -0.2205555E+00  0.2681114E-01  0.2155596E+01 -0.5166201E+00  0.1790322E+01  0.3338258E+00  0.1262871E+00  0.1369581E+00  0.1239477E+01 -0.5741520E-01  0.6074231E+00 -0.1165516E+00  0.1605662E+01 -0.8281494E+00
 0.1214639E+01
 0.2200000E+01 -0.2035503E+00  0.1272762E+01  0.4318071E+00  0.2402682E+01  0.5954235E+00 -0.2148264E+00  0.2742681E-01  0.2218002E+01 -0.5214861E+00  0.1850106E+01  0.3264933E+00  0.1454236E+00  0.1359228E+00  0.1293331E+01 -0.5621736E-01  0.6479793E+00 -0.1171411E+00  0.1663418E+01 -0.8211968E+00
 0.1269032E+01
 0.2225000E+01 -0.2018820E+00  0.1326695E+01  0.4416785E+00  0.2466877E+01  0.5809847E+00 -0.2098333E+00  0.2795548E-01  0.2280436E+01 -0.5252643E+00  0.1909945E+01  0.3192375E+00  0.1650637E+00  0.1346586E+00  0.1347474E+01 -0.5503509E-01  0.6894988E+00 -0.1175413E+00  0.1721290E+01 -0.8131591E+00
 0.1323681E+01
 0.2250000E+01 -0.1999950E+00  0.1380894E+01  0.4502523E+00  0.2531082E+01  0.5672307E+00 -0.2055624E+00  0.2839013E-01  0.2342897E+01 -0.5279093E+00  0.1969827E+01  0.3121847E+00  0.1852689E+00  0.1331795E+00  0.1401871E+01 -0.5388579E-01  0.7319421E+00 -0.1177498E+00  0.1779262E+01 -0.8041280E+00
 0.1378541E+01
 0.2275000E+01 -0.1979198E+00  0.1435328E+01  0.4574252E+00  0.2595295E+01  0.5544326E+00 -0.2020019E+00  0.2872544E-01  0.2405385E+01 -0.5294007E+00  0.2029742E+01  0.3054716E+00  0.2060990E+00  0.1315049E+00  0.1456493E+01 -0.5278856E-01  0.7752639E+00 -0.1177696E+00  0.1837324E+01 -0.7942274E+00
 0.1433576E+01
 0.2300000E+01 -0.1956991E+00  0.1489969E+01  0.4631322E+00  0.2659512E+01  0.5428719E+00 -0.1991414E+00  0.2895840E-01  0.2467897E+01 -0.5297649E+00  0.2089681E+01  0.2992424E+00  0.2276122E+00  0.1296617E+00  0.1511314E+01 -0.5176422E-01  0.8194147E+00 -0.1176133E+00  0.1895465E+01 -0.7836270E+00
 0.1488750E+01
 0.2325000E+01 -0.1933784E+00  0.1544791E+01  0.4673231E+00  0.2723732E+01  0.5328320E+00 -0.1969721E+00  0.2908666E-01  0.2530434E+01 -0.5290358E+00  0.2149636E+01  0.2936448E+00  0.2498641E+00  0.1276798E+00  0.1566310E+01 -0.5083383E-01  0.8643418E+00 -0.1172948E+00  0.1953678E+01 -0.7725101E+00
 0.1544035E+01
 0.2350000E+01 -0.1910083E+00  0.1599774E+01  0.4699737E+00  0.2787952E+01  0.5245876E+00 -0.1954869E+00  0.2910952E-01  0.2592995E+01 -0.5272693E+00  0.2209601E+01  0.2888254E+00  0.2729077E+00  0.1255930E+00  0.1621463E+01 -0.5001844E-01  0.9099911E+00 -0.1168322E+00  0.2011955E+01 -0.7610803E+00
 0.1599405E+01
 0.2375000E+01 -0.1886429E+00  0.1654899E+01  0.4710851E+00  0.2852170E+01  0.5183928E+00 -0.1946805E+00  0.2902782E-01  0.2655579E+01 -0.5245409E+00  0.2269571E+01  0.2849238E+00  0.2967922E+00  0.1234377E+00  0.1676752E+01 -0.4933840E-01  0.9563075E+00 -0.1162471E+00  0.2070290E+01 -0.7495551E+00
 0.1654837E+01
 0.2400000E+01 -0.1863380E+00  0.1710148E+01  0.4706830E+00  0.2916385E+01  0.5144665E+00 -0.1945491E+00  0.2884387E-01  0.2718187E+01 -0.5209428E+00  0.2329539E+01  0.2820668E+00  0.3215631E+00  0.1212522E+00  0.1732164E+01 -0.4881255E-01  0.1003236E+01 -0.1155639E+00  0.2128679E+01 -0.7381597E+00
 0.1710312E+01
 0.2425000E+01 -0.1841492E+00  0.1765508E+01  0.4688165E+00  0.2980596E+01  0.5129772E+00 -0.1950908E+00  0.2856133E-01  0.2780817E+01 -0.5165810E+00  0.2389504E+01  0.2803607E+00  0.3472608E+00  0.1190753E+00  0.1787684E+01 -0.4845741E-01  0.1050724E+01 -0.1148088E+00  0.2187116E+01 -0.7271192E+00
 0.1765816E+01
 0.2450000E+01 -0.1821303E+00  0.1820965E+01  0.4655570E+00  0.3044800E+01  0.5140292E+00 -0.1963051E+00  0.2818513E-01  0.2843470E+01 -0.5115719E+00  0.2449462E+01  0.2798856E+00  0.3739205E+00  0.1169452E+00  0.1843300E+01 -0.4828647E-01  0.1098719E+01 -0.1140090E+00  0.2245598E+01 -0.7166511E+00
 0.1821335E+01
 0.2475000E+01 -0.1803309E+00  0.1876509E+01  0.4609970E+00  0.3108999E+01  0.5176508E+00 -0.1981934E+00  0.2772126E-01  0.2906145E+01 -0.5060394E+00  0.2509410E+01  0.2806895E+00  0.4015713E+00  0.1148983E+00  0.1899001E+01 -0.4830970E-01  0.1147171E+01 -0.1131917E+00  0.2304121E+01 -0.7069581E+00
 0.1876859E+01
 0.2500000E+01 -0.1787951E+00  0.1932128E+01  0.4552481E+00  0.3173191E+01  0.5237876E+00 -0.2007590E+00  0.2717675E-01  0.2968840E+01 -0.5001119E+00  0.2569348E+01  0.2827847E+00  0.4302360E+00  0.1129685E+00  0.1954778E+01 -0.4853312E-01  0.1196033E+01 -0.1123834E+00  0.2362682E+01 -0.6982218E+00
 0.1932382E+01
 0.2525000E+01 -0.1775599E+00  0.1987814E+01  0.4484395E+00  0.3237375E+01  0.5323012E+00 -0.2040067E+00  0.2655943E-01  0.3031556E+01 -0.4939203E+00  0.2629275E+01  0.2861467E+00  0.4599303E+00  0.1111858E+00  0.2010622E+01 -0.4895874E-01  0.1245261E+01 -0.1116096E+00  0.2421278E+01 -0.6905976E+00
 0.1987898E+01
 0.2550000E+01 -0.1766544E+00  0.2043558E+01  0.4407166E+00  0.3301553E+01  0.5429747E+00 -0.2079435E+00  0.2587793E-01  0.3094291E+01 -0.4875961E+00  0.2689191E+01  0.2907148E+00  0.4906626E+00  0.1095761E+00  0.2066525E+01 -0.4958446E-01  0.1294813E+01 -0.1108937E+00  0.2479906E+01 -0.6842099E+00
 0.2043402E+01
 0.2575000E+01 -0.1760989E+00  0.2099353E+01  0.4322390E+00  0.3365724E+01  0.5555225E+00 -0.2125783E+00  0.2514149E-01  0.3157043E+01 -0.4812708E+00  0.2749097E+01  0.2963955E+00  0.5224341E+00  0.1081607E+00  0.2122479E+01 -0.5040420E-01  0.1344652E+01 -0.1102576E+00  0.2538561E+01 -0.6791508E+00
 0.2098895E+01
 0.2600000E+01 -0.1759053E+00  0.2155191E+01  0.4231785E+00  0.3429889E+01  0.5696052E+00 -0.2179223E+00  0.2435994E-01  0.3219812E+01 -0.4750749E+00  0.2808994E+01  0.3030673E+00  0.5552384E+00  0.1069561E+00  0.2178477E+01 -0.5140793E-01  0.1394741E+01 -0.1097215E+00  0.2597241E+01 -0.6754793E+00
 0.2154376E+01
 0.2625000E+01 -0.1760772E+00  0.2211067E+01  0.4137170E+00  0.3494049E+01  0.5848458E+00 -0.2239886E+00  0.2354352E-01  0.3282596E+01 -0.4691376E+00  0.2868884E+01  0.3105856E+00  0.5890620E+00  0.1059743E+00  0.2234513E+01 -0.5258178E-01  0.1445050E+01 -0.1093038E+00  0.2655942E+01 -0.6732238E+00
 0.2209848E+01
 0.2650000E+01 -0.1766113E+00  0.2266973E+01  0.4040438E+00  0.3558203E+01  0.6008457E+00 -0.2307925E+00  0.2270286E-01  0.3345392E+01 -0.4635856E+00  0.2928769E+01  0.3187880E+00  0.6238844E+00  0.1052235E+00  0.2290579E+01 -0.5390817E-01  0.1495549E+01 -0.1090218E+00  0.2714660E+01 -0.6723856E+00
 0.2265313E+01
 0.2675000E+01 -0.1774984E+00  0.2322905E+01  0.3943525E+00  0.3622353E+01  0.6172001E+00 -0.2383513E+00  0.2184872E-01  0.3408199E+01 -0.4585417E+00  0.2988650E+01  0.3274991E+00  0.6596788E+00  0.1047083E+00  0.2346671E+01 -0.5536609E-01  0.1546213E+01 -0.1088910E+00  0.2773392E+01 -0.6729434E+00
 0.2320777E+01
 0.2700000E+01 -0.1787246E+00  0.2378855E+01  0.3848374E+00  0.3686499E+01  0.6335100E+00 -0.2466844E+00  0.2099187E-01  0.3471014E+01 -0.4541219E+00  0.3048529E+01  0.3365350E+00  0.6964122E+00  0.1044305E+00  0.2402781E+01 -0.5693152E-01  0.1597018E+01 -0.1089252E+00  0.2832134E+01 -0.6748571E+00
 0.2376246E+01
 0.2725000E+01 -0.1802810E+00  0.2434820E+01  0.3757430E+00  0.3750641E+01  0.6493934E+00 -0.2558128E+00  0.2014969E-01  0.3533834E+01 -0.4504768E+00  0.3108409E+01  0.3457069E+00  0.7340470E+00  0.1043899E+00  0.2458904E+01 -0.5857978E-01  0.1647944E+01 -0.1091468E+00  0.2890883E+01 -0.6780968E+00
 0.2431726E+01
 0.2750000E+01 -0.1821429E+00  0.2490795E+01  0.3672329E+00  0.3814781E+01  0.6644917E+00 -0.2657590E+00  0.1933195E-01  0.3596657E+01 -0.4476840E+00  0.3168290E+01  0.3548245E+00  0.7725409E+00  0.1045820E+00  0.2515035E+01 -0.6028232E-01  0.1698972E+01 -0.1095609E+00  0.2949634E+01 -0.6825815E+00
 0.2487225E+01
 0.2775000E+01 -0.1842798E+00  0.2546774E+01  0.3594580E+00  0.3878918E+01  0.6784762E+00 -0.2765468E+00  0.1854737E-01  0.3659480E+01 -0.4457995E+00  0.3228174E+01  0.3636990E+00  0.8118485E+00  0.1049987E+00  0.2571170E+01 -0.6200927E-01  0.1750087E+01 -0.1101676E+00  0.3008385E+01 -0.6882080E+00
 0.2542749E+01
 0.2800000E+01 -0.1866546E+00  0.2602756E+01  0.3525538E+00  0.3943051E+01  0.6910513E+00 -0.2882006E+00  0.1780343E-01  0.3722299E+01 -0.4448561E+00  0.3288063E+01  0.3721460E+00  0.8519220E+00  0.1056280E+00  0.2627304E+01 -0.6373012E-01  0.1801275E+01 -0.1109612E+00  0.3067134E+01 -0.6948488E+00
 0.2598301E+01
 0.2825000E+01 -0.1892235E+00  0.2658738E+01  0.3466373E+00  0.4007181E+01  0.7019570E+00 -0.3007456E+00  0.1710615E-01  0.3785113E+01 -0.4448617E+00  0.3347959E+01  0.3799889E+00  0.8927119E+00  0.1064532E+00  0.2683436E+01 -0.6541418E-01  0.1852522E+01 -0.1119302E+00  0.3125877E+01 -0.7023507E+00
 0.2653887E+01
 0.2850000E+01 -0.1919359E+00  0.2714715E+01  0.3418033E+00  0.4071308E+01  0.7109699E+00 -0.3142067E+00  0.1646002E-01  0.3847917E+01 -0.4458001E+00  0.3407863E+01  0.3870609E+00  0.9341682E+00  0.1074535E+00  0.2739561E+01 -0.6703117E-01  0.1903819E+01 -0.1130577E+00  0.3184612E+01 -0.7105347E+00
 0.2709512E+01
 0.2875000E+01 -0.1947350E+00  0.2770688E+01  0.3381210E+00  0.4135430E+01  0.7179034E+00 -0.3286088E+00  0.1586797E-01  0.3910709E+01 -0.4476307E+00  0.3467778E+01  0.3932075E+00  0.9762408E+00  0.1086036E+00  0.2795679E+01 -0.6855158E-01  0.1955156E+01 -0.1143213E+00  0.3243338E+01 -0.7191987E+00
 0.2765177E+01
 0.2900000E+01 -0.1975591E+00  0.2826653E+01  0.3356296E+00  0.4199548E+01  0.7226078E+00 -0.3439759E+00  0.1533137E-01  0.3973486E+01 -0.4502892E+00  0.3527703E+01  0.3982890E+00  0.1018881E+01  0.1098744E+00  0.2851786E+01 -0.6994720E-01  0.2006526E+01 -0.1156942E+00  0.3302052E+01 -0.7281208E+00
 0.2820886E+01
 0.2925000E+01 -0.2003427E+00  0.2882611E+01  0.3343359E+00  0.4263661E+01  0.7249693E+00 -0.3603307E+00  0.1485020E-01  0.4036246E+01 -0.4536884E+00  0.3587642E+01  0.4021821E+00  0.1062040E+01  0.1112336E+00  0.2907883E+01 -0.7119148E-01  0.2057922E+01 -0.1171453E+00  0.3360754E+01 -0.7370653E+00
 0.2876640E+01
 0.2950000E+01 -0.2030187E+00  0.2938560E+01  0.3342130E+00  0.4327770E+01  0.7249097E+00 -0.3776944E+00  0.1442319E-01  0.4098988E+01 -0.4577204E+00  0.3647595E+01  0.4047819E+00  0.1105673E+01  0.1126469E+00  0.2963968E+01 -0.7226008E-01  0.2109338E+01 -0.1186404E+00  0.3419441E+01 -0.7457891E+00
 0.2932441E+01
 0.2975000E+01 -0.2055203E+00  0.2994499E+01  0.3352013E+00  0.4391873E+01  0.7223849E+00 -0.3960858E+00  0.1404803E-01  0.4161711E+01 -0.4622593E+00  0.3707562E+01  0.4060037E+00  0.1149736E+01  0.1140785E+00  0.3020041E+01 -0.7313125E-01  0.2160770E+01 -0.1201429E+00  0.3478115E+01 -0.7540486E+00
 0.2988288E+01
 0.3000000E+01 -0.2077827E+00  0.3050429E+01  0.3372113E+00  0.4455971E+01  0.7173847E+00 -0.4155214E+00  0.1372165E-01  0.4224415E+01 -0.4671647E+00  0.3767544E+01  0.4057843E+00  0.1194188E+01  0.1154928E+00  0.3076102E+01 -0.7378634E-01  0.2212214E+01 -0.1216148E+00  0.3536775E+01 -0.7616076E+00
 0.3044180E+01
 0.3025000E+01 -0.2097455E+00  0.3106350E+01  0.3401286E+00  0.4520064E+01  0.7099315E+00 -0.4360146E+00  0.1344042E-01  0.4287098E+01 -0.4722873E+00  0.3827541E+01  0.4040835E+00  0.1238990E+01  0.1168552E+00  0.3132150E+01 -0.7421017E-01  0.2263667E+01 -0.1230180E+00  0.3595420E+01 -0.7682437E+00
 0.3100117E+01
 0.3050000E+01 -0.2113542E+00  0.3162261E+01  0.3438193E+00  0.4584152E+01  0.7000799E+00 -0.4575750E+00  0.1320043E-01  0.4349763E+01 -0.4774734E+00  0.3887552E+01  0.4008855E+00  0.1284107E+01  0.1181332E+00  0.3188186E+01 -0.7439149E-01  0.2315128E+01 -0.1243156E+00  0.3654051E+01 -0.7737561E+00
 0.3156096E+01
 0.3075000E+01 -0.2125623E+00  0.3218163E+01  0.3481366E+00  0.4648235E+01  0.6879160E+00 -0.4802088E+00  0.1299766E-01  0.4412411E+01 -0.4825716E+00  0.3947578E+01  0.3961999E+00  0.1329506E+01  0.1192978E+00  0.3244212E+01 -0.7432327E-01  0.2366594E+01 -0.1254726E+00  0.3712669E+01 -0.7779716E+00
 0.3212114E+01
 0.3100000E+01 -0.2133322E+00  0.3274056E+01  0.3529270E+00  0.4712314E+01  0.6735575E+00 -0.5039176E+00  0.1282819E-01  0.4475041E+01 -0.4874373E+00  0.4007616E+01  0.3900626E+00  0.1375158E+01  0.1203239E+00  0.3300226E+01 -0.7400305E-01  0.2418063E+01 -0.1264577E+00  0.3771276E+01 -0.7807499E+00
 0.3268168E+01
 0.3125000E+01 -0.2136373E+00  0.3329942E+01  0.3580357E+00  0.4776388E+01  0.6571533E+00 -0.5286988E+00  0.1268830E-01  0.4537657E+01 -0.4919380E+00  0.4067665E+01  0.3825374E+00  0.1421034E+01  0.1211920E+00  0.3356231E+01 -0.7343319E-01  0.2469535E+01 -0.1272439E+00  0.3829871E+01 -0.7819886E+00
 0.3324254E+01
 0.3150000E+01 -0.2134622E+00  0.3385821E+01  0.3633116E+00  0.4840458E+01  0.6388842E+00 -0.5545449E+00  0.1257457E-01  0.4600259E+01 -0.4959574E+00  0.4127726E+01  0.3737165E+00  0.1467110E+01  0.1218881E+00  0.3412228E+01 -0.7262110E-01  0.2521010E+01 -0.1278096E+00  0.3888456E+01 -0.7816271E+00
 0.3380368E+01
 0.3175000E+01 -0.2128042E+00  0.3441693E+01  0.3686117E+00  0.4904525E+01  0.6189634E+00 -0.5814437E+00  0.1248400E-01  0.4662851E+01 -0.4993987E+00  0.4187795E+01  0.3637218E+00  0.1513364E+01  0.1224050E+00  0.3468217E+01 -0.7157943E-01  0.2572487E+01 -0.1281390E+00  0.3947032E+01 -0.7796497E+00
 0.3436505E+01
 0.3200000E+01 -0.2116734E+00  0.3497561E+01  0.3738040E+00  0.4968588E+01  0.5976380E+00 -0.6093781E+00  0.1241397E-01  0.4725433E+01 -0.5021873E+00  0.4247872E+01  0.3527057E+00  0.1559775E+01  0.1227421E+00  0.3524200E+01 -0.7032620E-01  0.2623967E+01 -0.1282231E+00  0.4005602E+01 -0.7760875E+00
 0.3492660E+01
 0.3225000E+01 -0.2100934E+00  0.3553424E+01  0.3787704E+00  0.5032649E+01  0.5751898E+00 -0.6383264E+00  0.1236232E-01  0.4788009E+01 -0.5042726E+00  0.4307955E+01  0.3408523E+00  0.1606327E+01  0.1229066E+00  0.3580179E+01 -0.6888488E-01  0.2675449E+01 -0.1280596E+00  0.4064167E+01 -0.7710196E+00
 0.3548828E+01
 0.3250000E+01 -0.2081011E+00  0.3609285E+01  0.3834081E+00  0.5096707E+01  0.5519377E+00 -0.6682622E+00  0.1232733E-01  0.4850580E+01 -0.5056288E+00  0.4368041E+01  0.3283779E+00  0.1653002E+01  0.1229128E+00  0.3636154E+01 -0.6728447E-01  0.2726935E+01 -0.1276532E+00  0.4122727E+01 -0.7645742E+00
 0.3605003E+01
 0.3275000E+01 -0.2057465E+00  0.3665144E+01  0.3876314E+00  0.5160763E+01  0.5282388E+00 -0.6991550E+00  0.1230767E-01  0.4913148E+01 -0.5062552E+00  0.4428131E+01  0.3155317E+00  0.1699786E+01  0.1227828E+00  0.3692129E+01 -0.6555940E-01  0.2778426E+01 -0.1270157E+00  0.4181286E+01 -0.7569271E+00
 0.3661178E+01
 0.3300000E+01 -0.2030926E+00  0.3721003E+01  0.3913718E+00  0.5224817E+01  0.5044901E+00 -0.7309707E+00  0.1230239E-01  0.4975716E+01 -0.5061757E+00  0.4488220E+01  0.3025951E+00  0.1746668E+01  0.1225460E+00  0.3748104E+01 -0.6374938E-01  0.2829922E+01 -0.1261658E+00  0.4239845E+01 -0.7482998E+00
 0.3717348E+01
 0.3325000E+01 -0.2002137E+00  0.3776864E+01  0.3945783E+00  0.5288869E+01  0.4811283E+00 -0.7636716E+00  0.1231085E-01  0.5038285E+01 -0.5054369E+00  0.4548308E+01  0.2898809E+00  0.1793636E+01  0.1222385E+00  0.3804082E+01 -0.6189899E-01  0.2881426E+01 -0.1251282E+00  0.4298405E+01 -0.7389561E+00
 0.3773505E+01
 0.3350000E+01 -0.1971941E+00  0.3832727E+01  0.3972168E+00  0.5352918E+01  0.4586263E+00 -0.7972176E+00  0.1233265E-01  0.5100858E+01 -0.5041056E+00  0.4608392E+01  0.2777290E+00  0.1840681E+01  0.1219025E+00  0.3860065E+01 -0.6005702E-01  0.2932940E+01 -0.1239335E+00  0.4356970E+01 -0.7291953E+00
 0.3829643E+01
 0.3375000E+01 -0.1941259E+00  0.3888595E+01  0.3992694E+00  0.5416966E+01  0.4374860E+00 -0.8315663E+00  0.1236757E-01  0.5163435E+01 -0.5022651E+00  0.4668470E+01  0.2665004E+00  0.1887795E+01  0.1215848E+00  0.3916054E+01 -0.5827536E-01  0.2984465E+01 -0.1226164E+00  0.4415540E+01 -0.7193435E+00
 0.3885754E+01
 0.3400000E+01 -0.1911048E+00  0.3944470E+01  0.4007323E+00  0.5481012E+01  0.4182231E+00 -0.8666741E+00  0.1241543E-01  0.5226018E+01 -0.5000099E+00  0.4728540E+01  0.2565658E+00  0.1934970E+01  0.1213347E+00  0.3972051E+01 -0.5660740E-01  0.3036003E+01 -0.1212145E+00  0.4474118E+01 -0.7097410E+00
 0.3941832E+01
 0.3425000E+01 -0.1882264E+00  0.4000352E+01  0.4016144E+00  0.5545055E+01  0.4013432E+00 -0.9024963E+00  0.1247606E-01  0.5288609E+01 -0.4974396E+00  0.4788600E+01  0.2482889E+00  0.1982201E+01  0.1212014E+00  0.4028060E+01 -0.5510578E-01  0.3087558E+01 -0.1197662E+00  0.4532705E+01 -0.7007260E+00
 0.3997870E+01
 0.3450000E+01 -0.1855809E+00  0.4056243E+01  0.4019344E+00  0.5609097E+01  0.3873070E+00 -0.9389883E+00  0.1254913E-01  0.5351207E+01 -0.4946515E+00  0.4848648E+01  0.2420048E+00  0.2029482E+01  0.1212307E+00  0.4084080E+01 -0.5381952E-01  0.3139129E+01 -0.1183087E+00  0.4591303E+01 -0.6926144E+00
 0.4053862E+01
 0.3475000E+01 -0.1832464E+00  0.4112144E+01  0.4017185E+00  0.5673137E+01  0.3764890E+00 -0.9761059E+00  0.1263417E-01  0.5413815E+01 -0.4917334E+00  0.4908683E+01  0.2379924E+00  0.2076809E+01  0.1214613E+00  0.4140115E+01 -0.5279079E-01  0.3190720E+01 -0.1168754E+00  0.4649914E+01 -0.6856787E+00
 0.4109803E+01
 0.3500000E+01 -0.1812842E+00  0.4168057E+01  0.4009975E+00  0.5737176E+01  0.3691346E+00 -0.1013806E+01  0.1273043E-01  0.5476431E+01 -0.4887564E+00  0.4968704E+01  0.2364470E+00  0.2124177E+01  0.1219212E+00  0.4196164E+01 -0.5205162E-01  0.3242331E+01 -0.1154936E+00  0.4708539E+01 -0.6801262E+00
 0.4165691E+01
 0.3525000E+01 -0.1797333E+00  0.4223981E+01  0.3998052E+00  0.5801213E+01  0.3653283E+00 -0.1052046E+01  0.1283697E-01  0.5539055E+01 -0.4857696E+00  0.5028709E+01  0.2374563E+00  0.2171582E+01  0.1226244E+00  0.4252228E+01 -0.5162122E-01  0.3293961E+01 -0.1141828E+00  0.4767177E+01 -0.6760822E+00
 0.4221524E+01
 0.3550000E+01 -0.1786083E+00  0.4279916E+01  0.3981763E+00  0.5865250E+01  0.3649825E+00 -0.1090787E+01  0.1295266E-01  0.5601688E+01 -0.4827983E+00  0.5088701E+01  0.2409875E+00  0.2219018E+01  0.1235692E+00  0.4308308E+01 -0.5150452E-01  0.3345611E+01 -0.1129535E+00  0.4825829E+01 -0.6735804E+00
 0.4277303E+01
 0.3575000E+01 -0.1778992E+00  0.4335862E+01  0.3961459E+00  0.5929286E+01  0.3678527E+00 -0.1129989E+01  0.1307628E-01  0.5664328E+01 -0.4798443E+00  0.5148678E+01  0.2468885E+00  0.2266483E+01  0.1247383E+00  0.4364402E+01 -0.5169225E-01  0.3397279E+01 -0.1118079E+00  0.4884494E+01 -0.6725623E+00
 0.4333031E+01
 0.3600000E+01 -0.1775736E+00  0.4391819E+01  0.3937491E+00  0.5993323E+01  0.3735731E+00 -0.1169616E+01  0.1320661E-01  0.5726975E+01 -0.4768903E+00  0.5208644E+01  0.2549032E+00  0.2313972E+01  0.1260998E+00  0.4420509E+01 -0.5216251E-01  0.3448961E+01 -0.1107405E+00  0.4943171E+01 -0.6728875E+00
 0.4388713E+01
 0.3625000E+01 -0.1775817E+00  0.4447784E+01  0.3910213E+00  0.6057360E+01  0.3817440E+00 -0.1209634E+01  0.1334257E-01  0.5789626E+01 -0.4739061E+00  0.5268598E+01  0.2646992E+00  0.2361480E+01  0.1276104E+00  0.4476629E+01 -0.5288332E-01  0.3500656E+01 -0.1097401E+00  0.5001858E+01 -0.6743501E+00
 0.4444355E+01
 0.3650000E+01 -0.1778616E+00  0.4503758E+01  0.3879988E+00  0.6121399E+01  0.3918846E+00 -0.1250011E+01  0.1348324E-01  0.5852282E+01 -0.4708560E+00  0.5328542E+01  0.2758930E+00  0.2409004E+01  0.1292190E+00  0.4532759E+01 -0.5381584E-01  0.3552361E+01 -0.1087927E+00  0.5060554E+01 -0.6767004E+00
 0.4499963E+01
 0.3675000E+01 -0.1783451E+00  0.4559736E+01  0.3847191E+00  0.6185439E+01  0.4036956E+00 -0.1290717E+01  0.1362792E-01  0.5914941E+01 -0.4677048E+00  0.5388479E+01  0.2880284E+00  0.2456540E+01  0.1308706E+00  0.4588897E+01 -0.5491672E-01  0.3604071E+01 -0.1078831E+00  0.5119257E+01 -0.6796655E+00
 0.4555544E+01
 0.3700000E+01 -0.1789643E+00  0.4615718E+01  0.3812208E+00  0.6249481E+01  0.4166992E+00 -0.1331721E+01  0.1377620E-01  0.5977601E+01 -0.4644245E+00  0.5448411E+01  0.3007174E+00  0.2504085E+01  0.1325106E+00  0.4645040E+01 -0.5614212E-01  0.3655785E+01 -0.1069973E+00  0.5177963E+01 -0.6829744E+00
 0.4611107E+01
 0.3725000E+01 -0.1796551E+00  0.4671702E+01  0.3775441E+00  0.6313525E+01  0.4304647E+00 -0.1372999E+01  0.1392782E-01  0.6040263E+01 -0.4609973E+00  0.5508337E+01  0.3135858E+00  0.2551637E+01  0.1340878E+00  0.4701186E+01 -0.5744883E-01  0.3707499E+01 -0.1061244E+00  0.5236671E+01 -0.6863729E+00
 0.4666659E+01
 0.3750000E+01 -0.1803611E+00  0.4727686E+01  0.3737298E+00  0.6377572E+01  0.4446132E+00 -0.1414524E+01  0.1408270E-01  0.6102925E+01 -0.4574178E+00  0.5568260E+01  0.3262827E+00  0.2599194E+01  0.1355570E+00  0.4757332E+01 -0.5879579E-01  0.3759211E+01 -0.1052564E+00  0.5295379E+01 -0.6896362E+00
 0.4722208E+01
 0.3775000E+01 -0.1810358E+00  0.4783666E+01  0.3698196E+00  0.6441621E+01  0.4588169E+00 -0.1456275E+01  0.1424087E-01  0.6165587E+01 -0.4536926E+00  0.5628180E+01  0.3384868E+00  0.2646754E+01  0.1368800E+00  0.4813477E+01 -0.6014517E-01  0.3810919E+01 -0.1043897E+00  0.5354085E+01 -0.6925776E+00
 0.4777760E+01
 0.3800000E+01 -0.1816436E+00  0.4839643E+01  0.3658549E+00  0.6505673E+01  0.4727952E+00 -0.1498230E+01  0.1440237E-01  0.6228248E+01 -0.4498404E+00  0.5688098E+01  0.3499092E+00  0.2694316E+01  0.1380274E+00  0.4869617E+01 -0.6146305E-01  0.3862620E+01 -0.1035244E+00  0.5412787E+01 -0.6950532E+00
 0.4833322E+01
 0.3825000E+01 -0.1821603E+00  0.4895613E+01  0.3618775E+00  0.6569727E+01  0.4863092E+00 -0.1540372E+01  0.1456728E-01  0.6290908E+01 -0.4458900E+00  0.5748014E+01  0.3602956E+00  0.2741879E+01  0.1389785E+00  0.4925751E+01 -0.6271996E-01  0.3914314E+01 -0.1026641E+00  0.5471485E+01 -0.6969636E+00
 0.4888900E+01
 0.3850000E+01 -0.1825727E+00  0.4951575E+01  0.3579287E+00  0.6633783E+01  0.4991569E+00 -0.1582682E+01  0.1473564E-01  0.6353567E+01 -0.4418793E+00  0.5807929E+01  0.3694264E+00  0.2789442E+01  0.1397210E+00  0.4981878E+01 -0.6389112E-01  0.3965997E+01 -0.1018156E+00  0.5530177E+01 -0.6982526E+00
 0.4944499E+01
 0.3875000E+01 -0.1828781E+00  0.5007528E+01  0.3540496E+00  0.6697842E+01  0.5111681E+00 -0.1625145E+01  0.1490746E-01  0.6416224E+01 -0.4378530E+00  0.5867842E+01  0.3771168E+00  0.2837003E+01  0.1402510E+00  0.5037996E+01 -0.6495666E-01  0.4017670E+01 -0.1009882E+00  0.5588862E+01 -0.6989046E+00
 0.5000122E+01
 0.3900000E+01 -0.1830828E+00  0.5063472E+01  0.3502813E+00  0.6761903E+01  0.5222003E+00 -0.1667746E+01  0.1508275E-01  0.6478880E+01 -0.4338622E+00  0.5927753E+01  0.3832170E+00  0.2884563E+01  0.1405722E+00  0.5094103E+01 -0.6590161E-01  0.4069330E+01 -0.1001934E+00  0.5647540E+01 -0.6989406E+00
 0.5055772E+01
 0.3925000E+01 -0.1832017E+00  0.5119404E+01  0.3466648E+00  0.6825966E+01  0.5321349E+00 -0.1710474E+01  0.1526149E-01  0.6541533E+01 -0.4299622E+00  0.5987663E+01  0.3876110E+00  0.2932121E+01  0.1406949E+00  0.5150199E+01 -0.6671589E-01  0.4120976E+01 -0.9944426E-01  0.5706212E+01 -0.6984142E+00
 0.5111453E+01
 0.3950000E+01 -0.1832562E+00  0.5175326E+01  0.3432417E+00  0.6890031E+01  0.5408897E+00 -0.1753312E+01  0.1544369E-01  0.6604186E+01 -0.4262122E+00  0.6047571E+01  0.3902160E+00  0.2979676E+01  0.1406354E+00  0.5206284E+01 -0.6739423E-01  0.4172607E+01 -0.9875521E-01  0.5764876E+01 -0.6974069E+00
 0.5167164E+01
 0.3975000E+01 -0.1832736E+00  0.5231236E+01  0.3400538E+00  0.6954098E+01  0.5483851E+00 -0.1796250E+01  0.1562942E-01  0.6666837E+01 -0.4226744E+00  0.6107478E+01  0.3909843E+00  0.3027228E+01  0.1404151E+00  0.5262357E+01 -0.6793591E-01  0.4224223E+01 -0.9814149E-01  0.5823534E+01 -0.6960234E+00
 0.5222907E+01
 0.4000000E+01 -0.1832860E+00  0.5287134E+01  0.3371434E+00  0.7018167E+01  0.5545584E+00 -0.1839279E+01  0.1581879E-01  0.6729487E+01 -0.4194132E+00  0.6167384E+01  0.3899016E+00  0.3074777E+01  0.1400599E+00  0.5318419E+01 -0.6834456E-01  0.4275822E+01 -0.9761898E-01  0.5882184E+01 -0.6943876E+00
 0.5278681E+01
 0.4025000E+01 -0.1833290E+00  0.5343022E+01  0.3345533E+00  0.7082238E+01  0.5593623E+00 -0.1882389E+01  0.1601202E-01  0.6792135E+01 -0.4164942E+00  0.6227287E+01  0.3869868E+00  0.3122322E+01  0.1395988E+00  0.5374469E+01 -0.6862795E-01  0.4327403E+01 -0.9720389E-01  0.5940829E+01 -0.6926386E+00
 0.5334486E+01
 0.4050000E+01 -0.1834405E+00  0.5398899E+01  0.3323262E+00  0.7146310E+01  0.5627635E+00 -0.1925574E+01  0.1620943E-01  0.6854782E+01 -0.4139835E+00  0.6287189E+01  0.3822919E+00  0.3169864E+01  0.1390641E+00  0.5430509E+01 -0.6879759E-01  0.4378967E+01 -0.9691248E-01  0.5999468E+01 -0.6909260E+00
 0.5390319E+01
 0.4075000E+01 -0.1836602E+00  0.5454766E+01  0.3305042E+00  0.7210384E+01  0.5647417E+00 -0.1968826E+01  0.1641143E-01  0.6917429E+01 -0.4119467E+00  0.6347090E+01  0.3759017E+00  0.3217402E+01  0.1384896E+00  0.5486539E+01 -0.6886847E-01  0.4430512E+01 -0.9676072E-01  0.6058102E+01 -0.6894065E+00
 0.5446181E+01
 0.4100000E+01 -0.1840279E+00  0.5510624E+01  0.3291278E+00  0.7274459E+01  0.5652888E+00 -0.2012138E+01  0.1661849E-01  0.6980074E+01 -0.4104473E+00  0.6406990E+01  0.3679333E+00  0.3264936E+01  0.1379106E+00  0.5542559E+01 -0.6885854E-01  0.4482040E+01 -0.9676392E-01  0.6116731E+01 -0.6882393E+00
 0.5502067E+01
 0.4125000E+01 -0.1845830E+00  0.5566474E+01  0.3282350E+00  0.7338534E+01  0.5644082E+00 -0.2055505E+01  0.1683115E-01  0.7042719E+01 -0.4095447E+00  0.6466889E+01  0.3585361E+00  0.3312466E+01  0.1373623E+00  0.5598572E+01 -0.6878834E-01  0.4533550E+01 -0.9693628E-01  0.6175356E+01 -0.6875818E+00
 0.5557977E+01
 0.4150000E+01 -0.1853626E+00  0.5622317E+01  0.3278590E+00  0.7402611E+01  0.5621141E+00 -0.2098922E+01  0.1704991E-01  0.7105363E+01 -0.4092927E+00  0.6526787E+01  0.3478913E+00  0.3359992E+01  0.1368794E+00  0.5654577E+01 -0.6868047E-01  0.4585044E+01 -0.9729040E-01  0.6233978E+01 -0.6875851E+00
 0.5613907E+01
 0.4175000E+01 -0.1864006E+00  0.5678155E+01  0.3280271E+00  0.7466689E+01  0.5584313E+00 -0.2142384E+01  0.1727519E-01  0.7168007E+01 -0.4097365E+00  0.6586684E+01  0.3362112E+00  0.3407514E+01  0.1364950E+00  0.5710576E+01 -0.6855904E-01  0.4636522E+01 -0.9783663E-01  0.6292597E+01 -0.6883889E+00
 0.5669855E+01
 0.4200000E+01 -0.1877265E+00  0.5733987E+01  0.3287584E+00  0.7530767E+01  0.5533947E+00 -0.2185886E+01  0.1750726E-01  0.7230651E+01 -0.4109102E+00  0.6646580E+01  0.3237389E+00  0.3455032E+01  0.1362392E+00  0.5766570E+01 -0.6844914E-01  0.4687988E+01 -0.9858246E-01  0.6351213E+01 -0.6901161E+00
 0.5725818E+01
 0.4225000E+01 -0.1893626E+00  0.5789816E+01  0.3300612E+00  0.7594846E+01  0.5472054E+00 -0.2229424E+01  0.1774609E-01  0.7293294E+01 -0.4128338E+00  0.6706476E+01  0.3106676E+00  0.3502543E+01  0.1361381E+00  0.5822561E+01 -0.6837449E-01  0.4739442E+01 -0.9953168E-01  0.6409829E+01 -0.6928658E+00
 0.5781793E+01
 0.4250000E+01 -0.1913247E+00  0.5845643E+01  0.3319313E+00  0.7658924E+01  0.5399268E+00 -0.2272996E+01  0.1799129E-01  0.7355937E+01 -0.4155108E+00  0.6766372E+01  0.2972934E+00  0.3550049E+01  0.1362132E+00  0.5878549E+01 -0.6836029E-01  0.4790887E+01 -0.1006839E+00  0.6468443E+01 -0.6967124E+00
 0.5837775E+01
 0.4275000E+01 -0.1936198E+00  0.5901469E+01  0.3343502E+00  0.7723003E+01  0.5316322E+00 -0.2316597E+01  0.1824201E-01  0.7418580E+01 -0.4189255E+00  0.6826268E+01  0.2839402E+00  0.3597549E+01  0.1364803E+00  0.5934536E+01 -0.6843114E-01  0.4842328E+01 -0.1020340E+00  0.6527056E+01 -0.7016990E+00
 0.5893763E+01
 0.4300000E+01 -0.1962448E+00  0.5957294E+01  0.3372830E+00  0.7787082E+01  0.5224043E+00 -0.2360224E+01  0.1849682E-01  0.7481222E+01 -0.4230410E+00  0.6886164E+01  0.2709581E+00  0.3645045E+01  0.1369484E+00  0.5990523E+01 -0.6861041E-01  0.4893768E+01 -0.1035713E+00  0.6585670E+01 -0.7078331E+00
 0.5949751E+01
 0.4325000E+01 -0.1991861E+00  0.6013121E+01  0.3406777E+00  0.7851161E+01  0.5123352E+00 -0.2403876E+01  0.1875369E-01  0.7543865E+01 -0.4277974E+00  0.6946060E+01  0.2587196E+00  0.3692538E+01  0.1376194E+00  0.6046510E+01 -0.6891959E-01  0.4945211E+01 -0.1052793E+00  0.6644284E+01 -0.7150834E+00
 0.6005736E+01
 0.4350000E+01 -0.2024183E+00  0.6068949E+01  0.3444648E+00  0.7915239E+01  0.5015255E+00 -0.2447549E+01  0.1900988E-01  0.7606508E+01 -0.4331115E+00  0.7005957E+01  0.2476141E+00  0.3740031E+01  0.1384872E+00  0.6102498E+01 -0.6937748E-01  0.4996663E+01 -0.1071355E+00  0.6702899E+01 -0.7233777E+00
 0.6061714E+01
 0.4375000E+01 -0.2059043E+00  0.6124780E+01  0.3485577E+00  0.7979316E+01  0.4900844E+00 -0.2491242E+01  0.1926202E-01  0.7669151E+01 -0.4388774E+00  0.7065854E+01  0.2380396E+00  0.3787525E+01  0.1395377E+00  0.6158489E+01 -0.6999919E-01  0.5048126E+01 -0.1091117E+00  0.6761515E+01 -0.7326013E+00
 0.6117681E+01
 0.4400000E+01 -0.2095952E+00  0.6180614E+01  0.3528544E+00  0.8043393E+01  0.4781188E+00 -0.2534954E+01  0.1950606E-01  0.7731795E+01 -0.4449679E+00  0.7125751E+01  0.2303920E+00  0.3835025E+01  0.1407485E+00  0.6214483E+01 -0.7079482E-01  0.5099607E+01 -0.1111741E+00  0.6820132E+01 -0.7425977E+00
 0.6173633E+01
 0.4425000E+01 -0.2134308E+00  0.6236451E+01  0.3572396E+00  0.8107469E+01  0.4657528E+00 -0.2578684E+01  0.1973744E-01  0.7794438E+01 -0.4512371E+00  0.7185649E+01  0.2250405E+00  0.3882534E+01  0.1420893E+00  0.6270479E+01 -0.7176776E-01  0.5151109E+01 -0.1132837E+00  0.6878751E+01 -0.7531692E+00
 0.6229567E+01
 0.4450000E+01 -0.2173400E+00  0.6292292E+01  0.3615878E+00  0.8171544E+01  0.4531174E+00 -0.2622432E+01  0.1995112E-01  0.7857082E+01 -0.4575246E+00  0.7245547E+01  0.2223053E+00  0.3930056E+01  0.1435223E+00  0.6326479E+01 -0.7291281E-01  0.5202634E+01 -0.1153979E+00  0.6937371E+01 -0.7640802E+00
 0.6285480E+01
 0.4475000E+01 -0.2212429E+00  0.6348137E+01  0.3657673E+00  0.8235618E+01  0.4403483E+00 -0.2666194E+01  0.2014180E-01  0.7919726E+01 -0.4636595E+00  0.7305445E+01  0.2224280E+00  0.3977594E+01  0.1450026E+00  0.6382483E+01 -0.7421450E-01  0.5254185E+01 -0.1174709E+00  0.6995993E+01 -0.7750617E+00
 0.6341371E+01
 0.4500000E+01 -0.2250520E+00  0.6403985E+01  0.3696437E+00  0.8299691E+01  0.4275855E+00 -0.2709971E+01  0.2030403E-01  0.7982370E+01 -0.4694655E+00  0.7365344E+01  0.2255417E+00  0.4025151E+01  0.1464798E+00  0.6438489E+01 -0.7564596E-01  0.5305762E+01 -0.1194554E+00  0.7054617E+01 -0.7858179E+00
 0.6397240E+01
 0.4525000E+01 -0.2286755E+00  0.6459837E+01  0.3730847E+00  0.8363763E+01  0.4149705E+00 -0.2753761E+01  0.2043250E-01  0.8045014E+01 -0.4747672E+00  0.7425244E+01  0.2316464E+00  0.4072728E+01  0.1478996E+00  0.6494499E+01 -0.7716898E-01  0.5357366E+01 -0.1213038E+00  0.7113243E+01 -0.7960360E+00
 0.6453086E+01
 0.4550000E+01 -0.2320207E+00  0.6515692E+01  0.3759639E+00  0.8427834E+01  0.4026446E+00 -0.2797563E+01  0.2052215E-01  0.8107658E+01 -0.4793950E+00  0.7485144E+01  0.2406004E+00  0.4120326E+01  0.1492062E+00  0.6550511E+01 -0.7873579E-01  0.5408995E+01 -0.1229702E+00  0.7171870E+01 -0.8053985E+00
 0.6508913E+01
 0.4575000E+01 -0.2349975E+00  0.6571549E+01  0.3781653E+00  0.8491904E+01  0.3907458E+00 -0.2841375E+01  0.2056846E-01  0.8170303E+01 -0.4831915E+00  0.7545045E+01  0.2521280E+00  0.4167943E+01  0.1503445E+00  0.6606525E+01 -0.8029222E-01  0.5460646E+01 -0.1244113E+00  0.7230498E+01 -0.8135967E+00
 0.6564724E+01
 0.4600000E+01 -0.2375226E+00  0.6627409E+01  0.3795864E+00  0.8555973E+01  0.3794052E+00 -0.2885199E+01  0.2056762E-01  0.8232948E+01 -0.4860157E+00  0.7604947E+01  0.2658462E+00  0.4215577E+01  0.1512632E+00  0.6662541E+01 -0.8178189E-01  0.5512317E+01 -0.1255882E+00  0.7289127E+01 -0.8203451E+00
 0.6620521E+01
 0.4625000E+01 -0.2395232E+00  0.6683271E+01  0.3801416E+00  0.8620040E+01  0.3687434E+00 -0.2929031E+01  0.2051666E-01  0.8295592E+01 -0.4877482E+00  0.7664850E+01  0.2812998E+00  0.4263228E+01  0.1519172E+00  0.6718558E+01 -0.8315035E-01  0.5564004E+01 -0.1264676E+00  0.7347757E+01 -0.8253932E+00
 0.6676309E+01
 0.4650000E+01 -0.2409390E+00  0.6739135E+01  0.3797643E+00  0.8684107E+01  0.3588669E+00 -0.2972872E+01  0.2041368E-01  0.8358237E+01 -0.4882941E+00  0.7724753E+01  0.2980002E+00  0.4310891E+01  0.1522692E+00  0.6774576E+01 -0.8434860E-01  0.5615704E+01 -0.1270226E+00  0.7406388E+01 -0.8285354E+00
 0.6732090E+01
 0.4675000E+01 -0.2417246E+00  0.6795001E+01  0.3784087E+00  0.8748173E+01  0.3498638E+00 -0.3016721E+01  0.2025786E-01  0.8420881E+01 -0.4875858E+00  0.7784658E+01  0.3154573E+00  0.4358565E+01  0.1522912E+00  0.6830595E+01 -0.8533549E-01  0.5667413E+01 -0.1272333E+00  0.7465020E+01 -0.8296172E+00
 0.6787867E+01
 0.4700000E+01 -0.2418507E+00  0.6850867E+01  0.3760512E+00  0.8812238E+01  0.3418012E+00 -0.3060577E+01  0.2004957E-01  0.8483526E+01 -0.4855841E+00  0.7844564E+01  0.3332058E+00  0.4406247E+01  0.1519653E+00  0.6886614E+01 -0.8607902E-01  0.5719129E+01 -0.1270877E+00  0.7523652E+01 -0.8285396E+00
 0.6843642E+01
 0.4725000E+01 -0.2413041E+00  0.6906735E+01  0.3726906E+00  0.8876302E+01  0.3347505E+00 -0.3104436E+01  0.1979041E-01  0.8546171E+01 -0.4822800E+00  0.7904471E+01  0.3508173E+00  0.4453936E+01  0.1512839E+00  0.6942633E+01 -0.8655675E-01  0.5770850E+01 -0.1265815E+00  0.7582285E+01 -0.8252599E+00
 0.6899417E+01
 0.4750000E+01 -0.2400882E+00  0.6962603E+01  0.3683488E+00  0.8940365E+01  0.3287304E+00 -0.3148300E+01  0.1948319E-01  0.8608815E+01 -0.4776940E+00  0.7964379E+01  0.3679208E+00  0.4501630E+01  0.1502495E+00  0.6998652E+01 -0.8675589E-01  0.5822572E+01 -0.1257185E+00  0.7640918E+01 -0.8197923E+00
 0.6955193E+01
 0.4775000E+01 -0.2382229E+00  0.7018472E+01  0.3630703E+00  0.9004428E+01  0.3237346E+00 -0.3192167E+01  0.1913196E-01  0.8671460E+01 -0.4718768E+00  0.8024288E+01  0.3842031E+00  0.4549328E+01  0.1488752E+00  0.7054670E+01 -0.8667278E-01  0.5874294E+01 -0.1245103E+00  0.7699552E+01 -0.8122067E+00
 0.7010970E+01
 0.4800000E+01 -0.2357436E+00  0.7074341E+01  0.3569214E+00  0.9068490E+01  0.3197331E+00 -0.3236037E+01  0.1874193E-01  0.8734104E+01 -0.4649077E+00  0.8084198E+01  0.3994119E+00  0.4597029E+01  0.1471835E+00  0.7110688E+01 -0.8631232E-01  0.5926016E+01 -0.1229766E+00  0.7758185E+01 -0.8026273E+00
 0.7066749E+01
 0.4825000E+01 -0.2327012E+00  0.7130210E+01  0.3499898E+00  0.9132551E+01  0.3166752E+00 -0.3279910E+01  0.1831944E-01  0.8796749E+01 -0.4568941E+00  0.8144109E+01  0.4133561E+00  0.4644733E+01  0.1452067E+00  0.7166706E+01 -0.8568733E-01  0.5977735E+01 -0.1211443E+00  0.7816819E+01 -0.7912293E+00
 0.7122531E+01
 0.4850000E+01 -0.2291609E+00  0.7186079E+01  0.3423826E+00  0.9196611E+01  0.3144930E+00 -0.3323786E+01  0.1787187E-01  0.8859393E+01 -0.4479697E+00  0.8204020E+01  0.4259054E+00  0.4692441E+01  0.1429854E+00  0.7222722E+01 -0.8481795E-01  0.6029451E+01 -0.1190478E+00  0.7875453E+01 -0.7782367E+00
 0.7178315E+01
 0.4875000E+01 -0.2252015E+00  0.7241949E+01  0.3342249E+00  0.9260671E+01  0.3130658E+00 -0.3367664E+01  0.1740757E-01  0.8922037E+01 -0.4382918E+00  0.8263933E+01  0.4370009E+00  0.4740153E+01  0.1405686E+00  0.7278739E+01 -0.8373185E-01  0.6081162E+01 -0.1167278E+00  0.7934086E+01 -0.7639180E+00
 0.7234102E+01
 0.4900000E+01 -0.2209133E+00  0.7297818E+01  0.3256573E+00  0.9324730E+01  0.3122882E+00 -0.3411544E+01  0.1693568E-01  0.8984682E+01 -0.4280391E+00  0.8323846E+01  0.4466343E+00  0.4787870E+01  0.1380124E+00  0.7334754E+01 -0.8246171E-01  0.6132870E+01 -0.1142312E+00  0.7992720E+01 -0.7485811E+00
 0.7289891E+01
 0.4925000E+01 -0.2163971E+00  0.7353688E+01  0.3168331E+00  0.9388789E+01  0.3120601E+00 -0.3455427E+01  0.1646602E-01  0.9047326E+01 -0.4174076E+00  0.8383760E+01  0.4548480E+00  0.4835594E+01  0.1353788E+00  0.7390769E+01 -0.8104530E-01  0.6184573E+01 -0.1116096E+00  0.8051354E+01 -0.7325670E+00
 0.7345682E+01
 0.4950000E+01 -0.2117616E+00  0.7409557E+01  0.3079148E+00  0.9452848E+01  0.3122874E+00 -0.3499311E+01  0.1600885E-01  0.9109970E+01 -0.4066063E+00  0.8443674E+01  0.4617329E+00  0.4883325E+01  0.1327346E+00  0.7446783E+01 -0.7952462E-01  0.6236271E+01 -0.1089186E+00  0.8109988E+01 -0.7162426E+00
 0.7401475E+01
 0.4975000E+01 -0.2071208E+00  0.7465426E+01  0.2990699E+00  0.9516906E+01  0.3128821E+00 -0.3543198E+01  0.1557464E-01  0.9172614E+01 -0.3958520E+00  0.8503588E+01  0.4674244E+00  0.4931066E+01  0.1301493E+00  0.7502797E+01 -0.7794491E-01  0.6287964E+01 -0.1062162E+00  0.8168622E+01 -0.6999913E+00
 0.7457269E+01
 0.5000000E+01 -0.2025911E+00  0.7521295E+01  0.2904657E+00  0.9580964E+01  0.3137628E+00 -0.3587086E+01  0.1517377E-01  0.9235258E+01 -0.3853629E+00  0.8563503E+01  0.4720974E+00  0.4978819E+01  0.1276937E+00  0.7558810E+01 -0.7635336E-01  0.6339653E+01 -0.1035615E+00  0.8227256E+01 -0.6842026E+00
 0.7513066E+01
