0.002 5.28834277782091e-06 0.24689194582318297 
0.004 2.1152807112436696e-05 0.24689194582318297 
0.006 4.759170106634334e-05 0.24689194582318297 
0.008 8.460220494048125e-05 0.24689194582318297 
0.01 0.0001321803715693756 0.24689194582318297 
0.012 0.000190321126734276 0.24689194582318297 
0.014 0.0002590182696942362 0.24689194582318297 
0.016 0.0003382644738350585 0.24689194582318297 
0.018000000000000002 0.0004280512874360132 0.24689194582318297 
0.020000000000000004 0.0005283691345542218 0.24689194582318297 
0.022000000000000006 0.0006392073160265857 0.24689194582318297 
0.024000000000000007 0.0007605540105891107 0.24689194582318297 
0.02600000000000001 0.0008923962761134827 0.24689194582318297 
0.02800000000000001 0.0010347200509607053 0.24689194582318297 
0.030000000000000013 0.001187510155451623 0.24689194582318297 
0.032000000000000015 0.0013507502934541186 0.24689194582318297 
0.034000000000000016 0.0015244230540867594 0.24689194582318297 
0.03600000000000002 0.0017085099135386616 0.24689194582318297 
0.03800000000000002 0.0019029912370053116 0.24689194582318297 
0.04000000000000002 0.00210784628074007 0.24689194582318297 
0.04200000000000002 0.002323053194221097 0.24689194582318297 
0.044000000000000025 0.0025485890224333577 0.24689194582318297 
0.04600000000000003 0.0027844297082654274 0.24689194582318297 
0.04800000000000003 0.0030305500950207395 0.24689194582318297 
0.05000000000000003 0.0032869239290429387 0.24689194582318297 
0.05200000000000003 0.0035535238624549697 0.24689194582318297 
0.054000000000000034 0.003830321456011538 0.24689194582318297 
0.056000000000000036 0.0041172871820645204 0.24689194582318297 
0.05800000000000004 0.004414390427640949 0.24689194582318297 
0.06000000000000004 0.0047215994976331195 0.24689194582318297 
0.06200000000000004 0.005038881618100396 0.24689194582318297 
0.06400000000000004 0.005366202939682279 0.24689194582318297 
0.06600000000000004 0.005703528541122212 0.24689194582318297 
0.06800000000000005 0.006050822432901735 0.24689194582318297 
0.07000000000000005 0.006408047560984384 0.24689194582318297 
0.07200000000000005 0.00677516581066893 0.24689194582318297 
0.07400000000000005 0.007152138010551369 0.24689194582318297 
0.07600000000000005 0.007538923936595142 0.24689194582318297 
0.07800000000000006 0.007935482316309054 0.24689194582318297 
0.08000000000000006 0.008341770833032298 0.24689194582318297 
0.08200000000000006 0.008757746130326045 0.24689194582318297 
0.08400000000000006 0.009183363816471004 0.24689194582318297 
0.08600000000000006 0.009618578469070299 0.24689194582318297 
0.08800000000000006 0.010063343639757149 0.24689194582318297 
0.09000000000000007 0.010517611859006633 0.24689194582318297 
0.09200000000000007 0.010981334641050942 0.24689194582318297 
0.09400000000000007 0.011454462488897522 0.24689194582318297 
0.09600000000000007 0.011936944899449348 0.24689194582318297 
0.09800000000000007 0.012428730368726684 0.24689194582318297 
0.10000000000000007 0.012929766397189749 0.24689194582318297 
0.10200000000000008 0.013439999495161482 0.24689194582318297 
0.10400000000000008 0.013959375188349707 0.24689194582318297 
0.10600000000000008 0.014487838023468067 0.24689194582318297 
0.10800000000000008 0.015025331573954952 0.24689194582318297 
0.11000000000000008 0.015571798445789658 0.24689194582318297 
0.11200000000000009 0.01612718028340513 0.24689194582318297 
0.11400000000000009 0.016691417775696396 0.24689194582318297 
0.11600000000000009 0.0172644506621241 0.24689194582318297 
0.11800000000000009 0.01784621773891224 0.24689194582318297 
0.12000000000000009 0.0184366568653394 0.24689194582318297 
0.1220000000000001 0.01903570497012257 0.24689194582318297 
0.1240000000000001 0.019643298057893027 0.24689194582318297 
0.12600000000000008 0.020259371215763152 0.24689194582318297 
0.12800000000000009 0.02088385861998364 0.24689194582318297 
0.1300000000000001 0.021516693542690056 0.24689194582318297 
0.1320000000000001 0.02215780835873828 0.24689194582318297 
0.1340000000000001 0.02280713455262741 0.24689194582318297 
0.1360000000000001 0.02346460272550996 0.24689194582318297 
0.1380000000000001 0.024130142602288154 0.24689194582318297 
0.1400000000000001 0.02480368303879537 0.24689194582318297 
0.1420000000000001 0.025485152029062222 0.24689194582318297 
0.1440000000000001 0.026174476712666123 0.24689194582318297 
0.1460000000000001 0.026871583382163666 0.24689194582318297 
0.1480000000000001 0.027576397490604837 0.24689194582318297 
0.1500000000000001 0.028288843659128274 0.24689194582318297 
0.1520000000000001 0.02900884568463663 0.24689194582318297 
0.1540000000000001 0.02973632654755125 0.24689194582318297 
0.1560000000000001 0.030471208419645204 0.24689194582318297 
0.1580000000000001 0.031213412671953867 0.24689194582318297 
0.16000000000000011 0.03196285988276211 0.24689194582318297 
0.16200000000000012 0.032719469845667204 0.24689194582318297 
0.16400000000000012 0.033483161577716684 0.24689194582318297 
0.16600000000000012 0.03425385332762012 0.24689194582318297 
0.16800000000000012 0.03503146258403403 0.24689194582318297 
0.17000000000000012 0.03581590608391885 0.24689194582318297 
0.17200000000000013 0.03660709982096748 0.24689194582318297 
0.17400000000000013 0.03740495905410404 0.24689194582318297 
0.17600000000000013 0.03820939831605226 0.24689194582318297 
0.17800000000000013 0.03902033142197249 0.24689194582318297 
0.18000000000000013 0.03983767147816658 0.24689194582318297 
0.18200000000000013 0.04066133089084949 0.24689194582318297 
0.18400000000000014 0.04149122137498706 0.24689194582318297 
0.18600000000000014 0.042327253963198766 0.24689194582318297 
0.18800000000000014 0.043169339014724945 0.24689194582318297 
0.19000000000000014 0.044017386224457014 0.24689194582318297 
0.19200000000000014 0.04487130463203072 0.24689194582318297 
0.19400000000000014 0.04573100263098054 0.24689194582318297 
0.19600000000000015 0.04659638797795514 0.24689194582318297 
0.19800000000000015 0.0474673678019927 0.24689194582318297 
0.20000000000000015 0.048343848613855246 0.24689194582318297 
0.20200000000000015 0.04922573631542123 0.24689194582318297 
0.20400000000000015 0.05011293620913551 0.24689194582318297 
0.20600000000000016 0.051005353007515894 0.24689194582318297 
0.20800000000000016 0.05190289084271514 0.24689194582318297 
0.21000000000000016 0.05280545327613825 0.24689194582318297 
0.21200000000000016 0.05371294330811343 0.24689194582318297 
0.21400000000000016 0.05462526338761657 0.24689194582318297 
0.21600000000000016 0.05554231542204795 0.24689194582318297 
0.21800000000000017 0.056464000787060806 0.24689194582318297 
0.22000000000000017 0.05739022033644055 0.24689194582318297 
0.22200000000000017 0.05832087441203419 0.24689194582318297 
0.22400000000000017 0.05925586285372904 0.24689194582318297 
0.22600000000000017 0.06019508500947987 0.24689194582318297 
0.22800000000000017 0.061138439745384084 0.24689194582318297 
0.23000000000000018 0.06208582545580367 0.24689194582318297 
0.23200000000000018 0.06303714007353356 0.24689194582318297 
0.23400000000000018 0.06399228108001576 0.24689194582318297 
0.23600000000000018 0.06495114551559802 0.24689194582318297 
0.23800000000000018 0.06591362998983696 0.24689194582318297 
0.24000000000000019 0.0668796306918446 0.24689194582318297 
0.2420000000000002 0.0678490434006778 0.24689194582318297 
0.2440000000000002 0.06882176349576946 0.24689194582318297 
0.2460000000000002 0.06979768596740185 0.24689194582318297 
0.2480000000000002 0.07077670542722014 0.24689194582318297 
0.25000000000000017 0.07175871611878673 0.24689194582318297 
0.25200000000000017 0.07274361192817463 0.24689194582318297 
0.25400000000000017 0.07373128639460047 0.24689194582318297 
0.25600000000000017 0.07472163272109539 0.24689194582318297 
0.2580000000000002 0.07571454378521411 0.24689194582318297 
0.2600000000000002 0.07670991214978105 0.24689194582318297 
0.2620000000000002 0.07770763007367357 0.24689194582318297 
0.2640000000000002 0.07870758952264095 0.24689194582318297 
0.2660000000000002 0.0797096821801595 0.24689194582318297 
0.2680000000000002 0.08071379945832274 0.24689194582318297 
0.2700000000000002 0.08171983250876602 0.24689194582318297 
0.2720000000000002 0.08272767223362595 0.24689194582318297 
0.2740000000000002 0.0837372092965332 0.24689194582318297 
0.2760000000000002 0.08474833413363878 0.24689194582318297 
0.2780000000000002 0.08576093696467345 0.24689194582318297 
0.2800000000000002 0.08677490780403954 0.24689194582318297 
0.2820000000000002 0.08779013647193483 0.24689194582318297 
0.2840000000000002 0.08880651260550858 0.24689194582318297 
0.2860000000000002 0.08982392567004849 0.24689194582318297 
0.2880000000000002 0.09084226497019965 0.24689194582318297 
0.2900000000000002 0.0918614196612132 0.24689194582318297 
0.2920000000000002 0.09288127876022648 0.24689194582318297 
0.2940000000000002 0.09390173115757286 0.24689194582318297 
0.2960000000000002 0.09492266562812177 0.24689194582318297 
0.2980000000000002 0.09594397084264836 0.24689194582318297 
0.3000000000000002 0.09696553537923298 0.24689194582318297 
0.3020000000000002 0.09798724773468943 0.24689194582318297 
0.3040000000000002 0.09900899633602299 0.24689194582318297 
0.3060000000000002 0.10003066955191696 0.24689194582318297 
0.3080000000000002 0.10105215570424819 0.24689194582318297 
0.3100000000000002 0.10207334307963131 0.24689194582318297 
0.3120000000000002 0.10309411994099157 0.24689194582318297 
0.3140000000000002 0.10411437453916618 0.24689194582318297 
0.3160000000000002 0.10513399512453393 0.24689194582318297 
0.3180000000000002 0.10615286995867361 0.24689194582318297 
0.32000000000000023 0.10717088732605015 0.24689194582318297 
0.32200000000000023 0.10818793554572982 0.24689194582318297 
0.32400000000000023 0.10920390298312313 0.24689194582318297 
0.32600000000000023 0.11021867806175673 0.24689194582318297 
0.32800000000000024 0.11123214927507288 0.24689194582318297 
0.33000000000000024 0.11224420519825865 0.24689194582318297 
0.33200000000000024 0.11325473450010248 0.24689194582318297 
0.33400000000000024 0.11426362595488022 0.24689194582318297 
0.33600000000000024 0.11527076845426934 0.24689194582318297 
0.33800000000000024 0.11627605101929298 0.24689194582318297 
0.34000000000000025 0.1172793628122922 0.24689194582318297 
0.34200000000000025 0.1182805931489278 0.24689194582318297 
0.34400000000000025 0.11927963151021223 0.24689194582318297 
0.34600000000000025 0.12027636755457011 0.24689194582318297 
0.34800000000000025 0.12127069112992958 0.24689194582318297 
0.35000000000000026 0.12226249228584343 0.24689194582318297 
0.35200000000000026 0.12325166128564091 0.24689194582318297 
0.35400000000000026 0.12423808861860997 0.24689194582318297 
0.35600000000000026 0.12522166501221066 0.24689194582318297 
0.35800000000000026 0.12620228144432036 0.24689194582318297 
0.36000000000000026 0.1271798291555098 0.24689194582318297 
0.36200000000000027 0.1281541996613521 0.24689194582318297 
0.36400000000000027 0.12912528476476326 0.24689194582318297 
0.36600000000000027 0.1300929765683764 0.24689194582318297 
0.36800000000000027 0.13105716748694846 0.24689194582318297 
0.3700000000000003 0.132017750259801 0.24689194582318297 
0.3720000000000003 0.13297461796329477 0.24689194582318297 
0.3740000000000003 0.13392766402333858 0.24689194582318297 
0.3760000000000003 0.1348767822279336 0.24689194582318297 
0.3780000000000003 0.13582186673975283 0.24689194582318297 
0.3800000000000003 0.13676281210875574 0.24689194582318297 
0.3820000000000003 0.13769951328484092 0.24689194582318297 
0.3840000000000003 0.13863186563053342 0.24689194582318297 
0.3860000000000003 0.1395597649337112 0.24689194582318297 
0.3880000000000003 0.14048310742036846 0.24689194582318297 
0.3900000000000003 0.14140178976741777 0.24689194582318297 
0.3920000000000003 0.14231570911553093 0.24689194582318297 
0.3940000000000003 0.1432247630820191 0.24689194582318297 
0.3960000000000003 0.1441288497737537 0.24689194582318297 
0.3980000000000003 0.14502786780012628 0.24689194582318297 
0.4000000000000003 0.14592171628605133 0.24689194582318297 
0.4020000000000003 0.14681029488500927 0.24689194582318297 
0.4040000000000003 0.14769350379213236 0.24689194582318297 
0.4060000000000003 0.14857124375733294 0.24689194582318297 
0.4080000000000003 0.14944341609847517 0.24689194582318297 
0.4100000000000003 0.1503099227145908 0.24689194582318297 
0.4120000000000003 0.1511706660991387 0.24689194582318297 
0.4140000000000003 0.15202554935330978 0.24689194582318297 
0.4160000000000003 0.1528744761993775 0.24689194582318297 
0.4180000000000003 0.15371735099409428 0.24689194582318297 
0.4200000000000003 0.1545540787421334 0.24689194582318297 
0.4220000000000003 0.15538456510958026 0.24689194582318297 
0.4240000000000003 0.15620871643746875 0.24689194582318297 
0.4260000000000003 0.15702643975536681 0.24689194582318297 
0.4280000000000003 0.15783764279501142 0.24689194582318297 
0.4300000000000003 0.1586422340039903 0.24689194582318297 
0.43200000000000033 0.1594401225594751 0.24689194582318297 
0.43400000000000033 0.16023121838200366 0.24689194582318297 
0.43600000000000033 0.16101543214931252 0.24689194582318297 
0.43800000000000033 0.16179267531022035 0.24689194582318297 
0.44000000000000034 0.1625628600985624 0.24689194582318297 
0.44200000000000034 0.1633258995471759 0.24689194582318297 
0.44400000000000034 0.1640817075019384 0.24689194582318297 
0.44600000000000034 0.16483019863585624 0.24689194582318297 
0.44800000000000034 0.16557128846320723 0.24689194582318297 
0.45000000000000034 0.16630489335373455 0.24689194582318297 
0.45200000000000035 0.16703093054689372 0.24689194582318297 
0.45400000000000035 0.16774931816615246 0.24689194582318297 
0.45600000000000035 0.1684599752333436 0.24689194582318297 
0.45800000000000035 0.16916282168307084 0.24689194582318297 
0.46000000000000035 0.16985777837716742 0.24689194582318297 
0.46200000000000035 0.17054476711920813 0.24689194582318297 
0.46400000000000036 0.1712237106690745 0.24689194582318297 
0.46600000000000036 0.17189453275757205 0.24689194582318297 
0.46800000000000036 0.172557158101101 0.24689194582318297 
0.47000000000000036 0.1732115124163796 0.24689194582318297 
0.47200000000000036 0.17385752243521851 0.24689194582318297 
0.47400000000000037 0.1744951159193482 0.24689194582318297 
0.47600000000000037 0.1751242216752975 0.24689194582318297 
0.47800000000000037 0.17574476956932295 0.24689194582318297 
0.48000000000000037 0.17635669054238856 0.24689194582318297 
0.4820000000000004 0.17695991662519547 0.24689194582318297 
0.4840000000000004 0.1775543809532611 0.24689194582318297 
0.4860000000000004 0.17814001778204624 0.24689194582318297 
0.4880000000000004 0.17871676250212956 0.24689194582318297 
0.4900000000000004 0.17928455165442925 0.24689194582318297 
0.4920000000000004 0.17984332294547 0.24689194582318297 
0.4940000000000004 0.1803930152626944 0.24689194582318297 
0.4960000000000004 0.1809335686898177 0.24689194582318297 
0.4980000000000004 0.18146492452222446 0.24689194582318297 
0.5000000000000003 0.1819870252824063 0.24689194582318297 
0.5020000000000003 0.18249981473543786 0.24689194582318297 
0.5040000000000003 0.18300323790449136 0.24689194582318297 
0.5060000000000003 0.18349724108638613 0.24689194582318297 
0.5080000000000003 0.18398177186717224 0.24689194582318297 
0.5100000000000003 0.18445677913774677 0.24689194582318297 
0.5120000000000003 0.18492221310949952 0.24689194582318297 
0.5140000000000003 0.18537802532998632 0.24689194582318297 
0.5160000000000003 0.18582416869862914 0.24689194582318297 
0.5180000000000003 0.18626059748243703 0.24689194582318297 
0.5200000000000004 0.18668726733175017 0.24689194582318297 
0.5220000000000004 0.18710413529599926 0.24689194582318297 
0.5240000000000004 0.1875111598394819 0.24689194582318297 
0.5260000000000004 0.18790830085714988 0.24689194582318297 
0.5280000000000004 0.1882955196904048 0.24689194582318297 
0.5300000000000004 0.1886727791429007 0.24689194582318297 
0.5320000000000004 0.1890400434963474 0.24689194582318297 
0.5340000000000004 0.18939727852631322 0.24689194582318297 
0.5360000000000004 0.18974445151802172 0.24689194582318297 
0.5380000000000004 0.19008153128213995 0.24689194582318297 
0.5400000000000004 0.19040848817055253 0.24689194582318297 
0.5420000000000004 0.1907252940921192 0.24689194582318297 
0.5440000000000004 0.19103192252840887 0.24689194582318297 
0.5460000000000004 0.19132834854940894 0.24689194582318297 
0.5480000000000004 0.19161454882920115 0.24689194582318297 
0.5500000000000004 0.1918905016616024 0.24689194582318297 
0.5520000000000004 0.19215618697576284 0.24689194582318297 
0.5540000000000004 0.19241158635171823 0.24689194582318297 
0.5560000000000004 0.19265668303588826 0.24689194582318297 
0.5580000000000004 0.19289146195651719 0.24689194582318297 
0.5600000000000004 0.19311590973904996 0.24689194582318297 
0.5620000000000004 0.19333001472143824 0.24689194582318297 
0.5640000000000004 0.19353376696936794 0.24689194582318297 
0.5660000000000004 0.1937271582914059 0.24689194582318297 
0.5680000000000004 0.19391018225405277 0.24689194582318297 
0.5700000000000004 0.19408283419670153 0.24689194582318297 
0.5720000000000004 0.1942451112464893 0.24689194582318297 
0.5740000000000004 0.19439701233303805 0.24689194582318297 
0.5760000000000004 0.19453853820307504 0.24689194582318297 
0.5780000000000004 0.19466969143492538 0.24689194582318297 
0.5800000000000004 0.19479047645286918 0.24689194582318297 
0.5820000000000004 0.19490089954135364 0.24689194582318297 
0.5840000000000004 0.1950009688590526 0.24689194582318297 
0.5860000000000004 0.19509069445276472 0.24689194582318297 
0.5880000000000004 0.19517008827113977 0.24689194582318297 
0.5900000000000004 0.19523916417822584 0.24689194582318297 
0.5920000000000004 0.19529793796682599 0.24689194582318297 
0.5940000000000004 0.19534642737165586 0.24689194582318297 
0.5960000000000004 0.19538465208229158 0.24689194582318297 
0.5980000000000004 0.1954126337558979 0.24689194582318297 
0.6000000000000004 0.1954303960297259 0.24689194582318297 
0.6020000000000004 0.19543796453337056 0.24689194582318297 
0.6040000000000004 0.1954353669007745 0.24689194582318297 
0.6060000000000004 0.19542263278197058 0.24689194582318297 
0.6080000000000004 0.19539979385454898 0.24689194582318297 
0.6100000000000004 0.19536688383483755 0.24689194582318297 
0.6120000000000004 0.19532393848878515 0.24689194582318297 
0.6140000000000004 0.19527099564253314 0.24689194582318297 
0.6160000000000004 0.1952080951926668 0.24689194582318297 
0.6180000000000004 0.19513527911612844 0.24689194582318297 
0.6200000000000004 0.19505259147978518 0.24689194582318297 
0.6220000000000004 0.19496007844963464 0.24689194582318297 
0.6240000000000004 0.1948577882996364 0.24689194582318297 
0.6260000000000004 0.19474577142015675 0.24689194582318297 
0.6280000000000004 0.1946240803260108 0.24689194582318297 
0.6300000000000004 0.19449276966409204 0.24689194582318297 
0.6320000000000005 0.19435189622057047 0.24689194582318297 
0.6340000000000005 0.19420151892764964 0.24689194582318297 
0.6360000000000005 0.19404169886986505 0.24689194582318297 
0.6380000000000005 0.19387249928991085 0.24689194582318297 
0.6400000000000005 0.19369398559398088 0.24689194582318297 
0.6420000000000005 0.19350622535660678 0.24689194582318297 
0.6440000000000005 0.1933092883249809 0.24689194582318297 
0.6460000000000005 0.19310324642274757 0.24689194582318297 
0.6480000000000005 0.19288817375324724 0.24689194582318297 
0.6500000000000005 0.19266414660219833 0.24689194582318297 
0.6520000000000005 0.1924312434398033 0.24689194582318297 
0.6540000000000005 0.1921895449222595 0.24689194582318297 
0.6560000000000005 0.19193913389266293 0.24689194582318297 
0.6580000000000005 0.19168009538128705 0.24689194582318297 
0.6600000000000005 0.19141251660522182 0.24689194582318297 
0.6620000000000005 0.19113648696735694 0.24689194582318297 
0.6640000000000005 0.19085209805469344 0.24689194582318297 
0.6660000000000005 0.19055944363596794 0.24689194582318297 
0.6680000000000005 0.19025861965857346 0.24689194582318297 
0.6700000000000005 0.1899497242447618 0.24689194582318297 
0.6720000000000005 0.18963285768711027 0.24689194582318297 
0.6740000000000005 0.18930812244323947 0.24689194582318297 
0.6760000000000005 0.18897562312976246 0.24689194582318297 
0.6780000000000005 0.18863546651545596 0.24689194582318297 
0.6800000000000005 0.18828776151363083 0.24689194582318297 
0.6820000000000005 0.18793261917369194 0.24689194582318297 
0.6840000000000005 0.18757015267187183 0.24689194582318297 
0.6860000000000005 0.18720047730111833 0.24689194582318297 
0.6880000000000005 0.18682371046012858 0.24689194582318297 
0.6900000000000005 0.18643997164150827 0.24689194582318297 
0.6920000000000005 0.18604938241904684 0.24689194582318297 
0.6940000000000005 0.18565206643409027 0.24689194582318297 
0.6960000000000005 0.18524814938100043 0.24689194582318297 
0.6980000000000005 0.18483775899168778 0.24689194582318297 
0.7000000000000005 0.18442102501920038 0.24689194582318297 
0.7020000000000005 0.18399807922036138 0.24689194582318297 
0.7040000000000005 0.18356905533743867 0.24689194582318297 
0.7060000000000005 0.18313408907883638 0.24689194582318297 
0.7080000000000005 0.1826933180987964 0.24689194582318297 
0.7100000000000005 0.18224688197609773 0.24689194582318297 
0.7120000000000005 0.18179492219174345 0.24689194582318297 
0.7140000000000005 0.181337582105626 0.24689194582318297 
0.7160000000000005 0.18087500693215897 0.24689194582318297 
0.7180000000000005 0.18040734371486794 0.24689194582318297 
0.7200000000000005 0.17993474129993084 0.24689194582318297 
0.7220000000000005 0.17945735030865928 0.24689194582318297 
0.7240000000000005 0.17897532310891612 0.24689194582318297 
0.7260000000000005 0.17848881378545764 0.24689194582318297 
0.7280000000000005 0.17799797810919965 0.24689194582318297 
0.7300000000000005 0.17750297350539843 0.24689194582318297 
0.7320000000000005 0.17700395902074303 0.24689194582318297 
0.7340000000000005 0.17650109528935523 0.24689194582318297 
0.7360000000000005 0.1759945444976939 0.24689194582318297 
0.7380000000000005 0.1754844703483618 0.24689194582318297 
0.7400000000000005 0.17497103802281183 0.24689194582318297 
0.7420000000000005 0.17445441414295476 0.24689194582318297 
0.7440000000000005 0.1739347667316666 0.24689194582318297 
0.7460000000000006 0.17341226517219732 0.24689194582318297 
0.7480000000000006 0.1728870801664838 0.24689194582318297 
0.7500000000000006 0.17235938369236883 0.24689194582318297 
0.7520000000000006 0.1718293489597321 0.24689194582318297 
0.7540000000000006 0.17129715036553575 0.24689194582318297 
0.7560000000000006 0.17076296344779338 0.24689194582318297 
0.7580000000000006 0.170226964838467 0.24689194582318297 
0.7600000000000006 0.1696893322153028 0.24689194582318297 
0.7620000000000006 0.16915024425261183 0.24689194582318297 
0.7640000000000006 0.16860988057100962 0.24689194582318297 
0.7660000000000006 0.16806842168612307 0.24689194582318297 
0.7680000000000006 0.16752604895627987 0.24689194582318297 
0.7700000000000006 0.16698294452919155 0.24689194582318297 
0.7720000000000006 0.16643929128764745 0.24689194582318297 
0.7740000000000006 0.16589527279423497 0.24689194582318297 
0.7760000000000006 0.16535107323510234 0.24689194582318297 
0.7780000000000006 0.16480687736278402 0.24689194582318297 
0.7800000000000006 0.16426287043810778 0.24689194582318297 
0.7820000000000006 0.1637192381712031 0.24689194582318297 
0.7840000000000006 0.16317616666163576 0.24689194582318297 
0.7860000000000006 0.16263384233768868 0.24689194582318297 
0.7880000000000006 0.16209245189481655 0.24689194582318297 
0.7900000000000006 0.16155218223329698 0.24689194582318297 
0.7920000000000006 0.16101322039510793 0.24689194582318297 
0.7940000000000006 0.16047575350005727 0.24689194582318297 
0.7960000000000006 0.1599399686811958 0.24689194582318297 
0.7980000000000006 0.15940605301954153 0.24689194582318297 
0.8000000000000006 0.15887419347815046 0.24689194582318297 
0.8020000000000006 0.1583445768355635 0.24689194582318297 
0.8040000000000006 0.15781738961866476 0.24689194582318297 
0.8060000000000006 0.1572928180349876 0.24689194582318297 
0.8080000000000006 0.15677104790450203 0.24689194582318297 
0.8100000000000006 0.1562522645909231 0.24689194582318297 
0.8120000000000006 0.15573665293257782 0.24689194582318297 
0.8140000000000006 0.15522439717286987 0.24689194582318297 
0.8160000000000006 0.15471568089038262 0.24689194582318297 
0.8180000000000006 0.15421068692866283 0.24689194582318297 
0.8200000000000006 0.15370959732572692 0.24689194582318297 
0.8220000000000006 0.15321259324333167 0.24689194582318297 
0.8240000000000006 0.15271985489605655 0.24689194582318297 
0.8260000000000006 0.1522315614802413 0.24689194582318297 
0.8280000000000006 0.1517478911028237 0.24689194582318297 
0.8300000000000006 0.15126902071012627 0.24689194582318297 
0.8320000000000006 0.1507951260166383 0.24689194582318297 
0.8340000000000006 0.1503263814338413 0.24689194582318297 
0.8360000000000006 0.14986295999912713 0.24689194582318297 
0.8380000000000006 0.14940503330485833 0.24689194582318297 
0.8400000000000006 0.1489527714276196 0.24689194582318297 
0.8420000000000006 0.14850634285771286 0.24689194582318297 
0.8440000000000006 0.14806591442894437 0.24689194582318297 
0.8460000000000006 0.1476316512487575 0.24689194582318297 
0.8480000000000006 0.14720371662876103 0.24689194582318297 
0.8500000000000006 0.14678227201570593 0.24689194582318297 
0.8520000000000006 0.14636747692296287 0.24689194582318297 
0.8540000000000006 0.14595948886255122 0.24689194582318297 
0.8560000000000006 0.14555846327777436 0.24689194582318297 
0.8580000000000007 0.14516455347651114 0.24689194582318297 
0.8600000000000007 0.14477791056521827 0.24689194582318297 
0.8620000000000007 0.14439868338369347 0.24689194582318297 
0.8640000000000007 0.14402701844065371 0.24689194582318297 
0.8660000000000007 0.14366305985017952 0.24689194582318297 
0.8680000000000007 0.14330694926907558 0.24689194582318297 
0.8700000000000007 0.14295882583520214 0.24689194582318297 
0.8720000000000007 0.14261882610682425 0.24689194582318297 
0.8740000000000007 0.14228708400303158 0.24689194582318297 
0.8760000000000007 0.14196373074527868 0.24689194582318297 
0.8780000000000007 0.14164889480009182 0.24689194582318297 
0.8800000000000007 0.14134270182299533 0.24689194582318297 
0.8820000000000007 0.14104527460370125 0.24689194582318297 
0.8840000000000007 0.14075673301261027 0.24689194582318297 
0.8860000000000007 0.14047719394867147 0.24689194582318297 
0.8880000000000007 0.1402067712886425 0.24689194582318297 
0.8900000000000007 0.1399455758377976 0.24689194582318297 
0.8920000000000007 0.1396937152821237 0.24689194582318297 
0.8940000000000007 0.13945129414204743 0.24689194582318297 
0.8960000000000007 0.13921841372773325 0.24689194582318297 
0.8980000000000007 0.13899517209599183 0.24689194582318297 
0.9000000000000007 0.13878166400883662 0.24689194582318297 
0.9020000000000007 0.1385779808937243 0.24689194582318297 
0.9040000000000007 0.1383842108055162 0.24689194582318297 
0.9060000000000007 0.13820043839019067 0.24689194582318297 
0.9080000000000007 0.13802674485034294 0.24689194582318297 
0.9100000000000007 0.13786320791249768 0.24689194582318297 
0.9120000000000007 0.13770990179626794 0.24689194582318297 
0.9140000000000007 0.13756689718538392 0.24689194582318297 
0.9160000000000007 0.13743426120061852 0.24689194582318297 
0.9180000000000007 0.13731205737463334 0.24689194582318297 
0.9200000000000007 0.13720034562876543 0.24689194582318297 
0.9220000000000007 0.13709918225177703 0.24689194582318297 
0.9240000000000007 0.13700861988058416 0.24689194582318297 
0.9260000000000007 0.1369287074829816 0.24689194582318297 
0.9280000000000007 0.13685949034237768 0.24689194582318297 
0.9300000000000007 0.1368010100445523 0.24689194582318297 
0.9320000000000007 0.13675330446644696 0.24689194582318297 
0.9340000000000007 0.13671640776699678 0.24689194582318297 
0.9360000000000007 0.1366903503800096 0.24689194582318297 
0.9380000000000007 0.13667515900909777 0.24689194582318297 
0.9400000000000007 0.13667085662466388 0.24689194582318297 
0.9420000000000007 0.1366774624629414 0.24689194582318297 
0.9440000000000007 0.13669499202708907 0.24689194582318297 
0.9460000000000007 0.1367234570903343 0.24689194582318297 
0.9480000000000007 0.13676286570116092 0.24689194582318297 
0.9500000000000007 0.1368132221905333 0.24689194582318297 
0.9520000000000007 0.13687452718114707 0.24689194582318297 
0.9540000000000007 0.13694677759869545 0.24689194582318297 
0.9560000000000007 0.13702996668513714 0.24689194582318297 
0.9580000000000007 0.13712408401395065 0.24689194582318297 
0.9600000000000007 0.1372291155073576 0.24689194582318297 
0.9620000000000007 0.13734504345549622 0.24689194582318297 
0.9640000000000007 0.1374718465375231 0.24689194582318297 
0.9660000000000007 0.13760949984462167 0.24689194582318297 
0.9680000000000007 0.13775797490489178 0.24689194582318297 
0.9700000000000008 0.13791723971009442 0.24689194582318297 
0.9720000000000008 0.1380872587442234 0.24689194582318297 
0.9740000000000008 0.13826799301387444 0.24689194582318297 
0.9760000000000008 0.13845940008038093 0.24689194582318297 
0.9780000000000008 0.1386614340936822 0.24689194582318297 
0.9800000000000008 0.1388740458278913 0.24689194582318297 
0.9820000000000008 0.13909718271852575 0.24689194582318297 
0.9840000000000008 0.13933078890136386 0.24689194582318297 
0.9860000000000008 0.13957480525288932 0.24689194582318297 
0.9880000000000008 0.13982916943228285 0.24689194582318297 
0.9900000000000008 0.14009381592491996 0.24689194582318297 
0.9920000000000008 0.1403686760873344 0.24689194582318297 
0.9940000000000008 0.1406536781936008 0.24689194582318297 
0.9960000000000008 0.14094874748309516 0.24689194582318297 
0.9980000000000008 0.14125380620958658 0.24689194582318297 
1.0000000000000007 0.1415687736916133 0.24689194582318297 
1.0020000000000007 0.14189356636409678 0.24689194582318297 
1.0040000000000007 0.14222809783114648 0.24689194582318297 
1.0060000000000007 0.14257227892000499 0.24689194582318297 
1.0080000000000007 0.14292601773608604 0.24689194582318297 
1.0100000000000007 0.14328921971905378 0.24689194582318297 
1.0120000000000007 0.1436617876998957 0.24689194582318297 
1.0140000000000007 0.14404362195893422 0.24689194582318297 
1.0160000000000007 0.1444346202847303 0.24689194582318297 
1.0180000000000007 0.14483467803382466 0.24689194582318297 
1.0200000000000007 0.14524368819126499 0.24689194582318297 
1.0220000000000007 0.14566154143186877 0.24689194582318297 
1.0240000000000007 0.1460881261821687 0.24689194582318297 
1.0260000000000007 0.14652332868298829 0.24689194582318297 
1.0280000000000007 0.1469670330525964 0.24689194582318297 
1.0300000000000007 0.1474191213503878 0.24689194582318297 
1.0320000000000007 0.1478794736410393 0.24689194582318297 
1.0340000000000007 0.148347968059088 0.24689194582318297 
1.0360000000000007 0.14882448087388211 0.24689194582318297 
1.0380000000000007 0.14930888655485108 0.24689194582318297 
1.0400000000000007 0.14980105783704745 0.24689194582318297 
1.0420000000000007 0.15030086578690638 0.24689194582318297 
1.0440000000000007 0.15080817986817677 0.24689194582318297 
1.0460000000000007 0.151322868007972 0.24689194582318297 
1.0480000000000007 0.151844796662893 0.24689194582318297 
1.0500000000000007 0.15237383088517487 0.24689194582318297 
1.0520000000000007 0.15290983438881142 0.24689194582318297 
1.0540000000000007 0.15345266961560822 0.24689194582318297 
1.0560000000000007 0.15400219780112068 0.24689194582318297 
1.0580000000000007 0.15455827904043207 0.24689194582318297 
1.0600000000000007 0.15512077235372496 0.24689194582318297 
1.0620000000000007 0.155689535751606 0.24689194582318297 
1.0640000000000007 0.1562644263001395 0.24689194582318297 
1.0660000000000007 0.15684530018554946 0.24689194582318297 
1.0680000000000007 0.157432012778549 0.24689194582318297 
1.0700000000000007 0.1580244186982585 0.24689194582318297 
1.0720000000000007 0.15862237187567352 0.24689194582318297 
1.0740000000000007 0.15922572561664566 0.24689194582318297 
1.0760000000000007 0.15983433266434033 0.24689194582318297 
1.0780000000000007 0.16044804526113524 0.24689194582318297 
1.0800000000000007 0.16106671520992832 0.24689194582318297 
1.0820000000000007 0.16169019393481798 0.24689194582318297 
1.0840000000000007 0.16231833254112948 0.24689194582318297 
1.0860000000000007 0.16295098187475238 0.24689194582318297 
1.0880000000000007 0.16358799258076206 0.24689194582318297 
1.0900000000000007 0.16422921516129774 0.24689194582318297 
1.0920000000000007 0.16487450003266801 0.24689194582318297 
1.0940000000000007 0.16552369758166058 0.24689194582318297 
1.0960000000000008 0.1661766582210302 0.24689194582318297 
1.0980000000000008 0.16683323244414283 0.24689194582318297 
1.1000000000000008 0.16749327087875232 0.24689194582318297 
1.1020000000000008 0.1681566243398912 0.24689194582318297 
1.1040000000000008 0.1688231438818534 0.24689194582318297 
1.1060000000000008 0.16949268084925317 0.24689194582318297 
1.1080000000000008 0.1701650869271402 0.24689194582318297 
1.1100000000000008 0.17084021419015766 0.24689194582318297 
1.1120000000000008 0.17151791515072595 0.24689194582318297 
1.1140000000000008 0.17219804280624076 0.24689194582318297 
1.1160000000000008 0.17288045068527108 0.24689194582318297 
1.1180000000000008 0.17356499289274613 0.24689194582318297 
1.1200000000000008 0.1742515241541224 0.24689194582318297 
1.1220000000000008 0.17493989985851924 0.24689194582318297 
1.1240000000000008 0.17562997610081757 0.24689194582318297 
1.1260000000000008 0.17632160972271205 0.24689194582318297 
1.1280000000000008 0.1770146583527135 0.24689194582318297 
1.1300000000000008 0.17770898044509387 0.24689194582318297 
1.1320000000000008 0.17840443531777234 0.24689194582318297 
1.1340000000000008 0.17910088318913783 0.24689194582318297 
1.1360000000000008 0.1797981852138077 0.24689194582318297 
1.1380000000000008 0.18049620351731846 0.24689194582318297 
1.1400000000000008 0.18119480122975373 0.24689194582318297 
1.1420000000000008 0.1818938425183042 0.24689194582318297 
1.1440000000000008 0.18259319261876597 0.24689194582318297 
1.1460000000000008 0.18329271786597667 0.24689194582318297 
1.1480000000000008 0.18399228572319554 0.24689194582318297 
1.1500000000000008 0.18469176481042845 0.24689194582318297 
1.1520000000000008 0.18539102493170573 0.24689194582318297 
1.1540000000000008 0.18608993710131647 0.24689194582318297 
1.1560000000000008 0.1867883735690059 0.24689194582318297 
1.1580000000000008 0.1874862078441445 0.24689194582318297 
1.1600000000000008 0.1881833147188742 0.24689194582318297 
1.1620000000000008 0.18887957029024155 0.24689194582318297 
1.1640000000000008 0.18957485198132676 0.24689194582318297 
1.1660000000000008 0.19026903856137745 0.24689194582318297 
1.1680000000000008 0.19096201016495723 0.24689194582318297 
1.1700000000000008 0.1916536483101213 0.24689194582318297 
1.1720000000000008 0.19234383591562726 0.24689194582318297 
1.1740000000000008 0.19303245731719593 0.24689194582318297 
1.1760000000000008 0.19371939828283186 0.24689194582318297 
1.1780000000000008 0.19440454602721716 0.24689194582318297 
1.1800000000000008 0.195087789225192 0.24689194582318297 
1.1820000000000008 0.1957690180243319 0.24689194582318297 
1.1840000000000008 0.19644812405664094 0.24689194582318297 
1.1860000000000008 0.1971250004493698 0.24689194582318297 
1.1880000000000008 0.19779954183497522 0.24689194582318297 
1.1900000000000008 0.1984716443602345 0.24689194582318297 
1.1920000000000008 0.1991412056945317 0.24689194582318297 
1.1940000000000008 0.19980812503732692 0.24689194582318297 
1.1960000000000008 0.2004723031248283 0.24689194582318297 
1.1980000000000008 0.20113364223587815 0.24689194582318297 
1.2000000000000008 0.20179204619707197 0.24689194582318297 
1.2020000000000008 0.2024474203871238 0.24689194582318297 
1.2040000000000008 0.2030996717404953 0.24689194582318297 
1.2060000000000008 0.20374870875030332 0.24689194582318297 
1.2080000000000009 0.204394441470523 0.24689194582318297 
1.2100000000000009 0.20503678151750276 0.24689194582318297 
1.2120000000000009 0.20567564207080558 0.24689194582318297 
1.2140000000000009 0.20631093787339508 0.24689194582318297 
1.2160000000000009 0.20694258523118106 0.24689194582318297 
1.2180000000000009 0.20757050201194188 0.24689194582318297 
1.2200000000000009 0.20819460764363887 0.24689194582318297 
1.2220000000000009 0.20881482311214006 0.24689194582318297 
1.2240000000000009 0.20943107095836844 0.24689194582318297 
1.2260000000000009 0.21004327527489158 0.24689194582318297 
1.2280000000000009 0.2106513617019693 0.24689194582318297 
1.2300000000000009 0.21125525742307255 0.24689194582318297 
1.2320000000000009 0.2118548911598943 0.24689194582318297 
1.2340000000000009 0.21245019316686292 0.24689194582318297 
1.2360000000000009 0.21304109522517733 0.24689194582318297 
1.2380000000000009 0.21362753063637918 0.24689194582318297 
1.2400000000000009 0.21420943421547506 0.24689194582318297 
1.2420000000000009 0.2147867422836272 0.24689194582318297 
1.2440000000000009 0.2153593926604253 0.24689194582318297 
1.2460000000000009 0.21592732465575687 0.24689194582318297 
1.2480000000000009 0.2164904790612881 0.24689194582318297 
1.2500000000000009 0.2170487981415722 0.24689194582318297 
1.252000000000001 0.21760222562479892 0.24689194582318297 
1.254000000000001 0.21815070669319878 0.24689194582318297 
1.256000000000001 0.21869418797311818 0.24689194582318297 
1.258000000000001 0.219232617524776 0.24689194582318297 
1.260000000000001 0.2197659448317189 0.24689194582318297 
1.262000000000001 0.22029412078998617 0.24689194582318297 
1.264000000000001 0.22081709769699853 0.24689194582318297 
1.266000000000001 0.2213348292401843 0.24689194582318297 
1.268000000000001 0.22184727048535377 0.24689194582318297 
1.270000000000001 0.22235437786483797 0.24689194582318297 
1.272000000000001 0.22285610916539922 0.24689194582318297 
1.274000000000001 0.22335242351593093 0.24689194582318297 
1.276000000000001 0.223843281374954 0.24689194582318297 
1.278000000000001 0.22432864451792506 0.24689194582318297 
1.280000000000001 0.22480847602436455 0.24689194582318297 
1.282000000000001 0.22528274026481876 0.24689194582318297 
1.284000000000001 0.22575140288766582 0.24689194582318297 
1.286000000000001 0.22621443080577494 0.24689194582318297 
1.288000000000001 0.2266717921830315 0.24689194582318297 
1.290000000000001 0.2271234564207371 0.24689194582318297 
1.292000000000001 0.22756939414389377 0.24689194582318297 
1.294000000000001 0.22800957718738485 0.24689194582318297 
1.296000000000001 0.22844397858205776 0.24689194582318297 
1.298000000000001 0.22887257254072269 0.24689194582318297 
1.300000000000001 0.22929533444407185 0.24689194582318297 
1.302000000000001 0.2297122408265317 0.24689194582318297 
1.304000000000001 0.2301232693620538 0.24689194582318297 
1.306000000000001 0.23052839884985468 0.24689194582318297 
1.308000000000001 0.23092760920011193 0.24689194582318297 
1.310000000000001 0.23132088141962398 0.24689194582318297 
1.312000000000001 0.23170819759744238 0.24689194582318297 
1.314000000000001 0.2320895408904821 0.24689194582318297 
1.316000000000001 0.23246489550912014 0.24689194582318297 
1.318000000000001 0.23283424670278505 0.24689194582318297 
1.320000000000001 0.23319758074554858 0.24689194582318297 
1.322000000000001 0.23355488492172233 0.24689194582318297 
1.324000000000001 0.2339061475114687 0.24689194582318297 
1.326000000000001 0.2342513577764295 0.24689194582318297 
1.328000000000001 0.23459050594538058 0.24689194582318297 
1.330000000000001 0.23492358319991608 0.24689194582318297 
1.332000000000001 0.23525058166016927 0.24689194582318297 
1.334000000000001 0.2355714943705747 0.24689194582318297 
1.336000000000001 0.23588631528567663 0.24689194582318297 
1.338000000000001 0.23619503925598867 0.24689194582318297 
1.340000000000001 0.23649766201390998 0.24689194582318297 
1.342000000000001 0.2367941801597014 0.24689194582318297 
1.344000000000001 0.2370845911475272 0.24689194582318297 
1.346000000000001 0.23736889327156527 0.24689194582318297 
1.348000000000001 0.2376470856521905 0.24689194582318297 
1.350000000000001 0.23791916822223624 0.24689194582318297 
1.352000000000001 0.23818514171333424 0.24689194582318297 
1.354000000000001 0.23844500764234036 0.24689194582318297 
1.356000000000001 0.23869876829784747 0.24689194582318297 
1.358000000000001 0.23894642672678795 0.24689194582318297 
1.360000000000001 0.2391879867211309 0.24689194582318297 
1.362000000000001 0.23942345280467528 0.24689194582318297 
1.364000000000001 0.2396528302199427 0.24689194582318297 
1.366000000000001 0.23987612491517063 0.24689194582318297 
1.368000000000001 0.24009334353141215 0.24689194582318297 
1.370000000000001 0.24030449338974036 0.24689194582318297 
1.372000000000001 0.240509582478562 0.24689194582318297 
1.374000000000001 0.24070861944104216 0.24689194582318297 
1.376000000000001 0.240901613562641 0.24689194582318297 
1.378000000000001 0.24108857475876605 0.24689194582318297 
1.380000000000001 0.24126951356253906 0.24689194582318297 
1.382000000000001 0.24144444111268215 0.24689194582318297 
1.384000000000001 0.24161336914152198 0.24689194582318297 
1.386000000000001 0.2417763099631145 0.24689194582318297 
1.388000000000001 0.24193327646149246 0.24689194582318297 
1.390000000000001 0.24208428207903376 0.24689194582318297 
1.392000000000001 0.2422293408049559 0.24689194582318297 
1.394000000000001 0.24236846716393312 0.24689194582318297 
1.396000000000001 0.24250167620484075 0.24689194582318297 
1.398000000000001 0.2426289834896247 0.24689194582318297 
1.400000000000001 0.24275040508229917 0.24689194582318297 
1.402000000000001 0.2428659575380699 0.24689194582318297 
1.404000000000001 0.24297565789258796 0.24689194582318297 
1.406000000000001 0.2430795236513298 0.24689194582318297 
1.408000000000001 0.2431775727791076 0.24689194582318297 
1.410000000000001 0.24326982368970657 0.24689194582318297 
1.412000000000001 0.24335629523565444 0.24689194582318297 
1.414000000000001 0.24343700669811708 0.24689194582318297 
1.416000000000001 0.24351197777692535 0.24689194582318297 
1.418000000000001 0.2435812285807306 0.24689194582318297 
1.420000000000001 0.2436447796172891 0.24689194582318297 
1.422000000000001 0.2437026517838755 0.24689194582318297 
1.424000000000001 0.24375486635782612 0.24689194582318297 
1.426000000000001 0.24380144498720913 0.24689194582318297 
1.428000000000001 0.24384240968162352 0.24689194582318297 
1.430000000000001 0.24387778280312689 0.24689194582318297 
1.432000000000001 0.24390758705728885 0.24689194582318297 
1.434000000000001 0.2439318454843732 0.24689194582318297 
1.436000000000001 0.24395058145064472 0.24689194582318297 
1.438000000000001 0.24396381863980351 0.24689194582318297 
1.440000000000001 0.24397158104454292 0.24689194582318297 
1.442000000000001 0.2439738929582335 0.24689194582318297 
1.444000000000001 0.24397077896673025 0.24689194582318297 
1.446000000000001 0.24396226394030304 0.24689194582318297 
1.448000000000001 0.24394837302568928 0.24689194582318297 
1.450000000000001 0.24392913163826896 0.24689194582318297 
1.452000000000001 0.2439045654543602 0.24689194582318297 
1.454000000000001 0.24387470040363468 0.24689194582318297 
1.456000000000001 0.24383956266165197 0.24689194582318297 
1.458000000000001 0.24379917864251355 0.24689194582318297 
1.460000000000001 0.24375357499163153 0.24689194582318297 
1.462000000000001 0.24370277857861755 0.24689194582318297 
1.464000000000001 0.24364681649028275 0.24689194582318297 
1.466000000000001 0.24358571602375584 0.24689194582318297 
1.468000000000001 0.24351950467971253 0.24689194582318297 
1.470000000000001 0.24344821015571844 0.24689194582318297 
1.472000000000001 0.2433718603396821 0.24689194582318297 
1.474000000000001 0.24329048330342076 0.24689194582318297 
1.476000000000001 0.24320410729633202 0.24689194582318297 
1.478000000000001 0.2431127607391767 0.24689194582318297 
1.480000000000001 0.24301647221796668 0.24689194582318297 
1.482000000000001 0.2429152704779607 0.24689194582318297 
1.484000000000001 0.2428091844177626 0.24689194582318297 
1.486000000000001 0.24269824308352533 0.24689194582318297 
1.488000000000001 0.24258247566325652 0.24689194582318297 
1.490000000000001 0.24246191148122587 0.24689194582318297 
1.492000000000001 0.24233657999247266 0.24689194582318297 
1.494000000000001 0.24220651077741212 0.24689194582318297 
1.496000000000001 0.24207173353654088 0.24689194582318297 
1.498000000000001 0.24193227808523773 0.24689194582318297 
1.500000000000001 0.241788174348661 0.24689194582318297 
1.5020000000000011 0.24163945235674017 0.24689194582318297 
1.5040000000000011 0.24148614223926085 0.24689194582318297 
1.5060000000000011 0.24132827422104186 0.24689194582318297 
1.5080000000000011 0.24116587861720298 0.24689194582318297 
1.5100000000000011 0.24099898582852303 0.24689194582318297 
1.5120000000000011 0.24082762633688623 0.24689194582318297 
1.5140000000000011 0.24065183070081586 0.24689194582318297 
1.5160000000000011 0.2404716295510944 0.24689194582318297 
1.5180000000000011 0.2402870535864689 0.24689194582318297 
1.5200000000000011 0.24009813356943993 0.24689194582318297 
1.5220000000000011 0.23990490032213346 0.24689194582318297 
1.5240000000000011 0.23970738472225456 0.24689194582318297 
1.5260000000000011 0.23950561769912132 0.24689194582318297 
1.5280000000000011 0.23929963022977793 0.24689194582318297 
1.5300000000000011 0.23908945333518625 0.24689194582318297 
1.5320000000000011 0.2388751180764948 0.24689194582318297 
1.5340000000000011 0.23865665555138182 0.24689194582318297 
1.5360000000000011 0.2384340968904757 0.24689194582318297 
1.5380000000000011 0.23820747325384733 0.24689194582318297 
1.5400000000000011 0.23797681582757502 0.24689194582318297 
1.5420000000000011 0.23774215582038163 0.24689194582318297 
1.5440000000000011 0.2375035244603414 0.24689194582318297 
1.5460000000000012 0.2372609529916564 0.24689194582318297 
1.5480000000000012 0.237014472671501 0.24689194582318297 
1.5500000000000012 0.23676411476693296 0.24689194582318297 
1.5520000000000012 0.23650991055187132 0.24689194582318297 
1.5540000000000012 0.23625189130413854 0.24689194582318297 
1.5560000000000012 0.23599008830256707 0.24689194582318297 
1.5580000000000012 0.23572453282416828 0.24689194582318297 
1.5600000000000012 0.2354552561413636 0.24689194582318297 
1.5620000000000012 0.23518228951927622 0.24689194582318297 
1.5640000000000012 0.23490566421308304 0.24689194582318297 
1.5660000000000012 0.234625411465424 0.24689194582318297 
1.5680000000000012 0.2343415625038714 0.24689194582318297 
1.5700000000000012 0.23405414853845366 0.24689194582318297 
1.5720000000000012 0.23376320075923746 0.24689194582318297 
1.5740000000000012 0.23346875033396142 0.24689194582318297 
1.5760000000000012 0.2331708284057275 0.24689194582318297 
1.5780000000000012 0.23286946609074188 0.24689194582318297 
1.5800000000000012 0.23256469447611072 0.24689194582318297 
1.5820000000000012 0.23225654461768447 0.24689194582318297 
1.5840000000000012 0.2319450475379543 0.24689194582318297 
1.5860000000000012 0.23163023422399737 0.24689194582318297 
1.5880000000000012 0.23131213562546926 0.24689194582318297 
1.5900000000000012 0.2309907826526455 0.24689194582318297 
1.5920000000000012 0.23066620617450906 0.24689194582318297 
1.5940000000000012 0.23033843701688322 0.24689194582318297 
1.5960000000000012 0.23000750596061048 0.24689194582318297 
1.5980000000000012 0.22967344373977383 0.24689194582318297 
1.6000000000000012 0.22933628103996315 0.24689194582318297 
1.6020000000000012 0.22899604849658217 0.24689194582318297 
1.6040000000000012 0.22865277669319906 0.24689194582318297 
1.6060000000000012 0.22830649615993578 0.24689194582318297 
1.6080000000000012 0.22795723737189905 0.24689194582318297 
1.6100000000000012 0.22760503074764987 0.24689194582318297 
1.6120000000000012 0.22724990664771139 0.24689194582318297 
1.6140000000000012 0.2268918953731145 0.24689194582318297 
1.6160000000000012 0.22653102716398132 0.24689194582318297 
1.6180000000000012 0.22616733219814372 0.24689194582318297 
1.6200000000000012 0.2258008405897975 0.24689194582318297 
1.6220000000000012 0.2254315823881925 0.24689194582318297 
1.6240000000000012 0.22505958757635536 0.24689194582318297 
1.6260000000000012 0.22468488606984674 0.24689194582318297 
1.6280000000000012 0.2243075077155505 0.24689194582318297 
1.6300000000000012 0.22392748229049542 0.24689194582318297 
1.6320000000000012 0.22354483950070772 0.24689194582318297 
1.6340000000000012 0.22315960898009568 0.24689194582318297 
1.6360000000000012 0.22277182028936177 0.24689194582318297 
1.6380000000000012 0.22238150291494735 0.24689194582318297 
1.6400000000000012 0.2219886862680034 0.24689194582318297 
1.6420000000000012 0.2215933996833908 0.24689194582318297 
1.6440000000000012 0.22119567241870902 0.24689194582318297 
1.6460000000000012 0.22079553365334917 0.24689194582318297 
1.6480000000000012 0.22039301248757642 0.24689194582318297 
1.6500000000000012 0.21998813794163585 0.24689194582318297 
1.6520000000000012 0.21958093895488534 0.24689194582318297 
1.6540000000000012 0.21917144438495162 0.24689194582318297 
1.6560000000000012 0.21875968300691184 0.24689194582318297 
1.6580000000000013 0.21834568351249778 0.24689194582318297 
1.6600000000000013 0.21792947450932287 0.24689194582318297 
1.6620000000000013 0.21751108452013365 0.24689194582318297 
1.6640000000000013 0.21709054198208028 0.24689194582318297 
1.6660000000000013 0.2166678752460111 0.24689194582318297 
1.6680000000000013 0.21624311257578718 0.24689194582318297 
1.6700000000000013 0.21581628214761706 0.24689194582318297 
1.6720000000000013 0.2153874120494119 0.24689194582318297 
1.6740000000000013 0.2149565302801611 0.24689194582318297 
1.6760000000000013 0.2145236647493247 0.24689194582318297 
1.6780000000000013 0.21408884327624697 0.24689194582318297 
1.6800000000000013 0.21365209358958648 0.24689194582318297 
1.6820000000000013 0.21321344332676484 0.24689194582318297 
1.6840000000000013 0.21277292003343223 0.24689194582318297 
1.6860000000000013 0.21233055116294972 0.24689194582318297 
1.6880000000000013 0.21188636407588893 0.24689194582318297 
1.6900000000000013 0.21144038603954657 0.24689194582318297 
1.6920000000000013 0.2109926442274757 0.24689194582318297 
1.6940000000000013 0.21054316571903162 0.24689194582318297 
1.6960000000000013 0.21009197749893252 0.24689194582318297 
1.6980000000000013 0.2096391064568352 0.24689194582318297 
1.7000000000000013 0.20918457938692456 0.24689194582318297 
1.7020000000000013 0.20872842298751704 0.24689194582318297 
1.7040000000000013 0.2082706638606766 0.24689194582318297 
1.7060000000000013 0.20781132851184536 0.24689194582318297 
1.7080000000000013 0.20735044334948527 0.24689194582318297 
1.7100000000000013 0.2068880346847336 0.24689194582318297 
1.7120000000000013 0.20642412873106886 0.24689194582318297 
1.7140000000000013 0.20595875160399008 0.24689194582318297 
1.7160000000000013 0.20549192932070603 0.24689194582318297 
1.7180000000000013 0.20502368779983654 0.24689194582318297 
1.7200000000000013 0.20455405286112416 0.24689194582318297 
1.7220000000000013 0.20408305022515588 0.24689194582318297 
1.7240000000000013 0.20361070551309607 0.24689194582318297 
1.7260000000000013 0.20313704424642812 0.24689194582318297 
1.7280000000000013 0.20266209184670603 0.24689194582318297 
1.7300000000000013 0.20218587363531612 0.24689194582318297 
1.7320000000000013 0.20170841483324659 0.24689194582318297 
1.7340000000000013 0.20122974056086657 0.24689194582318297 
1.7360000000000013 0.20074987583771325 0.24689194582318297 
1.7380000000000013 0.20026884558228825 0.24689194582318297 
1.7400000000000013 0.19978667461185995 0.24689194582318297 
1.7420000000000013 0.1993033876422763 0.24689194582318297 
1.7440000000000013 0.1988190092877826 0.24689194582318297 
1.7460000000000013 0.19833356406084868 0.24689194582318297 
1.7480000000000013 0.19784707637200133 0.24689194582318297 
1.7500000000000013 0.19735957052966518 0.24689194582318297 
1.7520000000000013 0.19687107074000876 0.24689194582318297 
1.7540000000000013 0.19638160110679828 0.24689194582318297 
1.7560000000000013 0.19589118563125657 0.24689194582318297 
1.7580000000000013 0.19539984821192857 0.24689194582318297 
1.7600000000000013 0.19490761264455297 0.24689194582318297 
1.7620000000000013 0.19441450262193777 0.24689194582318297 
1.7640000000000013 0.19392054173384388 0.24689194582318297 
1.7660000000000013 0.1934257534668718 0.24689194582318297 
1.7680000000000013 0.1929301612043541 0.24689194582318297 
1.7700000000000014 0.1924337882262528 0.24689194582318297 
1.7720000000000014 0.191936657709062 0.24689194582318297 
1.7740000000000014 0.1914387927257134 0.24689194582318297 
1.7760000000000014 0.19094021624548843 0.24689194582318297 
1.7780000000000014 0.19044095113393206 0.24689194582318297 
1.7800000000000014 0.18994102015277398 0.24689194582318297 
1.7820000000000014 0.1894404459598496 0.24689194582318297 
1.7840000000000014 0.18893925110902837 0.24689194582318297 
1.7860000000000014 0.18843745805014353 0.24689194582318297 
1.7880000000000014 0.1879350891289272 0.24689194582318297 
1.7900000000000014 0.1874321665869459 0.24689194582318297 
1.7920000000000014 0.1869287125615428 0.24689194582318297 
1.7940000000000014 0.18642474908578055 0.24689194582318297 
1.7960000000000014 0.18592029808838753 0.24689194582318297 
1.7980000000000014 0.185415381393708 0.24689194582318297 
1.8000000000000014 0.1849100207216533 0.24689194582318297 
1.8020000000000014 0.18440423768765768 0.24689194582318297 
1.8040000000000014 0.18389805380263424 0.24689194582318297 
1.8060000000000014 0.18339149047293524 0.24689194582318297 
1.8080000000000014 0.18288456900031325 0.24689194582318297 
1.8100000000000014 0.18237731058188628 0.24689194582318297 
1.8120000000000014 0.18186973631010242 0.24689194582318297 
1.8140000000000014 0.1813618671727088 0.24689194582318297 
1.8160000000000014 0.1808537240527207 0.24689194582318297 
1.8180000000000014 0.18034532772839396 0.24689194582318297 
1.8200000000000014 0.17983669887319798 0.24689194582318297 
1.8220000000000014 0.17932785805579074 0.24689194582318297 
1.8240000000000014 0.17881882573999486 0.24689194582318297 
1.8260000000000014 0.17830962228477604 0.24689194582318297 
1.8280000000000014 0.17780026794422232 0.24689194582318297 
1.8300000000000014 0.1772907828675248 0.24689194582318297 
1.8320000000000014 0.17678118709895885 0.24689194582318297 
1.8340000000000014 0.17627150057786775 0.24689194582318297 
1.8360000000000014 0.17576174313864645 0.24689194582318297 
1.8380000000000014 0.17525193451072701 0.24689194582318297 
1.8400000000000014 0.17474209431856413 0.24689194582318297 
1.8420000000000014 0.1742322420816227 0.24689194582318297 
1.8440000000000014 0.17372239721436544 0.24689194582318297 
1.8460000000000014 0.17321257902624115 0.24689194582318297 
1.8480000000000014 0.17270280672167496 0.24689194582318297 
1.8500000000000014 0.17219309940005761 0.24689194582318297 
1.8520000000000014 0.17168347605573647 0.24689194582318297 
1.8540000000000014 0.1711739555780067 0.24689194582318297 
1.8560000000000014 0.1706645567511033 0.24689194582318297 
1.8580000000000014 0.17015529825419373 0.24689194582318297 
1.8600000000000014 0.1696461986613703 0.24689194582318297 
1.8620000000000014 0.16913727644164353 0.24689194582318297 
1.8640000000000014 0.1686285499589361 0.24689194582318297 
1.8660000000000014 0.168120037472077 0.24689194582318297 
1.8680000000000014 0.16761175713479526 0.24689194582318297 
1.8700000000000014 0.16710372699571546 0.24689194582318297 
1.8720000000000014 0.16659596499835216 0.24689194582318297 
1.8740000000000014 0.16608848898110568 0.24689194582318297 
1.8760000000000014 0.1655813166772565 0.24689194582318297 
1.8780000000000014 0.16507446571496232 0.24689194582318297 
1.8800000000000014 0.1645679536172525 0.24689194582318297 
1.8820000000000014 0.16406179780202523 0.24689194582318297 
1.8840000000000015 0.16355601558204258 0.24689194582318297 
1.8860000000000015 0.16305062416492772 0.24689194582318297 
1.8880000000000015 0.16254564065316027 0.24689194582318297 
1.8900000000000015 0.16204108204407386 0.24689194582318297 
1.8920000000000015 0.1615369652298515 0.24689194582318297 
1.8940000000000015 0.16103330699752283 0.24689194582318297 
1.8960000000000015 0.16053012402896072 0.24689194582318297 
1.8980000000000015 0.16002743290087765 0.24689194582318297 
1.9000000000000015 0.15952525008482268 0.24689194582318297 
1.9020000000000015 0.15902359194717813 0.24689194582318297 
1.9040000000000015 0.15852247474915623 0.24689194582318297 
1.9060000000000015 0.15802191464679627 0.24689194582318297 
1.9080000000000015 0.15752192769096096 0.24689194582318297 
1.9100000000000015 0.1570225298273336 0.24689194582318297 
1.9120000000000015 0.15652373689641502 0.24689194582318297 
1.9140000000000015 0.15602556463352008 0.24689194582318297 
1.9160000000000015 0.1555280286687749 0.24689194582318297 
1.9180000000000015 0.15503114452711408 0.24689194582318297 
1.9200000000000015 0.15453492762827675 0.24689194582318297 
1.9220000000000015 0.15403939328680466 0.24689194582318297 
1.9240000000000015 0.15354455671203868 0.24689194582318297 
1.9260000000000015 0.15305043300811577 0.24689194582318297 
1.9280000000000015 0.15255703717396668 0.24689194582318297 
1.9300000000000015 0.15206438410331274 0.24689194582318297 
1.9320000000000015 0.15157248858466332 0.24689194582318297 
1.9340000000000015 0.15108136530131333 0.24689194582318297 
1.9360000000000015 0.15059102883134068 0.24689194582318297 
1.9380000000000015 0.15010149364760392 0.24689194582318297 
1.9400000000000015 0.1496127741177397 0.24689194582318297 
1.9420000000000015 0.14912488450416134 0.24689194582318297 
1.9440000000000015 0.14863783896405608 0.24689194582318297 
1.9460000000000015 0.14815165154938395 0.24689194582318297 
1.9480000000000015 0.14766633620687597 0.24689194582318297 
1.9500000000000015 0.14718190677803253 0.24689194582318297 
1.9520000000000015 0.14669837699912242 0.24689194582318297 
1.9540000000000015 0.14621576050118212 0.24689194582318297 
1.9560000000000015 0.1457340708100148 0.24689194582318297 
1.9580000000000015 0.14525332134619034 0.24689194582318297 
1.9600000000000015 0.14477352542504457 0.24689194582318297 
1.9620000000000015 0.14429469625668045 0.24689194582318297 
1.9640000000000015 0.1438168469459678 0.24689194582318297 
1.9660000000000015 0.14333999049254487 0.24689194582318297 
1.9680000000000015 0.14286413979081944 0.24689194582318297 
1.9700000000000015 0.14238930762997049 0.24689194582318297 
1.9720000000000015 0.1419155066939507 0.24689194582318297 
1.9740000000000015 0.14144274956148867 0.24689194582318297 
1.9760000000000015 0.1409710487060923 0.24689194582318297 
1.9780000000000015 0.14050041649605288 0.24689194582318297 
1.9800000000000015 0.14003086519444813 0.24689194582318297 
1.9820000000000015 0.13956240695914823 0.24689194582318297 
1.9840000000000015 0.13909505384282028 0.24689194582318297 
1.9860000000000015 0.13862881779293437 0.24689194582318297 
1.9880000000000015 0.1381637106517706 0.24689194582318297 
1.9900000000000015 0.13769974415642575 0.24689194582318297 
1.9920000000000015 0.13723692993882147 0.24689194582318297 
1.9940000000000015 0.13677527952571322 0.24689194582318297 
1.9960000000000016 0.13631480433869914 0.24689194582318297 
1.9980000000000016 0.13585551569423046 0.24689194582318297 
2.0000000000000013 0.13539742480362268 0.24689194582318297 
2.002000000000001 0.13494054277306716 0.24689194582318297 
2.004000000000001 0.13448488060364386 0.24689194582318297 
2.0060000000000007 0.1340304491913351 0.24689194582318297 
2.0080000000000005 0.13357725932703968 0.24689194582318297 
2.0100000000000002 0.13312532169658875 0.24689194582318297 
2.012 0.13267464688076216 0.24689194582318297 
2.014 0.13222524535530572 0.24689194582318297 
2.0159999999999996 0.13177712749094977 0.24689194582318297 
2.0179999999999993 0.13133030355342906 0.24689194582318297 
2.019999999999999 0.13088478370350318 0.24689194582318297 
2.021999999999999 0.1304405779969781 0.24689194582318297 
2.0239999999999987 0.1299976963847299 0.24689194582318297 
2.0259999999999985 0.1295561487127282 0.24689194582318297 
2.0279999999999982 0.12911594472206217 0.24689194582318297 
2.029999999999998 0.12867709404896657 0.24689194582318297 
2.031999999999998 0.12823960622485037 0.24689194582318297 
2.0339999999999976 0.12780349067632565 0.24689194582318297 
2.0359999999999974 0.12736875672523829 0.24689194582318297 
2.037999999999997 0.12693541358870025 0.24689194582318297 
2.039999999999997 0.12650347037912238 0.24689194582318297 
2.0419999999999967 0.12607293610425005 0.24689194582318297 
2.0439999999999965 0.1256438196671991 0.24689194582318297 
2.0459999999999963 0.12521612986649372 0.24689194582318297 
2.047999999999996 0.12478987539610602 0.24689194582318297 
2.049999999999996 0.12436506484549686 0.24689194582318297 
2.0519999999999956 0.1239417066996586 0.24689194582318297 
2.0539999999999954 0.12351980933915901 0.24689194582318297 
2.055999999999995 0.12309938104018761 0.24689194582318297 
2.057999999999995 0.12268042997460298 0.24689194582318297 
2.0599999999999947 0.12226296420998181 0.24689194582318297 
2.0619999999999945 0.1218469917096705 0.24689194582318297 
2.0639999999999943 0.12143252033283772 0.24689194582318297 
2.065999999999994 0.12101955783452897 0.24689194582318297 
2.067999999999994 0.12060811186572336 0.24689194582318297 
2.0699999999999936 0.12019818997339168 0.24689194582318297 
2.0719999999999934 0.1197897996005571 0.24689194582318297 
2.073999999999993 0.11938294808635698 0.24689194582318297 
2.075999999999993 0.11897764266610734 0.24689194582318297 
2.0779999999999927 0.11857389047136903 0.24689194582318297 
2.0799999999999925 0.11817169853001581 0.24689194582318297 
2.0819999999999923 0.11777107376630497 0.24689194582318297 
2.083999999999992 0.11737202300094919 0.24689194582318297 
2.085999999999992 0.11697455295119137 0.24689194582318297 
2.0879999999999916 0.1165786702308813 0.24689194582318297 
2.0899999999999914 0.11618438135055414 0.24689194582318297 
2.091999999999991 0.11579169271751172 0.24689194582318297 
2.093999999999991 0.11540061063590557 0.24689194582318297 
2.0959999999999908 0.11501114130682237 0.24689194582318297 
2.0979999999999905 0.11462329082837192 0.24689194582318297 
2.0999999999999903 0.11423706519577692 0.24689194582318297 
2.10199999999999 0.11385247030146554 0.24689194582318297 
2.10399999999999 0.11346951193516608 0.24689194582318297 
2.1059999999999897 0.11308819578400439 0.24689194582318297 
2.1079999999999894 0.11270852743260278 0.24689194582318297 
2.109999999999989 0.1123305123631827 0.24689194582318297 
2.111999999999989 0.11195415595566895 0.24689194582318297 
2.1139999999999888 0.11157946348779638 0.24689194582318297 
2.1159999999999886 0.11120644013521988 0.24689194582318297 
2.1179999999999883 0.110835090971626 0.24689194582318297 
2.119999999999988 0.11046542096884746 0.24689194582318297 
2.121999999999988 0.11009743499698077 0.24689194582318297 
2.1239999999999877 0.10973113782450543 0.24689194582318297 
2.1259999999999875 0.1093665341184068 0.24689194582318297 
2.1279999999999872 0.10900362844430095 0.24689194582318297 
2.129999999999987 0.10864242526656254 0.24689194582318297 
2.131999999999987 0.10828292894845494 0.24689194582318297 
2.1339999999999866 0.10792514375226392 0.24689194582318297 
2.1359999999999864 0.10756907383943316 0.24689194582318297 
2.137999999999986 0.1072147232707032 0.24689194582318297 
2.139999999999986 0.10686209600625265 0.24689194582318297 
2.1419999999999857 0.10651119590584285 0.24689194582318297 
2.1439999999999855 0.10616202672896469 0.24689194582318297 
2.1459999999999853 0.10581459213498885 0.24689194582318297 
2.147999999999985 0.10546889568331805 0.24689194582318297 
2.149999999999985 0.10512494083354387 0.24689194582318297 
2.1519999999999846 0.10478273094560432 0.24689194582318297 
2.1539999999999844 0.1044422692799458 0.24689194582318297 
2.155999999999984 0.1041035589976878 0.24689194582318297 
2.157999999999984 0.10376660316079017 0.24689194582318297 
2.1599999999999837 0.10343140473222345 0.24689194582318297 
2.1619999999999835 0.1030979665761427 0.24689194582318297 
2.1639999999999833 0.10276629145806343 0.24689194582318297 
2.165999999999983 0.1024363820450416 0.24689194582318297 
2.167999999999983 0.10210824090585564 0.24689194582318297 
2.1699999999999826 0.10178187051119245 0.24689194582318297 
2.1719999999999824 0.10145727323383581 0.24689194582318297 
2.173999999999982 0.1011344513488581 0.24689194582318297 
2.175999999999982 0.10081340703381532 0.24689194582318297 
2.1779999999999817 0.10049414236894472 0.24689194582318297 
2.1799999999999815 0.10017665933736633 0.24689194582318297 
2.1819999999999813 0.09986095982528667 0.24689194582318297 
2.183999999999981 0.09954704562220645 0.24689194582318297 
2.185999999999981 0.09923491842113095 0.24689194582318297 
2.1879999999999806 0.09892457981878354 0.24689194582318297 
2.1899999999999804 0.09861603131582308 0.24689194582318297 
2.19199999999998 0.0983092743170634 0.24689194582318297 
2.19399999999998 0.09800431013169697 0.24689194582318297 
2.1959999999999797 0.09770113997352105 0.24689194582318297 
2.1979999999999795 0.09739976496116783 0.24689194582318297 
2.1999999999999793 0.09710018611833698 0.24689194582318297 
2.201999999999979 0.09680240437403194 0.24689194582318297 
2.203999999999979 0.09650642056279946 0.24689194582318297 
2.2059999999999786 0.09621223542497216 0.24689194582318297 
2.2079999999999784 0.09591984960691438 0.24689194582318297 
2.209999999999978 0.09562926366127168 0.24689194582318297 
2.211999999999978 0.09534047804722297 0.24689194582318297 
2.2139999999999778 0.09505349313073647 0.24689194582318297 
2.2159999999999775 0.09476830918482873 0.24689194582318297 
2.2179999999999773 0.09448492638982672 0.24689194582318297 
2.219999999999977 0.09420334483363395 0.24689194582318297 
2.221999999999977 0.09392356451199868 0.24689194582318297 
2.2239999999999767 0.09364558532878668 0.24689194582318297 
2.2259999999999764 0.0933694070962566 0.24689194582318297 
2.227999999999976 0.09309502953533852 0.24689194582318297 
2.229999999999976 0.09282245227591641 0.24689194582318297 
2.231999999999976 0.09255167485711327 0.24689194582318297 
2.2339999999999756 0.09228269672758002 0.24689194582318297 
2.2359999999999753 0.09201551724578738 0.24689194582318297 
2.237999999999975 0.09175013568032131 0.24689194582318297 
2.239999999999975 0.09148655121018168 0.24689194582318297 
2.2419999999999747 0.0912247629250839 0.24689194582318297 
2.2439999999999745 0.09096476982576461 0.24689194582318297 
2.2459999999999742 0.09070657082429 0.24689194582318297 
2.247999999999974 0.0904501647443674 0.24689194582318297 
2.249999999999974 0.0901955503216609 0.24689194582318297 
2.2519999999999736 0.08994272620410944 0.24689194582318297 
2.2539999999999734 0.08969169095224856 0.24689194582318297 
2.255999999999973 0.08944244303953552 0.24689194582318297 
2.257999999999973 0.08919498085267749 0.24689194582318297 
2.2599999999999727 0.08894930269196309 0.24689194582318297 
2.2619999999999725 0.08870540677159716 0.24689194582318297 
2.2639999999999723 0.08846329122003901 0.24689194582318297 
2.265999999999972 0.08822295408034361 0.24689194582318297 
2.267999999999972 0.0879843933105062 0.24689194582318297 
2.2699999999999716 0.08774760678381012 0.24689194582318297 
2.2719999999999714 0.08751259228917785 0.24689194582318297 
2.273999999999971 0.08727934753152528 0.24689194582318297 
2.275999999999971 0.08704787013211941 0.24689194582318297 
2.2779999999999707 0.08681815762893874 0.24689194582318297 
2.2799999999999705 0.08659020747703727 0.24689194582318297 
2.2819999999999703 0.08636401704891183 0.24689194582318297 
2.28399999999997 0.08613958363487198 0.24689194582318297 
2.28599999999997 0.08591690444341371 0.24689194582318297 
2.2879999999999696 0.08569597660159595 0.24689194582318297 
2.2899999999999694 0.08547679715542031 0.24689194582318297 
2.291999999999969 0.08525936307021378 0.24689194582318297 
2.293999999999969 0.08504367123101517 0.24689194582318297 
2.2959999999999687 0.08482971844296355 0.24689194582318297 
2.2979999999999685 0.08461750143169092 0.24689194582318297 
2.2999999999999683 0.08440701684371743 0.24689194582318297 
2.301999999999968 0.08419826124684934 0.24689194582318297 
2.303999999999968 0.0839912311305808 0.24689194582318297 
2.3059999999999676 0.08378592290649808 0.24689194582318297 
2.3079999999999674 0.08358233290868688 0.24689194582318297 
2.309999999999967 0.08338045739414313 0.24689194582318297 
2.311999999999967 0.08318029254318579 0.24689194582318297 
2.3139999999999668 0.08298183445987392 0.24689194582318297 
2.3159999999999665 0.0827850791724254 0.24689194582318297 
2.3179999999999663 0.0825900226336397 0.24689194582318297 
2.319999999999966 0.08239666072132269 0.24689194582318297 
2.321999999999966 0.08220498923871497 0.24689194582318297 
2.3239999999999656 0.08201500391492265 0.24689194582318297 
2.3259999999999654 0.08182670040535131 0.24689194582318297 
2.327999999999965 0.08164007429214265 0.24689194582318297 
2.329999999999965 0.08145512108461385 0.24689194582318297 
2.3319999999999648 0.08127183621970005 0.24689194582318297 
2.3339999999999645 0.08109021506239925 0.24689194582318297 
2.3359999999999643 0.08091025290622028 0.24689194582318297 
2.337999999999964 0.08073194497363324 0.24689194582318297 
2.339999999999964 0.08055528641652296 0.24689194582318297 
2.3419999999999637 0.08038027231664473 0.24689194582318297 
2.3439999999999634 0.08020689768608327 0.24689194582318297 
2.3459999999999632 0.08003515746771375 0.24689194582318297 
2.347999999999963 0.07986504653566587 0.24689194582318297 
2.349999999999963 0.07969655969579045 0.24689194582318297 
2.3519999999999626 0.07952969168612842 0.24689194582318297 
2.3539999999999623 0.07936443717738258 0.24689194582318297 
2.355999999999962 0.07920079077339168 0.24689194582318297 
2.357999999999962 0.07903874701160744 0.24689194582318297 
2.3599999999999617 0.07887830036357346 0.24689194582318297 
2.3619999999999615 0.07871944523540683 0.24689194582318297 
2.3639999999999612 0.07856217596828259 0.24689194582318297 
2.365999999999961 0.07840648683891983 0.24689194582318297 
2.367999999999961 0.0782523720600708 0.24689194582318297 
2.3699999999999606 0.07809982578101202 0.24689194582318297 
2.3719999999999604 0.0779488420880379 0.24689194582318297 
2.37399999999996 0.07779941500495662 0.24689194582318297 
2.37599999999996 0.07765153849358811 0.24689194582318297 
2.3779999999999597 0.07750520645426459 0.24689194582318297 
2.3799999999999595 0.07736041272633298 0.24689194582318297 
2.3819999999999593 0.07721715108866001 0.24689194582318297 
2.383999999999959 0.07707541526013864 0.24689194582318297 
2.385999999999959 0.07693519890019755 0.24689194582318297 
2.3879999999999586 0.07679649560931215 0.24689194582318297 
2.3899999999999584 0.07665929892951784 0.24689194582318297 
2.391999999999958 0.07652360234492524 0.24689194582318297 
2.393999999999958 0.07638939928223754 0.24689194582318297 
2.3959999999999577 0.07625668311126976 0.24689194582318297 
2.3979999999999575 0.07612544714547004 0.24689194582318297 
2.3999999999999573 0.07599568464244262 0.24689194582318297 
2.401999999999957 0.07586738880447316 0.24689194582318297 
2.403999999999957 0.07574055277905539 0.24689194582318297 
2.4059999999999566 0.0756151696594199 0.24689194582318297 
2.4079999999999564 0.07549123248506481 0.24689194582318297 
2.409999999999956 0.07536873424228796 0.24689194582318297 
2.411999999999956 0.07524766786472092 0.24689194582318297 
2.4139999999999557 0.07512802623386491 0.24689194582318297 
2.4159999999999555 0.07500980217962772 0.24689194582318297 
2.4179999999999553 0.07489298848086356 0.24689194582318297 
2.419999999999955 0.07477757786591294 0.24689194582318297 
2.421999999999955 0.07466356301314528 0.24689194582318297 
2.4239999999999546 0.07455093655150258 0.24689194582318297 
2.4259999999999544 0.07443969106104484 0.24689194582318297 
2.427999999999954 0.07432981907349648 0.24689194582318297 
2.429999999999954 0.07422131307279485 0.24689194582318297 
2.4319999999999538 0.07411416549563954 0.24689194582318297 
2.4339999999999535 0.07400836873204367 0.24689194582318297 
2.4359999999999533 0.07390391512588584 0.24689194582318297 
2.437999999999953 0.07380079697546396 0.24689194582318297 
2.439999999999953 0.07369900653404998 0.24689194582318297 
2.4419999999999527 0.07359853601044619 0.24689194582318297 
2.4439999999999524 0.07349937756954224 0.24689194582318297 
2.445999999999952 0.07340152333287396 0.24689194582318297 
2.447999999999952 0.07330496537918255 0.24689194582318297 
2.4499999999999518 0.07320969574497575 0.24689194582318297 
2.4519999999999516 0.0731157064250892 0.24689194582318297 
2.4539999999999513 0.0730229893732495 0.24689194582318297 
2.455999999999951 0.0729315365026378 0.24689194582318297 
2.457999999999951 0.07284133968645459 0.24689194582318297 
2.4599999999999507 0.07275239075848558 0.24689194582318297 
2.4619999999999505 0.0726646815136678 0.24689194582318297 
2.4639999999999502 0.07257820370865738 0.24689194582318297 
2.46599999999995 0.0724929490623975 0.24689194582318297 
2.46799999999995 0.07240890925668766 0.24689194582318297 
2.4699999999999496 0.072326075936753 0.24689194582318297 
2.4719999999999493 0.07224444071181509 0.24689194582318297 
2.473999999999949 0.07216399515566266 0.24689194582318297 
2.475999999999949 0.07208473080722393 0.24689194582318297 
2.4779999999999487 0.07200663917113824 0.24689194582318297 
2.4799999999999485 0.07192971171832938 0.24689194582318297 
2.4819999999999482 0.0718539398865789 0.24689194582318297 
2.483999999999948 0.07177931508109996 0.24689194582318297 
2.485999999999948 0.07170582867511174 0.24689194582318297 
2.4879999999999476 0.07163347201041423 0.24689194582318297 
2.4899999999999474 0.07156223639796327 0.24689194582318297 
2.491999999999947 0.07149211311844626 0.24689194582318297 
2.493999999999947 0.07142309342285778 0.24689194582318297 
2.4959999999999467 0.07135516853307569 0.24689194582318297 
2.4979999999999465 0.07128832964243757 0.24689194582318297 
2.4999999999999463 0.07122256791631708 0.24689194582318297 
2.501999999999946 0.07115787449270071 0.24689194582318297 
2.503999999999946 0.07109424048276461 0.24689194582318297 
2.5059999999999456 0.07103165697145127 0.24689194582318297 
2.5079999999999454 0.07097011501804688 0.24689194582318297 
2.509999999999945 0.07090960565675786 0.24689194582318297 
2.511999999999945 0.0708501198972879 0.24689194582318297 
2.5139999999999447 0.07079164872541516 0.24689194582318297 
2.5159999999999445 0.07073418310356862 0.24689194582318297 
2.5179999999999443 0.07067771397140496 0.24689194582318297 
2.519999999999944 0.07062223224638511 0.24689194582318297 
2.521999999999944 0.0705677288243504 0.24689194582318297 
2.5239999999999436 0.07051419458009878 0.24689194582318297 
2.5259999999999434 0.07046162036796041 0.24689194582318297 
2.527999999999943 0.07040999702237333 0.24689194582318297 
2.529999999999943 0.07035931535845852 0.24689194582318297 
2.5319999999999427 0.07030956617259462 0.24689194582318297 
2.5339999999999425 0.07026074024299236 0.24689194582318297 
2.5359999999999423 0.0702128283302684 0.24689194582318297 
2.537999999999942 0.07016582117801864 0.24689194582318297 
2.539999999999942 0.0701197095133913 0.24689194582318297 
2.5419999999999416 0.0700744840476591 0.24689194582318297 
2.5439999999999414 0.07003013547679096 0.24689194582318297 
2.545999999999941 0.0699866544820233 0.24689194582318297 
2.547999999999941 0.06994403173043015 0.24689194582318297 
2.5499999999999408 0.06990225787549323 0.24689194582318297 
2.5519999999999405 0.06986132355767083 0.24689194582318297 
2.5539999999999403 0.06982121940496587 0.24689194582318297 
2.55599999999994 0.06978193603349359 0.24689194582318297 
2.55799999999994 0.06974346404804799 0.24689194582318297 
2.5599999999999397 0.06970579404266769 0.24689194582318297 
2.5619999999999394 0.06966891660120057 0.24689194582318297 
2.563999999999939 0.06963282229786788 0.24689194582318297 
2.565999999999939 0.06959750169782689 0.24689194582318297 
2.5679999999999388 0.0695629453577329 0.24689194582318297 
2.5699999999999386 0.06952914382630022 0.24689194582318297 
2.5719999999999383 0.06949608764486181 0.24689194582318297 
2.573999999999938 0.06946376734792789 0.24689194582318297 
2.575999999999938 0.06943217346374364 0.24689194582318297 
2.5779999999999377 0.06940129651484542 0.24689194582318297 
2.5799999999999375 0.06937112701861595 0.24689194582318297 
2.5819999999999372 0.06934165548783838 0.24689194582318297 
2.583999999999937 0.06931287243124856 0.24689194582318297 
2.585999999999937 0.06928476835408676 0.24689194582318297 
2.5879999999999366 0.06925733375864734 0.24689194582318297 
2.5899999999999364 0.06923055914482759 0.24689194582318297 
2.591999999999936 0.06920443501067487 0.24689194582318297 
2.593999999999936 0.0691789518529322 0.24689194582318297 
2.5959999999999357 0.06915410016758301 0.24689194582318297 
2.5979999999999355 0.0691298704503935 0.24689194582318297 
2.5999999999999353 0.06910625319745425 0.24689194582318297 
2.601999999999935 0.06908323890571973 0.24689194582318297 
2.603999999999935 0.06906081807354658 0.24689194582318297 
2.6059999999999346 0.06903898120123009 0.24689194582318297 
2.6079999999999344 0.06901771879153903 0.24689194582318297 
2.609999999999934 0.06899702135024899 0.24689194582318297 
2.611999999999934 0.06897687938667356 0.24689194582318297 
2.6139999999999337 0.06895728341419435 0.24689194582318297 
2.6159999999999335 0.06893822395078883 0.24689194582318297 
2.6179999999999333 0.06891969151955657 0.24689194582318297 
2.619999999999933 0.0689016766492434 0.24689194582318297 
2.621999999999933 0.06888416987476405 0.24689194582318297 
2.6239999999999326 0.06886716173772287 0.24689194582318297 
2.6259999999999324 0.06885064278693206 0.24689194582318297 
2.627999999999932 0.06883460357892898 0.24689194582318297 
2.629999999999932 0.06881903467849046 0.24689194582318297 
2.6319999999999317 0.06880392665914575 0.24689194582318297 
2.6339999999999315 0.06878927010368734 0.24689194582318297 
2.6359999999999313 0.0687750556046794 0.24689194582318297 
2.637999999999931 0.0687612737649647 0.24689194582318297 
2.639999999999931 0.06874791519816897 0.24689194582318297 
2.6419999999999306 0.06873497052920313 0.24689194582318297 
2.6439999999999304 0.06872243039476372 0.24689194582318297 
2.64599999999993 0.06871028544383079 0.24689194582318297 
2.64799999999993 0.06869852633816385 0.24689194582318297 
2.6499999999999297 0.06868714375279537 0.24689194582318297 
2.6519999999999295 0.06867612837652193 0.24689194582318297 
2.6539999999999293 0.06866547091239356 0.24689194582318297 
2.655999999999929 0.06865516207820031 0.24689194582318297 
2.657999999999929 0.06864519260695653 0.24689194582318297 
2.6599999999999286 0.06863555324738305 0.24689194582318297 
2.6619999999999284 0.06862623476438684 0.24689194582318297 
2.663999999999928 0.0686172279395381 0.24689194582318297 
2.665999999999928 0.06860852357154514 0.24689194582318297 
2.6679999999999278 0.06860011247672679 0.24689194582318297 
2.6699999999999275 0.06859198548948212 0.24689194582318297 
2.6719999999999273 0.06858413346275793 0.24689194582318297 
2.673999999999927 0.06857654726851364 0.24689194582318297 
2.675999999999927 0.06856921779818348 0.24689194582318297 
2.6779999999999267 0.06856213596313634 0.24689194582318297 
2.6799999999999264 0.06855529269513283 0.24689194582318297 
2.681999999999926 0.06854867894677996 0.24689194582318297 
2.683999999999926 0.06854228569198302 0.24689194582318297 
2.685999999999926 0.06853610392639473 0.24689194582318297 
2.6879999999999256 0.06853012466786196 0.24689194582318297 
2.6899999999999253 0.06852433895686977 0.24689194582318297 
2.691999999999925 0.0685187378569824 0.24689194582318297 
2.693999999999925 0.06851331245528183 0.24689194582318297 
2.6959999999999247 0.06850805386280368 0.24689194582318297 
2.6979999999999245 0.06850295321496983 0.24689194582318297 
2.6999999999999242 0.06849800167201898 0.24689194582318297 
2.701999999999924 0.06849319041943386 0.24689194582318297 
2.703999999999924 0.06848851066836571 0.24689194582318297 
2.7059999999999236 0.06848395365605625 0.24689194582318297 
2.7079999999999234 0.06847951064625626 0.24689194582318297 
2.709999999999923 0.06847517292964185 0.24689194582318297 
2.711999999999923 0.06847093182422748 0.24689194582318297 
2.7139999999999227 0.06846677867577605 0.24689194582318297 
2.7159999999999225 0.06846270485820632 0.24689194582318297 
2.7179999999999223 0.06845870177399722 0.24689194582318297 
2.719999999999922 0.06845476085458921 0.24689194582318297 
2.721999999999922 0.06845087356078286 0.24689194582318297 
2.7239999999999216 0.06844703138313409 0.24689194582318297 
2.7259999999999214 0.0684432258423467 0.24689194582318297 
2.727999999999921 0.06843944848966182 0.24689194582318297 
2.729999999999921 0.06843569090724444 0.24689194582318297 
2.7319999999999207 0.0684319447085665 0.24689194582318297 
2.7339999999999205 0.06842820153878744 0.24689194582318297 
2.7359999999999203 0.06842445307513134 0.24689194582318297 
2.73799999999992 0.06842069102726124 0.24689194582318297 
2.73999999999992 0.06841690713764992 0.24689194582318297 
2.7419999999999196 0.06841309318194827 0.24689194582318297 
2.7439999999999194 0.06840924096934992 0.24689194582318297 
2.745999999999919 0.06840534234295277 0.24689194582318297 
2.747999999999919 0.06840138918011829 0.24689194582318297 
2.7499999999999187 0.0683973733928261 0.24689194582318297 
2.7519999999999185 0.06839328692802682 0.24689194582318297 
2.7539999999999183 0.06838912176799103 0.24689194582318297 
2.755999999999918 0.0683848699306552 0.24689194582318297 
2.757999999999918 0.06838052346996447 0.24689194582318297 
2.7599999999999176 0.06837607447621213 0.24689194582318297 
2.7619999999999174 0.06837151507637597 0.24689194582318297 
2.763999999999917 0.06836683743445152 0.24689194582318297 
2.765999999999917 0.06836203375178171 0.24689194582318297 
2.7679999999999167 0.06835709626738382 0.24689194582318297 
2.7699999999999165 0.06835201725827257 0.24689194582318297 
2.7719999999999163 0.0683467890397806 0.24689194582318297 
2.773999999999916 0.06834140396587511 0.24689194582318297 
2.775999999999916 0.06833585442947165 0.24689194582318297 
2.7779999999999156 0.06833013286274446 0.24689194582318297 
2.7799999999999154 0.06832423173743349 0.24689194582318297 
2.781999999999915 0.06831814356514829 0.24689194582318297 
2.783999999999915 0.06831186089766848 0.24689194582318297 
2.7859999999999148 0.06830537632724097 0.24689194582318297 
2.7879999999999145 0.06829868248687387 0.24689194582318297 
2.7899999999999143 0.06829177205062711 0.24689194582318297 
2.791999999999914 0.06828463773389973 0.24689194582318297 
2.793999999999914 0.06827727229371372 0.24689194582318297 
2.7959999999999137 0.06826966852899499 0.24689194582318297 
2.7979999999999134 0.0682618192808504 0.24689194582318297 
2.7999999999999132 0.06825371743284192 0.24689194582318297 
2.801999999999913 0.06824535591125722 0.24689194582318297 
2.803999999999913 0.06823672768537703 0.24689194582318297 
2.8059999999999126 0.06822782576773925 0.24689194582318297 
2.8079999999999123 0.06821864321439935 0.24689194582318297 
2.809999999999912 0.06820917312518802 0.24689194582318297 
2.811999999999912 0.06819940864396484 0.24689194582318297 
2.8139999999999117 0.06818934295886908 0.24689194582318297 
2.8159999999999115 0.0681789693025669 0.24689194582318297 
2.8179999999999112 0.06816828095249534 0.24689194582318297 
2.819999999999911 0.06815727123110286 0.24689194582318297 
2.821999999999911 0.06814593350608655 0.24689194582318297 
2.8239999999999106 0.06813426119062609 0.24689194582318297 
2.8259999999999104 0.06812224774361418 0.24689194582318297 
2.82799999999991 0.06810988666988382 0.24689194582318297 
2.82999999999991 0.06809717152043197 0.24689194582318297 
2.8319999999999097 0.06808409589264021 0.24689194582318297 
2.8339999999999095 0.06807065343049182 0.24689194582318297 
2.8359999999999093 0.0680568378247855 0.24689194582318297 
2.837999999999909 0.06804264281334586 0.24689194582318297 
2.839999999999909 0.06802806218123052 0.24689194582318297 
2.8419999999999086 0.06801308976093384 0.24689194582318297 
2.8439999999999084 0.06799771943258726 0.24689194582318297 
2.845999999999908 0.06798194512415662 0.24689194582318297 
2.847999999999908 0.06796576081163554 0.24689194582318297 
2.8499999999999077 0.06794916051923622 0.24689194582318297 
2.8519999999999075 0.06793213831957622 0.24689194582318297 
2.8539999999999073 0.06791468833386233 0.24689194582318297 
2.855999999999907 0.06789680473207096 0.24689194582318297 
2.857999999999907 0.06787848173312544 0.24689194582318297 
2.8599999999999066 0.06785971360506957 0.24689194582318297 
2.8619999999999064 0.06784049466523834 0.24689194582318297 
2.863999999999906 0.06782081928042487 0.24689194582318297 
2.865999999999906 0.06780068186704474 0.24689194582318297 
2.8679999999999057 0.067780076891296 0.24689194582318297 
2.8699999999999055 0.0677589988693171 0.24689194582318297 
2.8719999999999053 0.06773744236734042 0.24689194582318297 
2.873999999999905 0.0677154020018434 0.24689194582318297 
2.875999999999905 0.0676928724396958 0.24689194582318297 
2.8779999999999046 0.06766984839830398 0.24689194582318297 
2.8799999999999044 0.06764632464575199 0.24689194582318297 
2.881999999999904 0.06762229600093903 0.24689194582318297 
2.883999999999904 0.06759775733371425 0.24689194582318297 
2.8859999999999038 0.06757270356500761 0.24689194582318297 
2.8879999999999035 0.06754712966695832 0.24689194582318297 
2.8899999999999033 0.06752103066303922 0.24689194582318297 
2.891999999999903 0.0674944016281786 0.24689194582318297 
2.893999999999903 0.06746723768887844 0.24689194582318297 
2.8959999999999027 0.06743953402332978 0.24689194582318297 
2.8979999999999024 0.06741128586152433 0.24689194582318297 
2.899999999999902 0.06738248848536361 0.24689194582318297 
2.901999999999902 0.06735313722876443 0.24689194582318297 
2.9039999999999018 0.06732322747776144 0.24689194582318297 
2.9059999999999016 0.06729275467060622 0.24689194582318297 
2.9079999999999013 0.06726171429786372 0.24689194582318297 
2.909999999999901 0.0672301019025052 0.24689194582318297 
2.911999999999901 0.06719791307999792 0.24689194582318297 
2.9139999999999007 0.06716514347839228 0.24689194582318297 
2.9159999999999004 0.06713178879840528 0.24689194582318297 
2.9179999999999002 0.06709784479350114 0.24689194582318297 
2.9199999999999 0.06706330726996884 0.24689194582318297 
2.9219999999999 0.06702817208699657 0.24689194582318297 
2.9239999999998996 0.06699243515674304 0.24689194582318297 
2.9259999999998993 0.06695609244440577 0.24689194582318297 
2.927999999999899 0.06691913996828645 0.24689194582318297 
2.929999999999899 0.06688157379985325 0.24689194582318297 
2.9319999999998987 0.06684339006379983 0.24689194582318297 
2.9339999999998985 0.06680458493810168 0.24689194582318297 
2.9359999999998982 0.06676515465406932 0.24689194582318297 
2.937999999999898 0.06672509549639871 0.24689194582318297 
2.939999999999898 0.06668440380321822 0.24689194582318297 
2.9419999999998976 0.06664307596613317 0.24689194582318297 
2.9439999999998974 0.06660110843026706 0.24689194582318297 
2.945999999999897 0.0665584976943002 0.24689194582318297 
2.947999999999897 0.06651524031050493 0.24689194582318297 
2.9499999999998967 0.06647133288477852 0.24689194582318297 
2.9519999999998965 0.06642677207667264 0.24689194582318297 
2.9539999999998963 0.0663815545994203 0.24689194582318297 
2.955999999999896 0.06633567721995991 0.24689194582318297 
2.957999999999896 0.06628913675895606 0.24689194582318297 
2.9599999999998956 0.06624193009081816 0.24689194582318297 
2.9619999999998954 0.06619405414371571 0.24689194582318297 
2.963999999999895 0.06614550589959067 0.24689194582318297 
2.965999999999895 0.06609628239416777 0.24689194582318297 
2.9679999999998947 0.06604638071696113 0.24689194582318297 
2.9699999999998945 0.06599579801127867 0.24689194582318297 
2.9719999999998943 0.06594453147422363 0.24689194582318297 
2.973999999999894 0.06589257835669327 0.24689194582318297 
2.975999999999894 0.06583993596337488 0.24689194582318297 
2.9779999999998936 0.06578660165273914 0.24689194582318297 
2.9799999999998934 0.0657325728370307 0.24689194582318297 
2.981999999999893 0.06567784698225607 0.24689194582318297 
2.983999999999893 0.06562242160816881 0.24689194582318297 
2.9859999999998927 0.06556629428825243 0.24689194582318297 
2.9879999999998925 0.06550946264969985 0.24689194582318297 
2.9899999999998923 0.06545192437339109 0.24689194582318297 
2.991999999999892 0.06539367719386795 0.24689194582318297 
2.993999999999892 0.0653347188993059 0.24689194582318297 
2.9959999999998916 0.06527504733148386 0.24689194582318297 
2.9979999999998914 0.06521466038575105 0.24689194582318297 
2.999999999999891 0.06515355601099143 0.24689194582318297 
