-6.0 1.28879608995e-10 1.29888672896e-10 
-5.93969849246 2.00786336384e-10 1.84688473406e-10 
-5.87939698492 3.10479595748e-10 2.60466834671e-10 
-5.81909547739 4.76661450584e-10 3.64159936282e-10 
-5.75879396985 7.26731518764e-10 5.04421120464e-10 
-5.69849246231 1.10056920887e-09 6.91713420474e-10 
-5.63819095477 1.65584149642e-09 9.38158269024e-10 
-5.57788944724 2.47539947285e-09 1.25693030636e-09 
-5.5175879397 3.67751296563e-09 1.66086748533e-09 
-5.45728643216 5.42993118745e-09 2.15978850409e-09 
-5.39698492462 7.96905996814e-09 2.75575355419e-09 
-5.33668341709 1.16259250033e-08 3.43513946053e-09 
-5.27638190955 1.68610584802e-08 4.15588689334e-09 
-5.21608040201 2.43110155606e-08 4.82756374155e-09 
-5.15577889447 3.48499074536e-08 5.28090828595e-09 
-5.09547738693 4.96701345878e-08 5.22218360776e-09 
-5.0351758794 7.03874141478e-08 4.16588400871e-09 
-4.97487437186 9.91762059686e-08 1.33695276887e-09 
-4.91457286432 1.38942715801e-07 -4.46946345721e-09 
-4.85427135678 1.93543735031e-07 -1.5086779694e-08 
-4.79396984925 2.68060564045e-07 -3.325557261e-08 
-4.73366834171 3.69138016398e-07 -6.3010036233e-08 
-4.67336683417 5.05398801968e-07 -1.10208770546e-07 
-4.61306532663 6.87943146536e-07 -1.83256925656e-07 
-4.5527638191 9.30941926631e-07 -2.940797232e-07 
-4.49246231156 1.25232836071e-06 -4.59423205905e-07 
-4.43216080402 1.67458772903e-06 -7.02577095124e-07 
-4.37185929648 2.22563584883e-06 -1.05563719786e-06 
-4.31155778894 2.93976406341e-06 -1.5624511569e-06 
-4.25125628141 3.85861005183e-06 -2.28242161094e-06 
-4.19095477387 5.03208833511e-06 -3.29537496563e-06 
-4.13065326633 6.51918022001e-06 -4.70774164025e-06 
-4.07035175879 8.38843813518e-06 -6.66033415355e-06 
-4.01005025126 1.07180017472e-05 -9.33805158173e-06 
-3.94974874372 1.35948506413e-05 -1.29818810064e-05 
-3.88944723618 1.7112928434e-05 -1.79036061053e-05 
-3.82914572864 2.13696637842e-05 -2.45036667144e-05 
-3.76884422111 2.64602830078e-05 -3.32926367479e-05 
-3.70854271357 3.24691555378e-05 -4.49167959804e-05 
-3.64824120603 3.94572367755e-05 -6.01882574466e-05 
-3.58793969849 4.74444735916e-05 -8.01200690383e-05 
-3.52763819095 5.63858180529e-05 -0.000105966626648 
-3.46733668342 6.61392590499e-05 -0.000139269607403 
-3.40703517588 7.64240360303e-05 -0.000181909444977 
-3.34673366834 8.67669535202e-05 -0.000236162114266 
-3.2864321608 9.64344824174e-05 -0.000304760659793 
-3.22613065327 0.000104348130697 -0.000390960482153 
-3.16582914573 0.000108980412615 -0.000498606882451 
-3.10552763819 0.00010822866613 -0.000632202752285 
-3.04522613065 9.92639912064e-05 -0.000796973586509 
-2.98492462312 7.83527383503e-05 -0.000998926193766 
-2.92462311558 4.06483009468e-05 -0.00124489659859 
-2.86432160804 -2.00485083068e-05 -0.00154258168982 
-2.8040201005 -0.000111561453013 -0.00190054820398 
-2.74371859296 -0.000243643164846 -0.00232821168069 
-2.68341708543 -0.000428310328969 -0.00283577714197 
-2.62311557789 -0.000680206721656 -0.00343413249254 
-2.56281407035 -0.0010169891016 -0.00413468508777 
-2.50251256281 -0.00145972869068 -0.00494913165251 
-2.44221105528 -0.00203331843426 -0.00588915184745 
-2.38190954774 -0.00276687345548 -0.00696601636294 
-2.3216080402 -0.00369410918922 -0.00819010156309 
-2.26130653266 -0.00485367870037 -0.00957030449098 
-2.20100502513 -0.00628944778917 -0.0111133545481 
-2.14070351759 -0.00805068381964 -0.0128230214271 
-2.08040201005 -0.0101921319568 -0.0146992229257 
-2.02010050251 -0.0127739508647 -0.0167370410901 
-1.95979899497 -0.0158614791139 -0.0189256606581 
-1.89949748744 -0.0195248037899 -0.0212472498996 
-1.8391959799 -0.0238381042923 -0.023675810507 
-1.77889447236 -0.0288787472557 -0.0261760299593 
-1.71859296482 -0.034726113059 -0.0287021764913 
-1.65829145729 -0.0414601406224 -0.0311970831108 
-1.59798994975 -0.0491595851521 -0.0335912726616 
-1.53768844221 -0.0578999931385 -0.0358022803104 
-1.47738693467 -0.0677514101024 -0.0377342326427 
-1.41708542714 -0.0787758490746 -0.0392777433599 
-1.3567839196 -0.0910245612391 -0.0403101840058 
-1.29648241206 -0.104535164117 -0.0406963838868 
-1.23618090452 -0.119328696561 -0.0402898061417 
-1.17587939698 -0.135406683037 -0.0389342366315 
-1.11557788945 -0.152748301497 -0.0364660089514 
-1.05527638191 -0.171307758851 -0.0327167725716 
-0.994974874372 -0.191011984897 -0.0275167922023 
-0.934673366834 -0.211758758881 -0.0206987454457 
-0.874371859296 -0.233415382029 -0.0121019633052 
-0.814070351759 -0.255818003866 -0.00157703498732 
-0.753768844221 -0.278771699723 0.0110093243911 
-0.693467336683 -0.30205138123 0.0257692660329 
-0.633165829146 -0.325403601118 0.0427888014518 
-0.572864321608 -0.348549288453 0.0621229554337 
-0.51256281407 -0.371187421349 0.0837912459198 
-0.452261306533 -0.392999611907 0.107773663901 
-0.391959798995 -0.413655543946 0.134007325194 
-0.331658291457 -0.432819169126 0.162383957847 
-0.27135678392 -0.45015553293 0.19274837365 
-0.211055276382 -0.465338070164 0.224898049872 
-0.150753768844 -0.478056181631 0.258583918309 
-0.0904522613065 -0.488022881082 0.29351242379 
-0.0301507537688 -0.494982285611 0.3293488745 
0.0301507537688 -0.498716714591 0.365722063297 
0.0904522613065 -0.499053162739 0.402230094203 
0.150753768844 -0.495868922499 0.438447303289 
0.211055276382 -0.48909614963 0.473932120208 
0.27135678392 -0.478725193322 0.508235677489 
0.331658291457 -0.464806547557 0.540910941337 
0.391959798995 -0.447451322563 0.571522111645 
0.452261306533 -0.426830182519 0.599654021604 
0.51256281407 -0.403170746352 0.624921259725 
0.572864321608 -0.376753500412 0.646976739788 
0.633165829146 -0.347906322877 0.665519457406 
0.693467336683 -0.316997767842 0.680301195104 
0.753768844221 -0.284429299992 0.691131970294 
0.814070351759 -0.250626706816 0.697884060995 
0.874371859296 -0.21603094294 0.700494490999 
0.934673366834 -0.181088679108 0.698965907427 
0.994974874372 -0.146242836013 0.69336583722 
1.05527638191 -0.111923380242 0.683824362725 
1.11557788945 -0.078538646373 0.670530308096 
1.17587939698 -0.0464674263747 0.653726075462 
1.23618090452 -0.0160520361268 0.633701311081 
1.29648241206 0.012407469481 0.61078561521 
1.3567839196 0.0386578049795 0.585340534213 
1.41708542714 0.0624956052307 0.55775108861 
1.47738693467 0.0837691858486 0.52841709613 
1.53768844221 0.10237892745 0.497744544508 
1.59798994975 0.118276342673 0.466137255312 
1.65829145729 0.131461925124 0.433989058517 
1.71859296482 0.141981913876 0.401676669119 
1.77889447236 0.149924134677 0.369553423252 
1.8391959799 0.155413099024 0.33794399387 
1.89949748744 0.158604554282 0.307140166577 
1.95979899497 0.15967968217 0.277397716612 
2.02010050251 0.158839139593 0.248934389651 
2.08040201005 0.156297125592 0.221928953663 
2.14070351759 0.152275642146 0.196521257517 
2.20100502513 0.146999095729 0.172813205538 
2.26130653266 0.14068936219 0.150870536161 
2.3216080402 0.133561410999 0.130725277796 
2.38190954774 0.125819557324 0.11237874588 
2.44221105528 0.117654383213 0.0958049417255 
2.50251256281 0.109240343097 0.0809542157066 
2.56281407035 0.100734045135 0.067757063976 
2.62311557789 0.09227317902 0.0561279384183 
2.68341708543 0.0839760434764 0.0459689631822 
2.74371859296 0.0759416129497 0.0371734669194 
2.8040201005 0.0682500731422 0.0296292569603 
2.86432160804 0.0609637489137 0.0232215792283 
2.92462311558 0.0541283454854 0.0178357249882 
2.98492462312 0.0477744244668 0.0133592619078 
3.04522613065 0.0419190395415 0.00968388185135 
3.10552763819 0.0365674621929 0.00670687094744 
3.16582914573 0.03171493509 0.00433221851519 
3.22613065327 0.0273483991721 0.00247139026405 
3.2864321608 0.0234481495444 0.0010437977882 
3.34673366834 0.019989384593 -2.29991670142e-05 
3.40703517588 0.0169436218267 -0.000793318719648 
3.46733668342 0.0142799625412 -0.00132357149886 
3.52763819095 0.011966195222 -0.00166262508623 
3.58793969849 0.00996973447139 -0.00185228144595 
3.64824120603 0.00825839805369 -0.00192783351481 
3.70854271357 0.00680102936373 -0.00191867075989 
3.76884422111 0.00556797623068 -0.00184890755337 
3.82914572864 0.0045314395409 -0.00173801242955 
3.88944723618 0.00366570677956 -0.00160142048387 
3.94974874372 0.00294728636861 -0.00145111518881 
4.01005025126 0.00235495874482 -0.00129616961554 
4.07035175879 0.00186975961047 -0.00114324037806 
4.13065326633 0.00147490983307 -0.000997010505542 
4.19095477387 0.00115570519561 -0.000860579875177 
4.25125628141 0.000899377718594 -0.000735803803478 
4.31155778894 0.00069493868945 -0.000623581917866 
4.37185929648 0.000533011927923 -0.00052410054802 
4.43216080402 0.000405664253841 -0.000437032631832 
4.49246231156 0.000306238657919 -0.000361699574318 
4.5527638191 0.000229194342301 -0.000297199681935 
4.61306532663 0.000169956618006 -0.000242507771064 
4.67336683417 0.000124778632025 -0.000196550366929 
4.73366834171 9.06160490698e-05 -0.000158260612222 
4.79396984925 6.5015125979e-05 -0.000126616632038 
4.85427135678 4.60140791198e-05 -0.000100666686428 
4.91457286432 3.20572419952e-05 -7.9544010574e-05 
4.97487437186 2.1921224492e-05 -6.24738163718e-05 
5.0351758794 1.46520990388e-05 -4.87745235757e-05 
5.09547738693 9.51253468244e-06 -3.78549143634e-05 
5.15577889447 5.93776105637e-06 -2.92085689688e-05 
5.21608040201 3.49925517186e-06 -2.24066451943e-05 
5.27638190955 1.87509148869e-06 -1.70898118678e-05 
5.33668341709 8.25968322853e-07 -1.29599343287e-05 
5.39698492462 1.76011806468e-07 -9.77193611889e-06 
5.45728643216 -2.02445315163e-07 -7.32612158791e-06 
5.5175879397 -4.00814697224e-07 -5.46113499156e-06 
5.57788944724 -4.83542187096e-07 -4.04764859075e-06 
5.63819095477 -4.9525513758e-07 -2.98281103979e-06 
5.69849246231 -4.66203198348e-07 -2.18544404039e-06 
5.75879396985 -4.16354296344e-07 -1.59194624331e-06 
5.81909547739 -3.58442236096e-07 -1.15284554307e-06 
5.87939698492 -3.00205958447e-07 -8.29931523884e-07 
5.93969849246 -2.46012558156e-07 -5.9389661101e-07 
6.0 -1.98016012788e-07 -4.22415616353e-07 
