 0.2000000E+01 -0.1259085E-01  0.7294462E-08  0.2243913E-01  0.9848280E-02
 0.4000000E+01 -0.1259091E-01  0.2859943E-07  0.2243911E-01  0.9848235E-02
 0.6000000E+01 -0.1259100E-01  0.6307634E-07  0.2243910E-01  0.9848159E-02
 0.8000000E+01 -0.1259113E-01  0.1099241E-06  0.2243907E-01  0.9848053E-02
 0.1000000E+02 -0.1259129E-01  0.1683777E-06  0.2243903E-01  0.9847917E-02
 0.1200000E+02 -0.1259148E-01  0.2377066E-06  0.2243899E-01  0.9847751E-02
 0.1400000E+02 -0.1259171E-01  0.3172134E-06  0.2243895E-01  0.9847556E-02
 0.1600000E+02 -0.1259197E-01  0.4062325E-06  0.2243889E-01  0.9847331E-02
 0.1800000E+02 -0.1259226E-01  0.5041288E-06  0.2243883E-01  0.9847076E-02
 0.2000000E+02 -0.1259258E-01  0.6102965E-06  0.2243876E-01  0.9846793E-02
 0.2200000E+02 -0.1259293E-01  0.7241578E-06  0.2243869E-01  0.9846480E-02
 0.2400000E+02 -0.1259331E-01  0.8451619E-06  0.2243861E-01  0.9846138E-02
 0.2600000E+02 -0.1259372E-01  0.9727835E-06  0.2243852E-01  0.9845768E-02
 0.2800000E+02 -0.1259416E-01  0.1106522E-05  0.2243843E-01  0.9845369E-02
 0.3000000E+02 -0.1259463E-01  0.1245902E-05  0.2243833E-01  0.9844942E-02
 0.3200000E+02 -0.1259512E-01  0.1390468E-05  0.2243822E-01  0.9844487E-02
 0.3400000E+02 -0.1259565E-01  0.1539789E-05  0.2243811E-01  0.9844005E-02
 0.3600000E+02 -0.1259619E-01  0.1693454E-05  0.2243799E-01  0.9843495E-02
 0.3800000E+02 -0.1259677E-01  0.1851071E-05  0.2243787E-01  0.9842958E-02
 0.4000000E+02 -0.1259736E-01  0.2012268E-05  0.2243775E-01  0.9842394E-02
 0.4200000E+02 -0.1259799E-01  0.2176692E-05  0.2243761E-01  0.9841804E-02
 0.4400000E+02 -0.1259863E-01  0.2344006E-05  0.2243748E-01  0.9841187E-02
 0.4600000E+02 -0.1259930E-01  0.2513893E-05  0.2243733E-01  0.9840546E-02
 0.4800000E+02 -0.1259999E-01  0.2686050E-05  0.2243719E-01  0.9839880E-02
 0.5000000E+02 -0.1260071E-01  0.2860189E-05  0.2243703E-01  0.9839188E-02
 0.5200000E+02 -0.1260144E-01  0.3036038E-05  0.2243688E-01  0.9838471E-02
 0.5400000E+02 -0.1260220E-01  0.3213339E-05  0.2243671E-01  0.9837732E-02
 0.5600000E+02 -0.1260297E-01  0.3391849E-05  0.2243655E-01  0.9836969E-02
 0.5800000E+02 -0.1260377E-01  0.3571335E-05  0.2243638E-01  0.9836183E-02
 0.6000000E+02 -0.1260458E-01  0.3751580E-05  0.2243620E-01  0.9835372E-02
 0.6200000E+02 -0.1260542E-01  0.3932375E-05  0.2243602E-01  0.9834539E-02
 0.6400000E+02 -0.1260627E-01  0.4113526E-05  0.2243584E-01  0.9833683E-02
 0.6600000E+02 -0.1260714E-01  0.4294846E-05  0.2243565E-01  0.9832805E-02
 0.6800000E+02 -0.1260803E-01  0.4476162E-05  0.2243546E-01  0.9831905E-02
 0.7000000E+02 -0.1260893E-01  0.4657311E-05  0.2243526E-01  0.9830985E-02
 0.7200000E+02 -0.1260986E-01  0.4838137E-05  0.2243506E-01  0.9830043E-02
 0.7400000E+02 -0.1261080E-01  0.5018496E-05  0.2243486E-01  0.9829081E-02
 0.7600000E+02 -0.1261175E-01  0.5198250E-05  0.2243465E-01  0.9828097E-02
 0.7800000E+02 -0.1261272E-01  0.5377271E-05  0.2243444E-01  0.9827094E-02
 0.8000000E+02 -0.1261371E-01  0.5555439E-05  0.2243423E-01  0.9826072E-02
 0.8200000E+02 -0.1261471E-01  0.5732642E-05  0.2243401E-01  0.9825031E-02
 0.8400000E+02 -0.1261572E-01  0.5908774E-05  0.2243379E-01  0.9823971E-02
 0.8600000E+02 -0.1261675E-01  0.6083736E-05  0.2243356E-01  0.9822892E-02
 0.8800000E+02 -0.1261779E-01  0.6257437E-05  0.2243333E-01  0.9821796E-02
 0.9000000E+02 -0.1261885E-01  0.6429792E-05  0.2243310E-01  0.9820681E-02
 0.9200000E+02 -0.1261992E-01  0.6600721E-05  0.2243287E-01  0.9819548E-02
 0.9400000E+02 -0.1262100E-01  0.6770149E-05  0.2243263E-01  0.9818397E-02
 0.9600000E+02 -0.1262210E-01  0.6938007E-05  0.2243239E-01  0.9817228E-02
 0.9800000E+02 -0.1262320E-01  0.7104233E-05  0.2243214E-01  0.9816045E-02
 0.1000000E+03 -0.1262432E-01  0.7268771E-05  0.2243190E-01  0.9814847E-02
 0.1020000E+03 -0.1262545E-01  0.7431565E-05  0.2243165E-01  0.9813632E-02
 0.1040000E+03 -0.1262658E-01  0.7592569E-05  0.2243139E-01  0.9812404E-02
 0.1060000E+03 -0.1262773E-01  0.7751739E-05  0.2243114E-01  0.9811160E-02
 0.1080000E+03 -0.1262889E-01  0.7909033E-05  0.2243088E-01  0.9809902E-02
 0.1100000E+03 -0.1263006E-01  0.8064415E-05  0.2243062E-01  0.9808628E-02
 0.1120000E+03 -0.1263123E-01  0.8217852E-05  0.2243036E-01  0.9807340E-02
 0.1140000E+03 -0.1263242E-01  0.8369314E-05  0.2243009E-01  0.9806038E-02
 0.1160000E+03 -0.1263362E-01  0.8518774E-05  0.2242982E-01  0.9804723E-02
 0.1180000E+03 -0.1263482E-01  0.8666212E-05  0.2242955E-01  0.9803395E-02
 0.1200000E+03 -0.1263604E-01  0.8811608E-05  0.2242928E-01  0.9802055E-02
 0.1220000E+03 -0.1263726E-01  0.8954946E-05  0.2242900E-01  0.9800703E-02
 0.1240000E+03 -0.1263848E-01  0.9096212E-05  0.2242873E-01  0.9799337E-02
 0.1260000E+03 -0.1263972E-01  0.9235391E-05  0.2242845E-01  0.9797959E-02
 0.1280000E+03 -0.1264097E-01  0.9372476E-05  0.2242816E-01  0.9796568E-02
 0.1300000E+03 -0.1264222E-01  0.9507458E-05  0.2242788E-01  0.9795166E-02
 0.1320000E+03 -0.1264348E-01  0.9640333E-05  0.2242759E-01  0.9793753E-02
 0.1340000E+03 -0.1264474E-01  0.9771101E-05  0.2242730E-01  0.9792333E-02
 0.1360000E+03 -0.1264601E-01  0.9899762E-05  0.2242701E-01  0.9790902E-02
 0.1380000E+03 -0.1264729E-01  0.1002632E-04  0.2242672E-01  0.9789459E-02
 0.1400000E+03 -0.1264857E-01  0.1015077E-04  0.2242643E-01  0.9788004E-02
 0.1420000E+03 -0.1264986E-01  0.1027311E-04  0.2242613E-01  0.9786538E-02
 0.1440000E+03 -0.1265116E-01  0.1039336E-04  0.2242583E-01  0.9785063E-02
 0.1460000E+03 -0.1265246E-01  0.1051153E-04  0.2242553E-01  0.9783578E-02
 0.1480000E+03 -0.1265377E-01  0.1062761E-04  0.2242523E-01  0.9782088E-02
 0.1500000E+03 -0.1265508E-01  0.1074162E-04  0.2242492E-01  0.9780589E-02
 0.1520000E+03 -0.1265639E-01  0.1085358E-04  0.2242462E-01  0.9779081E-02
 0.1540000E+03 -0.1265771E-01  0.1096350E-04  0.2242431E-01  0.9777564E-02
 0.1560000E+03 -0.1265904E-01  0.1107138E-04  0.2242400E-01  0.9776037E-02
 0.1580000E+03 -0.1266037E-01  0.1117725E-04  0.2242369E-01  0.9774502E-02
 0.1600000E+03 -0.1266170E-01  0.1128111E-04  0.2242338E-01  0.9772960E-02
 0.1620000E+03 -0.1266304E-01  0.1138298E-04  0.2242307E-01  0.9771412E-02
 0.1640000E+03 -0.1266438E-01  0.1148288E-04  0.2242275E-01  0.9769857E-02
 0.1660000E+03 -0.1266572E-01  0.1158084E-04  0.2242243E-01  0.9768297E-02
 0.1680000E+03 -0.1266707E-01  0.1167686E-04  0.2242212E-01  0.9766729E-02
 0.1700000E+03 -0.1266842E-01  0.1177096E-04  0.2242180E-01  0.9765152E-02
 0.1720000E+03 -0.1266977E-01  0.1186317E-04  0.2242148E-01  0.9763568E-02
 0.1740000E+03 -0.1267113E-01  0.1195350E-04  0.2242115E-01  0.9761978E-02
 0.1760000E+03 -0.1267249E-01  0.1204198E-04  0.2242083E-01  0.9760382E-02
 0.1780000E+03 -0.1267385E-01  0.1212862E-04  0.2242051E-01  0.9758780E-02
 0.1800000E+03 -0.1267522E-01  0.1221344E-04  0.2242018E-01  0.9757174E-02
 0.1820000E+03 -0.1267659E-01  0.1229647E-04  0.2241985E-01  0.9755562E-02
 0.1840000E+03 -0.1267795E-01  0.1237773E-04  0.2241952E-01  0.9753946E-02
 0.1860000E+03 -0.1267933E-01  0.1245724E-04  0.2241919E-01  0.9752324E-02
 0.1880000E+03 -0.1268070E-01  0.1253502E-04  0.2241886E-01  0.9750698E-02
 0.1900000E+03 -0.1268207E-01  0.1261110E-04  0.2241853E-01  0.9749066E-02
 0.1920000E+03 -0.1268345E-01  0.1268550E-04  0.2241819E-01  0.9747431E-02
 0.1940000E+03 -0.1268483E-01  0.1275823E-04  0.2241786E-01  0.9745790E-02
 0.1960000E+03 -0.1268621E-01  0.1282933E-04  0.2241752E-01  0.9744144E-02
 0.1980000E+03 -0.1268759E-01  0.1289882E-04  0.2241719E-01  0.9742493E-02
 0.2000000E+03 -0.1268898E-01  0.1296671E-04  0.2241685E-01  0.9740839E-02
 0.2020000E+03 -0.1269036E-01  0.1303303E-04  0.2241651E-01  0.9739182E-02
 0.2040000E+03 -0.1269175E-01  0.1309781E-04  0.2241617E-01  0.9737522E-02
 0.2060000E+03 -0.1269313E-01  0.1316107E-04  0.2241583E-01  0.9735858E-02
 0.2080000E+03 -0.1269452E-01  0.1322283E-04  0.2241549E-01  0.9734190E-02
 0.2100000E+03 -0.1269591E-01  0.1328311E-04  0.2241514E-01  0.9732519E-02
 0.2120000E+03 -0.1269730E-01  0.1334194E-04  0.2241480E-01  0.9730846E-02
 0.2140000E+03 -0.1269869E-01  0.1339933E-04  0.2241446E-01  0.9729170E-02
 0.2160000E+03 -0.1270008E-01  0.1345533E-04  0.2241411E-01  0.9727489E-02
 0.2180000E+03 -0.1270147E-01  0.1350993E-04  0.2241376E-01  0.9725805E-02
 0.2200000E+03 -0.1270286E-01  0.1356317E-04  0.2241342E-01  0.9724120E-02
 0.2220000E+03 -0.1270425E-01  0.1361507E-04  0.2241307E-01  0.9722433E-02
 0.2240000E+03 -0.1270564E-01  0.1366566E-04  0.2241272E-01  0.9720743E-02
 0.2260000E+03 -0.1270703E-01  0.1371494E-04  0.2241237E-01  0.9719053E-02
 0.2280000E+03 -0.1270842E-01  0.1376296E-04  0.2241202E-01  0.9717359E-02
 0.2300000E+03 -0.1270981E-01  0.1380972E-04  0.2241167E-01  0.9715662E-02
 0.2320000E+03 -0.1271121E-01  0.1385526E-04  0.2241131E-01  0.9713962E-02
 0.2340000E+03 -0.1271260E-01  0.1389958E-04  0.2241096E-01  0.9712261E-02
 0.2360000E+03 -0.1271399E-01  0.1394271E-04  0.2241061E-01  0.9710559E-02
 0.2380000E+03 -0.1271538E-01  0.1398468E-04  0.2241025E-01  0.9708856E-02
 0.2400000E+03 -0.1271677E-01  0.1402550E-04  0.2240990E-01  0.9707152E-02
 0.2420000E+03 -0.1271816E-01  0.1406520E-04  0.2240954E-01  0.9705447E-02
 0.2440000E+03 -0.1271955E-01  0.1410380E-04  0.2240919E-01  0.9703740E-02
 0.2460000E+03 -0.1272094E-01  0.1414131E-04  0.2240883E-01  0.9702030E-02
 0.2480000E+03 -0.1272233E-01  0.1417775E-04  0.2240847E-01  0.9700320E-02
 0.2500000E+03 -0.1272372E-01  0.1421315E-04  0.2240811E-01  0.9698609E-02
 0.2520000E+03 -0.1272510E-01  0.1424752E-04  0.2240775E-01  0.9696897E-02
 0.2540000E+03 -0.1272649E-01  0.1428089E-04  0.2240739E-01  0.9695185E-02
 0.2560000E+03 -0.1272788E-01  0.1431328E-04  0.2240703E-01  0.9693471E-02
 0.2580000E+03 -0.1272926E-01  0.1434469E-04  0.2240667E-01  0.9691755E-02
 0.2600000E+03 -0.1273065E-01  0.1437515E-04  0.2240631E-01  0.9690038E-02
 0.2620000E+03 -0.1273203E-01  0.1440469E-04  0.2240595E-01  0.9688322E-02
 0.2640000E+03 -0.1273341E-01  0.1443331E-04  0.2240559E-01  0.9686608E-02
 0.2660000E+03 -0.1273479E-01  0.1446103E-04  0.2240522E-01  0.9684891E-02
 0.2680000E+03 -0.1273617E-01  0.1448788E-04  0.2240486E-01  0.9683174E-02
 0.2700000E+03 -0.1273755E-01  0.1451387E-04  0.2240450E-01  0.9681457E-02
 0.2720000E+03 -0.1273893E-01  0.1453901E-04  0.2240413E-01  0.9679740E-02
 0.2740000E+03 -0.1274031E-01  0.1456333E-04  0.2240377E-01  0.9678022E-02
 0.2760000E+03 -0.1274168E-01  0.1458684E-04  0.2240340E-01  0.9676306E-02
 0.2780000E+03 -0.1274305E-01  0.1460956E-04  0.2240303E-01  0.9674590E-02
 0.2800000E+03 -0.1274443E-01  0.1463150E-04  0.2240267E-01  0.9672873E-02
 0.2820000E+03 -0.1274580E-01  0.1465268E-04  0.2240230E-01  0.9671156E-02
 0.2840000E+03 -0.1274717E-01  0.1467312E-04  0.2240193E-01  0.9669438E-02
 0.2860000E+03 -0.1274854E-01  0.1469282E-04  0.2240157E-01  0.9667721E-02
 0.2880000E+03 -0.1274991E-01  0.1471181E-04  0.2240120E-01  0.9666003E-02
 0.2900000E+03 -0.1275127E-01  0.1473010E-04  0.2240083E-01  0.9664288E-02
 0.2920000E+03 -0.1275264E-01  0.1474770E-04  0.2240046E-01  0.9662573E-02
 0.2940000E+03 -0.1275400E-01  0.1476464E-04  0.2240009E-01  0.9660858E-02
 0.2960000E+03 -0.1275536E-01  0.1478092E-04  0.2239972E-01  0.9659143E-02
 0.2980000E+03 -0.1275672E-01  0.1479655E-04  0.2239935E-01  0.9657430E-02
 0.3000000E+03 -0.1275808E-01  0.1481156E-04  0.2239898E-01  0.9655716E-02
 0.3020000E+03 -0.1275943E-01  0.1482595E-04  0.2239861E-01  0.9654003E-02
 0.3040000E+03 -0.1276079E-01  0.1483974E-04  0.2239824E-01  0.9652291E-02
 0.3060000E+03 -0.1276214E-01  0.1485294E-04  0.2239787E-01  0.9650580E-02
 0.3080000E+03 -0.1276349E-01  0.1486556E-04  0.2239750E-01  0.9648870E-02
 0.3100000E+03 -0.1276484E-01  0.1487763E-04  0.2239712E-01  0.9647159E-02
 0.3120000E+03 -0.1276619E-01  0.1488914E-04  0.2239675E-01  0.9645449E-02
 0.3140000E+03 -0.1276754E-01  0.1490011E-04  0.2239638E-01  0.9643740E-02
 0.3160000E+03 -0.1276888E-01  0.1491055E-04  0.2239600E-01  0.9642033E-02
 0.3180000E+03 -0.1277022E-01  0.1492048E-04  0.2239563E-01  0.9640327E-02
 0.3200000E+03 -0.1277156E-01  0.1492990E-04  0.2239526E-01  0.9638623E-02
 0.3220000E+03 -0.1277290E-01  0.1493884E-04  0.2239488E-01  0.9636918E-02
 0.3240000E+03 -0.1277424E-01  0.1494729E-04  0.2239451E-01  0.9635215E-02
 0.3260000E+03 -0.1277558E-01  0.1495527E-04  0.2239413E-01  0.9633513E-02
 0.3280000E+03 -0.1277691E-01  0.1496279E-04  0.2239376E-01  0.9631811E-02
 0.3300000E+03 -0.1277824E-01  0.1496987E-04  0.2239338E-01  0.9630112E-02
 0.3320000E+03 -0.1277957E-01  0.1497650E-04  0.2239301E-01  0.9628413E-02
 0.3340000E+03 -0.1278090E-01  0.1498271E-04  0.2239263E-01  0.9626715E-02
 0.3360000E+03 -0.1278223E-01  0.1498849E-04  0.2239226E-01  0.9625019E-02
 0.3380000E+03 -0.1278355E-01  0.1499387E-04  0.2239188E-01  0.9623323E-02
 0.3400000E+03 -0.1278487E-01  0.1499885E-04  0.2239150E-01  0.9621628E-02
 0.3420000E+03 -0.1278620E-01  0.1500344E-04  0.2239113E-01  0.9619934E-02
 0.3440000E+03 -0.1278751E-01  0.1500764E-04  0.2239075E-01  0.9618244E-02
 0.3460000E+03 -0.1278883E-01  0.1501148E-04  0.2239037E-01  0.9616555E-02
 0.3480000E+03 -0.1279014E-01  0.1501495E-04  0.2239000E-01  0.9614867E-02
 0.3500000E+03 -0.1279146E-01  0.1501807E-04  0.2238962E-01  0.9613181E-02
 0.3520000E+03 -0.1279277E-01  0.1502084E-04  0.2238924E-01  0.9611495E-02
 0.3540000E+03 -0.1279407E-01  0.1502328E-04  0.2238886E-01  0.9609811E-02
 0.3560000E+03 -0.1279538E-01  0.1502538E-04  0.2238848E-01  0.9608127E-02
 0.3580000E+03 -0.1279669E-01  0.1502716E-04  0.2238811E-01  0.9606445E-02
 0.3600000E+03 -0.1279799E-01  0.1502863E-04  0.2238773E-01  0.9604767E-02
 0.3620000E+03 -0.1279929E-01  0.1502980E-04  0.2238735E-01  0.9603089E-02
 0.3640000E+03 -0.1280059E-01  0.1503066E-04  0.2238697E-01  0.9601413E-02
 0.3660000E+03 -0.1280188E-01  0.1503124E-04  0.2238659E-01  0.9599738E-02
 0.3680000E+03 -0.1280318E-01  0.1503153E-04  0.2238621E-01  0.9598065E-02
 0.3700000E+03 -0.1280447E-01  0.1503155E-04  0.2238583E-01  0.9596392E-02
 0.3720000E+03 -0.1280576E-01  0.1503129E-04  0.2238545E-01  0.9594721E-02
 0.3740000E+03 -0.1280705E-01  0.1503077E-04  0.2238507E-01  0.9593053E-02
 0.3760000E+03 -0.1280834E-01  0.1503000E-04  0.2238469E-01  0.9591386E-02
 0.3780000E+03 -0.1280962E-01  0.1502898E-04  0.2238431E-01  0.9589721E-02
 0.3800000E+03 -0.1281090E-01  0.1502771E-04  0.2238393E-01  0.9588059E-02
 0.3820000E+03 -0.1281218E-01  0.1502621E-04  0.2238355E-01  0.9586398E-02
 0.3840000E+03 -0.1281346E-01  0.1502447E-04  0.2238317E-01  0.9584738E-02
 0.3860000E+03 -0.1281473E-01  0.1502251E-04  0.2238279E-01  0.9583080E-02
 0.3880000E+03 -0.1281601E-01  0.1502033E-04  0.2238241E-01  0.9581423E-02
 0.3900000E+03 -0.1281728E-01  0.1501794E-04  0.2238203E-01  0.9579768E-02
 0.3920000E+03 -0.1281855E-01  0.1501534E-04  0.2238165E-01  0.9578116E-02
 0.3940000E+03 -0.1281981E-01  0.1501254E-04  0.2238127E-01  0.9576465E-02
 0.3960000E+03 -0.1282108E-01  0.1500954E-04  0.2238088E-01  0.9574815E-02
 0.3980000E+03 -0.1282234E-01  0.1500635E-04  0.2238050E-01  0.9573169E-02
 0.4000000E+03 -0.1282360E-01  0.1500297E-04  0.2238012E-01  0.9571523E-02
 0.4020000E+03 -0.1282486E-01  0.1499942E-04  0.2237974E-01  0.9569879E-02
 0.4040000E+03 -0.1282612E-01  0.1499568E-04  0.2237936E-01  0.9568236E-02
 0.4060000E+03 -0.1282737E-01  0.1499178E-04  0.2237898E-01  0.9566595E-02
 0.4080000E+03 -0.1282863E-01  0.1498770E-04  0.2237859E-01  0.9564955E-02
 0.4100000E+03 -0.1282988E-01  0.1498347E-04  0.2237821E-01  0.9563318E-02
 0.4120000E+03 -0.1283113E-01  0.1497907E-04  0.2237783E-01  0.9561682E-02
 0.4140000E+03 -0.1283237E-01  0.1497453E-04  0.2237745E-01  0.9560049E-02
 0.4160000E+03 -0.1283362E-01  0.1496983E-04  0.2237706E-01  0.9558418E-02
 0.4180000E+03 -0.1283486E-01  0.1496499E-04  0.2237668E-01  0.9556790E-02
 0.4200000E+03 -0.1283610E-01  0.1496001E-04  0.2237630E-01  0.9555163E-02
 0.4220000E+03 -0.1283733E-01  0.1495490E-04  0.2237592E-01  0.9553537E-02
 0.4240000E+03 -0.1283857E-01  0.1494965E-04  0.2237553E-01  0.9551913E-02
 0.4260000E+03 -0.1283980E-01  0.1494427E-04  0.2237515E-01  0.9550291E-02
 0.4280000E+03 -0.1284104E-01  0.1493877E-04  0.2237477E-01  0.9548670E-02
 0.4300000E+03 -0.1284227E-01  0.1493314E-04  0.2237438E-01  0.9547052E-02
 0.4320000E+03 -0.1284349E-01  0.1492740E-04  0.2237400E-01  0.9545435E-02
 0.4340000E+03 -0.1284472E-01  0.1492155E-04  0.2237362E-01  0.9543820E-02
 0.4360000E+03 -0.1284594E-01  0.1491558E-04  0.2237324E-01  0.9542209E-02
 0.4380000E+03 -0.1284716E-01  0.1490951E-04  0.2237285E-01  0.9540599E-02
 0.4400000E+03 -0.1284838E-01  0.1490333E-04  0.2237247E-01  0.9538990E-02
 0.4420000E+03 -0.1284960E-01  0.1489706E-04  0.2237208E-01  0.9537383E-02
 0.4440000E+03 -0.1285081E-01  0.1489068E-04  0.2237170E-01  0.9535778E-02
 0.4460000E+03 -0.1285203E-01  0.1488421E-04  0.2237132E-01  0.9534175E-02
 0.4480000E+03 -0.1285324E-01  0.1487765E-04  0.2237093E-01  0.9532573E-02
 0.4500000E+03 -0.1285445E-01  0.1487100E-04  0.2237055E-01  0.9530973E-02
 0.4520000E+03 -0.1285566E-01  0.1486427E-04  0.2237017E-01  0.9529374E-02
 0.4540000E+03 -0.1285686E-01  0.1485745E-04  0.2236978E-01  0.9527777E-02
 0.4560000E+03 -0.1285807E-01  0.1485055E-04  0.2236940E-01  0.9526183E-02
 0.4580000E+03 -0.1285927E-01  0.1484358E-04  0.2236901E-01  0.9524590E-02
 0.4600000E+03 -0.1286047E-01  0.1483653E-04  0.2236863E-01  0.9523000E-02
 0.4620000E+03 -0.1286166E-01  0.1482940E-04  0.2236825E-01  0.9521412E-02
 0.4640000E+03 -0.1286286E-01  0.1482221E-04  0.2236786E-01  0.9519827E-02
 0.4660000E+03 -0.1286405E-01  0.1481495E-04  0.2236748E-01  0.9518244E-02
 0.4680000E+03 -0.1286524E-01  0.1480763E-04  0.2236709E-01  0.9516663E-02
 0.4700000E+03 -0.1286643E-01  0.1480024E-04  0.2236671E-01  0.9515083E-02
 0.4720000E+03 -0.1286761E-01  0.1479280E-04  0.2236633E-01  0.9513504E-02
 0.4740000E+03 -0.1286880E-01  0.1478530E-04  0.2236594E-01  0.9511927E-02
 0.4760000E+03 -0.1286998E-01  0.1477774E-04  0.2236556E-01  0.9510352E-02
 0.4780000E+03 -0.1287116E-01  0.1477012E-04  0.2236517E-01  0.9508779E-02
 0.4800000E+03 -0.1287234E-01  0.1476245E-04  0.2236479E-01  0.9507208E-02
 0.4820000E+03 -0.1287352E-01  0.1475474E-04  0.2236440E-01  0.9505641E-02
 0.4840000E+03 -0.1287469E-01  0.1474698E-04  0.2236402E-01  0.9504074E-02
 0.4860000E+03 -0.1287586E-01  0.1473917E-04  0.2236363E-01  0.9502509E-02
 0.4880000E+03 -0.1287703E-01  0.1473132E-04  0.2236325E-01  0.9500946E-02
 0.4900000E+03 -0.1287820E-01  0.1472342E-04  0.2236286E-01  0.9499384E-02
 0.4920000E+03 -0.1287937E-01  0.1471549E-04  0.2236248E-01  0.9497823E-02
 0.4940000E+03 -0.1288054E-01  0.1470752E-04  0.2236210E-01  0.9496264E-02
 0.4960000E+03 -0.1288170E-01  0.1469951E-04  0.2236171E-01  0.9494707E-02
 0.4980000E+03 -0.1288286E-01  0.1469146E-04  0.2236133E-01  0.9493153E-02
 0.5000000E+03 -0.1288402E-01  0.1468338E-04  0.2236094E-01  0.9491602E-02
 0.5020000E+03 -0.1288518E-01  0.1467527E-04  0.2236056E-01  0.9490054E-02
 0.5040000E+03 -0.1288633E-01  0.1466713E-04  0.2236017E-01  0.9488506E-02
 0.5060000E+03 -0.1288749E-01  0.1465896E-04  0.2235979E-01  0.9486960E-02
 0.5080000E+03 -0.1288864E-01  0.1465076E-04  0.2235940E-01  0.9485415E-02
 0.5100000E+03 -0.1288979E-01  0.1464254E-04  0.2235902E-01  0.9483872E-02
 0.5120000E+03 -0.1289094E-01  0.1463429E-04  0.2235863E-01  0.9482331E-02
 0.5140000E+03 -0.1289208E-01  0.1462601E-04  0.2235825E-01  0.9480791E-02
 0.5160000E+03 -0.1289323E-01  0.1461772E-04  0.2235786E-01  0.9479254E-02
 0.5180000E+03 -0.1289437E-01  0.1460940E-04  0.2235748E-01  0.9477720E-02
 0.5200000E+03 -0.1289551E-01  0.1460107E-04  0.2235709E-01  0.9476188E-02
 0.5220000E+03 -0.1289664E-01  0.1459272E-04  0.2235671E-01  0.9474657E-02
 0.5240000E+03 -0.1289778E-01  0.1458435E-04  0.2235632E-01  0.9473128E-02
 0.5260000E+03 -0.1289891E-01  0.1457596E-04  0.2235594E-01  0.9471600E-02
 0.5280000E+03 -0.1290005E-01  0.1456756E-04  0.2235555E-01  0.9470074E-02
 0.5300000E+03 -0.1290118E-01  0.1455915E-04  0.2235517E-01  0.9468549E-02
 0.5320000E+03 -0.1290231E-01  0.1455072E-04  0.2235478E-01  0.9467026E-02
 0.5340000E+03 -0.1290343E-01  0.1454228E-04  0.2235440E-01  0.9465505E-02
 0.5360000E+03 -0.1290456E-01  0.1453383E-04  0.2235401E-01  0.9463986E-02
 0.5380000E+03 -0.1290568E-01  0.1452537E-04  0.2235363E-01  0.9462469E-02
 0.5400000E+03 -0.1290680E-01  0.1451691E-04  0.2235324E-01  0.9460954E-02
 0.5420000E+03 -0.1290792E-01  0.1450843E-04  0.2235286E-01  0.9459441E-02
 0.5440000E+03 -0.1290904E-01  0.1449995E-04  0.2235247E-01  0.9457930E-02
 0.5460000E+03 -0.1291016E-01  0.1449146E-04  0.2235209E-01  0.9456420E-02
 0.5480000E+03 -0.1291127E-01  0.1448297E-04  0.2235170E-01  0.9454912E-02
 0.5500000E+03 -0.1291239E-01  0.1447447E-04  0.2235132E-01  0.9453405E-02
 0.5520000E+03 -0.1291350E-01  0.1446597E-04  0.2235093E-01  0.9451901E-02
 0.5540000E+03 -0.1291460E-01  0.1445747E-04  0.2235055E-01  0.9450399E-02
 0.5560000E+03 -0.1291571E-01  0.1444896E-04  0.2235016E-01  0.9448899E-02
 0.5580000E+03 -0.1291682E-01  0.1444046E-04  0.2234978E-01  0.9447400E-02
 0.5600000E+03 -0.1291792E-01  0.1443195E-04  0.2234939E-01  0.9445903E-02
 0.5620000E+03 -0.1291902E-01  0.1442345E-04  0.2234901E-01  0.9444408E-02
 0.5640000E+03 -0.1292012E-01  0.1441494E-04  0.2234862E-01  0.9442913E-02
 0.5660000E+03 -0.1292122E-01  0.1440644E-04  0.2234823E-01  0.9441420E-02
 0.5680000E+03 -0.1292232E-01  0.1439794E-04  0.2234785E-01  0.9439929E-02
 0.5700000E+03 -0.1292341E-01  0.1438944E-04  0.2234746E-01  0.9438440E-02
 0.5720000E+03 -0.1292451E-01  0.1438095E-04  0.2234708E-01  0.9436954E-02
 0.5740000E+03 -0.1292560E-01  0.1437245E-04  0.2234669E-01  0.9435469E-02
 0.5760000E+03 -0.1292669E-01  0.1436397E-04  0.2234631E-01  0.9433987E-02
 0.5780000E+03 -0.1292777E-01  0.1435549E-04  0.2234592E-01  0.9432507E-02
 0.5800000E+03 -0.1292886E-01  0.1434702E-04  0.2234554E-01  0.9431028E-02
 0.5820000E+03 -0.1292994E-01  0.1433855E-04  0.2234515E-01  0.9429550E-02
 0.5840000E+03 -0.1293103E-01  0.1433009E-04  0.2234477E-01  0.9428074E-02
 0.5860000E+03 -0.1293211E-01  0.1432164E-04  0.2234438E-01  0.9426599E-02
 0.5880000E+03 -0.1293319E-01  0.1431319E-04  0.2234400E-01  0.9425126E-02
 0.5900000E+03 -0.1293426E-01  0.1430476E-04  0.2234361E-01  0.9423655E-02
 0.5920000E+03 -0.1293534E-01  0.1429633E-04  0.2234323E-01  0.9422185E-02
 0.5940000E+03 -0.1293641E-01  0.1428791E-04  0.2234284E-01  0.9420718E-02
 0.5960000E+03 -0.1293749E-01  0.1427950E-04  0.2234246E-01  0.9419253E-02
 0.5980000E+03 -0.1293856E-01  0.1427111E-04  0.2234207E-01  0.9417789E-02
 0.6000000E+03 -0.1293962E-01  0.1426272E-04  0.2234169E-01  0.9416326E-02
 0.6020000E+03 -0.1294069E-01  0.1425434E-04  0.2234130E-01  0.9414865E-02
 0.6040000E+03 -0.1294176E-01  0.1424598E-04  0.2234092E-01  0.9413405E-02
 0.6060000E+03 -0.1294282E-01  0.1423763E-04  0.2234053E-01  0.9411947E-02
 0.6080000E+03 -0.1294389E-01  0.1422929E-04  0.2234015E-01  0.9410490E-02
 0.6100000E+03 -0.1294495E-01  0.1422096E-04  0.2233976E-01  0.9409035E-02
 0.6120000E+03 -0.1294601E-01  0.1421264E-04  0.2233938E-01  0.9407581E-02
 0.6140000E+03 -0.1294707E-01  0.1420434E-04  0.2233899E-01  0.9406129E-02
 0.6160000E+03 -0.1294813E-01  0.1419605E-04  0.2233861E-01  0.9404679E-02
 0.6180000E+03 -0.1294918E-01  0.1418778E-04  0.2233822E-01  0.9403231E-02
 0.6200000E+03 -0.1295023E-01  0.1417951E-04  0.2233784E-01  0.9401785E-02
 0.6220000E+03 -0.1295128E-01  0.1417127E-04  0.2233745E-01  0.9400340E-02
 0.6240000E+03 -0.1295233E-01  0.1416303E-04  0.2233707E-01  0.9398897E-02
 0.6260000E+03 -0.1295338E-01  0.1415482E-04  0.2233668E-01  0.9397455E-02
 0.6280000E+03 -0.1295443E-01  0.1414661E-04  0.2233630E-01  0.9396015E-02
 0.6300000E+03 -0.1295547E-01  0.1413842E-04  0.2233591E-01  0.9394577E-02
 0.6320000E+03 -0.1295652E-01  0.1413025E-04  0.2233553E-01  0.9393141E-02
 0.6340000E+03 -0.1295756E-01  0.1412210E-04  0.2233514E-01  0.9391706E-02
 0.6360000E+03 -0.1295860E-01  0.1411396E-04  0.2233476E-01  0.9390273E-02
 0.6380000E+03 -0.1295964E-01  0.1410583E-04  0.2233437E-01  0.9388842E-02
 0.6400000E+03 -0.1296067E-01  0.1409772E-04  0.2233399E-01  0.9387413E-02
 0.6420000E+03 -0.1296171E-01  0.1408963E-04  0.2233360E-01  0.9385984E-02
 0.6440000E+03 -0.1296274E-01  0.1408156E-04  0.2233322E-01  0.9384558E-02
 0.6460000E+03 -0.1296378E-01  0.1407350E-04  0.2233283E-01  0.9383132E-02
 0.6480000E+03 -0.1296481E-01  0.1406546E-04  0.2233245E-01  0.9381708E-02
 0.6500000E+03 -0.1296584E-01  0.1405744E-04  0.2233207E-01  0.9380286E-02
 0.6520000E+03 -0.1296686E-01  0.1404943E-04  0.2233168E-01  0.9378865E-02
 0.6540000E+03 -0.1296789E-01  0.1404145E-04  0.2233130E-01  0.9377446E-02
 0.6560000E+03 -0.1296892E-01  0.1403348E-04  0.2233091E-01  0.9376028E-02
 0.6580000E+03 -0.1296994E-01  0.1402553E-04  0.2233053E-01  0.9374612E-02
 0.6600000E+03 -0.1297096E-01  0.1401759E-04  0.2233014E-01  0.9373197E-02
 0.6620000E+03 -0.1297198E-01  0.1400967E-04  0.2232976E-01  0.9371784E-02
 0.6640000E+03 -0.1297300E-01  0.1400178E-04  0.2232937E-01  0.9370373E-02
 0.6660000E+03 -0.1297402E-01  0.1399390E-04  0.2232899E-01  0.9368963E-02
 0.6680000E+03 -0.1297504E-01  0.1398604E-04  0.2232860E-01  0.9367554E-02
 0.6700000E+03 -0.1297605E-01  0.1397820E-04  0.2232822E-01  0.9366147E-02
 0.6720000E+03 -0.1297706E-01  0.1397037E-04  0.2232783E-01  0.9364742E-02
 0.6740000E+03 -0.1297807E-01  0.1396257E-04  0.2232745E-01  0.9363339E-02
 0.6760000E+03 -0.1297908E-01  0.1395478E-04  0.2232707E-01  0.9361936E-02
 0.6780000E+03 -0.1298009E-01  0.1394701E-04  0.2232668E-01  0.9360535E-02
 0.6800000E+03 -0.1298110E-01  0.1393927E-04  0.2232630E-01  0.9359135E-02
 0.6820000E+03 -0.1298211E-01  0.1393154E-04  0.2232591E-01  0.9357737E-02
 0.6840000E+03 -0.1298311E-01  0.1392383E-04  0.2232553E-01  0.9356341E-02
 0.6860000E+03 -0.1298411E-01  0.1391614E-04  0.2232514E-01  0.9354947E-02
 0.6880000E+03 -0.1298511E-01  0.1390847E-04  0.2232476E-01  0.9353554E-02
 0.6900000E+03 -0.1298611E-01  0.1390081E-04  0.2232437E-01  0.9352162E-02
 0.6920000E+03 -0.1298711E-01  0.1389318E-04  0.2232399E-01  0.9350771E-02
 0.6940000E+03 -0.1298811E-01  0.1388557E-04  0.2232361E-01  0.9349382E-02
 0.6960000E+03 -0.1298911E-01  0.1387798E-04  0.2232322E-01  0.9347995E-02
 0.6980000E+03 -0.1299010E-01  0.1387040E-04  0.2232284E-01  0.9346609E-02
 0.7000000E+03 -0.1299109E-01  0.1386285E-04  0.2232245E-01  0.9345224E-02
 0.7020000E+03 -0.1299208E-01  0.1385532E-04  0.2232207E-01  0.9343840E-02
 0.7040000E+03 -0.1299307E-01  0.1384780E-04  0.2232168E-01  0.9342458E-02
 0.7060000E+03 -0.1299406E-01  0.1384030E-04  0.2232130E-01  0.9341077E-02
 0.7080000E+03 -0.1299505E-01  0.1383283E-04  0.2232092E-01  0.9339698E-02
 0.7100000E+03 -0.1299604E-01  0.1382537E-04  0.2232053E-01  0.9338320E-02
 0.7120000E+03 -0.1299702E-01  0.1381794E-04  0.2232015E-01  0.9336944E-02
 0.7140000E+03 -0.1299801E-01  0.1381052E-04  0.2231976E-01  0.9335569E-02
 0.7160000E+03 -0.1299899E-01  0.1380312E-04  0.2231938E-01  0.9334196E-02
 0.7180000E+03 -0.1299997E-01  0.1379575E-04  0.2231900E-01  0.9332824E-02
 0.7200000E+03 -0.1300095E-01  0.1378839E-04  0.2231861E-01  0.9331453E-02
 0.7220000E+03 -0.1300193E-01  0.1378105E-04  0.2231823E-01  0.9330083E-02
 0.7240000E+03 -0.1300290E-01  0.1377374E-04  0.2231784E-01  0.9328715E-02
 0.7260000E+03 -0.1300388E-01  0.1376644E-04  0.2231746E-01  0.9327348E-02
 0.7280000E+03 -0.1300485E-01  0.1375916E-04  0.2231708E-01  0.9325983E-02
 0.7300000E+03 -0.1300582E-01  0.1375190E-04  0.2231669E-01  0.9324619E-02
 0.7320000E+03 -0.1300680E-01  0.1374466E-04  0.2231631E-01  0.9323257E-02
 0.7340000E+03 -0.1300776E-01  0.1373744E-04  0.2231592E-01  0.9321897E-02
 0.7360000E+03 -0.1300873E-01  0.1373025E-04  0.2231554E-01  0.9320538E-02
 0.7380000E+03 -0.1300970E-01  0.1372307E-04  0.2231516E-01  0.9319180E-02
 0.7400000E+03 -0.1301067E-01  0.1371591E-04  0.2231477E-01  0.9317824E-02
 0.7420000E+03 -0.1301163E-01  0.1370877E-04  0.2231439E-01  0.9316469E-02
 0.7440000E+03 -0.1301259E-01  0.1370165E-04  0.2231401E-01  0.9315115E-02
 0.7460000E+03 -0.1301355E-01  0.1369455E-04  0.2231362E-01  0.9313762E-02
 0.7480000E+03 -0.1301451E-01  0.1368747E-04  0.2231324E-01  0.9312411E-02
 0.7500000E+03 -0.1301547E-01  0.1368041E-04  0.2231285E-01  0.9311060E-02
 0.7520000E+03 -0.1301643E-01  0.1367337E-04  0.2231247E-01  0.9309711E-02
 0.7540000E+03 -0.1301739E-01  0.1366634E-04  0.2231209E-01  0.9308363E-02
 0.7560000E+03 -0.1301835E-01  0.1365934E-04  0.2231170E-01  0.9307017E-02
 0.7580000E+03 -0.1301930E-01  0.1365236E-04  0.2231132E-01  0.9305672E-02
 0.7600000E+03 -0.1302025E-01  0.1364539E-04  0.2231094E-01  0.9304329E-02
 0.7620000E+03 -0.1302120E-01  0.1363845E-04  0.2231055E-01  0.9302986E-02
 0.7640000E+03 -0.1302215E-01  0.1363152E-04  0.2231017E-01  0.9301646E-02
 0.7660000E+03 -0.1302310E-01  0.1362462E-04  0.2230979E-01  0.9300306E-02
 0.7680000E+03 -0.1302405E-01  0.1361773E-04  0.2230940E-01  0.9298968E-02
 0.7700000E+03 -0.1302500E-01  0.1361087E-04  0.2230902E-01  0.9297631E-02
 0.7720000E+03 -0.1302594E-01  0.1360402E-04  0.2230864E-01  0.9296295E-02
 0.7740000E+03 -0.1302689E-01  0.1359719E-04  0.2230825E-01  0.9294961E-02
 0.7760000E+03 -0.1302783E-01  0.1359038E-04  0.2230787E-01  0.9293627E-02
 0.7780000E+03 -0.1302877E-01  0.1358359E-04  0.2230749E-01  0.9292295E-02
 0.7800000E+03 -0.1302971E-01  0.1357682E-04  0.2230710E-01  0.9290964E-02
 0.7820000E+03 -0.1303065E-01  0.1357007E-04  0.2230672E-01  0.9289635E-02
 0.7840000E+03 -0.1303159E-01  0.1356333E-04  0.2230634E-01  0.9288307E-02
 0.7860000E+03 -0.1303253E-01  0.1355662E-04  0.2230595E-01  0.9286981E-02
 0.7880000E+03 -0.1303346E-01  0.1354992E-04  0.2230557E-01  0.9285656E-02
 0.7900000E+03 -0.1303440E-01  0.1354325E-04  0.2230519E-01  0.9284332E-02
 0.7920000E+03 -0.1303533E-01  0.1353659E-04  0.2230480E-01  0.9283009E-02
 0.7940000E+03 -0.1303626E-01  0.1352995E-04  0.2230442E-01  0.9281687E-02
 0.7960000E+03 -0.1303719E-01  0.1352333E-04  0.2230404E-01  0.9280366E-02
 0.7980000E+03 -0.1303812E-01  0.1351673E-04  0.2230365E-01  0.9279046E-02
 0.8000000E+03 -0.1303905E-01  0.1351014E-04  0.2230327E-01  0.9277728E-02
 0.8020000E+03 -0.1303998E-01  0.1350358E-04  0.2230289E-01  0.9276411E-02
 0.8040000E+03 -0.1304091E-01  0.1349703E-04  0.2230250E-01  0.9275095E-02
 0.8060000E+03 -0.1304183E-01  0.1349050E-04  0.2230212E-01  0.9273781E-02
 0.8080000E+03 -0.1304275E-01  0.1348399E-04  0.2230174E-01  0.9272469E-02
 0.8100000E+03 -0.1304368E-01  0.1347750E-04  0.2230136E-01  0.9271157E-02
 0.8120000E+03 -0.1304460E-01  0.1347102E-04  0.2230097E-01  0.9269847E-02
 0.8140000E+03 -0.1304552E-01  0.1346457E-04  0.2230059E-01  0.9268538E-02
 0.8160000E+03 -0.1304643E-01  0.1345813E-04  0.2230021E-01  0.9267230E-02
 0.8180000E+03 -0.1304735E-01  0.1345171E-04  0.2229982E-01  0.9265924E-02
 0.8200000E+03 -0.1304827E-01  0.1344531E-04  0.2229944E-01  0.9264618E-02
 0.8220000E+03 -0.1304918E-01  0.1343893E-04  0.2229906E-01  0.9263313E-02
 0.8240000E+03 -0.1305010E-01  0.1343256E-04  0.2229868E-01  0.9262010E-02
 0.8260000E+03 -0.1305101E-01  0.1342621E-04  0.2229829E-01  0.9260707E-02
 0.8280000E+03 -0.1305193E-01  0.1341988E-04  0.2229791E-01  0.9259405E-02
 0.8300000E+03 -0.1305284E-01  0.1341357E-04  0.2229753E-01  0.9258105E-02
 0.8320000E+03 -0.1305375E-01  0.1340728E-04  0.2229715E-01  0.9256806E-02
 0.8340000E+03 -0.1305465E-01  0.1340100E-04  0.2229676E-01  0.9255509E-02
 0.8360000E+03 -0.1305556E-01  0.1339474E-04  0.2229638E-01  0.9254213E-02
 0.8380000E+03 -0.1305647E-01  0.1338849E-04  0.2229600E-01  0.9252918E-02
 0.8400000E+03 -0.1305737E-01  0.1338227E-04  0.2229562E-01  0.9251625E-02
 0.8420000E+03 -0.1305828E-01  0.1337606E-04  0.2229523E-01  0.9250333E-02
 0.8440000E+03 -0.1305918E-01  0.1336987E-04  0.2229485E-01  0.9249042E-02
 0.8460000E+03 -0.1306008E-01  0.1336369E-04  0.2229447E-01  0.9247753E-02
 0.8480000E+03 -0.1306098E-01  0.1335754E-04  0.2229409E-01  0.9246464E-02
 0.8500000E+03 -0.1306188E-01  0.1335140E-04  0.2229370E-01  0.9245177E-02
 0.8520000E+03 -0.1306278E-01  0.1334528E-04  0.2229332E-01  0.9243890E-02
 0.8540000E+03 -0.1306367E-01  0.1333917E-04  0.2229294E-01  0.9242605E-02
 0.8560000E+03 -0.1306457E-01  0.1333308E-04  0.2229256E-01  0.9241320E-02
 0.8580000E+03 -0.1306546E-01  0.1332701E-04  0.2229217E-01  0.9240037E-02
 0.8600000E+03 -0.1306636E-01  0.1332095E-04  0.2229179E-01  0.9238755E-02
 0.8620000E+03 -0.1306725E-01  0.1331491E-04  0.2229141E-01  0.9237473E-02
 0.8640000E+03 -0.1306814E-01  0.1330889E-04  0.2229103E-01  0.9236193E-02
 0.8660000E+03 -0.1306903E-01  0.1330289E-04  0.2229065E-01  0.9234915E-02
 0.8680000E+03 -0.1306992E-01  0.1329690E-04  0.2229026E-01  0.9233637E-02
 0.8700000E+03 -0.1307081E-01  0.1329092E-04  0.2228988E-01  0.9232360E-02
 0.8720000E+03 -0.1307170E-01  0.1328497E-04  0.2228950E-01  0.9231084E-02
 0.8740000E+03 -0.1307259E-01  0.1327903E-04  0.2228912E-01  0.9229810E-02
 0.8760000E+03 -0.1307347E-01  0.1327310E-04  0.2228873E-01  0.9228536E-02
 0.8780000E+03 -0.1307436E-01  0.1326719E-04  0.2228835E-01  0.9227263E-02
 0.8800000E+03 -0.1307524E-01  0.1326130E-04  0.2228797E-01  0.9225991E-02
 0.8820000E+03 -0.1307612E-01  0.1325542E-04  0.2228759E-01  0.9224721E-02
 0.8840000E+03 -0.1307701E-01  0.1324956E-04  0.2228721E-01  0.9223451E-02
 0.8860000E+03 -0.1307789E-01  0.1324372E-04  0.2228683E-01  0.9222183E-02
 0.8880000E+03 -0.1307877E-01  0.1323789E-04  0.2228644E-01  0.9220916E-02
 0.8900000E+03 -0.1307964E-01  0.1323207E-04  0.2228606E-01  0.9219650E-02
 0.8920000E+03 -0.1308052E-01  0.1322628E-04  0.2228568E-01  0.9218385E-02
 0.8940000E+03 -0.1308140E-01  0.1322049E-04  0.2228530E-01  0.9217122E-02
 0.8960000E+03 -0.1308227E-01  0.1321473E-04  0.2228492E-01  0.9215859E-02
 0.8980000E+03 -0.1308315E-01  0.1320897E-04  0.2228453E-01  0.9214598E-02
 0.9000000E+03 -0.1308402E-01  0.1320324E-04  0.2228415E-01  0.9213338E-02
 0.9020000E+03 -0.1308489E-01  0.1319752E-04  0.2228377E-01  0.9212079E-02
 0.9040000E+03 -0.1308576E-01  0.1319181E-04  0.2228339E-01  0.9210821E-02
 0.9060000E+03 -0.1308663E-01  0.1318612E-04  0.2228301E-01  0.9209565E-02
 0.9080000E+03 -0.1308750E-01  0.1318045E-04  0.2228263E-01  0.9208309E-02
 0.9100000E+03 -0.1308836E-01  0.1317479E-04  0.2228224E-01  0.9207055E-02
 0.9120000E+03 -0.1308923E-01  0.1316914E-04  0.2228186E-01  0.9205801E-02
 0.9140000E+03 -0.1309010E-01  0.1316351E-04  0.2228148E-01  0.9204548E-02
 0.9160000E+03 -0.1309096E-01  0.1315790E-04  0.2228110E-01  0.9203297E-02
 0.9180000E+03 -0.1309182E-01  0.1315230E-04  0.2228072E-01  0.9202046E-02
 0.9200000E+03 -0.1309269E-01  0.1314671E-04  0.2228034E-01  0.9200797E-02
 0.9220000E+03 -0.1309355E-01  0.1314114E-04  0.2227996E-01  0.9199549E-02
 0.9240000E+03 -0.1309441E-01  0.1313558E-04  0.2227957E-01  0.9198302E-02
 0.9260000E+03 -0.1309527E-01  0.1313004E-04  0.2227919E-01  0.9197055E-02
 0.9280000E+03 -0.1309613E-01  0.1312451E-04  0.2227881E-01  0.9195810E-02
 0.9300000E+03 -0.1309698E-01  0.1311900E-04  0.2227843E-01  0.9194565E-02
 0.9320000E+03 -0.1309784E-01  0.1311350E-04  0.2227805E-01  0.9193321E-02
 0.9340000E+03 -0.1309870E-01  0.1310802E-04  0.2227767E-01  0.9192079E-02
 0.9360000E+03 -0.1309955E-01  0.1310255E-04  0.2227729E-01  0.9190837E-02
 0.9380000E+03 -0.1310041E-01  0.1309709E-04  0.2227691E-01  0.9189597E-02
 0.9400000E+03 -0.1310126E-01  0.1309165E-04  0.2227653E-01  0.9188357E-02
 0.9420000E+03 -0.1310211E-01  0.1308622E-04  0.2227614E-01  0.9187119E-02
 0.9440000E+03 -0.1310296E-01  0.1308081E-04  0.2227576E-01  0.9185882E-02
 0.9460000E+03 -0.1310381E-01  0.1307541E-04  0.2227538E-01  0.9184646E-02
 0.9480000E+03 -0.1310466E-01  0.1307002E-04  0.2227500E-01  0.9183411E-02
 0.9500000E+03 -0.1310551E-01  0.1306465E-04  0.2227462E-01  0.9182177E-02
 0.9520000E+03 -0.1310635E-01  0.1305929E-04  0.2227424E-01  0.9180944E-02
 0.9540000E+03 -0.1310720E-01  0.1305395E-04  0.2227386E-01  0.9179712E-02
 0.9560000E+03 -0.1310805E-01  0.1304861E-04  0.2227348E-01  0.9178480E-02
 0.9580000E+03 -0.1310889E-01  0.1304330E-04  0.2227310E-01  0.9177250E-02
 0.9600000E+03 -0.1310973E-01  0.1303799E-04  0.2227272E-01  0.9176020E-02
 0.9620000E+03 -0.1311058E-01  0.1303270E-04  0.2227233E-01  0.9174791E-02
 0.9640000E+03 -0.1311142E-01  0.1302742E-04  0.2227195E-01  0.9173564E-02
 0.9660000E+03 -0.1311226E-01  0.1302216E-04  0.2227157E-01  0.9172337E-02
 0.9680000E+03 -0.1311310E-01  0.1301691E-04  0.2227119E-01  0.9171112E-02
 0.9700000E+03 -0.1311394E-01  0.1301167E-04  0.2227081E-01  0.9169888E-02
 0.9720000E+03 -0.1311477E-01  0.1300644E-04  0.2227043E-01  0.9168664E-02
 0.9740000E+03 -0.1311561E-01  0.1300123E-04  0.2227005E-01  0.9167442E-02
 0.9760000E+03 -0.1311644E-01  0.1299603E-04  0.2226967E-01  0.9166221E-02
 0.9780000E+03 -0.1311728E-01  0.1299085E-04  0.2226929E-01  0.9165001E-02
 0.9800000E+03 -0.1311811E-01  0.1298568E-04  0.2226891E-01  0.9163782E-02
 0.9820000E+03 -0.1311895E-01  0.1298052E-04  0.2226853E-01  0.9162564E-02
 0.9840000E+03 -0.1311978E-01  0.1297537E-04  0.2226815E-01  0.9161346E-02
 0.9860000E+03 -0.1312061E-01  0.1297023E-04  0.2226777E-01  0.9160130E-02
 0.9880000E+03 -0.1312144E-01  0.1296511E-04  0.2226739E-01  0.9158914E-02
 0.9900000E+03 -0.1312227E-01  0.1296000E-04  0.2226701E-01  0.9157699E-02
 0.9920000E+03 -0.1312310E-01  0.1295491E-04  0.2226663E-01  0.9156486E-02
 0.9940000E+03 -0.1312392E-01  0.1294982E-04  0.2226625E-01  0.9155272E-02
 0.9960000E+03 -0.1312475E-01  0.1294475E-04  0.2226587E-01  0.9154060E-02
 0.9980000E+03 -0.1312558E-01  0.1293969E-04  0.2226549E-01  0.9152849E-02
 0.1000000E+04 -0.1312640E-01  0.1293465E-04  0.2226510E-01  0.9151638E-02
 0.1002000E+04 -0.1312723E-01  0.1292961E-04  0.2226472E-01  0.9150429E-02
 0.1004000E+04 -0.1312805E-01  0.1292459E-04  0.2226434E-01  0.9149222E-02
 0.1006000E+04 -0.1312887E-01  0.1291958E-04  0.2226396E-01  0.9148015E-02
 0.1008000E+04 -0.1312969E-01  0.1291458E-04  0.2226358E-01  0.9146809E-02
 0.1010000E+04 -0.1313051E-01  0.1290959E-04  0.2226320E-01  0.9145604E-02
 0.1012000E+04 -0.1313133E-01  0.1290462E-04  0.2226282E-01  0.9144400E-02
 0.1014000E+04 -0.1313215E-01  0.1289966E-04  0.2226244E-01  0.9143198E-02
 0.1016000E+04 -0.1313296E-01  0.1289471E-04  0.2226206E-01  0.9141996E-02
 0.1018000E+04 -0.1313378E-01  0.1288977E-04  0.2226168E-01  0.9140795E-02
 0.1020000E+04 -0.1313459E-01  0.1288484E-04  0.2226130E-01  0.9139595E-02
 0.1022000E+04 -0.1313541E-01  0.1287993E-04  0.2226092E-01  0.9138395E-02
 0.1024000E+04 -0.1313622E-01  0.1287503E-04  0.2226054E-01  0.9137196E-02
 0.1026000E+04 -0.1313704E-01  0.1287014E-04  0.2226016E-01  0.9135998E-02
 0.1028000E+04 -0.1313785E-01  0.1286526E-04  0.2225978E-01  0.9134800E-02
 0.1030000E+04 -0.1313866E-01  0.1286039E-04  0.2225940E-01  0.9133604E-02
 0.1032000E+04 -0.1313947E-01  0.1285553E-04  0.2225902E-01  0.9132408E-02
 0.1034000E+04 -0.1314028E-01  0.1285069E-04  0.2225865E-01  0.9131214E-02
 0.1036000E+04 -0.1314109E-01  0.1284585E-04  0.2225827E-01  0.9130021E-02
 0.1038000E+04 -0.1314190E-01  0.1284103E-04  0.2225789E-01  0.9128829E-02
 0.1040000E+04 -0.1314270E-01  0.1283622E-04  0.2225751E-01  0.9127638E-02
 0.1042000E+04 -0.1314351E-01  0.1283142E-04  0.2225713E-01  0.9126448E-02
 0.1044000E+04 -0.1314431E-01  0.1282663E-04  0.2225675E-01  0.9125259E-02
 0.1046000E+04 -0.1314512E-01  0.1282185E-04  0.2225637E-01  0.9124070E-02
 0.1048000E+04 -0.1314592E-01  0.1281709E-04  0.2225599E-01  0.9122882E-02
 0.1050000E+04 -0.1314673E-01  0.1281233E-04  0.2225561E-01  0.9121695E-02
 0.1052000E+04 -0.1314753E-01  0.1280759E-04  0.2225523E-01  0.9120509E-02
 0.1054000E+04 -0.1314833E-01  0.1280285E-04  0.2225485E-01  0.9119323E-02
 0.1056000E+04 -0.1314913E-01  0.1279813E-04  0.2225447E-01  0.9118139E-02
 0.1058000E+04 -0.1314993E-01  0.1279342E-04  0.2225409E-01  0.9116955E-02
 0.1060000E+04 -0.1315073E-01  0.1278872E-04  0.2225371E-01  0.9115772E-02
 0.1062000E+04 -0.1315153E-01  0.1278403E-04  0.2225333E-01  0.9114589E-02
 0.1064000E+04 -0.1315232E-01  0.1277935E-04  0.2225295E-01  0.9113408E-02
 0.1066000E+04 -0.1315312E-01  0.1277468E-04  0.2225257E-01  0.9112228E-02
 0.1068000E+04 -0.1315391E-01  0.1277002E-04  0.2225219E-01  0.9111049E-02
 0.1070000E+04 -0.1315471E-01  0.1276537E-04  0.2225181E-01  0.9109872E-02
 0.1072000E+04 -0.1315550E-01  0.1276074E-04  0.2225144E-01  0.9108695E-02
 0.1074000E+04 -0.1315629E-01  0.1275611E-04  0.2225106E-01  0.9107519E-02
 0.1076000E+04 -0.1315708E-01  0.1275149E-04  0.2225068E-01  0.9106343E-02
 0.1078000E+04 -0.1315788E-01  0.1274689E-04  0.2225030E-01  0.9105169E-02
 0.1080000E+04 -0.1315867E-01  0.1274229E-04  0.2224992E-01  0.9103995E-02
 0.1082000E+04 -0.1315946E-01  0.1273771E-04  0.2224954E-01  0.9102821E-02
 0.1084000E+04 -0.1316024E-01  0.1273313E-04  0.2224916E-01  0.9101649E-02
 0.1086000E+04 -0.1316103E-01  0.1272857E-04  0.2224878E-01  0.9100478E-02
 0.1088000E+04 -0.1316182E-01  0.1272402E-04  0.2224840E-01  0.9099307E-02
 0.1090000E+04 -0.1316261E-01  0.1271947E-04  0.2224802E-01  0.9098137E-02
 0.1092000E+04 -0.1316339E-01  0.1271494E-04  0.2224764E-01  0.9096968E-02
 0.1094000E+04 -0.1316418E-01  0.1271041E-04  0.2224727E-01  0.9095800E-02
 0.1096000E+04 -0.1316496E-01  0.1270590E-04  0.2224689E-01  0.9094633E-02
 0.1098000E+04 -0.1316574E-01  0.1270139E-04  0.2224651E-01  0.9093466E-02
 0.1100000E+04 -0.1316652E-01  0.1269690E-04  0.2224613E-01  0.9092302E-02
 0.1102000E+04 -0.1316731E-01  0.1269241E-04  0.2224575E-01  0.9091137E-02
 0.1104000E+04 -0.1316809E-01  0.1268794E-04  0.2224537E-01  0.9089974E-02
 0.1106000E+04 -0.1316886E-01  0.1268347E-04  0.2224499E-01  0.9088812E-02
 0.1108000E+04 -0.1316964E-01  0.1267902E-04  0.2224461E-01  0.9087650E-02
 0.1110000E+04 -0.1317042E-01  0.1267457E-04  0.2224424E-01  0.9086489E-02
 0.1112000E+04 -0.1317120E-01  0.1267014E-04  0.2224386E-01  0.9085329E-02
 0.1114000E+04 -0.1317197E-01  0.1266571E-04  0.2224348E-01  0.9084169E-02
 0.1116000E+04 -0.1317275E-01  0.1266130E-04  0.2224310E-01  0.9083010E-02
 0.1118000E+04 -0.1317353E-01  0.1265689E-04  0.2224272E-01  0.9081852E-02
 0.1120000E+04 -0.1317430E-01  0.1265249E-04  0.2224234E-01  0.9080695E-02
 0.1122000E+04 -0.1317507E-01  0.1264811E-04  0.2224196E-01  0.9079538E-02
 0.1124000E+04 -0.1317585E-01  0.1264373E-04  0.2224159E-01  0.9078382E-02
 0.1126000E+04 -0.1317662E-01  0.1263936E-04  0.2224121E-01  0.9077227E-02
 0.1128000E+04 -0.1317739E-01  0.1263500E-04  0.2224083E-01  0.9076073E-02
 0.1130000E+04 -0.1317816E-01  0.1263065E-04  0.2224045E-01  0.9074919E-02
 0.1132000E+04 -0.1317893E-01  0.1262630E-04  0.2224007E-01  0.9073767E-02
 0.1134000E+04 -0.1317970E-01  0.1262197E-04  0.2223969E-01  0.9072616E-02
 0.1136000E+04 -0.1318047E-01  0.1261765E-04  0.2223932E-01  0.9071466E-02
 0.1138000E+04 -0.1318123E-01  0.1261333E-04  0.2223894E-01  0.9070316E-02
 0.1140000E+04 -0.1318200E-01  0.1260903E-04  0.2223856E-01  0.9069168E-02
 0.1142000E+04 -0.1318277E-01  0.1260473E-04  0.2223818E-01  0.9068020E-02
 0.1144000E+04 -0.1318353E-01  0.1260045E-04  0.2223780E-01  0.9066873E-02
 0.1146000E+04 -0.1318429E-01  0.1259617E-04  0.2223742E-01  0.9065727E-02
 0.1148000E+04 -0.1318506E-01  0.1259190E-04  0.2223705E-01  0.9064581E-02
 0.1150000E+04 -0.1318582E-01  0.1258764E-04  0.2223667E-01  0.9063436E-02
 0.1152000E+04 -0.1318658E-01  0.1258339E-04  0.2223629E-01  0.9062292E-02
 0.1154000E+04 -0.1318734E-01  0.1257915E-04  0.2223591E-01  0.9061149E-02
 0.1156000E+04 -0.1318810E-01  0.1257492E-04  0.2223553E-01  0.9060006E-02
 0.1158000E+04 -0.1318886E-01  0.1257069E-04  0.2223516E-01  0.9058864E-02
 0.1160000E+04 -0.1318962E-01  0.1256648E-04  0.2223478E-01  0.9057723E-02
 0.1162000E+04 -0.1319038E-01  0.1256227E-04  0.2223440E-01  0.9056582E-02
 0.1164000E+04 -0.1319114E-01  0.1255807E-04  0.2223402E-01  0.9055443E-02
 0.1166000E+04 -0.1319190E-01  0.1255388E-04  0.2223365E-01  0.9054304E-02
 0.1168000E+04 -0.1319265E-01  0.1254970E-04  0.2223327E-01  0.9053166E-02
 0.1170000E+04 -0.1319341E-01  0.1254553E-04  0.2223289E-01  0.9052028E-02
 0.1172000E+04 -0.1319416E-01  0.1254136E-04  0.2223251E-01  0.9050892E-02
 0.1174000E+04 -0.1319491E-01  0.1253721E-04  0.2223213E-01  0.9049756E-02
 0.1176000E+04 -0.1319567E-01  0.1253306E-04  0.2223176E-01  0.9048622E-02
 0.1178000E+04 -0.1319642E-01  0.1252892E-04  0.2223138E-01  0.9047487E-02
 0.1180000E+04 -0.1319717E-01  0.1252479E-04  0.2223100E-01  0.9046354E-02
 0.1182000E+04 -0.1319792E-01  0.1252067E-04  0.2223062E-01  0.9045222E-02
 0.1184000E+04 -0.1319867E-01  0.1251655E-04  0.2223025E-01  0.9044090E-02
 0.1186000E+04 -0.1319942E-01  0.1251245E-04  0.2222987E-01  0.9042959E-02
 0.1188000E+04 -0.1320017E-01  0.1250835E-04  0.2222949E-01  0.9041829E-02
 0.1190000E+04 -0.1320092E-01  0.1250426E-04  0.2222911E-01  0.9040699E-02
 0.1192000E+04 -0.1320167E-01  0.1250018E-04  0.2222874E-01  0.9039570E-02
 0.1194000E+04 -0.1320241E-01  0.1249611E-04  0.2222836E-01  0.9038442E-02
 0.1196000E+04 -0.1320316E-01  0.1249204E-04  0.2222798E-01  0.9037315E-02
 0.1198000E+04 -0.1320390E-01  0.1248799E-04  0.2222760E-01  0.9036188E-02
 0.1200000E+04 -0.1320465E-01  0.1248394E-04  0.2222723E-01  0.9035062E-02
 0.1202000E+04 -0.1320539E-01  0.1247990E-04  0.2222685E-01  0.9033938E-02
 0.1204000E+04 -0.1320613E-01  0.1247587E-04  0.2222647E-01  0.9032814E-02
 0.1206000E+04 -0.1320688E-01  0.1247184E-04  0.2222609E-01  0.9031690E-02
 0.1208000E+04 -0.1320762E-01  0.1246782E-04  0.2222572E-01  0.9030567E-02
 0.1210000E+04 -0.1320836E-01  0.1246382E-04  0.2222534E-01  0.9029445E-02
 0.1212000E+04 -0.1320910E-01  0.1245981E-04  0.2222496E-01  0.9028324E-02
 0.1214000E+04 -0.1320984E-01  0.1245582E-04  0.2222459E-01  0.9027204E-02
 0.1216000E+04 -0.1321058E-01  0.1245184E-04  0.2222421E-01  0.9026084E-02
 0.1218000E+04 -0.1321131E-01  0.1244786E-04  0.2222383E-01  0.9024965E-02
 0.1220000E+04 -0.1321205E-01  0.1244389E-04  0.2222345E-01  0.9023847E-02
 0.1222000E+04 -0.1321279E-01  0.1243993E-04  0.2222308E-01  0.9022729E-02
 0.1224000E+04 -0.1321352E-01  0.1243597E-04  0.2222270E-01  0.9021612E-02
 0.1226000E+04 -0.1321426E-01  0.1243203E-04  0.2222232E-01  0.9020496E-02
