 0.5906658E+00 -0.1051749E+01  0.2981676E+01  0.2958972E+00
 0.6758589E+00 -0.8214185E+00  0.2442214E+01  0.2647501E+00
 0.7610520E+00 -0.6330380E+00  0.1994121E+01  0.2336030E+00
 0.8462450E+00 -0.4794820E+00  0.1622380E+01  0.2024560E+00
 0.9314381E+00 -0.3547980E+00  0.1314406E+01  0.1713089E+00
 0.1016631E+01 -0.2540157E+00  0.1059654E+01  0.1401618E+00
 0.1101824E+01 -0.1729884E+00  0.8492931E+00  0.1090147E+00
 0.1187017E+01 -0.1082584E+00  0.6759297E+00  0.7786767E-01
 0.1272210E+01 -0.5694537E-01  0.5333753E+00  0.4672060E-01
 0.1357403E+01 -0.1665159E-01  0.4164525E+00  0.1557353E-01
 0.1442597E+01  0.1461663E-01  0.3208319E+00 -0.1557353E-01
 0.1527790E+01  0.3851532E-01  0.2428945E+00 -0.4672060E-01
 0.1612983E+01  0.5641833E-01  0.1796173E+00 -0.7786767E-01
 0.1698176E+01  0.6946386E-01  0.1284761E+00 -0.1090147E+00
 0.1783369E+01  0.7859338E-01  0.8736502E-01 -0.1401618E+00
 0.1868562E+01  0.8458434E-01  0.5452816E-01 -0.1713089E+00
 0.1953755E+01  0.8807742E-01  0.2850274E-01 -0.2024560E+00
 0.2038948E+01  0.8959947E-01  0.8071213E-02 -0.2336030E+00
 0.2124141E+01  0.8958259E-01 -0.7778834E-02 -0.2647501E+00
 0.2209334E+01  0.8838015E-01 -0.1988832E-01 -0.2958972E+00
