 0.5000000E-01 -0.3954378E+00  0.8839202E-01 -0.8352454E-01 -0.2581647E+00  0.4373905E+00  0.7233974E+00  0.2432589E-01 -0.5793848E+00  0.4119779E+00  0.1569386E+00 -0.8000810E-01 -0.1396915E+00 -0.1054251E+01 -0.4142300E-01  0.1355445E+00  0.5216251E+00 -0.7443334E-01  0.3118175E+00  0.5506710E+00
 0.3865575E+00
 0.1000000E+00 -0.3945256E+00  0.8810636E-01 -0.8331145E-01 -0.2575433E+00  0.4362687E+00  0.7222383E+00  0.2425713E-01 -0.5780032E+00  0.4112919E+00  0.1566399E+00 -0.7975541E-01 -0.1393427E+00 -0.1051853E+01 -0.4116856E-01  0.1352829E+00  0.5203987E+00 -0.7417755E-01  0.3112129E+00  0.5497660E+00
 0.3860211E+00
 0.1500000E+00 -0.3929826E+00  0.8762286E-01 -0.8294920E-01 -0.2564901E+00  0.4343587E+00  0.7202792E+00  0.2414133E-01 -0.5756529E+00  0.4101278E+00  0.1561309E+00 -0.7933093E-01 -0.1387505E+00 -0.1047782E+01 -0.4074668E-01  0.1348371E+00  0.5183123E+00 -0.7374918E-01  0.3101848E+00  0.5482333E+00
 0.3851116E+00
 0.2000000E+00 -0.3908249E+00  0.8694449E-01 -0.8243896E-01 -0.2550136E+00  0.4316666E+00  0.7175581E+00  0.2398029E-01 -0.5723442E+00  0.4085025E+00  0.1554158E+00 -0.7873964E-01 -0.1379178E+00 -0.1042070E+01 -0.4016492E-01  0.1342104E+00  0.5153764E+00 -0.7315402E-01  0.3087428E+00  0.5460984E+00
 0.3838473E+00
 0.2500000E+00 -0.3880952E+00  0.8608119E-01 -0.8178715E-01 -0.2531392E+00  0.4282278E+00  0.7141599E+00  0.2377798E-01 -0.5681257E+00  0.4064594E+00  0.1545087E+00 -0.7799258E-01 -0.1368567E+00 -0.1034817E+01 -0.3943564E-01  0.1334153E+00  0.5116365E+00 -0.7240385E-01  0.3069168E+00  0.5434226E+00
 0.3822711E+00
 0.3000000E+00 -0.3848628E+00  0.8504964E-01 -0.8100534E-01 -0.2509094E+00  0.4241062E+00  0.7102165E+00  0.2354049E-01 -0.5630827E+00  0.4040681E+00  0.1534339E+00 -0.7710671E-01 -0.1355884E+00 -0.1026192E+01 -0.3857591E-01  0.1324725E+00  0.5071716E+00 -0.7151630E-01  0.3047562E+00  0.5403022E+00
 0.3804498E+00
 0.3500000E+00 -0.3812212E+00  0.8387281E-01 -0.8010986E-01 -0.2483822E+00  0.4193922E+00  0.7059024E+00  0.2327586E-01 -0.5573342E+00  0.4014217E+00  0.1522247E+00 -0.7610452E-01 -0.1341419E+00 -0.1016427E+01 -0.3760727E-01  0.1314109E+00  0.5020918E+00 -0.7051450E-01  0.3023291E+00  0.5368659E+00
 0.3784725E+00
 0.4000000E+00 -0.3772852E+00  0.8257917E-01 -0.7912116E-01 -0.2456295E+00  0.4141990E+00  0.7014306E+00  0.2299389E-01 -0.5510291E+00  0.3986348E+00  0.1509222E+00 -0.7501346E-01 -0.1325537E+00 -0.1005808E+01 -0.3655543E-01  0.1302661E+00  0.4965343E+00 -0.6942650E-01  0.2997189E+00  0.5332710E+00
 0.3764476E+00
 0.4500000E+00 -0.3731865E+00  0.8120158E-01 -0.7806290E-01 -0.2427337E+00  0.4086574E+00  0.6970440E+00  0.2270574E-01 -0.5443389E+00  0.3958379E+00  0.1495737E+00 -0.7386505E-01 -0.1308657E+00 -0.9946676E+00 -0.3544973E-01  0.1290790E+00  0.4906569E+00 -0.6828445E-01  0.2970217E+00  0.5296971E+00
 0.3744993E+00
 0.5000000E+00 -0.3690680E+00  0.7977575E-01 -0.7696075E-01 -0.2397842E+00  0.4029092E+00  0.6930055E+00  0.2242347E-01 -0.5374493E+00  0.3931721E+00  0.1482302E+00 -0.7269362E-01 -0.1291234E+00 -0.9833621E+00 -0.3432246E-01  0.1278937E+00  0.4846306E+00 -0.6712347E-01  0.2943409E+00  0.5263382E+00
 0.3727612E+00
 0.5500000E+00 -0.3650759E+00  0.7833832E-01 -0.7584092E-01 -0.2368724E+00  0.3970982E+00  0.6895845E+00  0.2215945E-01 -0.5305493E+00  0.3907813E+00  0.1469430E+00 -0.7153485E-01 -0.1273732E+00 -0.9722575E+00 -0.3320791E-01  0.1267547E+00  0.4786290E+00 -0.6598017E-01  0.2917816E+00  0.5233927E+00
 0.3713701E+00
 0.6000000E+00 -0.3613042E+00  0.7695711E-01 -0.7471886E-01 -0.2340613E+00  0.3914729E+00  0.6869103E+00  0.2194067E-01 -0.5238371E+00  0.3887387E+00  0.1457619E+00 -0.7041105E-01 -0.1256480E+00 -0.9616391E+00 -0.3214900E-01  0.1257095E+00  0.4728625E+00 -0.6488122E-01  0.2894226E+00  0.5209575E+00
 0.3703811E+00
 0.6500000E+00 -0.3578400E+00  0.7570098E-01 -0.7363061E-01 -0.2314284E+00  0.3863116E+00  0.6850392E+00  0.2178295E-01 -0.5175786E+00  0.3870841E+00  0.1447314E+00 -0.6934369E-01 -0.1240028E+00 -0.9518282E+00 -0.3117157E-01  0.1248008E+00  0.4675769E+00 -0.6384753E-01  0.2873328E+00  0.5190789E+00
 0.3698145E+00
 0.7000000E+00 -0.3547884E+00  0.7462303E-01 -0.7262395E-01 -0.2290788E+00  0.3818323E+00  0.6839290E+00  0.2169766E-01 -0.5120677E+00  0.3858265E+00  0.1438998E+00 -0.6835937E-01 -0.1225105E+00 -0.9432311E+00 -0.3028664E-01  0.1240736E+00  0.4630264E+00 -0.6289888E-01  0.2855902E+00  0.5177447E+00
 0.3696400E+00
 0.7500000E+00 -0.3522856E+00  0.7373180E-01 -0.7172414E-01 -0.2271093E+00  0.3780714E+00  0.6835216E+00  0.2169007E-01 -0.5074483E+00  0.3850047E+00  0.1433118E+00 -0.6749285E-01 -0.1212175E+00 -0.9362126E+00 -0.2950527E-01  0.1235651E+00  0.4593311E+00 -0.6206339E-01  0.2842886E+00  0.5169601E+00
 0.3698161E+00
 0.8000000E+00 -0.3504258E+00  0.7301050E-01 -0.7092723E-01 -0.2255512E+00  0.3749322E+00  0.6838589E+00  0.2175771E-01 -0.5036689E+00  0.3847065E+00  0.1429733E+00 -0.6677602E-01 -0.1201234E+00 -0.9308689E+00 -0.2884228E-01  0.1232756E+00  0.4564368E+00 -0.6137540E-01  0.2834711E+00  0.5168139E+00
 0.3703541E+00
 0.8500000E+00 -0.3492040E+00  0.7243179E-01 -0.7021369E-01 -0.2243701E+00  0.3722649E+00  0.6850977E+00  0.2189281E-01 -0.5005700E+00  0.3849906E+00  0.1428511E+00 -0.6622188E-01 -0.1191984E+00 -0.9270345E+00 -0.2832255E-01  0.1231726E+00  0.4541928E+00 -0.6085777E-01  0.2831010E+00  0.5174197E+00
 0.3713289E+00
 0.9000000E+00 -0.3484793E+00  0.7193189E-01 -0.6954202E-01 -0.2234456E+00  0.3697939E+00  0.6876307E+00  0.2207367E-01 -0.4978265E+00  0.3858501E+00  0.1428641E+00 -0.6580966E-01 -0.1183712E+00 -0.9242067E+00 -0.2799992E-01  0.1231821E+00  0.4522932E+00 -0.6050303E-01  0.2830450E+00  0.5188943E+00
 0.3729541E+00
 0.9500000E+00 -0.3481459E+00  0.7148268E-01 -0.6889308E-01 -0.2227093E+00  0.3673861E+00  0.6912538E+00  0.2228866E-01 -0.4952726E+00  0.3871586E+00  0.1429587E+00 -0.6552563E-01 -0.1176066E+00 -0.9220890E+00 -0.2787814E-01  0.1232572E+00  0.4505781E+00 -0.6030052E-01  0.2832036E+00  0.5210752E+00
 0.3751137E+00
 0.1000000E+01 -0.3480663E+00  0.7104746E-01 -0.6824320E-01 -0.2220733E+00  0.3648780E+00  0.6957015E+00  0.2252239E-01 -0.4927038E+00  0.3887566E+00  0.1430688E+00 -0.6534892E-01 -0.1168602E+00 -0.9203071E+00 -0.2795392E-01  0.1233399E+00  0.4488497E+00 -0.6023209E-01  0.2834531E+00  0.5237545E+00
 0.3776600E+00
 0.1050000E+01 -0.3480827E+00  0.7058364E-01 -0.6756671E-01 -0.2214384E+00  0.3620896E+00  0.7006674E+00  0.2275641E-01 -0.4898947E+00  0.3904635E+00  0.1431211E+00 -0.6525354E-01 -0.1160830E+00 -0.9184411E+00 -0.2821735E-01  0.1233659E+00  0.4468885E+00 -0.6027389E-01  0.2836554E+00  0.5266946E+00
 0.3804251E+00
 0.1100000E+01 -0.3480308E+00  0.7004587E-01 -0.6683879E-01 -0.2207027E+00  0.3588396E+00  0.7058302E+00  0.2297023E-01 -0.4866195E+00  0.3920926E+00  0.1430409E+00 -0.6521086E-01 -0.1152259E+00 -0.9160627E+00 -0.2865263E-01  0.1232694E+00  0.4444726E+00 -0.6039858E-01  0.2836687E+00  0.5296481E+00
 0.3832345E+00
 0.1150000E+01 -0.3477544E+00  0.6938920E-01 -0.6603830E-01 -0.2197714E+00  0.3549616E+00  0.7108813E+00  0.2314237E-01 -0.4826731E+00  0.3934671E+00  0.1427579E+00 -0.6519233E-01 -0.1142450E+00 -0.9127740E+00 -0.2923892E-01  0.1229889E+00  0.4413964E+00 -0.6057778E-01  0.2833604E+00  0.5323793E+00
 0.3859226E+00
 0.1200000E+01 -0.3471198E+00  0.6857205E-01 -0.6515048E-01 -0.2185657E+00  0.3503183E+00  0.7155535E+00  0.2325136E-01 -0.4778906E+00  0.3944363E+00  0.1422126E+00 -0.6517215E-01 -0.1131060E+00 -0.9082455E+00 -0.2995148E-01  0.1224715E+00  0.4374894E+00 -0.6078451E-01  0.2826182E+00  0.5346857E+00
 0.3883477E+00
 0.1250000E+01 -0.3460284E+00  0.6755858E-01 -0.6416906E-01 -0.2170303E+00  0.3448135E+00  0.7196477E+00  0.2327678E-01 -0.4721638E+00  0.3948904E+00  0.1413612E+00 -0.6512972E-01 -0.1117881E+00 -0.9022478E+00 -0.3076281E-01  0.1216782E+00  0.4326312E+00 -0.6099556E-01  0.2813607E+00  0.5364180E+00
 0.3904073E+00
 0.1300000E+01 -0.3444271E+00  0.6632044E-01 -0.6309771E-01 -0.2151399E+00  0.3384004E+00  0.7230563E+00  0.2320004E-01 -0.4654529E+00  0.3947725E+00  0.1401796E+00 -0.6505158E-01 -0.1102867E+00 -0.8946761E+00 -0.3164394E-01  0.1205867E+00  0.4267629E+00 -0.6119341E-01  0.2795457E+00  0.5374970E+00
 0.3920495E+00
 0.1350000E+01 -0.3423141E+00  0.6483777E-01 -0.6195055E-01 -0.2129023E+00  0.3310851E+00  0.7257802E+00  0.2300513E-01 -0.4577924E+00  0.3940872E+00  0.1386661E+00 -0.6493274E-01 -0.1086150E+00 -0.8855649E+00 -0.3256597E-01  0.1191940E+00  0.4198932E+00 -0.6136772E-01  0.2771754E+00  0.5379258E+00
 0.3932832E+00
 0.1400000E+01 -0.3397415E+00  0.6309957E-01 -0.6075161E-01 -0.2103584E+00  0.3229265E+00  0.7279378E+00  0.2267925E-01 -0.4492898E+00  0.3929040E+00  0.1368422E+00 -0.6477723E-01 -0.1068033E+00 -0.8750903E+00 -0.3350173E-01  0.1175167E+00  0.4120989E+00 -0.6151612E-01  0.2742972E+00  0.5377955E+00
 0.3941812E+00
 0.1450000E+01 -0.3368117E+00  0.6110362E-01 -0.5953306E-01 -0.2075802E+00  0.3140310E+00  0.7297636E+00  0.2221343E-01 -0.4401179E+00  0.3913550E+00  0.1347510E+00 -0.6459770E-01 -0.1048969E+00 -0.8635589E+00 -0.3442774E-01  0.1155905E+00  0.4035191E+00 -0.6164441E-01  0.2710023E+00  0.5372828E+00
 0.3948797E+00
 0.1500000E+01 -0.3336689E+00  0.5885618E-01 -0.5833215E-01 -0.2046634E+00  0.3045421E+00  0.7315941E+00  0.2160337E-01 -0.4304990E+00  0.3896256E+00  0.1324540E+00 -0.6441413E-01 -0.1029518E+00 -0.8513832E+00 -0.3532628E-01  0.1134668E+00  0.3943433E+00 -0.6176582E-01  0.2674176E+00  0.5366384E+00
 0.3955692E+00
 0.1550000E+01 -0.3304854E+00  0.5637162E-01 -0.5718704E-01 -0.2017181E+00  0.2946268E+00  0.7338407E+00  0.2085022E-01 -0.4206826E+00  0.3879383E+00  0.1300257E+00 -0.6425145E-01 -0.1010287E+00 -0.8390432E+00 -0.3618706E-01  0.1112083E+00  0.3847927E+00 -0.6189941E-01  0.2636942E+00  0.5361656E+00
 0.3964783E+00
 0.1600000E+01 -0.3274416E+00  0.5367185E-01 -0.5613179E-01 -0.1988560E+00  0.2844581E+00  0.7369493E+00  0.1996130E-01 -0.4109177E+00  0.3865299E+00  0.1275460E+00 -0.6413628E-01 -0.9918539E-01 -0.8270371E+00 -0.3700818E-01  0.1088832E+00  0.3750974E+00 -0.6206749E-01  0.2599921E+00  0.5361896E+00
 0.3978514E+00
 0.1650000E+01 -0.3247040E+00  0.5078531E-01 -0.5519116E-01 -0.1961757E+00  0.2741953E+00  0.7413489E+00  0.1895045E-01 -0.4014218E+00  0.3856231E+00  0.1250912E+00 -0.6409273E-01 -0.9746893E-01 -0.8158232E+00 -0.3779557E-01  0.1065574E+00  0.3654694E+00 -0.6229207E-01  0.2564611E+00  0.5370197E+00
 0.3999198E+00
 0.1700000E+01 -0.3224009E+00  0.4774520E-01 -0.5437597E-01 -0.1937479E+00  0.2639651E+00  0.7473956E+00  0.1783759E-01 -0.3923512E+00  0.3853977E+00  0.1227250E+00 -0.6413791E-01 -0.9590782E-01 -0.8057615E+00 -0.3856070E-01  0.1042866E+00  0.3560754E+00 -0.6259055E-01  0.2532213E+00  0.5389075E+00
 0.4028713E+00
 0.1750000E+01 -0.3206004E+00  0.4458697E-01 -0.5367988E-01 -0.1916033E+00  0.2538457E+00  0.7553180E+00  0.1664744E-01 -0.3837772E+00  0.3859621E+00  0.1204899E+00 -0.6427758E-01 -0.9450614E-01 -0.7970610E+00 -0.3931698E-01  0.1021095E+00  0.3470139E+00 -0.6297131E-01  0.2503454E+00  0.5420088E+00
 0.4068209E+00
 0.1800000E+01 -0.3192949E+00  0.4134550E-01 -0.5307821E-01 -0.1897234E+00  0.2438565E+00  0.7651741E+00  0.1540772E-01 -0.3756712E+00  0.3873330E+00  0.1184008E+00 -0.6450273E-01 -0.9324037E-01 -0.7897431E+00 -0.4007560E-01  0.1000423E+00  0.3383001E+00 -0.6342991E-01  0.2478465E+00  0.5463528E+00
 0.4117887E+00
 0.1850000E+01 -0.3183942E+00  0.3805280E-01 -0.5252897E-01 -0.1880392E+00  0.2339579E+00  0.7768270E+00  0.1414707E-01 -0.3679037E+00  0.3894253E+00  0.1164431E+00 -0.6478803E-01 -0.9205976E-01 -0.7836283E+00 -0.4084191E-01  0.9807694E-01  0.3298624E+00 -0.6394688E-01  0.2456730E+00  0.5518266E+00
 0.4176869E+00
 0.1900000E+01 -0.3177299E+00  0.3473675E-01 -0.5197609E-01 -0.1864352E+00  0.2240588E+00  0.7899454E+00  0.1289336E-01 -0.3602568E+00  0.3920551E+00  0.1145744E+00 -0.6509249E-01 -0.9089026E-01 -0.7783494E+00 -0.4161316E-01  0.9618202E-01  0.3215512E+00 -0.6448770E-01  0.2437127E+00  0.5581780E+00
 0.4243218E+00
 0.1950000E+01 -0.3170716E+00  0.3142118E-01 -0.5135446E-01 -0.1847609E+00  0.2140328E+00  0.8040295E+00  0.1167242E-01 -0.3524495E+00  0.3949564E+00  0.1127302E+00 -0.6536238E-01 -0.8964154E-01 -0.7733901E+00 -0.4237801E-01  0.9430802E-01  0.3131596E+00 -0.6500498E-01  0.2418051E+00  0.5650363E+00
 0.4314083E+00
 0.2000000E+01 -0.3161498E+00  0.2812698E-01 -0.5059585E-01 -0.1828464E+00  0.2037387E+00  0.8184593E+00  0.1050744E-01 -0.3441698E+00  0.3978074E+00  0.1108326E+00 -0.6553614E-01 -0.8821602E-01 -0.7681428E+00 -0.4311782E-01  0.9239439E-01  0.3044510E+00 -0.6544277E-01  0.2397601E+00  0.5719485E+00
 0.4385967E+00
 0.2050000E+01 -0.3146856E+00  0.2487364E-01 -0.4963514E-01 -0.1805205E+00  0.1930419E+00  0.8325581E+00  0.9418731E-02 -0.3351106E+00  0.4002652E+00  0.1088008E+00 -0.6555032E-01 -0.8651867E-01 -0.7619773E+00 -0.4380912E-01  0.9037791E-01  0.2951893E+00 -0.6574211E-01  0.2373801E+00  0.5784262E+00
 0.4455081E+00
 0.2100000E+01 -0.3165055E+00  0.2541719E-01 -0.5079713E-01 -0.1822878E+00  0.1972266E+00  0.8437093E+00  0.9432831E-02 -0.3371863E+00  0.4034322E+00  0.1098057E+00 -0.6614992E-01 -0.8806161E-01 -0.7572398E+00 -0.4437435E-01  0.9131020E-01  0.2976010E+00 -0.6633446E-01  0.2388922E+00  0.5841256E+00
 0.4514454E+00
 0.2150000E+01 -0.3236783E+00  0.3004244E-01 -0.5493203E-01 -0.1903920E+00  0.2202199E+00  0.8492433E+00  0.1085990E-01 -0.3556709E+00  0.4076604E+00  0.1154016E+00 -0.6774220E-01 -0.9428913E-01 -0.7544526E+00 -0.4472035E-01  0.9662876E-01  0.3168563E+00 -0.6744866E-01  0.2465430E+00  0.5882271E+00
 0.4555010E+00
 0.2200000E+01 -0.3368092E+00  0.3780814E-01 -0.6174986E-01 -0.2050245E+00  0.2590630E+00  0.8459413E+00  0.1353242E-01 -0.3902974E+00  0.4127512E+00  0.1256803E+00 -0.7042674E-01 -0.1049231E+00 -0.7532196E+00 -0.4471984E-01  0.1063295E+00  0.3523372E+00 -0.6913631E-01  0.2608408E+00  0.5894510E+00
 0.4564385E+00
 0.2250000E+01 -0.3542530E+00  0.4743826E-01 -0.7013363E-01 -0.2239909E+00  0.3072310E+00  0.8312739E+00  0.1702523E-01 -0.4352684E+00  0.4179594E+00  0.1391156E+00 -0.7385509E-01 -0.1182471E+00 -0.7524346E+00 -0.4426663E-01  0.1189385E+00  0.3981561E+00 -0.7118959E-01  0.2798698E+00  0.5866676E+00
 0.4532297E+00
 0.2300000E+01 -0.3729583E+00  0.5790179E-01 -0.7894643E-01 -0.2443630E+00  0.3587847E+00  0.8043739E+00  0.2094700E-01 -0.4837598E+00  0.4219933E+00  0.1537192E+00 -0.7743813E-01 -0.1323999E+00 -0.7500436E+00 -0.4333252E-01  0.1326425E+00  0.4477005E+00 -0.7322813E-01  0.3005328E+00  0.5791930E+00
 0.4453979E+00
 0.2350000E+01 -0.3899938E+00  0.6845469E-01 -0.8735584E-01 -0.2637654E+00  0.4094465E+00  0.7659339E+00  0.2500322E-01 -0.5305506E+00  0.4231710E+00  0.1678841E+00 -0.8062676E-01 -0.1459867E+00 -0.7430352E+00 -0.4195366E-01  0.1460076E+00  0.4959661E+00 -0.7485515E-01  0.3200820E+00  0.5663194E+00
 0.4327270E+00
 0.2400000E+01 -0.4018963E+00  0.7814729E-01 -0.9451193E-01 -0.2796101E+00  0.4545531E+00  0.7182961E+00  0.2879840E-01 -0.5701205E+00  0.4190097E+00  0.1798739E+00 -0.8272661E-01 -0.1575414E+00 -0.7265044E+00 -0.4006112E-01  0.1574837E+00  0.5375953E+00 -0.7548876E-01  0.3354713E+00  0.5464215E+00
 0.4147469E+00
 0.2450000E+01 -0.4082935E+00  0.8678533E-01 -0.1002824E+00 -0.2915471E+00  0.4932382E+00  0.6615928E+00  0.3225034E-01 -0.6016424E+00  0.4093182E+00  0.1894249E+00 -0.8367125E-01 -0.1668389E+00 -0.7002264E+00 -0.3765108E-01  0.1668249E+00  0.5717290E+00 -0.7508292E-01  0.3463086E+00  0.5194209E+00
 0.3914341E+00
 0.2500000E+01 -0.4091960E+00  0.9424940E-01 -0.1046254E+00 -0.2994920E+00  0.5250697E+00  0.5966489E+00  0.3530385E-01 -0.6248338E+00  0.3943052E+00  0.1964430E+00 -0.8347294E-01 -0.1738043E+00 -0.6646812E+00 -0.3475816E-01  0.1739340E+00  0.5980191E+00 -0.7366351E-01  0.3525192E+00  0.4857635E+00
 0.3631625E+00
 0.2550000E+01 -0.4050396E+00  0.1005213E+00 -0.1076106E+00 -0.3036756E+00  0.5501780E+00  0.5248815E+00  0.3794078E-01 -0.6400758E+00  0.3745799E+00  0.2010400E+00 -0.8223085E-01 -0.1785473E+00 -0.6210325E+00 -0.3145185E-01  0.1788964E+00  0.6167513E+00 -0.7133246E-01  0.3543952E+00  0.4463842E+00
 0.3306686E+00
 0.2600000E+01 -0.3967073E+00  0.1057077E+00 -0.1094377E+00 -0.3046800E+00  0.5693666E+00  0.4481486E+00  0.4018902E-01 -0.6485059E+00  0.3511280E+00  0.2035608E+00 -0.8013484E-01 -0.1813903E+00 -0.5710576E+00 -0.2783052E-01  0.1820067E+00  0.6289437E+00 -0.6826771E-01  0.3526277E+00  0.4026357E+00
 0.2949901E+00
 0.2650000E+01 -0.3855134E+00  0.1100563E+00 -0.1104443E+00 -0.3034489E+00  0.5841802E+00  0.3685267E+00  0.4212905E-01 -0.6520580E+00  0.3252473E+00  0.2045942E+00 -0.7746187E-01 -0.1828821E+00 -0.5170086E+00 -0.2401190E-01  0.1837808E+00  0.6363952E+00 -0.6471635E-01  0.3483078E+00  0.3561636E+00
 0.2573642E+00
 0.2700000E+01 -0.3731168E+00  0.1139547E+00 -0.1110959E+00 -0.3012445E+00  0.5968727E+00  0.2880026E+00  0.4389382E-01 -0.6533871E+00  0.2984194E+00  0.2049486E+00 -0.7455811E-01 -0.1837785E+00 -0.4613675E+00 -0.2011898E-01  0.1849365E+00  0.6416236E+00 -0.6097573E-01  0.3428657E+00  0.3087071E+00
 0.2190699E+00
 0.2750000E+01 -0.3613189E+00  0.1178918E+00 -0.1119378E+00 -0.2995072E+00  0.6101796E+00  0.2080980E+00  0.4565500E-01 -0.6555816E+00  0.2720948E+00  0.2055612E+00 -0.7179796E-01 -0.1849640E+00 -0.4064700E+00 -0.1626131E-01  0.1863147E+00  0.6475951E+00 -0.5735617E-01  0.3379012E+00  0.2618161E+00
 0.1812134E+00
 0.2800000E+01 -0.3517172E+00  0.1223628E+00 -0.1134945E+00 -0.2995831E+00  0.6267968E+00  0.1295348E+00  0.4758805E-01 -0.6615762E+00  0.2474014E+00  0.2073173E+00 -0.6951453E-01 -0.1872859E+00 -0.3540387E+00 -0.1251544E-01  0.1887164E+00  0.6571566E+00 -0.5412337E-01  0.3348740E+00  0.2165299E+00
 0.1444949E+00
 0.2850000E+01 -0.3452812E+00  0.1277221E+00 -0.1161247E+00 -0.3023538E+00  0.6486016E+00  0.5214533E-01  0.4981728E-01 -0.6733295E+00  0.2248661E+00  0.2107980E+00 -0.6791461E-01 -0.1913188E+00 -0.3047912E+00 -0.8913389E-02  0.1926739E+00  0.6722263E+00 -0.5143352E-01  0.3346996E+00  0.1731543E+00
 0.1090659E+00
 0.2900000E+01 -0.3420409E+00  0.1340372E+00 -0.1198904E+00 -0.3079227E+00  0.6759176E+00 -0.2480644E-01  0.5236144E-01 -0.6911021E+00  0.2043068E+00  0.2160621E+00 -0.6701610E-01 -0.1971537E+00 -0.2583707E+00 -0.5448628E-02  0.1982468E+00  0.6930674E+00 -0.4929243E-01  0.3374274E+00  0.1313032E+00
 0.7459458E-01
 0.2950000E+01 -0.3410902E+00  0.1410321E+00 -0.1245183E+00 -0.3155510E+00  0.7072587E+00 -0.1020050E+00  0.5511194E-01 -0.7132730E+00  0.1849894E+00  0.2225943E+00 -0.6664850E-01 -0.2043381E+00 -0.2136981E+00 -0.2098636E-02  0.2049699E+00  0.7180848E+00 -0.4756657E-01  0.3422036E+00  0.9023013E-01
 0.4054201E-01
 0.3000000E+01 -0.3409092E+00  0.1481534E+00 -0.1294780E+00 -0.3238862E+00  0.7397189E+00 -0.1795362E+00  0.5785758E-01 -0.7368162E+00  0.1659593E+00  0.2294555E+00 -0.6651661E-01 -0.2120064E+00 -0.1695364E+00  0.1149854E-02  0.2119847E+00  0.7442770E+00 -0.4603954E-01  0.3475458E+00  0.4925237E-01
 0.6483476E-02
 0.3050000E+01 -0.3397990E+00  0.1547131E+00 -0.1341237E+00 -0.3313302E+00  0.7697284E+00 -0.2566933E+00  0.6033787E-01 -0.7581118E+00  0.1463528E+00  0.2355332E+00 -0.6628685E-01 -0.2191110E+00 -0.1249474E+00  0.4286658E-02  0.2182664E+00  0.7680330E+00 -0.4447940E-01  0.3517514E+00  0.8034799E-02
-0.2769790E-01
 0.3100000E+01 -0.3362285E+00  0.1600300E+00 -0.1378255E+00 -0.3363646E+00  0.7937818E+00 -0.3321143E+00  0.6229632E-01 -0.7736844E+00  0.1255741E+00  0.2397669E+00 -0.6565626E-01 -0.2246356E+00 -0.7949086E-01  0.7277526E-02  0.2228324E+00  0.7858685E+00 -0.4268728E-01  0.3532440E+00 -0.3333906E-01
-0.6178641E-01
 0.3150000E+01 -0.3290303E+00  0.1635298E+00 -0.1400574E+00 -0.3377578E+00  0.8089392E+00 -0.4040788E+00  0.6351835E-01 -0.7806836E+00  0.1033400E+00  0.2412942E+00 -0.6439147E-01 -0.2277366E+00 -0.3321317E-01  0.1007169E-01  0.2248782E+00  0.7949133E+00 -0.4052121E-01  0.3507819E+00 -0.7444278E-01
-0.9531622E-01
 0.3200000E+01 -0.3174746E+00  0.1648021E+00 -0.1404436E+00 -0.3346657E+00  0.8131014E+00 -0.4708210E+00  0.6385293E-01 -0.7771292E+00  0.7964760E-01  0.2395240E+00 -0.6234384E-01 -0.2278171E+00  0.1347022E-01  0.1261194E-01  0.2238472E+00  0.7931654E+00 -0.3790194E-01  0.3435519E+00 -0.1146423E+00
-0.1276915E+00
 0.3250000E+01 -0.3012747E+00  0.1636282E+00 -0.1387780E+00 -0.3266659E+00  0.8051331E+00 -0.5308061E+00  0.6322295E-01 -0.7620029E+00  0.5470952E-01  0.2341626E+00 -0.5945087E-01 -0.2245574E+00  0.5992633E-01  0.1484422E-01  0.2194581E+00  0.7795923E+00 -0.3480939E-01  0.3311923E+00 -0.1532396E+00
-0.1583069E+00
 0.3300000E+01 -0.2811863E+00  0.1595655E+00 -0.1352297E+00 -0.3143946E+00  0.7843966E+00 -0.5845957E+00  0.6165086E-01 -0.7351393E+00  0.2902108E-01  0.2256977E+00 -0.5589061E-01 -0.2182898E+00  0.1055134E+00  0.1677078E-01  0.2121375E+00  0.7540854E+00 -0.3137492E-01  0.3144561E+00 -0.1900350E+00
-0.1871398E+00
 0.3350000E+01 -0.2578622E+00  0.1525787E+00 -0.1299203E+00 -0.2984199E+00  0.7508750E+00 -0.6334463E+00  0.5920727E-01 -0.6965932E+00  0.2988247E-02  0.2146365E+00 -0.5183160E-01 -0.2092924E+00  0.1496338E+00  0.1837167E-01  0.2023329E+00  0.7168031E+00 -0.2772610E-01  0.2940784E+00 -0.2250576E+00
-0.2144563E+00
 0.3400000E+01 -0.2313928E+00  0.1431435E+00 -0.1228471E+00 -0.2787617E+00  0.7060531E+00 -0.6770633E+00  0.5598504E-01 -0.6476039E+00 -0.2306874E-01  0.2010979E+00 -0.4725030E-01 -0.1975713E+00  0.1916941E+00  0.1956732E-01  0.1901585E+00  0.6689508E+00 -0.2386083E-01  0.2702462E+00 -0.2578518E+00
-0.2400547E+00
 0.3450000E+01 -0.2026057E+00  0.1324493E+00 -0.1145878E+00 -0.2563496E+00  0.6553684E+00 -0.7122261E+00  0.5229746E-01 -0.5932715E+00 -0.4878221E-01  0.1857009E+00 -0.4206400E-01 -0.1839402E+00  0.2321325E+00  0.2029805E-01  0.1762515E+00  0.6155039E+00 -0.1966523E-01  0.2439097E+00 -0.2877268E+00
-0.2627092E+00
 0.3500000E+01 -0.1736754E+00  0.1218264E+00 -0.1063544E+00 -0.2337987E+00  0.6059083E+00 -0.7411774E+00  0.4864570E-01 -0.5402672E+00 -0.7418160E-01  0.1703383E+00 -0.3652884E-01 -0.1703038E+00  0.2729155E+00  0.2085476E-01  0.1624127E+00  0.5631608E+00 -0.1515057E-01  0.2176325E+00 -0.3164917E+00
-0.2830762E+00
 0.3550000E+01 -0.1442453E+00  0.1110157E+00 -0.9778368E-01 -0.2105830E+00  0.5548481E+00 -0.7682510E+00  0.4493817E-01 -0.4856293E+00 -0.9940365E-01  0.1545164E+00 -0.3093630E-01 -0.1561630E+00  0.3130350E+00  0.2120904E-01  0.1481411E+00  0.5093353E+00 -0.1065925E-01  0.1907726E+00 -0.3444302E+00
-0.3027840E+00
 0.3600000E+01 -0.1150018E+00  0.1005608E+00 -0.8930445E-01 -0.1876627E+00  0.5047758E+00 -0.7966906E+00  0.4140435E-01 -0.4316015E+00 -0.1247909E+00  0.1389707E+00 -0.2541962E-01 -0.1422167E+00  0.3537753E+00  0.2146355E-01  0.1341407E+00  0.4564255E+00 -0.6234327E-02  0.1642564E+00 -0.3729416E+00
-0.3230788E+00
 0.3650000E+01 -0.8629260E-01  0.9082788E-01 -0.8120810E-01 -0.1656617E+00  0.4574706E+00 -0.8294012E+00  0.3820815E-01 -0.3796542E+00 -0.1508108E+00  0.1242047E+00 -0.2003735E-01 -0.1289395E+00  0.3965128E+00  0.2172759E-01  0.1208994E+00  0.4060317E+00 -0.1865027E-02  0.1386625E+00 -0.4033982E+00
-0.3451367E+00
 0.3700000E+01 -0.5810148E-01  0.8192563E-01 -0.7358252E-01 -0.1447421E+00  0.4135150E+00 -0.8679937E+00  0.3541068E-01 -0.3301966E+00 -0.1778409E+00  0.1103857E+00 -0.1476617E-01 -0.1164762E+00  0.4421905E+00  0.2209151E-01  0.1085856E+00  0.3586291E+00  0.2503316E-02  0.1141271E+00 -0.4366506E+00
-0.3696498E+00
 0.3750000E+01 -0.3017562E-01  0.7370824E-01 -0.6631373E-01 -0.1246392E+00  0.3722953E+00 -0.9120643E+00  0.3296385E-01 -0.2826592E+00 -0.2059178E+00  0.9735363E-01 -0.9527142E-02 -0.1046453E+00  0.4907969E+00  0.2260220E-01  0.9704973E-01  0.3136197E+00  0.6937075E-02  0.9040950E-01 -0.4725897E+00
-0.3964774E+00
 0.3800000E+01 -0.2246616E-02  0.6586675E-01 -0.5916033E-01 -0.1048510E+00  0.3324271E+00 -0.9591400E+00  0.3074095E-01 -0.2359306E+00 -0.2345908E+00  0.8474567E-01 -0.4233848E-02 -0.9305986E-01  0.5411487E+00  0.2325294E-01  0.8593784E-01  0.2697683E+00  0.1147558E-01  0.6709578E-01 -0.5100200E+00
-0.4245709E+00
 0.3850000E+01  0.2578221E-01  0.5805557E-01 -0.5185699E-01 -0.8487226E-01  0.2923513E+00 -0.1005305E+01  0.2858600E-01 -0.1888929E+00 -0.2629605E+00  0.7216280E-01  0.1164840E-02 -0.8129438E-01  0.5910909E+00  0.2399178E-01  0.7484961E-01  0.2257652E+00  0.1610728E-01  0.4382123E-01 -0.5469080E+00
-0.4522056E+00
 0.3900000E+01  0.5376268E-01  0.4999102E-01 -0.4419504E-01 -0.6435785E-01  0.2508044E+00 -0.1046117E+01  0.2635658E-01 -0.1407950E+00 -0.2898562E+00  0.5929624E-01  0.6665831E-02 -0.6901372E-01  0.6379595E+00  0.2474135E-01  0.6346238E-01  0.1806385E+00  0.2076915E-01  0.2040608E-01 -0.5808359E+00
-0.4773683E+00
 0.3950000E+01  0.8133305E-01  0.4149759E-01 -0.3605984E-01 -0.4318259E-01  0.2070408E+00 -0.1077418E+01  0.2394776E-01 -0.9138582E-01 -0.3140524E+00  0.4598269E-01  0.1221576E-01 -0.5603278E-01  0.6790712E+00  0.2541923E-01  0.5158884E-01  0.1339230E+00  0.2536218E-01 -0.3114581E-02 -0.6094456E+00
-0.4981241E+00
 0.4000000E+01  0.1080027E+00  0.3251221E-01 -0.2743326E-01 -0.2142469E-01  0.1608543E+00 -0.1095879E+01  0.2129927E-01 -0.4087373E-01 -0.3344512E+00  0.3220393E-01  0.1772731E-01 -0.4231982E-01  0.7121064E+00  0.2595333E-01  0.3918172E-01  0.8564369E-01  0.2977239E-01 -0.2653076E-01 -0.6307641E+00
-0.5128770E+00
