 0.2500000E-01 -0.2583252E+00 -0.2914347E+01  0.4376755E+00 -0.2754846E+01  0.7236716E+00 -0.3159042E+01  0.2435302E-01 -0.2783920E+01 -0.5797258E+00 -0.2833136E+01  0.4121369E+00 -0.3069696E+01  0.1570123E+00 -0.2912538E+01 -0.8008331E-01 -0.2995278E+01 -0.1397770E+00 -0.2862534E+01 -0.1054861E+01
-0.2904229E+01
 0.5000000E-01 -0.2582098E+00 -0.2857731E+01  0.4374249E+00 -0.2689793E+01  0.7233970E+00 -0.3115385E+01  0.2436661E-01 -0.2720400E+01 -0.5794140E+00 -0.2772228E+01  0.4119658E+00 -0.3021305E+01  0.1569501E+00 -0.2855825E+01 -0.8006342E-01 -0.2942945E+01 -0.1396968E+00 -0.2803175E+01 -0.1054396E+01
-0.2847101E+01
 0.7500000E-01 -0.2580141E+00 -0.2801121E+01  0.4369700E+00 -0.2624750E+01  0.7229500E+00 -0.3071738E+01  0.2438689E-01 -0.2656887E+01 -0.5788606E+00 -0.2711332E+01  0.4116856E+00 -0.2972918E+01  0.1568454E+00 -0.2799118E+01 -0.8003045E-01 -0.2890614E+01 -0.1395576E+00 -0.2743822E+01 -0.1053604E+01
-0.2789996E+01
 0.1000000E+00 -0.2577309E+00 -0.2744517E+01  0.4363120E+00 -0.2559719E+01  0.7223348E+00 -0.3028100E+01  0.2441341E-01 -0.2593381E+01 -0.5780424E+00 -0.2650449E+01  0.4112977E+00 -0.2924538E+01  0.1566943E+00 -0.2742416E+01 -0.7998362E-01 -0.2838289E+01 -0.1393533E+00 -0.2684475E+01 -0.1052454E+01
-0.2732915E+01
 0.1250000E+00 -0.2573521E+00 -0.2687921E+01  0.4354583E+00 -0.2494703E+01  0.7215573E+00 -0.2984472E+01  0.2444639E-01 -0.2529885E+01 -0.5769536E+00 -0.2589580E+01  0.4108037E+00 -0.2876163E+01  0.1564913E+00 -0.2685721E+01 -0.7992180E-01 -0.2785968E+01 -0.1390813E+00 -0.2625135E+01 -0.1050910E+01
-0.2675860E+01
 0.1500000E+00 -0.2568730E+00 -0.2631333E+01  0.4344143E+00 -0.2429702E+01  0.7206279E+00 -0.2940855E+01  0.2448591E-01 -0.2466400E+01 -0.5755980E+00 -0.2528728E+01  0.4102073E+00 -0.2827796E+01  0.1562326E+00 -0.2629033E+01 -0.7984311E-01 -0.2733652E+01 -0.1387418E+00 -0.2565805E+01 -0.1048956E+01
-0.2618834E+01
 0.1750000E+00 -0.2562950E+00 -0.2574754E+01  0.4331870E+00 -0.2364721E+01  0.7195516E+00 -0.2897249E+01  0.2453211E-01 -0.2402927E+01 -0.5739854E+00 -0.2467893E+01  0.4095080E+00 -0.2779436E+01  0.1559179E+00 -0.2572354E+01 -0.7974549E-01 -0.2681343E+01 -0.1383372E+00 -0.2506485E+01 -0.1046598E+01
-0.2561837E+01
 0.2000000E+00 -0.2556235E+00 -0.2518187E+01  0.4317851E+00 -0.2299761E+01  0.7183195E+00 -0.2853655E+01  0.2458523E-01 -0.2339471E+01 -0.5721300E+00 -0.2407079E+01  0.4087000E+00 -0.2731085E+01  0.1555503E+00 -0.2515686E+01 -0.7962884E-01 -0.2629042E+01 -0.1378711E+00 -0.2447177E+01 -0.1043858E+01
-0.2504874E+01
 0.2250000E+00 -0.2548654E+00 -0.2461632E+01  0.4302166E+00 -0.2234827E+01  0.7169129E+00 -0.2810074E+01  0.2464532E-01 -0.2276033E+01 -0.5700456E+00 -0.2346289E+01  0.4077806E+00 -0.2682743E+01  0.1551336E+00 -0.2459030E+01 -0.7949500E-01 -0.2576749E+01 -0.1373471E+00 -0.2387883E+01 -0.1040764E+01
-0.2447946E+01
 0.2500000E+00 -0.2540272E+00 -0.2405092E+01  0.4284880E+00 -0.2169922E+01  0.7153158E+00 -0.2766506E+01  0.2471234E-01 -0.2212616E+01 -0.5677447E+00 -0.2285524E+01  0.4067565E+00 -0.2634412E+01  0.1546717E+00 -0.2402387E+01 -0.7934635E-01 -0.2524466E+01 -0.1367686E+00 -0.2328606E+01 -0.1037343E+01
-0.2391057E+01
 0.2750000E+00 -0.2531149E+00 -0.2348569E+01  0.4266047E+00 -0.2105052E+01  0.7135336E+00 -0.2722954E+01  0.2478614E-01 -0.2149226E+01 -0.5652382E+00 -0.2224789E+01  0.4056401E+00 -0.2586092E+01  0.1541681E+00 -0.2345761E+01 -0.7918537E-01 -0.2472194E+01 -0.1361384E+00 -0.2269348E+01 -0.1033618E+01
-0.2334210E+01
 0.3000000E+00 -0.2521340E+00 -0.2292066E+01  0.4245707E+00 -0.2040222E+01  0.7116017E+00 -0.2679417E+01  0.2486641E-01 -0.2085867E+01 -0.5625359E+00 -0.2164088E+01  0.4044453E+00 -0.2537785E+01  0.1536258E+00 -0.2289153E+01 -0.7901426E-01 -0.2419935E+01 -0.1354595E+00 -0.2210113E+01 -0.1029610E+01
-0.2277408E+01
 0.3250000E+00 -0.2510898E+00 -0.2235585E+01  0.4223891E+00 -0.1975439E+01  0.7095697E+00 -0.2635897E+01  0.2495234E-01 -0.2022544E+01 -0.5596474E+00 -0.2103426E+01  0.4031862E+00 -0.2489492E+01  0.1530481E+00 -0.2232567E+01 -0.7883449E-01 -0.2367692E+01 -0.1347347E+00 -0.2150905E+01 -0.1025341E+01
-0.2220656E+01
 0.3500000E+00 -0.2499874E+00 -0.2179131E+01  0.4200626E+00 -0.1910711E+01  0.7074839E+00 -0.2592395E+01  0.2504262E-01 -0.1959265E+01 -0.5565830E+00 -0.2042808E+01  0.4018780E+00 -0.2441215E+01  0.1524386E+00 -0.2176006E+01 -0.7864674E-01 -0.2315465E+01 -0.1339669E+00 -0.2091728E+01 -0.1020832E+01
-0.2163959E+01
 0.3750000E+00 -0.2488326E+00 -0.2122706E+01  0.4175942E+00 -0.1846048E+01  0.7053837E+00 -0.2548912E+01  0.2513581E-01 -0.1896037E+01 -0.5533544E+00 -0.1982241E+01  0.4005373E+00 -0.2392955E+01  0.1518016E+00 -0.2119475E+01 -0.7845154E-01 -0.2263258E+01 -0.1331594E+00 -0.2032588E+01 -0.1016109E+01
-0.2107321E+01
 0.4000000E+00 -0.2476307E+00 -0.2066317E+01  0.4149909E+00 -0.1781461E+01  0.7032864E+00 -0.2505450E+01  0.2523527E-01 -0.1832870E+01 -0.5499669E+00 -0.1921733E+01  0.3991695E+00 -0.2344716E+01  0.1511391E+00 -0.2062978E+01 -0.7825401E-01 -0.2211074E+01 -0.1323134E+00 -0.1973490E+01 -0.1011189E+01
-0.2050749E+01
 0.4250000E+00 -0.2463902E+00 -0.2009968E+01  0.4122601E+00 -0.1716963E+01  0.7012273E+00 -0.2462011E+01  0.2534062E-01 -0.1769774E+01 -0.5464365E+00 -0.1861292E+01  0.3977928E+00 -0.2296499E+01  0.1504560E+00 -0.2006520E+01 -0.7805693E-01 -0.2158917E+01 -0.1314333E+00 -0.1914442E+01 -0.1006108E+01
-0.1994249E+01
 0.4500000E+00 -0.2451161E+00 -0.1953666E+01  0.4094042E+00 -0.1652569E+01  0.6992331E+00 -0.2418597E+01  0.2545018E-01 -0.1706764E+01 -0.5427714E+00 -0.1800928E+01  0.3964205E+00 -0.2248306E+01  0.1497551E+00 -0.1950109E+01 -0.7786161E-01 -0.2106789E+01 -0.1305217E+00 -0.1855453E+01 -0.1000883E+01
-0.1937830E+01
 0.4750000E+00 -0.2438147E+00 -0.1897418E+01  0.4064354E+00 -0.1588297E+01  0.6973357E+00 -0.2375208E+01  0.2556454E-01 -0.1643854E+01 -0.5389836E+00 -0.1740654E+01  0.3950687E+00 -0.2200142E+01  0.1490413E+00 -0.1893750E+01 -0.7767022E-01 -0.2054697E+01 -0.1295813E+00 -0.1796532E+01 -0.9955438E+00
-0.1881499E+01
 0.5000000E+00 -0.2424937E+00 -0.1841233E+01  0.4033761E+00 -0.1524170E+01  0.6955690E+00 -0.2331848E+01  0.2568266E-01 -0.1581062E+01 -0.5350877E+00 -0.1680483E+01  0.3937545E+00 -0.2152008E+01  0.1483183E+00 -0.1837454E+01 -0.7748529E-01 -0.2002644E+01 -0.1286165E+00 -0.1737691E+01 -0.9901180E+00
-0.1825267E+01
 0.5250000E+00 -0.2411601E+00 -0.1785120E+01  0.4002689E+00 -0.1460211E+01  0.6939661E+00 -0.2288520E+01  0.2580328E-01 -0.1518409E+01 -0.5310998E+00 -0.1620431E+01  0.3924941E+00 -0.2103910E+01  0.1475892E+00 -0.1781230E+01 -0.7730901E-01 -0.1950637E+01 -0.1276317E+00 -0.1678943E+01 -0.9846324E+00
-0.1769145E+01
 0.5500000E+00 -0.2398175E+00 -0.1729091E+01  0.3971736E+00 -0.1396449E+01  0.6925534E+00 -0.2245225E+01  0.2592614E-01 -0.1455920E+01 -0.5270402E+00 -0.1560517E+01  0.3913003E+00 -0.2055851E+01  0.1468575E+00 -0.1725089E+01 -0.7714231E-01 -0.1898683E+01 -0.1266293E+00 -0.1620304E+01 -0.9791042E+00
-0.1713146E+01
 0.5750000E+00 -0.2384661E+00 -0.1673159E+01  0.3941506E+00 -0.1332916E+01  0.6913464E+00 -0.2201966E+01  0.2605313E-01 -0.1393622E+01 -0.5229546E+00 -0.1500762E+01  0.3901799E+00 -0.2007837E+01  0.1461249E+00 -0.1669044E+01 -0.7698472E-01 -0.1846790E+01 -0.1256130E+00 -0.1561791E+01 -0.9735386E+00
-0.1657284E+01
 0.6000000E+00 -0.2371035E+00 -0.1617339E+01  0.3912556E+00 -0.1269651E+01  0.6903454E+00 -0.2158748E+01  0.2618859E-01 -0.1331547E+01 -0.5189461E+00 -0.1441191E+01  0.3891307E+00 -0.1959873E+01  0.1453916E+00 -0.1613111E+01 -0.7683400E-01 -0.1794966E+01 -0.1245942E+00 -0.1503425E+01 -0.9679333E+00
-0.1601576E+01
 0.6250000E+00 -0.2357325E+00 -0.1561648E+01  0.3885336E+00 -0.1206697E+01  0.6895365E+00 -0.2115574E+01  0.2633832E-01 -0.1269733E+01 -0.5151497E+00 -0.1381831E+01  0.3881423E+00 -0.1911965E+01  0.1446590E+00 -0.1557306E+01 -0.7668725E-01 -0.1743222E+01 -0.1236000E+00 -0.1445229E+01 -0.9623154E+00
-0.1546041E+01
 0.6500000E+00 -0.2343769E+00 -0.1506105E+01  0.3860065E+00 -0.1144103E+01  0.6889005E+00 -0.2072448E+01  0.2650547E-01 -0.1208222E+01 -0.5116572E+00 -0.1322715E+01  0.3871996E+00 -0.1864121E+01  0.1439412E+00 -0.1501651E+01 -0.7654227E-01 -0.1691569E+01 -0.1226622E+00 -0.1387230E+01 -0.9568104E+00
-0.1490700E+01
 0.6750000E+00 -0.2330899E+00 -0.1450733E+01  0.3836729E+00 -0.1081921E+01  0.6884168E+00 -0.2029374E+01  0.2668869E-01 -0.1147060E+01 -0.5085033E+00 -0.1263878E+01  0.3862879E+00 -0.1816348E+01  0.1432712E+00 -0.1446166E+01 -0.7639688E-01 -0.1640020E+01 -0.1218022E+00 -0.1329459E+01 -0.9516564E+00
-0.1435577E+01
 0.7000000E+00 -0.2319319E+00 -0.1395558E+01  0.3815159E+00 -0.1020213E+01  0.6880645E+00 -0.1986359E+01  0.2688424E-01 -0.1086300E+01 -0.5056874E+00 -0.1205362E+01  0.3853931E+00 -0.1768656E+01  0.1426833E+00 -0.1390879E+01 -0.7624901E-01 -0.1588592E+01 -0.1210285E+00 -0.1271951E+01 -0.9470763E+00
-0.1380699E+01
 0.7250000E+00 -0.2309384E+00 -0.1340608E+01  0.3795125E+00 -0.9590438E+00  0.6878187E+00 -0.1943406E+01  0.2708830E-01 -0.1026001E+01 -0.5031936E+00 -0.1147213E+01  0.3845005E+00 -0.1721055E+01  0.1421953E+00 -0.1335818E+01 -0.7610057E-01 -0.1537300E+01 -0.1203416E+00 -0.1214745E+01 -0.9431791E+00
-0.1326097E+01
 0.7500000E+00 -0.2301207E+00 -0.1285916E+01  0.3776405E+00 -0.8984820E+00  0.6876448E+00 -0.1900524E+01  0.2729758E-01 -0.9662252E+00 -0.5010024E+00 -0.1089479E+01  0.3835912E+00 -0.1673557E+01  0.1418128E+00 -0.1281016E+01 -0.7596227E-01 -0.1486163E+01 -0.1197385E+00 -0.1157883E+01 -0.9399923E+00
-0.1271806E+01
 0.7750000E+00 -0.2294793E+00 -0.1231517E+01  0.3758787E+00 -0.8386006E+00  0.6874942E+00 -0.1857718E+01  0.2750901E-01 -0.9070397E+00 -0.4990953E+00 -0.1032218E+01  0.3826442E+00 -0.1626174E+01  0.1415348E+00 -0.1226509E+01 -0.7585289E-01 -0.1435205E+01 -0.1192161E+00 -0.1101415E+01 -0.9375093E+00
-0.1217862E+01
 0.8000000E+00 -0.2290109E+00 -0.1177453E+01  0.3742066E+00 -0.7794734E+00  0.6873029E+00 -0.1814997E+01  0.2771955E-01 -0.8485150E+00 -0.4974535E+00 -0.9754881E+00  0.3816456E+00 -0.1578921E+01  0.1413575E+00 -0.1172339E+01 -0.7579095E-01 -0.1384448E+01 -0.1187712E+00 -0.1045393E+01 -0.9357104E+00
-0.1164309E+01
 0.8250000E+00 -0.2287098E+00 -0.1123767E+01  0.3726025E+00 -0.7211733E+00  0.6869922E+00 -0.1772369E+01  0.2792614E-01 -0.7907231E+00 -0.4960572E+00 -0.9193533E+00  0.3806077E+00 -0.1531814E+01  0.1412751E+00 -0.1118549E+01 -0.7578803E-01 -0.1333920E+01 -0.1184005E+00 -0.9898748E+00 -0.9345683E+00
-0.1111192E+01
 0.8500000E+00 -0.2285676E+00 -0.1070507E+01  0.3710413E+00 -0.6637689E+00  0.6864789E+00 -0.1729843E+01  0.2812543E-01 -0.7337352E+00 -0.4948809E+00 -0.8638802E+00  0.3795955E+00 -0.1484871E+01  0.1412806E+00 -0.1065190E+01 -0.7584878E-01 -0.1283651E+01 -0.1180995E+00 -0.9349203E+00 -0.9340442E+00
-0.1058562E+01
 0.8750000E+00 -0.2285713E+00 -0.1017727E+01  0.3694924E+00 -0.6073214E+00  0.6856874E+00 -0.1687431E+01  0.2831352E-01 -0.6776191E+00 -0.4938918E+00 -0.8091367E+00  0.3787203E+00 -0.1438114E+01  0.1413648E+00 -0.1012313E+01 -0.7597218E-01 -0.1233675E+01 -0.1178613E+00 -0.8805939E+00 -0.9340838E+00
-0.1006472E+01
 0.9000000E+00 -0.2287051E+00 -0.9654823E+00  0.3679215E+00 -0.5518807E+00  0.6845535E+00 -0.1645144E+01  0.2848603E-01 -0.6224364E+00 -0.4930525E+00 -0.7551908E+00  0.3780857E+00 -0.1391563E+01  0.1415182E+00 -0.9599752E+00 -0.7615330E-01 -0.1184029E+01 -0.1176777E+00 -0.8269616E+00 -0.9346232E+00
-0.9549808E+00
 0.9250000E+00 -0.2289207E+00 -0.9138321E+00  0.3662527E+00 -0.4974816E+00  0.6830243E+00 -0.1602994E+01  0.2863623E-01 -0.5682388E+00 -0.4922577E+00 -0.7021081E+00  0.3777065E+00 -0.1345244E+01  0.1417135E+00 -0.9082367E+00 -0.7637544E-01 -0.1134754E+01 -0.1175233E+00 -0.7740895E+00 -0.9354709E+00
-0.9041477E+00
 0.9500000E+00 -0.2291912E+00 -0.8628378E+00  0.3644516E+00 -0.4441404E+00  0.6810888E+00 -0.1560996E+01  0.2876153E-01 -0.5150644E+00 -0.4914467E+00 -0.6499496E+00  0.3775848E+00 -0.1299185E+01  0.1419356E+00 -0.8571588E+00 -0.7662978E-01 -0.1085892E+01 -0.1173829E+00 -0.7220425E+00 -0.9365201E+00
-0.8540351E+00
 0.9750000E+00 -0.2294879E+00 -0.8125620E+00  0.3624995E+00 -0.3918517E+00  0.6788146E+00 -0.1519165E+01  0.2885927E-01 -0.4629352E+00 -0.4905555E+00 -0.5987687E+00  0.3776971E+00 -0.1253414E+01  0.1421673E+00 -0.8068043E+00 -0.7690780E-01 -0.1037490E+01 -0.1172408E+00 -0.6708816E+00 -0.9376561E+00
-0.8047056E+00
 0.1000000E+01 -0.2297817E+00 -0.7630668E+00  0.3604160E+00 -0.3405861E+00  0.6763603E+00 -0.1477519E+01  0.2892589E-01 -0.4118531E+00 -0.4895188E+00 -0.5486084E+00  0.3780062E+00 -0.1207966E+01  0.1423887E+00 -0.7572353E+00 -0.7720119E-01 -0.9896005E+00 -0.1170822E+00 -0.6206619E+00 -0.9387568E+00
-0.7562217E+00
 0.1025000E+01 -0.2300424E+00 -0.7144125E+00  0.3583018E+00 -0.2902894E+00  0.6739179E+00 -0.1436075E+01  0.2895962E-01 -0.3617985E+00 -0.4882720E+00 -0.4994988E+00  0.3784674E+00 -0.1162876E+01  0.1425784E+00 -0.7085120E+00 -0.7750153E-01 -0.9422746E+00 -0.1168924E+00 -0.5714295E+00 -0.9396949E+00
-0.7086432E+00
 0.1050000E+01 -0.2302381E+00 -0.6666557E+00  0.3563694E+00 -0.2408824E+00  0.6716229E+00 -0.1394854E+01  0.2896313E-01 -0.3127287E+00 -0.4867537E+00 -0.4514545E+00  0.3790336E+00 -0.1118182E+01  0.1427157E+00 -0.6606905E+00 -0.7779957E-01 -0.8955675E+00 -0.1166551E+00 -0.5232196E+00 -0.9403401E+00
-0.6620258E+00
 0.1075000E+01 -0.2303354E+00 -0.6198470E+00  0.3548836E+00 -0.1922619E+00  0.6695235E+00 -0.1353879E+01  0.2894278E-01 -0.2645774E+00 -0.4849149E+00 -0.4044725E+00  0.3796569E+00 -0.1073925E+01  0.1427818E+00 -0.6138206E+00 -0.7808466E-01 -0.8495357E+00 -0.1163534E+00 -0.4760535E+00 -0.9405605E+00
-0.6164194E+00
 0.1100000E+01 -0.2303008E+00 -0.5740291E+00  0.3540212E+00 -0.1443032E+00  0.6676058E+00 -0.1313173E+01  0.2890661E-01 -0.2172554E+00 -0.4827356E+00 -0.3585309E+00  0.3802911E+00 -0.1030149E+01  0.1427584E+00 -0.5679442E+00 -0.7834487E-01 -0.8042356E+00 -0.1159725E+00 -0.4299370E+00 -0.9402259E+00
-0.5718659E+00
 0.1125000E+01 -0.2301024E+00 -0.5292349E+00  0.3538167E+00 -0.9686321E-01  0.6658254E+00 -0.1272763E+01  0.2886250E-01 -0.1706523E+00 -0.4802532E+00 -0.3135879E+00  0.3808924E+00 -0.9869014E+00  0.1426273E+00 -0.5230927E+00 -0.7856767E-01 -0.7597234E+00 -0.1155032E+00 -0.3848586E+00 -0.9392111E+00
-0.5283972E+00
 0.1150000E+01 -0.2297116E+00 -0.4854856E+00  0.3542175E+00 -0.4978434E-01  0.6641264E+00 -0.1232676E+01  0.2881452E-01 -0.1246392E+00 -0.4775948E+00 -0.2695822E+00  0.3814190E+00 -0.9442290E+00  0.1423705E+00 -0.4792855E+00 -0.7874055E-01 -0.7160529E+00 -0.1149468E+00 -0.3407886E+00 -0.9374001E+00
-0.4860342E+00
 0.1175000E+01 -0.2291032E+00 -0.4427890E+00  0.3551421E+00 -0.2898940E-02  0.6624488E+00 -0.1192944E+01  0.2876201E-01 -0.7907144E-01 -0.4749797E+00 -0.2264337E+00  0.3818303E+00 -0.9021819E+00  0.1419719E+00 -0.4365286E+00 -0.7885150E-01 -0.6732747E+00 -0.1143203E+00 -0.2976790E+00 -0.9346906E+00
-0.4447846E+00
 0.1200000E+01 -0.2282593E+00 -0.4011384E+00  0.3565083E+00  0.4396584E-01  0.6607318E+00 -0.1153599E+01  0.2870442E-01 -0.3379281E-01 -0.4726450E+00 -0.1840446E+00  0.3820859E+00 -0.8608110E+00  0.1414183E+00 -0.3948130E+00 -0.7888994E-01 -0.6314348E+00 -0.1136615E+00 -0.2554634E+00 -0.9310043E+00
-0.4046428E+00
 0.1225000E+01 -0.2271747E+00 -0.3605120E+00  0.3582377E+00  0.9098313E-01  0.6589167E+00 -0.1114675E+01  0.2864295E-01  0.1136065E-01 -0.4707440E+00 -0.1423017E+00  0.3821466E+00 -0.8201671E+00  0.1407030E+00 -0.3541146E+00 -0.7884775E-01 -0.5905726E+00 -0.1130211E+00 -0.2140585E+00 -0.9263068E+00
-0.3655888E+00
 0.1250000E+01 -0.2258465E+00 -0.3208728E+00  0.3602519E+00  0.1383213E+00  0.6569025E+00 -0.1076209E+01  0.2857821E-01  0.5655622E-01 -0.4693136E+00 -0.1010786E+00  0.3819510E+00 -0.7803006E+00  0.1398366E+00 -0.3143935E+00 -0.7871614E-01 -0.5507201E+00 -0.1124349E+00 -0.1733653E+00 -0.9205920E+00
-0.3275884E+00
 0.1275000E+01 -0.2243169E+00 -0.2821685E+00  0.3624703E+00  0.1861393E+00  0.6546472E+00 -0.1038239E+01  0.2850817E-01  0.1019600E+00 -0.4683193E+00 -0.6023852E-01  0.3814699E+00 -0.7412605E+00  0.1388479E+00 -0.2755951E+00 -0.7849157E-01 -0.5119004E+00 -0.1119256E+00 -0.1332710E+00 -0.9140036E+00
-0.2905936E+00
 0.1300000E+01 -0.2226542E+00 -0.2443328E+00  0.3648100E+00  0.2345820E+00  0.6521190E+00 -0.1000804E+01  0.2842854E-01  0.1477327E+00 -0.4676873E+00 -0.1963723E-01  0.3806805E+00 -0.7030935E+00  0.1377845E+00 -0.2376498E+00 -0.7817195E-01 -0.4741268E+00 -0.1114956E+00 -0.9365120E-01 -0.9067898E+00
-0.2545431E+00
 0.1325000E+01 -0.2209372E+00 -0.2072855E+00  0.3671889E+00  0.2837763E+00  0.6492984E+00 -0.9639469E+00  0.2833389E-01  0.1940251E+00 -0.4673296E+00  0.2087415E-01  0.3795679E+00 -0.6658428E+00  0.1366982E+00 -0.2004751E+00 -0.7775668E-01 -0.4374022E+00 -0.1111355E+00 -0.5437262E-01 -0.8992539E+00
-0.2193634E+00
 0.1350000E+01 -0.2192287E+00 -0.1709350E+00  0.3695287E+00  0.3338279E+00  0.6461786E+00 -0.9277089E+00  0.2821872E-01  0.2409744E+00 -0.4671575E+00  0.6144588E-01  0.3781255E+00 -0.6295474E+00  0.1356264E+00 -0.1639766E+00 -0.7724699E-01 -0.4017181E+00 -0.1108310E+00 -0.1529537E-01 -0.8916622E+00
-0.1849705E+00
 0.1375000E+01 -0.2175624E+00 -0.1351789E+00  0.3717589E+00  0.3848190E+00  0.6427646E+00 -0.8921333E+00  0.2807845E-01  0.2887005E+00 -0.4670895E+00  0.1022266E+00  0.3763546E+00 -0.5942410E+00  0.1345859E+00 -0.1280493E+00 -0.7664685E-01 -0.3670553E+00 -0.1105664E+00  0.2372417E-01 -0.8841798E+00
-0.1512707E+00
 0.1400000E+01 -0.2159470E+00 -0.9990619E-01  0.3738190E+00  0.4368071E+00  0.6390727E+00 -0.8572633E+00  0.2790988E-01  0.3373035E+00 -0.4670548E+00  0.1433601E+00  0.3742636E+00 -0.5599515E+00  0.1335791E+00 -0.9258003E-01 -0.7596415E-01 -0.3333833E+00 -0.1103268E+00  0.6283070E-01 -0.8768735E+00
-0.1181624E+00
 0.1425000E+01 -0.2143699E+00 -0.6499901E-01  0.3756456E+00  0.4898248E+00  0.6351289E+00 -0.8231419E+00  0.2771034E-01  0.3868612E+00 -0.4669779E+00  0.1849826E+00  0.3718667E+00 -0.5266999E+00  0.1325974E+00 -0.5744862E-01 -0.7521117E-01 -0.3006610E+00 -0.1100944E+00  0.1021673E+00 -0.8697190E+00
-0.8553790E-01
 0.1450000E+01 -0.2128308E+00 -0.3033422E-01  0.3772165E+00  0.5438806E+00  0.6309668E+00 -0.7898113E+00  0.2748050E-01  0.4374279E+00 -0.4668344E+00  0.2272198E+00  0.3691833E+00 -0.4945002E+00  0.1316416E+00 -0.2253012E-01 -0.7440579E-01 -0.2688375E+00 -0.1098631E+00  0.1418725E+00 -0.8627347E+00
-0.5328420E-01
 0.1475000E+01 -0.2113340E+00  0.4214688E-02  0.3785285E+00  0.5989616E+00  0.6266259E+00 -0.7573124E+00  0.2722525E-01  0.4890348E+00 -0.4666170E+00  0.2701841E+00  0.3662366E+00 -0.4633589E+00  0.1307147E+00  0.1230350E-01 -0.7357041E-01 -0.2378524E+00 -0.1096302E+00  0.1820781E+00 -0.8559496E+00
-0.2128503E-01
 0.1500000E+01 -0.2098889E+00  0.3877575E-01  0.3795975E+00  0.6550357E+00  0.6221503E+00 -0.7256844E+00  0.2695572E-01  0.5416902E+00 -0.4663309E+00  0.3139726E+00  0.3630544E+00 -0.4332746E+00  0.1298223E+00  0.4718144E-01 -0.7273088E-01 -0.2076374E+00 -0.1093950E+00  0.2229059E+00 -0.8494100E+00
 0.1057798E-01
 0.1525000E+01 -0.2085103E+00  0.7347678E-01  0.3804514E+00  0.7120553E+00  0.6175875E+00 -0.6949641E+00  0.2668378E-01  0.5953820E+00 -0.4659960E+00  0.3586649E+00  0.3596693E+00 -0.4042387E+00  0.1289741E+00  0.8223225E-01 -0.7191233E-01 -0.1781167E+00 -0.1091598E+00  0.2644661E+00 -0.8431823E+00
 0.4242389E-01
 0.1550000E+01 -0.2072183E+00  0.1084436E+00  0.3811147E+00  0.7699614E+00  0.6129873E+00 -0.6651853E+00  0.2641119E-01  0.6500795E+00 -0.4656517E+00  0.4043220E+00  0.3561203E+00 -0.3762351E+00  0.1281828E+00  0.1175820E+00 -0.7113356E-01 -0.1492081E+00 -0.1089343E+00  0.3068544E+00 -0.8373537E+00
 0.7437106E-01
 0.1575000E+01 -0.2060377E+00  0.1437981E+00  0.3815991E+00  0.8286867E+00  0.6084001E+00 -0.6363787E+00  0.2612591E-01  0.7057375E+00 -0.4653541E+00  0.4509853E+00  0.3524558E+00 -0.3492405E+00  0.1274622E+00  0.1533523E+00 -0.7040569E-01 -0.1208244E+00 -0.1087360E+00  0.3501506E+00 -0.8320250E+00
 0.1065359E+00
 0.1600000E+01 -0.2049960E+00  0.1796567E+00  0.3819049E+00  0.8881596E+00  0.6038753E+00 -0.6085712E+00  0.2581428E-01  0.7622988E+00 -0.4651642E+00  0.4986772E+00  0.3487371E+00 -0.3232254E+00  0.1268250E+00  0.1896587E+00 -0.6973796E-01 -0.9287377E-01 -0.1085848E+00  0.3944170E+00 -0.8273028E+00
 0.1390313E+00
 0.1625000E+01 -0.2041206E+00  0.2161283E+00  0.3820052E+00  0.9483069E+00  0.5994615E+00 -0.5817858E+00  0.2547194E-01  0.8196983E+00 -0.4651388E+00  0.5474010E+00  0.3450400E+00 -0.2981543E+00  0.1262841E+00  0.2266087E+00 -0.6914184E-01 -0.6526102E-01 -0.1084973E+00  0.4396979E+00 -0.8232942E+00
 0.1719657E+00
 0.1650000E+01 -0.2034358E+00  0.2533127E+00  0.3817881E+00  0.1009056E+01  0.5952051E+00 -0.5560413E+00  0.2510389E-01  0.8778661E+00 -0.4653234E+00  0.5971430E+00  0.3414546E+00 -0.2739861E+00  0.1258521E+00  0.2642998E+00 -0.6863007E-01 -0.3788837E-01 -0.1084849E+00  0.4860189E+00 -0.8200960E+00
 0.2054413E+00
 0.1675000E+01 -0.2029595E+00  0.2912989E+00  0.3810443E+00  0.1070339E+01  0.5911500E+00 -0.5313523E+00  0.2472044E-01  0.9367304E+00 -0.4657486E+00  0.6478741E+00  0.3380792E+00 -0.2506755E+00  0.1255402E+00  0.3028185E+00 -0.6821452E-01 -0.1065624E-01 -0.1085525E+00  0.5333878E+00 -0.8177858E+00
 0.2395530E+00
 0.1700000E+01 -0.2027021E+00  0.3301636E+00  0.3796137E+00  0.1132089E+01  0.5873352E+00 -0.5077290E+00  0.2432976E-01  0.9962197E+00 -0.4664273E+00  0.6995525E+00  0.3350105E+00 -0.2281727E+00  0.1253591E+00  0.3422379E+00 -0.6790523E-01  0.1653597E-01 -0.1086981E+00  0.5817955E+00 -0.8164179E+00
 0.2743867E+00
 0.1725000E+01 -0.2026668E+00  0.3699699E+00  0.3774831E+00  0.1194247E+01  0.5837926E+00 -0.4851776E+00  0.2392383E-01  0.1056265E+01 -0.4673569E+00  0.7521259E+00  0.3323333E+00 -0.2064249E+00  0.1253178E+00  0.3826173E+00 -0.6770955E-01  0.4378917E-01 -0.1089141E+00  0.6312173E+00 -0.8160239E+00
 0.3100187E+00
 0.1750000E+01 -0.2028541E+00  0.4107665E+00  0.3747290E+00  0.1256758E+01  0.5805439E+00 -0.4636999E+00  0.2348690E-01  0.1116801E+01 -0.4685289E+00  0.8055348E+00  0.3301184E+00 -0.1853763E+00  0.1254230E+00  0.4240010E+00 -0.6763191E-01  0.7120380E-01 -0.1091933E+00  0.6816158E+00 -0.8166229E+00
 0.3465139E+00
 0.1775000E+01 -0.2032649E+00  0.4525868E+00  0.3714581E+00  0.1319574E+01  0.5775980E+00 -0.4432946E+00  0.2302264E-01  0.1177768E+01 -0.4699339E+00  0.8597148E+00  0.3284233E+00 -0.1649687E+00  0.1256756E+00  0.4664178E+00 -0.6767366E-01  0.9887912E-01 -0.1095353E+00  0.7329426E+00 -0.8182246E+00
 0.3839252E+00
 0.1800000E+01 -0.2038962E+00  0.4954491E+00  0.3677799E+00  0.1382650E+01  0.5749501E+00 -0.4239563E+00  0.2254399E-01  0.1239110E+01 -0.4715455E+00  0.9145993E+00  0.3272886E+00 -0.1451425E+00  0.1260716E+00  0.5098810E+00 -0.6783322E-01  0.1269124E+00 -0.1099397E+00  0.7851414E+00 -0.8208174E+00
 0.4222927E+00
 0.1825000E+01 -0.2047323E+00  0.5393565E+00  0.3637917E+00  0.1445950E+01  0.5725812E+00 -0.4056769E+00  0.2205214E-01  0.1300777E+01 -0.4733025E+00  0.9701212E+00  0.3267314E+00 -0.1258361E+00  0.1266082E+00  0.5543892E+00 -0.6810664E-01  0.1553981E+00 -0.1103932E+00  0.8381500E+00 -0.8243562E+00
 0.4616433E+00
 0.1850000E+01 -0.2057413E+00  0.5842981E+00  0.3595858E+00  0.1509439E+01  0.5704594E+00 -0.3884456E+00  0.2154168E-01  0.1362724E+01 -0.4751393E+00  0.1026215E+01  0.3267439E+00 -0.1069874E+00  0.1272843E+00  0.5999269E+00 -0.6848706E-01  0.1844272E+00 -0.1108672E+00  0.8919034E+00 -0.8287549E+00
 0.5019903E+00
 0.1875000E+01 -0.2068810E+00  0.6302501E+00  0.3550103E+00  0.1573089E+01  0.5685421E+00 -0.3722494E+00  0.2100075E-01  0.1424913E+01 -0.4768634E+00  0.1082818E+01  0.3272978E+00 -0.8853311E-01  0.1280928E+00  0.6464660E+00 -0.6896431E-01  0.2140858E+00 -0.1113297E+00  0.9463353E+00 -0.8338857E+00
 0.5433344E+00
 0.1900000E+01 -0.2081070E+00  0.6771775E+00  0.3501438E+00  0.1636876E+01  0.5667778E+00 -0.3570731E+00  0.2044337E-01  0.1487309E+01 -0.4784670E+00  0.1139872E+01  0.3283505E+00 -0.7040952E-01  0.1290134E+00  0.6939677E+00 -0.6952583E-01  0.2444549E+00 -0.1117669E+00  0.1001380E+01 -0.8395888E+00
 0.5856637E+00
 0.1925000E+01 -0.2093739E+00  0.7250356E+00  0.3450557E+00  0.1700778E+01  0.5651092E+00 -0.3429006E+00  0.1988592E-01  0.1549882E+01 -0.4799835E+00  0.1197321E+01  0.3298481E+00 -0.5255254E-01  0.1300128E+00  0.7423844E+00 -0.7015743E-01  0.2756086E+00 -0.1121815E+00  0.1056974E+01 -0.8456760E+00
 0.6289549E+00
 0.1950000E+01 -0.2106342E+00  0.7737724E+00  0.3398061E+00  0.1764776E+01  0.5634748E+00 -0.3297143E+00  0.1934578E-01  0.1612605E+01 -0.4814489E+00  0.1255116E+01  0.3317263E+00 -0.3489782E-01  0.1310495E+00  0.7916618E+00 -0.7084386E-01  0.3076136E+00 -0.1125836E+00  0.1113058E+01 -0.8519363E+00
 0.6731749E+00
 0.1975000E+01 -0.2118389E+00  0.8233308E+00  0.3344415E+00  0.1828857E+01  0.5618100E+00 -0.3174964E+00  0.1883975E-01  0.1675456E+01 -0.4828855E+00  0.1313211E+01  0.3339133E+00 -0.1738085E-01  0.1320787E+00  0.8417408E+00 -0.7156893E-01  0.3405284E+00 -0.1129808E+00  0.1169575E+01 -0.8581427E+00
 0.7182819E+00
 0.2000000E+01 -0.2129372E+00  0.8736500E+00  0.3289858E+00  0.1893006E+01  0.5600478E+00 -0.3062283E+00  0.1837693E-01  0.1738416E+01 -0.4842983E+00  0.1371567E+01  0.3363311E+00  0.6293616E-04  0.1330593E+00  0.8925598E+00 -0.7231514E-01  0.3744017E+00 -0.1133737E+00  0.1226474E+01 -0.8640556E+00
 0.7642277E+00
 0.2025000E+01 -0.2138834E+00  0.9246680E+00  0.3234268E+00  0.1957212E+01  0.5581202E+00 -0.2958920E+00  0.1795075E-01  0.1801469E+01 -0.4856687E+00  0.1430147E+01  0.3388979E+00  0.1749812E-01  0.1339616E+00  0.9440560E+00 -0.7306393E-01  0.4092724E+00 -0.1137535E+00  0.1283707E+01 -0.8694321E+00
 0.8109589E+00
 0.2050000E+01 -0.2146513E+00  0.9763226E+00  0.3177168E+00  0.2021466E+01  0.5559598E+00 -0.2864694E+00  0.1753892E-01  0.1864599E+01 -0.4869494E+00  0.1488920E+01  0.3415329E+00  0.3498923E-01  0.1347816E+00  0.9961675E+00 -0.7379700E-01  0.4451686E+00 -0.1141032E+00  0.1341231E+01 -0.8740453E+00
 0.8584189E+00
 0.2075000E+01 -0.2152450E+00  0.1028553E+01  0.3118039E+00  0.2085761E+01  0.5535026E+00 -0.2779432E+00  0.1711555E-01  0.1927796E+01 -0.4880676E+00  0.1547857E+01  0.3441604E+00  0.5260074E-01  0.1355501E+00  0.1048834E+01 -0.7449655E-01  0.4821072E+00 -0.1144049E+00  0.1399010E+01 -0.8777107E+00
 0.9065494E+00
 0.2100000E+01 -0.2156914E+00  0.1081301E+01  0.3056840E+00  0.2150089E+01  0.5506900E+00 -0.2702969E+00  0.1666361E-01  0.1991048E+01 -0.4889286E+00  0.1606936E+01  0.3467122E+00  0.7039693E-01  0.1362979E+00  0.1101998E+01 -0.7514393E-01  0.5200943E+00 -0.1146433E+00  0.1457008E+01 -0.8803230E+00
 0.9552920E+00
 0.2125000E+01 -0.2160103E+00  0.1134512E+01  0.2994827E+00  0.2214445E+01  0.5474690E+00 -0.2635149E+00  0.1617820E-01  0.2054347E+01 -0.4894253E+00  0.1666133E+01  0.3491269E+00  0.8844190E-01  0.1370187E+00  0.1155606E+01 -0.7571905E-01  0.5591246E+00 -0.1148022E+00  0.1515197E+01 -0.8818979E+00
 0.1004589E+01
 0.2150000E+01 -0.2161936E+00  0.1188133E+01  0.2935325E+00  0.2278825E+01  0.5437929E+00 -0.2575829E+00  0.1566327E-01  0.2117687E+01 -0.4894457E+00  0.1725433E+01  0.3513486E+00  0.1067994E+00  0.1376832E+00  0.1209608E+01 -0.7620273E-01  0.5991827E+00 -0.1148604E+00  0.1573550E+01 -0.8825594E+00
 0.1054385E+01
 0.2175000E+01 -0.2162100E+00  0.1242119E+01  0.2882170E+00  0.2343224E+01  0.5396233E+00 -0.2524880E+00  0.1512936E-01  0.2181060E+01 -0.4888797E+00  0.1784818E+01  0.3533273E+00  0.1255328E+00  0.1382592E+00  0.1263956E+01 -0.7657935E-01  0.6402436E+00 -0.1147922E+00  0.1632043E+01 -0.8824173E+00
 0.1104628E+01
 0.2200000E+01 -0.2160201E+00  0.1296424E+01  0.2836433E+00  0.2407639E+01  0.5349325E+00 -0.2482186E+00  0.1459316E-01  0.2244461E+01 -0.4876212E+00  0.1844276E+01  0.3550222E+00  0.1447047E+00  0.1387144E+00  0.1318611E+01 -0.7683648E-01  0.6822735E+00 -0.1145706E+00  0.1690658E+01 -0.8814717E+00
 0.1155267E+01
 0.2225000E+01 -0.2155843E+00  0.1351011E+01  0.2796872E+00  0.2472068E+01  0.5297059E+00 -0.2447649E+00  0.1406612E-01  0.2307886E+01 -0.4855698E+00  0.1903794E+01  0.3564056E+00  0.1643771E+00  0.1390161E+00  0.1373533E+01 -0.7696338E-01  0.7252316E+00 -0.1141695E+00  0.1749378E+01 -0.8796286E+00
 0.1206257E+01
 0.2250000E+01 -0.2148674E+00  0.1405844E+01  0.2761527E+00  0.2536508E+01  0.5239429E+00 -0.2421184E+00  0.1354647E-01  0.2371331E+01 -0.4826416E+00  0.1963364E+01  0.3574633E+00  0.1846107E+00  0.1391355E+00  0.1428689E+01 -0.7695067E-01  0.7690708E+00 -0.1135665E+00  0.1808186E+01 -0.8767656E+00
 0.1257555E+01
 0.2275000E+01 -0.2138450E+00  0.1460892E+01  0.2728446E+00  0.2600957E+01  0.5176548E+00 -0.2402728E+00  0.1303937E-01  0.2434793E+01 -0.4787931E+00  0.2022977E+01  0.3581919E+00  0.2054649E+00  0.1390537E+00  0.1484050E+01 -0.7679185E-01  0.8137398E+00 -0.1127512E+00  0.1867070E+01 -0.8727872E+00
 0.1309123E+01
 0.2300000E+01 -0.2125055E+00  0.1516126E+01  0.2702114E+00  0.2665413E+01  0.5108631E+00 -0.2392230E+00  0.1259381E-01  0.2498269E+01 -0.4740447E+00  0.2082626E+01  0.3585938E+00  0.2269972E+00  0.1387626E+00  0.1539587E+01 -0.7648571E-01  0.8591840E+00 -0.1117314E+00  0.1926020E+01 -0.8676456E+00
 0.1360927E+01
 0.2325000E+01 -0.2108533E+00  0.1571523E+01  0.2683932E+00  0.2729876E+01  0.5035965E+00 -0.2389662E+00  0.1222769E-01  0.2561757E+01 -0.4684908E+00  0.2142305E+01  0.3586758E+00  0.2492631E+00  0.1382639E+00  0.1595278E+01 -0.7603622E-01  0.9053474E+00 -0.1105238E+00  0.1985025E+01 -0.8613525E+00
 0.1412934E+01
 0.2350000E+01 -0.2089051E+00  0.1627060E+01  0.2675131E+00  0.2794344E+01  0.4958907E+00 -0.2395013E+00  0.1192364E-01  0.2625256E+01 -0.4623678E+00  0.2202008E+01  0.3584485E+00  0.2723150E+00  0.1375704E+00  0.1651103E+01 -0.7545225E-01  0.9521733E+00 -0.1091407E+00  0.2044078E+01 -0.8539785E+00
 0.1465118E+01
 0.2375000E+01 -0.2066828E+00  0.1682718E+01  0.2676451E+00  0.2858816E+01  0.4877884E+00 -0.2408287E+00  0.1164465E-01  0.2688763E+01 -0.4562133E+00  0.2261733E+01  0.3579290E+00  0.2962022E+00  0.1367061E+00  0.1707042E+01 -0.7475342E-01  0.9996056E+00 -0.1075888E+00  0.2103172E+01 -0.8456322E+00
 0.1517455E+01
 0.2400000E+01 -0.2042125E+00  0.1738482E+01  0.2688289E+00  0.2923291E+01  0.4793413E+00 -0.2429511E+00  0.1137075E-01  0.2752277E+01 -0.4508732E+00  0.2321475E+01  0.3571416E+00  0.3209701E+00  0.1357015E+00  0.1763082E+01 -0.7397514E-01  0.1047590E+01 -0.1058919E+00  0.2162300E+01 -0.8364459E+00
 0.1569922E+01
 0.2425000E+01 -0.2015308E+00  0.1794336E+01  0.2710783E+00  0.2987769E+01  0.4706090E+00 -0.2458727E+00  0.1111647E-01  0.2815797E+01 -0.4470085E+00  0.2381230E+01  0.3561193E+00  0.3466596E+00  0.1345855E+00  0.1819206E+01 -0.7315771E-01  0.1096074E+01 -0.1041327E+00  0.2221457E+01 -0.8265770E+00
 0.1622501E+01
 0.2450000E+01 -0.1986866E+00  0.1850268E+01  0.2743794E+00  0.3052250E+01  0.4616576E+00 -0.2495997E+00  0.1091042E-01  0.2879322E+01 -0.4448257E+00  0.2440998E+01  0.3549040E+00  0.3733063E+00  0.1333808E+00  0.1875405E+01 -0.7233461E-01  0.1145008E+01 -0.1024663E+00  0.2280640E+01 -0.8162031E+00
 0.1675175E+01
 0.2475000E+01 -0.1957345E+00  0.1906268E+01  0.2786761E+00  0.3116732E+01  0.4525576E+00 -0.2541397E+00  0.1076857E-01  0.2942851E+01 -0.4442608E+00  0.2500775E+01  0.3535423E+00  0.4009401E+00  0.1321069E+00  0.1931667E+01 -0.7152926E-01  0.1194346E+01 -0.1010437E+00  0.2339844E+01 -0.8055106E+00
 0.1727931E+01
 0.2500000E+01 -0.1927365E+00  0.1962325E+01  0.2838584E+00  0.3181215E+01  0.4433841E+00 -0.2595023E+00  0.1068542E-01  0.3006384E+01 -0.4451342E+00  0.2560559E+01  0.3520783E+00  0.4295849E+00  0.1307808E+00  0.1987984E+01 -0.7075118E-01  0.1244045E+01 -0.9990982E-01  0.2399066E+01 -0.7946968E+00
 0.1780755E+01
 0.2525000E+01 -0.1897622E+00  0.2018432E+01  0.2897727E+00  0.3245699E+01  0.4342167E+00 -0.2656984E+00  0.1063933E-01  0.3069920E+01 -0.4472220E+00  0.2620350E+01  0.3505469E+00  0.4592572E+00  0.1294180E+00  0.2044348E+01 -0.6999987E-01  0.1294065E+01 -0.9902756E-01  0.2458303E+01 -0.7839735E+00
 0.1833638E+01
 0.2550000E+01 -0.1868828E+00  0.2074581E+01  0.2962480E+00  0.3310183E+01  0.4251378E+00 -0.2727407E+00  0.1060478E-01  0.3133458E+01 -0.4503004E+00  0.2680145E+01  0.3489724E+00  0.4899670E+00  0.1280369E+00  0.2100752E+01 -0.6927570E-01  0.1344370E+01 -0.9834649E-01  0.2517554E+01 -0.7735562E+00
 0.1886570E+01
 0.2575000E+01 -0.1841606E+00  0.2130768E+01  0.3031075E+00  0.3374668E+01  0.4162303E+00 -0.2806428E+00  0.1056205E-01  0.3196999E+01 -0.4541718E+00  0.2739944E+01  0.3473688E+00  0.5217164E+00  0.1266623E+00  0.2157191E+01 -0.6858473E-01  0.1394928E+01 -0.9782814E-01  0.2576816E+01 -0.7636384E+00
 0.1939543E+01
 0.2600000E+01 -0.1816438E+00  0.2186985E+01  0.3101306E+00  0.3439154E+01  0.4075771E+00 -0.2894198E+00  0.1049908E-01  0.3260541E+01 -0.4586681E+00  0.2799745E+01  0.3457406E+00  0.5545002E+00  0.1253251E+00  0.2213660E+01 -0.6793678E-01  0.1445708E+01 -0.9744304E-01  0.2636087E+01 -0.7543782E+00
 0.1992549E+01
 0.2625000E+01 -0.1793619E+00  0.2243230E+01  0.3169684E+00  0.3503639E+01  0.3992617E+00 -0.2990878E+00  0.1041395E-01  0.3324085E+01 -0.4636380E+00  0.2859548E+01  0.3440854E+00  0.5883059E+00  0.1240545E+00  0.2270154E+01 -0.6734214E-01  0.1496684E+01 -0.9716379E-01  0.2695366E+01 -0.7459020E+00
 0.2045584E+01
 0.2650000E+01 -0.1773057E+00  0.2299497E+01  0.3231738E+00  0.3568124E+01  0.3913664E+00 -0.3096635E+00  0.1031574E-01  0.3387630E+01 -0.4689451E+00  0.2919352E+01  0.3423945E+00  0.6231140E+00  0.1228612E+00  0.2326670E+01 -0.6680986E-01  0.1547832E+01 -0.9696567E-01  0.2754653E+01 -0.7382967E+00
 0.2098642E+01
 0.2675000E+01 -0.1754359E+00  0.2355785E+01  0.3285054E+00  0.3632609E+01  0.3839672E+00 -0.3211643E+00  0.1022259E-01  0.3451177E+01 -0.4744727E+00  0.2979157E+01  0.3406500E+00  0.6588981E+00  0.1217215E+00  0.2383205E+01 -0.6634749E-01  0.1599132E+01 -0.9682911E-01  0.2813945E+01 -0.7315946E+00
 0.2151719E+01
 0.2700000E+01 -0.1737230E+00  0.2412089E+01  0.3330389E+00  0.3697094E+01  0.3771272E+00 -0.3336079E+00  0.1014355E-01  0.3514724E+01 -0.4801306E+00  0.3038962E+01  0.3388242E+00  0.6956261E+00  0.1205931E+00  0.2439755E+01 -0.6595965E-01  0.1650564E+01 -0.9673891E-01  0.2873242E+01 -0.7257497E+00
 0.2204811E+01
 0.2725000E+01 -0.1721547E+00  0.2468408E+01  0.3368412E+00  0.3761578E+01  0.3708931E+00 -0.3470119E+00  0.1006789E-01  0.3578272E+01 -0.4858730E+00  0.3098766E+01  0.3368829E+00  0.7332605E+00  0.1194491E+00  0.2496320E+01 -0.6564517E-01  0.1702112E+01 -0.9668614E-01  0.2932543E+01 -0.7206286E+00
 0.2257915E+01
 0.2750000E+01 -0.1707309E+00  0.2524739E+01  0.3401197E+00  0.3826062E+01  0.3652924E+00 -0.3613936E+00  0.9972923E-02  0.3641820E+01 -0.4917142E+00  0.3158569E+01  0.3347864E+00  0.7717594E+00  0.1182921E+00  0.2552896E+01 -0.6539702E-01  0.1753761E+01 -0.9667044E-01  0.2991848E+01 -0.7160878E+00
 0.2311027E+01
 0.2775000E+01 -0.1694710E+00  0.2581080E+01  0.3429887E+00  0.3890545E+01  0.3603303E+00 -0.3767696E+00  0.9864981E-02  0.3705369E+01 -0.4977494E+00  0.3218372E+01  0.3324946E+00  0.8110778E+00  0.1171517E+00  0.2609482E+01 -0.6520433E-01  0.1805499E+01 -0.9670888E-01  0.3051155E+01 -0.7121237E+00
 0.2364147E+01
 0.2800000E+01 -0.1684142E+00  0.2637431E+01  0.3454441E+00  0.3955028E+01  0.3559888E+00 -0.3931555E+00  0.9780167E-02  0.3768919E+01 -0.5041611E+00  0.3278173E+01  0.3299754E+00  0.8511677E+00  0.1160717E+00  0.2666077E+01 -0.6505207E-01  0.1857314E+01 -0.9684911E-01  0.3110466E+01 -0.7088968E+00
 0.2417271E+01
 0.2825000E+01 -0.1676174E+00  0.2693789E+01  0.3473707E+00  0.4019511E+01  0.3522267E+00 -0.4105653E+00  0.9736306E-02  0.3832469E+01 -0.5111841E+00  0.3337973E+01  0.3272130E+00  0.8919800E+00  0.1150987E+00  0.2722679E+01 -0.6492054E-01  0.1909196E+01 -0.9716290E-01  0.3169778E+01 -0.7066581E+00
 0.2470399E+01
 0.2850000E+01 -0.1671535E+00  0.2750154E+01  0.3485753E+00  0.4083993E+01  0.3489820E+00 -0.4290110E+00  0.9711921E-02  0.3896019E+01 -0.5190288E+00  0.3397772E+01  0.3242086E+00  0.9334645E+00  0.1142812E+00  0.2779288E+01 -0.6478767E-01  0.1961137E+01 -0.9771731E-01  0.3229092E+01 -0.7057172E+00
 0.2523528E+01
 0.2875000E+01 -0.1670935E+00  0.2806524E+01  0.3488600E+00  0.4148474E+01  0.3461753E+00 -0.4485025E+00  0.9671977E-02  0.3959569E+01 -0.5277270E+00  0.3457569E+01  0.3209845E+00  0.9755713E+00  0.1136714E+00  0.2835901E+01 -0.6463437E-01  0.2013129E+01 -0.9855056E-01  0.3288408E+01 -0.7063920E+00
 0.2576658E+01
 0.2900000E+01 -0.1674888E+00  0.2862899E+01  0.3480733E+00  0.4212956E+01  0.3437138E+00 -0.4690468E+00  0.9589908E-02  0.4023120E+01 -0.5368846E+00  0.3517364E+01  0.3175879E+00  0.1018251E+01  0.1133245E+00  0.2892520E+01 -0.6444823E-01  0.2065165E+01 -0.9965813E-01  0.3347725E+01 -0.7089551E+00
 0.2629787E+01
 0.2925000E+01 -0.1683712E+00  0.2919278E+01  0.3461073E+00  0.4277436E+01  0.3414967E+00 -0.4906478E+00  0.9456161E-02  0.4086671E+01 -0.5456353E+00  0.3577157E+01  0.3140746E+00  0.1061457E+01  0.1132922E+00  0.2949142E+01 -0.6422353E-01  0.2117239E+01 -0.1010035E+00  0.3407043E+01 -0.7136175E+00
 0.2682915E+01
 0.2950000E+01 -0.1697680E+00  0.2975660E+01  0.3428735E+00  0.4341917E+01  0.3394200E+00 -0.5133059E+00  0.9273636E-02  0.4150222E+01 -0.5530916E+00  0.3636949E+01  0.3104749E+00  0.1105142E+01  0.1136086E+00  0.3005768E+01 -0.6396415E-01  0.2169347E+01 -0.1025354E+00  0.3466362E+01 -0.7205365E+00
 0.2736040E+01
 0.2975000E+01 -0.1716980E+00  0.3032046E+01  0.3383051E+00  0.4406397E+01  0.3373805E+00 -0.5370179E+00  0.9047364E-02  0.4213773E+01 -0.5586900E+00  0.3696739E+01  0.3067824E+00  0.1149263E+01  0.1142773E+00  0.3062396E+01 -0.6369255E-01  0.2221485E+01 -0.1041387E+00  0.3525682E+01 -0.7297771E+00
 0.2789162E+01
 0.3000000E+01 -0.1741465E+00  0.3088433E+01  0.3323756E+00  0.4470876E+01  0.3352800E+00 -0.5617763E+00  0.8779786E-02  0.4277324E+01 -0.5621587E+00  0.3756527E+01  0.3029764E+00  0.1193779E+01  0.1152683E+00  0.3119027E+01 -0.6345742E-01  0.2273647E+01 -0.1056082E+00  0.3585003E+01 -0.7412368E+00
 0.2842281E+01
 0.3025000E+01 -0.1770543E+00  0.3144823E+01  0.3251079E+00  0.4535355E+01  0.3330270E+00 -0.5875698E+00  0.8471650E-02  0.4340876E+01 -0.5633979E+00  0.3816313E+01  0.2990423E+00  0.1238652E+01  0.1165220E+00  0.3175660E+01 -0.6331035E-01  0.2325831E+01 -0.1067676E+00  0.3644324E+01 -0.7546249E+00
 0.2895396E+01
 0.3050000E+01 -0.1803269E+00  0.3201214E+01  0.3165848E+00  0.4599834E+01  0.3305392E+00 -0.6143824E+00  0.8122865E-02  0.4404427E+01 -0.5624022E+00  0.3876097E+01  0.2949791E+00  0.1283845E+01  0.1179583E+00  0.3232295E+01 -0.6326980E-01  0.2378035E+01 -0.1075337E+00  0.3703645E+01 -0.7695079E+00
 0.2948506E+01
 0.3075000E+01 -0.1838431E+00  0.3257607E+01  0.3069838E+00  0.4664313E+01  0.3277441E+00 -0.6421944E+00  0.7732145E-02  0.4467979E+01 -0.5592290E+00  0.3935880E+01  0.2908022E+00  0.1329326E+01  0.1194909E+00  0.3288931E+01 -0.6332748E-01  0.2430255E+01 -0.1078858E+00  0.3762967E+01 -0.7853674E+00
 0.3001610E+01
 0.3100000E+01 -0.1874633E+00  0.3314001E+01  0.2966420E+00  0.4728791E+01  0.3245799E+00 -0.6709817E+00  0.7300851E-02  0.4531530E+01 -0.5539840E+00  0.3995661E+01  0.2865452E+00  0.1375065E+01  0.1210378E+00  0.3345568E+01 -0.6346485E-01  0.2482489E+01 -0.1078348E+00  0.3822289E+01 -0.8016510E+00
 0.3054709E+01
 0.3125000E+01 -0.1910382E+00  0.3370396E+01  0.2860255E+00  0.4793270E+01  0.3209951E+00 -0.7007164E+00  0.6836674E-02  0.4595082E+01 -0.5468183E+00  0.4055441E+01  0.2822588E+00  0.1421033E+01  0.1225183E+00  0.3402207E+01 -0.6364895E-01  0.2534736E+01 -0.1074097E+00  0.3881612E+01 -0.8177976E+00
 0.3107802E+01
 0.3150000E+01 -0.1944205E+00  0.3426792E+01  0.2753955E+00  0.4857748E+01  0.3169488E+00 -0.7313671E+00  0.6353650E-02  0.4658633E+01 -0.5379265E+00  0.4115219E+01  0.2780088E+00  0.1467207E+01  0.1238449E+00  0.3458846E+01 -0.6383071E-01  0.2586993E+01 -0.1066498E+00  0.3940934E+01 -0.8332669E+00
 0.3160889E+01
 0.3175000E+01 -0.1974865E+00  0.3483188E+01  0.2646622E+00  0.4922226E+01  0.3124100E+00 -0.7628992E+00  0.5866573E-02  0.4722185E+01 -0.5275181E+00  0.4174996E+01  0.2738682E+00  0.1513563E+01  0.1249327E+00  0.3515486E+01 -0.6395959E-01  0.2639260E+01 -0.1055945E+00  0.4000257E+01 -0.8475942E+00
 0.3213969E+01
 0.3200000E+01 -0.2001613E+00  0.3539585E+01  0.2536363E+00  0.4986703E+01  0.3073572E+00 -0.7952756E+00  0.5375894E-02  0.4785737E+01 -0.5157948E+00  0.4234772E+01  0.2699158E+00  0.1560080E+01  0.1257319E+00  0.3572127E+01 -0.6399730E-01  0.2691535E+01 -0.1042790E+00  0.4059580E+01 -0.8604152E+00
 0.3267043E+01
 0.3225000E+01 -0.2024398E+00  0.3595982E+01  0.2421725E+00  0.5051181E+01  0.3017780E+00 -0.8284566E+00  0.4871860E-02  0.4849289E+01 -0.5029509E+00  0.4294546E+01  0.2662402E+00  0.1606741E+01  0.1262486E+00  0.3628768E+01 -0.6392018E-01  0.2743817E+01 -0.1027382E+00  0.4118903E+01 -0.8714597E+00
 0.3320110E+01
 0.3250000E+01 -0.2043729E+00  0.3652379E+01  0.2301764E+00  0.5115658E+01  0.2956683E+00 -0.8624011E+00  0.4352128E-02  0.4912840E+01 -0.4891726E+00  0.4354320E+01  0.2629359E+00  0.1653529E+01  0.1265158E+00  0.3685410E+01 -0.6371393E-01  0.2796105E+01 -0.1010077E+00  0.4178226E+01 -0.8805523E+00
 0.3373170E+01
 0.3275000E+01 -0.2060295E+00  0.3708776E+01  0.2175942E+00  0.5180136E+01  0.2890316E+00 -0.8970669E+00  0.3821690E-02  0.4976392E+01 -0.4746396E+00  0.4414093E+01  0.2600929E+00  0.1700430E+01  0.1265723E+00  0.3742052E+01 -0.6336932E-01  0.2848398E+01 -0.9912318E-01  0.4237549E+01 -0.8876341E+00
 0.3426224E+01
 0.3300000E+01 -0.2074685E+00  0.3765174E+01  0.2044162E+00  0.5244613E+01  0.2818786E+00 -0.9324110E+00  0.3295635E-02  0.5039944E+01 -0.4595296E+00  0.4473865E+01  0.2577866E+00  0.1747429E+01  0.1264634E+00  0.3798694E+01 -0.6288172E-01  0.2900696E+01 -0.9712425E-01  0.4296872E+01 -0.8928173E+00
 0.3479271E+01
 0.3325000E+01 -0.2087247E+00  0.3821572E+01  0.1906687E+00  0.5309090E+01  0.2742262E+00 -0.9683904E+00  0.2791764E-02  0.5103496E+01 -0.4440005E+00  0.4533636E+01  0.2560736E+00  0.1794517E+01  0.1262364E+00  0.3855337E+01 -0.6225385E-01  0.2952998E+01 -0.9505396E-01  0.4356196E+01 -0.8964452E+00
 0.3532311E+01
 0.3350000E+01 -0.2098157E+00  0.3877970E+01  0.1763906E+00  0.5373568E+01  0.2660973E+00 -0.1004962E+01  0.2315739E-02  0.5167048E+01 -0.4281523E+00  0.4593407E+01  0.2549868E+00  0.1841681E+01  0.1259243E+00  0.3911979E+01 -0.6149863E-01  0.3005303E+01 -0.9294366E-01  0.4415519E+01 -0.8989779E+00
 0.3585346E+01
 0.3375000E+01 -0.2107475E+00  0.3934367E+01  0.1616242E+00  0.5438045E+01  0.2575196E+00 -0.1042085E+01  0.1860718E-02  0.5230599E+01 -0.4119968E+00  0.4653178E+01  0.2545321E+00  0.1888913E+01  0.1255405E+00  0.3968622E+01 -0.6063967E-01  0.3057611E+01 -0.9079983E-01  0.4474842E+01 -0.9007362E+00
 0.3638374E+01
 0.3400000E+01 -0.2115057E+00  0.3990765E+01  0.1464233E+00  0.5502522E+01  0.2485256E+00 -0.1079718E+01  0.1415190E-02  0.5294151E+01 -0.3954395E+00  0.4712947E+01  0.2546899E+00  0.1936204E+01  0.1250818E+00  0.4025265E+01 -0.5971118E-01  0.3109922E+01 -0.8860297E-01  0.4534166E+01 -0.9017998E+00
 0.3691397E+01
 0.3425000E+01 -0.2120544E+00  0.4047163E+01  0.1308540E+00  0.5566999E+01  0.2391519E+00 -0.1117821E+01  0.9674214E-03  0.5357703E+01 -0.3783092E+00  0.4772717E+01  0.2554189E+00  0.1983548E+01  0.1245362E+00  0.4081908E+01 -0.5875741E-01  0.3162235E+01 -0.8631231E-01  0.4593489E+01 -0.9020793E+00
 0.3744414E+01
 0.3450000E+01 -0.2123495E+00  0.4103561E+01  0.1149919E+00  0.5631476E+01  0.2294389E+00 -0.1156356E+01  0.5121972E-03  0.5421255E+01 -0.3605000E+00  0.4832486E+01  0.2566596E+00  0.2030938E+01  0.1238895E+00  0.4138552E+01 -0.5783132E-01  0.3214550E+01 -0.8388677E-01  0.4652813E+01 -0.9014232E+00
 0.3797425E+01
 0.3475000E+01 -0.2123523E+00  0.4159958E+01  0.9891592E-01  0.5695953E+01  0.2194301E+00 -0.1195289E+01  0.5474097E-04  0.5484807E+01 -0.3420564E+00  0.4892255E+01  0.2583475E+00  0.2078369E+01  0.1231275E+00  0.4195195E+01 -0.5699603E-01  0.3266866E+01 -0.8131178E-01  0.4712136E+01 -0.8996829E+00
 0.3850432E+01
 0.3500000E+01 -0.2120375E+00  0.4216356E+01  0.8270129E-01  0.5760430E+01  0.2091718E+00 -0.1234585E+01 -0.3938068E-03  0.5548359E+01 -0.3230962E+00  0.4952023E+01  0.2604314E+00  0.2125834E+01  0.1222354E+00  0.4251838E+01 -0.5632229E-01  0.3319184E+01 -0.7860235E-01  0.4771459E+01 -0.8967436E+00
 0.3903434E+01
 0.3525000E+01 -0.2113957E+00  0.4272753E+01  0.6641300E-01  0.5824908E+01  0.1987120E+00 -0.1274212E+01 -0.8223613E-03  0.5611910E+01 -0.3037501E+00  0.5011792E+01  0.2628874E+00  0.2173330E+01  0.1212008E+00  0.4308481E+01 -0.5587511E-01  0.3371504E+01 -0.7578782E-01  0.4830783E+01 -0.8925442E+00
 0.3956431E+01
 0.3550000E+01 -0.2104338E+00  0.4329150E+01  0.5010282E-01  0.5889385E+01  0.1880999E+00 -0.1314140E+01 -0.1222289E-02  0.5675462E+01 -0.2841420E+00  0.5071560E+01  0.2657486E+00  0.2220854E+01  0.1200198E+00  0.4365125E+01 -0.5569415E-01  0.3423824E+01 -0.7289887E-01  0.4890106E+01 -0.8870937E+00
 0.4009424E+01
 0.3575000E+01 -0.2091743E+00  0.4385548E+01  0.3380880E-01  0.5953862E+01  0.1773850E+00 -0.1354341E+01 -0.1586806E-02  0.5739014E+01 -0.2643808E+00  0.5131328E+01  0.2691519E+00  0.2268400E+01  0.1186979E+00  0.4421768E+01 -0.5577018E-01  0.3476145E+01 -0.6996108E-01  0.4949430E+01 -0.8804696E+00
 0.4062412E+01
 0.3600000E+01 -0.2076525E+00  0.4441945E+01  0.1755500E-01  0.6018339E+01  0.1666157E+00 -0.1394791E+01 -0.1911196E-02  0.5802566E+01 -0.2445558E+00  0.5191096E+01  0.2733002E+00  0.2315967E+01  0.1172508E+00  0.4478412E+01 -0.5602795E-01  0.3528468E+01 -0.6699531E-01  0.5008753E+01 -0.8728095E+00
 0.4115397E+01
 0.3625000E+01 -0.2059130E+00  0.4498342E+01  0.1352019E-02  0.6082816E+01  0.1563273E+00 -0.1435465E+01 -0.2193361E-02  0.5866118E+01 -0.2247342E+00  0.5250863E+01  0.2783084E+00  0.2363552E+01  0.1157064E+00  0.4535055E+01 -0.5636104E-01  0.3580790E+01 -0.6401970E-01  0.5068077E+01 -0.8643065E+00
 0.4168378E+01
 0.3650000E+01 -0.2040059E+00  0.4554739E+01 -0.1479997E-01  0.6147293E+01  0.1464641E+00 -0.1476342E+01 -0.2433175E-02  0.5929670E+01 -0.2049599E+00  0.5310631E+01  0.2841185E+00  0.2411153E+01  0.1141058E+00  0.4591698E+01 -0.5670380E-01  0.3633114E+01 -0.6104895E-01  0.5127400E+01 -0.8551959E+00
 0.4221356E+01
 0.3675000E+01 -0.2019785E+00  0.4611136E+01 -0.3090745E-01  0.6211770E+01  0.1369374E+00 -0.1517401E+01 -0.2631704E-02  0.5993222E+01 -0.1852578E+00  0.5370399E+01  0.2905435E+00  0.2458766E+01  0.1124998E+00  0.4648342E+01 -0.5704776E-01  0.3685438E+01 -0.5809439E-01  0.5186724E+01 -0.8457238E+00
 0.4274331E+01
 0.3700000E+01 -0.1998763E+00  0.4667532E+01 -0.4698014E-01  0.6276247E+01  0.1276373E+00 -0.1558625E+01 -0.2790492E-02  0.6056774E+01 -0.1656361E+00  0.5430166E+01  0.2973230E+00  0.2506391E+01  0.1109474E+00  0.4704985E+01 -0.5741953E-01  0.3737762E+01 -0.5516272E-01  0.5246047E+01 -0.8361433E+00
 0.4327302E+01
 0.3725000E+01 -0.1977581E+00  0.4723929E+01 -0.6302617E-01  0.6340724E+01  0.1185230E+00 -0.1599997E+01 -0.2910249E-02  0.6120325E+01 -0.1460830E+00  0.5489934E+01  0.3041517E+00  0.2554026E+01  0.1094963E+00  0.4761629E+01 -0.5785851E-01  0.3790087E+01 -0.5225213E-01  0.5305371E+01 -0.8267483E+00
 0.4380271E+01
 0.3750000E+01 -0.1956912E+00  0.4780326E+01 -0.7904742E-01  0.6405201E+01  0.1095885E+00 -0.1641502E+01 -0.2990691E-02  0.6183877E+01 -0.1265706E+00  0.5549702E+01  0.3107083E+00  0.2601669E+01  0.1081501E+00  0.4818272E+01 -0.5839991E-01  0.3842412E+01 -0.4935254E-01  0.5364694E+01 -0.8178893E+00
 0.4433238E+01
 0.3775000E+01 -0.1936976E+00  0.4836722E+01 -0.9503730E-01  0.6469678E+01  0.1008422E+00 -0.1683126E+01 -0.3032181E-02  0.6247429E+01 -0.1070669E+00  0.5609469E+01  0.3166878E+00  0.2649319E+01  0.1068710E+00  0.4874915E+01 -0.5906920E-01  0.3894738E+01 -0.4645168E-01  0.5424018E+01 -0.8099477E+00
 0.4486202E+01
 0.3800000E+01 -0.1917387E+00  0.4893119E+01 -0.1109796E+00  0.6534156E+01  0.9229180E-01 -0.1724858E+01 -0.3036187E-02  0.6310981E+01 -0.8754320E-01  0.5669237E+01  0.3218219E+00  0.2696976E+01  0.1056114E+00  0.4931559E+01 -0.5988615E-01  0.3947063E+01 -0.4353814E-01  0.5483341E+01 -0.8032953E+00
 0.4539164E+01
 0.3825000E+01 -0.1897518E+00  0.4949515E+01 -0.1268480E+00  0.6598633E+01  0.8393907E-01 -0.1766685E+01 -0.3004739E-02  0.6374533E+01 -0.6797821E-01  0.5729004E+01  0.3258830E+00  0.2744637E+01  0.1043301E+00  0.4988202E+01 -0.6086894E-01  0.3999389E+01 -0.4060133E-01  0.5542665E+01 -0.7982447E+00
 0.4592124E+01
 0.3850000E+01 -0.1876767E+00  0.5005911E+01 -0.1426075E+00  0.6663110E+01  0.7578026E-01 -0.1808599E+01 -0.2940156E-02  0.6438085E+01 -0.4836074E-01  0.5788772E+01  0.3286840E+00  0.2792303E+01  0.1029934E+00  0.5044846E+01 -0.6203206E-01  0.4051715E+01 -0.3763213E-01  0.5601988E+01 -0.7949541E+00
 0.4645082E+01
 0.3875000E+01 -0.1854601E+00  0.5062308E+01 -0.1582175E+00  0.6727587E+01  0.6780793E-01 -0.1850589E+01 -0.2844588E-02  0.6501637E+01 -0.2868993E-01  0.5848539E+01  0.3300782E+00  0.2839972E+01  0.1015761E+00  0.5101489E+01 -0.6337942E-01  0.4104042E+01 -0.3462239E-01  0.5661312E+01 -0.7933008E+00
 0.4698038E+01
 0.3900000E+01 -0.1830539E+00  0.5118704E+01 -0.1736325E+00  0.6792064E+01  0.6001079E-01 -0.1892648E+01 -0.2719911E-02  0.6565188E+01 -0.8973886E-02  0.5908307E+01  0.3299616E+00  0.2887644E+01  0.1000597E+00  0.5158132E+01 -0.6490332E-01  0.4156368E+01 -0.3156445E-01  0.5720635E+01 -0.7927910E+00
 0.4750992E+01
 0.3925000E+01 -0.1804140E+00  0.5175100E+01 -0.1888012E+00  0.6856541E+01  0.5237346E-01 -0.1934768E+01 -0.2568280E-02  0.6628740E+01  0.1076961E-01  0.5968074E+01  0.3282733E+00  0.2935319E+01  0.9842718E-01  0.5214776E+01 -0.6658850E-01  0.4208694E+01 -0.2845283E-01  0.5779959E+01 -0.7926104E+00
 0.4803945E+01
 0.3950000E+01 -0.1775025E+00  0.5231496E+01 -0.2036668E+00  0.6921018E+01  0.4485693E-01 -0.1976943E+01 -0.2392623E-02  0.6692292E+01  0.3051193E-01  0.6027842E+01  0.3249983E+00  0.2982996E+01  0.9665939E-01  0.5271419E+01 -0.6841305E-01  0.4261021E+01 -0.2528603E-01  0.5839282E+01 -0.7919336E+00
 0.4856896E+01
 0.3975000E+01 -0.1742871E+00  0.5287892E+01 -0.2181673E+00  0.6985495E+01  0.3744281E-01 -0.2019168E+01 -0.2196479E-02  0.6755844E+01  0.5021439E-01  0.6087609E+01  0.3201707E+00  0.3030674E+01  0.9473607E-01  0.5328062E+01 -0.7034881E-01  0.4313348E+01 -0.2206586E-01  0.5898606E+01 -0.7901967E+00
 0.4909846E+01
 0.4000000E+01 -0.1707401E+00  0.5344288E+01 -0.2322391E+00  0.7049972E+01  0.3011216E-01 -0.2061436E+01 -0.1983553E-02  0.6819396E+01  0.6983069E-01  0.6147377E+01  0.3138712E+00  0.3078354E+01  0.9263962E-01  0.5384706E+01 -0.7236387E-01  0.4365674E+01 -0.1879612E-01  0.5957929E+01 -0.7870770E+00
 0.4962794E+01
 0.4025000E+01 -0.1668417E+00  0.5400684E+01 -0.2458214E+00  0.7114449E+01  0.2284638E-01 -0.2103743E+01 -0.1757583E-02  0.6882948E+01  0.8930963E-01  0.6207144E+01  0.3062141E+00  0.3126035E+01  0.9035728E-01  0.5441349E+01 -0.7442494E-01  0.4418001E+01 -0.1548221E-01  0.6017253E+01 -0.7823897E+00
 0.5015741E+01
 0.4050000E+01 -0.1625791E+00  0.5457080E+01 -0.2588598E+00  0.7178926E+01  0.1562809E-01 -0.2146085E+01 -0.1522305E-02  0.6946500E+01  0.1085980E+00  0.6266912E+01  0.2973365E+00  0.3173717E+01  0.8788193E-01  0.5497992E+01 -0.7650180E-01  0.4470328E+01 -0.1213072E-01  0.6076576E+01 -0.7760253E+00
 0.5068686E+01
 0.4075000E+01 -0.1579465E+00  0.5513476E+01 -0.2713067E+00  0.7243403E+01  0.8442018E-02 -0.2188459E+01 -0.1281426E-02  0.7010052E+01  0.1276425E+00  0.6326679E+01  0.2873929E+00  0.3221400E+01  0.8521162E-01  0.5554635E+01 -0.7857413E-01  0.4522655E+01 -0.8748848E-02  0.6135900E+01 -0.7679194E+00
 0.5121631E+01
 0.4100000E+01 -0.1529435E+00  0.5569872E+01 -0.2831209E+00  0.7307880E+01  0.1275756E-02 -0.2230860E+01 -0.1038679E-02  0.7073603E+01  0.1463905E+00  0.6386447E+01  0.2765566E+00  0.3269084E+01  0.8234763E-01  0.5611279E+01 -0.8063249E-01  0.4574982E+01 -0.5344666E-02  0.6195223E+01 -0.7580380E+00
 0.5174575E+01
 0.4125000E+01 -0.1475764E+00  0.5626268E+01 -0.2942681E+00  0.7372357E+01 -0.5879888E-02 -0.2273285E+01 -0.7978893E-03  0.7137155E+01  0.1647909E+00  0.6446214E+01  0.2650219E+00  0.3316768E+01  0.7929300E-01  0.5667922E+01 -0.8267165E-01  0.4627309E+01 -0.1927474E-02  0.6254547E+01 -0.7463729E+00
 0.5227517E+01
 0.4150000E+01 -0.1418566E+00  0.5682664E+01 -0.3047216E+00  0.7436834E+01 -0.1303107E-01 -0.2315733E+01 -0.5629524E-03  0.7200707E+01  0.1827957E+00  0.6505982E+01  0.2529993E+00  0.3364453E+01  0.7605285E-01  0.5724565E+01 -0.8468638E-01  0.4679635E+01  0.1492716E-02  0.6313870E+01 -0.7329414E+00
 0.5280459E+01
 0.4175000E+01 -0.1358000E+00  0.5739059E+01 -0.3144657E+00  0.7501311E+01 -0.2018121E-01 -0.2358201E+01 -0.3377501E-03  0.7264259E+01  0.2003633E+00  0.6565749E+01  0.2406970E+00  0.3412138E+01  0.7263606E-01  0.5781208E+01 -0.8667258E-01  0.4731962E+01  0.4906440E-02  0.6373194E+01 -0.7177855E+00
 0.5333399E+01
 0.4200000E+01 -0.1294264E+00  0.5795455E+01 -0.3234968E+00  0.7565787E+01 -0.2733128E-01 -0.2400686E+01 -0.1260993E-03  0.7327811E+01  0.2174607E+00  0.6625517E+01  0.2282997E+00  0.3459823E+01  0.6905518E-01  0.5837852E+01 -0.8861353E-01  0.4784289E+01  0.8305142E-02  0.6432517E+01 -0.7009733E+00
 0.5386339E+01
 0.4225000E+01 -0.1227604E+00  0.5851851E+01 -0.3318236E+00  0.7630264E+01 -0.3448022E-01 -0.2443186E+01  0.6825679E-04  0.7391363E+01  0.2340642E+00  0.6685284E+01  0.2159709E+00  0.3507510E+01  0.6532422E-01  0.5894495E+01 -0.9046393E-01  0.4836616E+01  0.1168049E-01  0.6491841E+01 -0.6825972E+00
 0.5439278E+01
 0.4250000E+01 -0.1158311E+00  0.5908247E+01 -0.3394675E+00  0.7694741E+01 -0.4162528E-01 -0.2485701E+01  0.2416540E-03  0.7454915E+01  0.2501601E+00  0.6745051E+01  0.2038923E+00  0.3555196E+01  0.6145770E-01  0.5951138E+01 -0.9217445E-01  0.4888943E+01  0.1502438E-01  0.6551164E+01 -0.6627722E+00
 0.5492217E+01
 0.4275000E+01 -0.1086707E+00  0.5964643E+01 -0.3464640E+00  0.7759218E+01 -0.4879331E-01 -0.2528228E+01  0.3905264E-03  0.7518467E+01  0.2657472E+00  0.6804819E+01  0.1922788E+00  0.3602883E+01  0.5747106E-01  0.6007782E+01 -0.9371823E-01  0.4941270E+01  0.1832968E-01  0.6610488E+01 -0.6416341E+00
 0.5545155E+01
 0.4300000E+01 -0.1013143E+00  0.6021038E+01 -0.3528622E+00  0.7823695E+01 -0.5597912E-01 -0.2570766E+01  0.5114735E-03  0.7582018E+01  0.2808377E+00  0.6864586E+01  0.1813499E+00  0.3650570E+01  0.5337996E-01  0.6064425E+01 -0.9509127E-01  0.4993597E+01  0.2159048E-01  0.6669811E+01 -0.6193366E+00
 0.5598093E+01
 0.4325000E+01 -0.9379816E-01  0.6077434E+01 -0.3587231E+00  0.7888172E+01 -0.6317575E-01 -0.2613314E+01  0.6013227E-03  0.7645570E+01  0.2954565E+00  0.6924354E+01  0.1713105E+00  0.3698257E+01  0.4919909E-01  0.6121068E+01 -0.9630469E-01  0.5045924E+01  0.2480198E-01  0.6729135E+01 -0.5960438E+00
 0.5651030E+01
 0.4350000E+01 -0.8615794E-01  0.6133830E+01 -0.3641173E+00  0.7952648E+01 -0.7037460E-01 -0.2655871E+01  0.6571000E-03  0.7709122E+01  0.3096403E+00  0.6984121E+01  0.1623429E+00  0.3745945E+01  0.4494229E-01  0.6177711E+01 -0.9737766E-01  0.5098251E+01  0.2796108E-01  0.6788458E+01 -0.5719246E+00
 0.5703967E+01
 0.4375000E+01 -0.7842598E-01  0.6190226E+01 -0.3691230E+00  0.8017125E+01 -0.7756570E-01 -0.2698436E+01  0.6759118E-03  0.7772674E+01  0.3234368E+00  0.7043888E+01  0.1545956E+00  0.3793633E+01  0.4062350E-01  0.6234355E+01 -0.9833096E-01  0.5150578E+01  0.3106722E-01  0.6847782E+01 -0.5471436E+00
 0.5756903E+01
 0.4400000E+01 -0.7062936E-01  0.6246621E+01 -0.3738218E+00  0.8081602E+01 -0.8473798E-01 -0.2741008E+01  0.6549795E-03  0.7836226E+01  0.3369020E+00  0.7103655E+01  0.1481693E+00  0.3841321E+01  0.3625671E-01  0.6290998E+01 -0.9918373E-01  0.5202905E+01  0.3412249E-01  0.6907106E+01 -0.5218533E+00
 0.5809839E+01
 0.4425000E+01 -0.6279024E-01  0.6303017E+01 -0.3782912E+00  0.8146079E+01 -0.9183491E-01 -0.2783586E+01  0.5919382E-03  0.7899778E+01  0.3500930E+00  0.7163423E+01  0.1431076E+00  0.3889009E+01  0.3185364E-01  0.6347641E+01 -0.9995407E-01  0.5255232E+01  0.3713019E-01  0.6966429E+01 -0.4961863E+00
 0.5862775E+01
 0.4450000E+01 -0.5492617E-01  0.6359413E+01 -0.3825964E+00  0.8210555E+01 -0.9878267E-01 -0.2826170E+01  0.4850971E-03  0.7963330E+01  0.3630599E+00  0.7223190E+01  0.1394072E+00  0.3936697E+01  0.2742218E-01  0.6404284E+01 -0.1006590E+00  0.5307558E+01  0.4009333E-01  0.7025753E+01 -0.4702484E+00
 0.5915711E+01
 0.4475000E+01 -0.4704941E-01  0.6415809E+01 -0.3867804E+00  0.8275032E+01 -0.1055636E+00 -0.2868759E+01  0.3335120E-03  0.8026882E+01  0.3758367E+00  0.7282957E+01  0.1370439E+00  0.3984386E+01  0.2296648E-01  0.6460928E+01 -0.1013114E+00  0.5359885E+01  0.4301364E-01  0.7085076E+01 -0.4441099E+00
 0.5968646E+01
 0.4500000E+01 -0.3916646E-01  0.6472204E+01 -0.3908567E+00  0.8339509E+01 -0.1121950E+00 -0.2911353E+01  0.1369986E-03  0.8090433E+01  0.3884315E+00  0.7342724E+01  0.1359971E+00  0.4032074E+01  0.1848815E-01  0.6517571E+01 -0.1019169E+00  0.5412212E+01  0.4589063E-01  0.7144400E+01 -0.4178005E+00
 0.6021582E+01
 0.4525000E+01 -0.3127932E-01  0.6528600E+01 -0.3948030E+00  0.8403985E+01 -0.1186943E+00 -0.2953951E+01 -0.1037847E-03  0.8153985E+01  0.4008195E+00  0.7402491E+01  0.1362644E+00  0.4079763E+01  0.1398720E-01  0.6574214E+01 -0.1024716E+00  0.5464539E+01  0.4872056E-01  0.7203723E+01 -0.3913103E+00
 0.6074517E+01
 0.4550000E+01 -0.2338786E-01  0.6584996E+01 -0.3985630E+00  0.8468462E+01 -0.1250622E+00 -0.2996552E+01 -0.3873152E-03  0.8217537E+01  0.4129419E+00  0.7462258E+01  0.1378550E+00  0.4127451E+01  0.9463335E-02  0.6630857E+01 -0.1029633E+00  0.5516866E+01  0.5149589E-01  0.7263047E+01 -0.3645997E+00
 0.6127452E+01
 0.4575000E+01 -0.1549208E-01  0.6641392E+01 -0.4020532E+00  0.8532939E+01 -0.1312881E+00 -0.3039157E+01 -0.7113121E-03  0.8281089E+01  0.4247107E+00  0.7522025E+01  0.1407631E+00  0.4175140E+01  0.4917331E-02  0.6687501E+01 -0.1033726E+00  0.5569193E+01  0.5420561E-01  0.7322370E+01 -0.3376121E+00
 0.6180387E+01
 0.4600000E+01 -0.7593755E-02  0.6697787E+01 -0.4051680E+00  0.8597415E+01 -0.1373614E+00 -0.3081765E+01 -0.1072831E-02  0.8344641E+01  0.4360129E+00  0.7581792E+01  0.1449570E+00  0.4222829E+01  0.3521250E-03  0.6744144E+01 -0.1036741E+00  0.5621520E+01  0.5683547E-01  0.7381694E+01 -0.3102844E+00
 0.6233322E+01
 0.4625000E+01  0.3019945E-03  0.6754183E+01 -0.4077829E+00  0.8661892E+01 -0.1432728E+00 -0.3124375E+01 -0.1468211E-02  0.8408193E+01  0.4467113E+00  0.7641559E+01  0.1504127E+00  0.4270518E+01 -0.4226808E-02  0.6800787E+01 -0.1038377E+00  0.5673846E+01  0.5936788E-01  0.7441017E+01 -0.2825538E+00
 0.6286257E+01
 0.4650000E+01  0.8185290E-02  0.6810579E+01 -0.4097577E+00  0.8726369E+01 -0.1490125E+00 -0.3166988E+01 -0.1893040E-02  0.8471745E+01  0.4566485E+00  0.7701326E+01  0.1571529E+00  0.4318207E+01 -0.8811284E-02  0.6857430E+01 -0.1038306E+00  0.5726173E+01  0.6178193E-01  0.7500341E+01 -0.2543647E+00
 0.6339191E+01
 0.4675000E+01  0.1604114E-01  0.6866975E+01 -0.4109457E+00  0.8790845E+01 -0.1545699E+00 -0.3209603E+01 -0.2342409E-02  0.8535297E+01  0.4656549E+00  0.7761093E+01  0.1652471E+00  0.4365895E+01 -0.1338988E-01  0.6914074E+01 -0.1036182E+00  0.5778500E+01  0.6405457E-01  0.7559664E+01 -0.2256769E+00
 0.6392126E+01
 0.4700000E+01  0.2385016E-01  0.6923370E+01 -0.4112040E+00  0.8855322E+01 -0.1599867E+00 -0.3252220E+01 -0.2811325E-02  0.8598848E+01  0.4735597E+00  0.7820860E+01  0.1747788E+00  0.4413584E+01 -0.1794734E-01  0.6970717E+01 -0.1031658E+00  0.5830827E+01  0.6616220E-01  0.7618988E+01 -0.1964707E+00
 0.6445061E+01
 0.4725000E+01  0.3158956E-01  0.6979766E+01 -0.4103992E+00  0.8919799E+01 -0.1652574E+00 -0.3294839E+01 -0.3294996E-02  0.8662400E+01  0.4801977E+00  0.7880627E+01  0.1858101E+00  0.4461273E+01 -0.2246452E-01  0.7027360E+01 -0.1024389E+00  0.5883153E+01  0.6808185E-01  0.7678311E+01 -0.1667489E+00
 0.6497996E+01
 0.4750000E+01  0.3923317E-01  0.7036162E+01 -0.4084109E+00  0.8984275E+01 -0.1703776E+00 -0.3337459E+01 -0.3788677E-02  0.8725952E+01  0.4854137E+00  0.7940394E+01  0.1983853E+00  0.4508961E+01 -0.2691942E-01  0.7084003E+01 -0.1014051E+00  0.5935480E+01  0.6979162E-01  0.7737635E+01 -0.1365371E+00
 0.6550930E+01
 0.4775000E+01  0.4675076E-01  0.7092558E+01 -0.4051335E+00  0.9048752E+01 -0.1753445E+00 -0.3380082E+01 -0.4287165E-02  0.8789504E+01  0.4890658E+00  0.8000160E+01  0.2125997E+00  0.4556650E+01 -0.3128916E-01  0.7140647E+01 -0.1000378E+00  0.5987807E+01  0.7127059E-01  0.7796958E+01 -0.1058846E+00
 0.6603865E+01
 0.4800000E+01  0.5410830E-01  0.7148953E+01 -0.4004798E+00  0.9113228E+01 -0.1801569E+00 -0.3422705E+01 -0.4784574E-02  0.8853056E+01  0.4910309E+00  0.8059927E+01  0.2286600E+00  0.4604338E+01 -0.3555151E-01  0.7197290E+01 -0.9831862E-01  0.6040134E+01  0.7249935E-01  0.7856282E+01 -0.7486474E-01
 0.6656800E+01
 0.4825000E+01  0.6126996E-01  0.7205349E+01 -0.3943845E+00  0.9177705E+01 -0.1848148E+00 -0.3465330E+01 -0.5274733E-02  0.8916608E+01  0.4912095E+00  0.8119694E+01  0.2468446E+00  0.4652027E+01 -0.3968505E-01  0.7253933E+01 -0.9623713E-01  0.6092460E+01  0.7346108E-01  0.7915605E+01 -0.4357049E-01
 0.6709734E+01
 0.4850000E+01  0.6820037E-01  0.7261745E+01 -0.3868061E+00  0.9242182E+01 -0.1893205E+00 -0.3507956E+01 -0.5751722E-02  0.8980160E+01  0.4895282E+00  0.8179461E+01  0.2673567E+00  0.4699715E+01 -0.4366881E-01  0.7310576E+01 -0.9378854E-01  0.6144787E+01  0.7414251E-01  0.7974929E+01 -0.1210972E-01
 0.6762669E+01
 0.4875000E+01  0.7486592E-01  0.7318140E+01 -0.3777262E+00  0.9306658E+01 -0.1936789E+00 -0.3550583E+01 -0.6210039E-02  0.9043711E+01  0.4859399E+00  0.8239227E+01  0.2901043E+00  0.4747403E+01 -0.4748243E-01  0.7367220E+01 -0.9097294E-01  0.6197114E+01  0.7453408E-01  0.8034252E+01  0.1939970E-01
 0.6815604E+01
 0.4900000E+01  0.8123543E-01  0.7374536E+01 -0.3671482E+00  0.9371135E+01 -0.1978977E+00 -0.3593211E+01 -0.6644538E-02  0.9107263E+01  0.4804233E+00  0.8298994E+01  0.3144528E+00  0.4795091E+01 -0.5110694E-01  0.7423863E+01 -0.8779542E-01  0.6249441E+01  0.7463007E-01  0.8093576E+01  0.5083357E-01
 0.6868539E+01
 0.4925000E+01  0.8728139E-01  0.7430932E+01 -0.3550987E+00  0.9435611E+01 -0.2019882E+00 -0.3635840E+01 -0.7050422E-02  0.9170815E+01  0.4729863E+00  0.8358761E+01  0.3393032E+00  0.4842778E+01 -0.5452580E-01  0.7480506E+01 -0.8426678E-01  0.6301767E+01  0.7442909E-01  0.8152899E+01  0.8206538E-01
 0.6921473E+01
 0.4950000E+01  0.9298132E-01  0.7487328E+01 -0.3416284E+00  0.9500088E+01 -0.2060766E+00 -0.3678470E+01 -0.7423244E-02  0.9234367E+01  0.4636678E+00  0.8418527E+01  0.3636389E+00  0.4890466E+01 -0.5772583E-01  0.7537149E+01 -0.8040383E-01  0.6354094E+01  0.7393453E-01  0.8212223E+01  0.1129711E+00
 0.6974408E+01
 0.4975000E+01  0.9831888E-01  0.7543723E+01 -0.3268100E+00  0.9564564E+01 -0.2101705E+00 -0.3721100E+01 -0.7759020E-02  0.9297919E+01  0.4525374E+00  0.8478294E+01  0.3868630E+00  0.4938153E+01 -0.6069774E-01  0.7593793E+01 -0.7622866E-01  0.6406421E+01  0.7315461E-01  0.8271546E+01  0.1434347E+00
 0.7027343E+01
 0.5000000E+01  0.1032851E+00  0.7600119E+01 -0.3107360E+00  0.9629041E+01 -0.2142791E+00 -0.3763732E+01 -0.8054469E-02  0.9361471E+01  0.4396922E+00  0.8538061E+01  0.4087137E+00  0.4985839E+01 -0.6343612E-01  0.7650436E+01 -0.7176710E-01  0.6458748E+01  0.7210234E-01  0.8330870E+01  0.1733532E+00
 0.7080277E+01
