  0.0000000000E+00    0.0000000000E+00
  0.1000000000E-02   -0.6419299000E-08
  0.2000000000E-02   -0.8987476999E-08
  0.3000000000E-02   -0.7103424998E-08
  0.4000000000E-02   -0.5684660998E-09
  0.5000000000E-02    0.1038972999E-07
  0.6000000000E-02    0.2512461998E-07
  0.7000000000E-02    0.4260940995E-07
  0.8000000000E-02    0.6150445990E-07
  0.9000000000E-02    0.8024928984E-07
  0.1000000000E-01    0.9717303976E-07
  0.1100000000E-01    0.1106161997E-06
  0.1200000000E-01    0.1190551996E-06
  0.1300000000E-01    0.1212220995E-06
  0.1400000000E-01    0.1162095994E-06
  0.1500000000E-01    0.1035558994E-06
  0.1600000000E-01    0.8330120947E-07
  0.1700000000E-01    0.5601211960E-07
  0.1800000000E-01    0.2277153982E-07
  0.1900000000E-01   -0.1486714987E-07
  0.2000000000E-01   -0.5495912945E-07
  0.2100000000E-01   -0.9527666895E-07
  0.2200000000E-01   -0.1334407984E-06
  0.2300000000E-01   -0.1670682978E-06
  0.2400000000E-01   -0.1939247972E-06
  0.2500000000E-01   -0.2120743967E-06
  0.2600000000E-01   -0.2200150963E-06
  0.2700000000E-01   -0.2167916960E-06
  0.2800000000E-01   -0.2020772960E-06
  0.2900000000E-01   -0.1762163963E-06
  0.3000000000E-01   -0.1402273968E-06
  0.3100000000E-01   -0.9576055770E-07
  0.3200000000E-01   -0.4501564885E-07
  0.3300000000E-01    0.9379001745E-08
  0.3400000000E-01    0.6451712814E-07
  0.3500000000E-01    0.1173864964E-06
  0.3600000000E-01    0.1650510947E-06
  0.3700000000E-01    0.2048313930E-06
  0.3800000000E-01    0.2344708915E-06
  0.3900000000E-01    0.2522777904E-06
  0.4000000000E-01    0.2572316897E-06
  0.4100000000E-01    0.2490479895E-06
  0.4200000000E-01    0.2281955899E-06
  0.4300000000E-01    0.1958661909E-06
  0.4400000000E-01    0.1538980926E-06
  0.4500000000E-01    0.1046581947E-06
  0.4600000000E-01    0.5089198731E-07
  0.4700000000E-01   -0.4448875754E-08
  0.4800000000E-01   -0.5838930664E-07
  0.4900000000E-01   -0.1081111935E-06
  0.5000000000E-01   -0.1511194906E-06
  0.5100000000E-01   -0.1853821879E-06
  0.5200000000E-01   -0.2094365858E-06
  0.5300000000E-01   -0.2224544844E-06
  0.5400000000E-01   -0.2242632837E-06
  0.5500000000E-01   -0.2153240837E-06
  0.5600000000E-01   -0.1966691846E-06
  0.5700000000E-01   -0.1698056862E-06
  0.5800000000E-01   -0.1365934885E-06
  0.5900000000E-01   -0.9910848137E-07
  0.6000000000E-01   -0.5950065464E-07
  0.6100000000E-01   -0.1985810815E-07
  0.6200000000E-01    0.1791313828E-07
  0.6300000000E-01    0.5218648482E-07
  0.6400000000E-01    0.8168345164E-07
  0.6500000000E-01    0.1055111889E-06
  0.6600000000E-01    0.1231690866E-06
  0.6700000000E-01    0.1345262849E-06
  0.6800000000E-01    0.1397767838E-06
  0.6900000000E-01    0.1393761834E-06
  0.7000000000E-01    0.1339703836E-06
  0.7100000000E-01    0.1243212843E-06
  0.7200000000E-01    0.1112393856E-06
  0.7300000000E-01    0.9552577727E-07
  0.7400000000E-01    0.7793177933E-07
  0.7500000000E-01    0.5913451168E-07
  0.7600000000E-01    0.3973069426E-07
  0.7700000000E-01    0.2024532700E-07
  0.7800000000E-01    0.1151560825E-08
  0.7900000000E-01   -0.1710362733E-07
  0.8000000000E-01   -0.3407373455E-07
  0.8100000000E-01   -0.4929291191E-07
  0.8200000000E-01   -0.6226688953E-07
  0.8300000000E-01   -0.7247839752E-07
  0.8400000000E-01   -0.7940860599E-07
  0.8500000000E-01   -0.8257422508E-07
  0.8600000000E-01   -0.8157765492E-07
  0.8700000000E-01   -0.7616535559E-07
  0.8800000000E-01   -0.6628814717E-07
  0.8900000000E-01   -0.5215627967E-07
  0.9000000000E-01   -0.3428131306E-07
  0.9100000000E-01   -0.1349803721E-07
  0.9200000000E-01    0.9039669087E-08
  0.9300000000E-01    0.3189267310E-07
  0.9400000000E-01    0.5340148820E-07
  0.9500000000E-01    0.7178061380E-07
  0.9600000000E-01    0.8523765036E-07
  0.9700000000E-01    0.9210995833E-07
  0.9800000000E-01    0.9100913815E-07
  0.9900000000E-01    0.8096195016E-07
  0.1000000000E+00    0.6153572462E-07
  0.1010000000E+00    0.3293643160E-07
  0.1020000000E+00   -0.3931279977E-08
  0.1030000000E+00   -0.4745044741E-07
  0.1040000000E+00   -0.9532979422E-07
  0.1050000000E+00   -0.1446952601E-06
  0.1060000000E+00   -0.1922325460E-06
  0.1070000000E+00   -0.2343746329E-06
  0.1080000000E+00   -0.2675236220E-06
  0.1090000000E+00   -0.2882939144E-06
  0.1100000000E+00   -0.2937609111E-06
  0.1110000000E+00   -0.2816982132E-06
  0.1120000000E+00   -0.2507848213E-06
  0.1130000000E+00   -0.2007687359E-06
  0.1140000000E+00   -0.1325702569E-06
  0.1150000000E+00   -0.4831661402E-07
  0.1160000000E+00    0.4869994362E-07
  0.1170000000E+00    0.1541404472E-06
  0.1180000000E+00    0.2628115085E-06
  0.1190000000E+00    0.3689222694E-06
  0.1200000000E+00    0.4663927321E-06
  0.1210000000E+00    0.5491964990E-06
  0.1220000000E+00    0.6117175724E-06
  0.1230000000E+00    0.6491000545E-06
  0.1240000000E+00    0.6575686472E-06
  0.1250000000E+00    0.6346998521E-06
  0.1260000000E+00    0.5796246699E-06
  0.1270000000E+00    0.4931503011E-06
  0.1280000000E+00    0.3777891452E-06
  0.1290000000E+00    0.2376922011E-06
  0.1300000000E+00    0.7848810684E-07
  0.1310000000E+00   -0.9296600011E-07
  0.1320000000E+00   -0.2689080829E-06
  0.1330000000E+00   -0.4410534049E-06
  0.1340000000E+00   -0.6010140302E-06
  0.1350000000E+00   -0.7407331625E-06
  0.1360000000E+00   -0.8529097056E-06
  0.1370000000E+00   -0.9313902629E-06
  0.1380000000E+00   -0.9715062374E-06
  0.1390000000E+00   -0.9703368313E-06
  0.1400000000E+00   -0.9268848458E-06
  0.1410000000E+00   -0.8421535814E-06
  0.1420000000E+00   -0.7191223375E-06
  0.1430000000E+00   -0.5626210124E-06
  0.1440000000E+00   -0.3791103035E-06
  0.1450000000E+00   -0.1763811073E-06
  0.1460000000E+00    0.3681303038E-07
  0.1470000000E+00    0.2511692643E-06
  0.1480000000E+00    0.4572739496E-06
  0.1490000000E+00    0.6460437414E-06
  0.1500000000E+00    0.8091470448E-06
  0.1510000000E+00    0.9393855645E-06
  0.1520000000E+00    0.1031018404E-05
  0.1530000000E+00    0.1080012368E-05
  0.1540000000E+00    0.1084213357E-05
  0.1550000000E+00    0.1043423373E-05
  0.1560000000E+00    0.9593907163E-06
  0.1570000000E+00    0.8357154850E-06
  0.1580000000E+00    0.6776683770E-06
  0.1590000000E+00    0.4919442891E-06
  0.1600000000E+00    0.2863581167E-06
  0.1610000000E+00    0.6949824496E-07
  0.1620000000E+00   -0.1496443018E-06
  0.1630000000E+00   -0.3620551595E-06
  0.1640000000E+00   -0.5590680241E-06
  0.1650000000E+00   -0.7327128013E-06
  0.1660000000E+00   -0.8760266965E-06
  0.1670000000E+00   -0.9833173144E-06
  0.1680000000E+00   -0.1050368259E-05
  0.1690000000E+00   -0.1074585233E-05
  0.1700000000E+00   -0.1055066238E-05
  0.1710000000E+00   -0.9926204743E-06
  0.1720000000E+00   -0.8897090419E-06
  0.1730000000E+00   -0.7503332386E-06
  0.1740000000E+00   -0.5798681611E-06
  0.1750000000E+00   -0.3848508053E-06
  0.1760000000E+00   -0.1727336662E-06
  0.1770000000E+00    0.4838823210E-07
  0.1780000000E+00    0.2700663861E-06
  0.1790000000E+00    0.4837930125E-06
  0.1800000000E+00    0.6812930481E-06
  0.1810000000E+00    0.8548048999E-06
  0.1820000000E+00    0.9973425741E-06
  0.1830000000E+00    0.1102934077E-05
  0.1840000000E+00    0.1166829012E-05
  0.1850000000E+00    0.1185675985E-05
  0.1860000000E+00    0.1157658999E-05
  0.1870000000E+00    0.1082594054E-05
  0.1880000000E+00    0.9619861499E-06
  0.1890000000E+00    0.7990355864E-06
  0.1900000000E+00    0.5985979597E-06
  0.1910000000E+00    0.3670910652E-06
  0.1920000000E+00    0.1123482965E-06
  0.1930000000E+00   -0.1565838542E-06
  0.1940000000E+00   -0.4297039957E-06
  0.1950000000E+00   -0.6963672380E-06
  0.1960000000E+00   -0.9456472918E-06
  0.1970000000E+00   -0.1166738868E-05
  0.1980000000E+00   -0.1349393677E-05
  0.1990000000E+00   -0.1484369530E-05
  0.2000000000E+00   -0.1563879436E-05
  0.2010000000E+00   -0.1582020402E-05
  0.2020000000E+00   -0.1535153434E-05
  0.2030000000E+00   -0.1422216535E-05
  0.2040000000E+00   -0.1244945705E-05
  0.2050000000E+00   -0.1007978941E-05
  0.2060000000E+00   -0.7188333374E-06
  0.2070000000E+00   -0.3877407846E-06
  0.2080000000E+00   -0.2733481043E-07
  0.2090000000E+00    0.3478019202E-06
  0.2100000000E+00    0.7217205043E-06
  0.2110000000E+00    0.1077794800E-05
  0.2120000000E+00    0.1399489427E-05
  0.2130000000E+00    0.1671166104E-05
  0.2140000000E+00    0.1878888849E-05
  0.2150000000E+00    0.2011185676E-05
  0.2160000000E+00    0.2059715597E-05
  0.2170000000E+00    0.2019803622E-05
  0.2180000000E+00    0.1890808753E-05
  0.2190000000E+00    0.1676290990E-05
  0.2200000000E+00    0.1383972325E-05
  0.2210000000E+00    0.1025465748E-05
  0.2220000000E+00    0.6158059412E-06
  0.2230000000E+00    0.1727821852E-06
  0.2240000000E+00   -0.2838904439E-06
  0.2250000000E+00   -0.7335109716E-06
  0.2260000000E+00   -0.1155404525E-05
  0.2270000000E+00   -0.1529943029E-05
  0.2280000000E+00   -0.1839531609E-05
  0.2290000000E+00   -0.2069486287E-05
  0.2300000000E+00   -0.2208780079E-05
  0.2310000000E+00   -0.2250598997E-05
  0.2320000000E+00   -0.2192687049E-05
  0.2330000000E+00   -0.2037457235E-05
  0.2340000000E+00   -0.1791872547E-05
  0.2350000000E+00   -0.1467101974E-05
  0.2360000000E+00   -0.1077964499E-05
  0.2370000000E+00   -0.6422094981E-06
  0.2380000000E+00   -0.1796540456E-06
  0.2390000000E+00    0.2887600876E-06
  0.2400000000E+00    0.7419543315E-06
  0.2410000000E+00    0.1159688316E-05
  0.2420000000E+00    0.1523482769E-05
  0.2430000000E+00    0.1817434317E-05
  0.2440000000E+00    0.2028911980E-05
  0.2450000000E+00    0.2149072775E-05
  0.2460000000E+00    0.2173212712E-05
  0.2470000000E+00    0.2100914795E-05
  0.2480000000E+00    0.1936009023E-05
  0.2490000000E+00    0.1686351386E-05
  0.2500000000E+00    0.1363423870E-05
  0.2510000000E+00    0.9817921536E-06
  0.2520000000E+00    0.5584399134E-06
  0.2530000000E+00    0.1120123207E-06
  0.2540000000E+00   -0.3379993548E-06
  0.2550000000E+00   -0.7720950448E-06
  0.2560000000E+00   -0.1171592080E-05
  0.2570000000E+00   -0.1519407491E-05
  0.2580000000E+00   -0.1800758003E-05
  0.2590000000E+00   -0.2003764639E-05
  0.2600000000E+00   -0.2119926417E-05
  0.2610000000E+00   -0.2144442348E-05
  0.2620000000E+00   -0.2076389437E-05
  0.2630000000E+00   -0.1918724682E-05
  0.2640000000E+00   -0.1678136076E-05
  0.2650000000E+00   -0.1364736604E-05
  0.2660000000E+00   -0.9916151458E-06
  0.2670000000E+00   -0.5742801765E-06
  0.2680000000E+00   -0.1300014666E-06
  0.2690000000E+00    0.3229073158E-06
  0.2700000000E+00    0.7658397042E-06
  0.2710000000E+00    0.1180646832E-05
  0.2720000000E+00    0.1550358132E-05
  0.2730000000E+00    0.1859840535E-05
  0.2740000000E+00    0.2096377065E-05
  0.2750000000E+00    0.2250133746E-05
  0.2760000000E+00    0.2314514592E-05
  0.2770000000E+00    0.2286380614E-05
  0.2780000000E+00    0.2166141815E-05
  0.2790000000E+00    0.1957714190E-05
  0.2800000000E+00    0.1668359730E-05
  0.2810000000E+00    0.1308407417E-05
  0.2820000000E+00    0.8908801288E-06
  0.2830000000E+00    0.4310327369E-06
  0.2840000000E+00   -0.5417282076E-07
  0.2850000000E+00   -0.5466459899E-06
  0.2860000000E+00   -0.1027779898E-05
  0.2870000000E+00   -0.1479081954E-05
  0.2880000000E+00   -0.1882809096E-05
  0.2890000000E+00   -0.2222589359E-05
  0.2900000000E+00   -0.2484012777E-05
  0.2910000000E+00   -0.2655190379E-05
  0.2920000000E+00   -0.2727240186E-05
  0.2930000000E+00   -0.2694706216E-05
  0.2940000000E+00   -0.2555886477E-05
  0.2950000000E+00   -0.2313041967E-05
  0.2960000000E+00   -0.1972488679E-05
  0.2970000000E+00   -0.1544549594E-05
  0.2980000000E+00   -0.1043346684E-05
  0.2990000000E+00   -0.4864468127E-06
  0.3000000000E+00    0.1056604623E-06
  0.3010000000E+00    0.7102343912E-06
  0.3020000000E+00    0.1303094029E-05
  0.3030000000E+00    0.1859546732E-05
  0.3040000000E+00    0.2355402558E-05
  0.3050000000E+00    0.2768033562E-05
  0.3060000000E+00    0.3077441796E-05
  0.3070000000E+00    0.3267268301E-05
  0.3080000000E+00    0.3325707112E-05
  0.3090000000E+00    0.3246265251E-05
  0.3100000000E+00    0.3028306724E-05
  0.3110000000E+00    0.2677367526E-05
  0.3120000000E+00    0.2205168633E-05
  0.3130000000E+00    0.1629344009E-05
  0.3140000000E+00    0.9728556019E-06
  0.3150000000E+00    0.2631079473E-06
  0.3160000000E+00   -0.4691951286E-06
  0.3170000000E+00   -0.1191421007E-05
  0.3180000000E+00   -0.1870536271E-05
  0.3190000000E+00   -0.2474724704E-05
  0.3200000000E+00   -0.2975000384E-05
  0.3210000000E+00   -0.3346746378E-05
  0.3220000000E+00   -0.3571065743E-05
  0.3230000000E+00   -0.3635895516E-05
  0.3240000000E+00   -0.3536773718E-05
  0.3250000000E+00   -0.3277240346E-05
  0.3260000000E+00   -0.2868810377E-05
  0.3270000000E+00   -0.2330521770E-05
  0.3280000000E+00   -0.1688060460E-05
  0.3290000000E+00   -0.9725114682E-06
  0.3300000000E+00   -0.2187838043E-06
  0.3310000000E+00    0.5361994313E-06
  0.3320000000E+00    0.1255452540E-05
  0.3330000000E+00    0.1903911722E-05
  0.3340000000E+00    0.2450330166E-05
  0.3350000000E+00    0.2868989950E-05
  0.3360000000E+00    0.3141102134E-05
  0.3370000000E+00    0.3255826755E-05
  0.3380000000E+00    0.3210829829E-05
  0.3390000000E+00    0.3012337345E-05
  0.3400000000E+00    0.2674679270E-05
  0.3410000000E+00    0.2219337548E-05
  0.3420000000E+00    0.1673550106E-05
  0.3430000000E+00    0.1068576857E-05
  0.3440000000E+00    0.4377347049E-06
  0.3450000000E+00   -0.1856480476E-06
  0.3460000000E+00   -0.7701962948E-06
  0.3470000000E+00   -0.1288221122E-05
  0.3480000000E+00   -0.1717079801E-05
  0.3490000000E+00   -0.2040073788E-05
  0.3500000000E+00   -0.2246826119E-05
  0.3510000000E+00   -0.2333184813E-05
  0.3520000000E+00   -0.2300729873E-05
  0.3530000000E+00   -0.2156032283E-05
  0.3540000000E+00   -0.1909869016E-05
  0.3550000000E+00   -0.1576556033E-05
  0.3560000000E+00   -0.1173551282E-05
  0.3570000000E+00   -0.7213772014E-06
  0.3580000000E+00   -0.2437729189E-06
  0.3590000000E+00    0.2321227521E-06
  0.3600000000E+00    0.6758963100E-06
  0.3610000000E+00    0.1054692564E-05
  0.3620000000E+00    0.1335122626E-05
  0.3630000000E+00    0.1486497103E-05
  0.3640000000E+00    0.1485332080E-05
  0.3650000000E+00    0.1320786601E-05
  0.3660000000E+00    0.1000203650E-05
  0.3670000000E+00    0.5536347357E-06
  0.3680000000E+00    0.3592402837E-07
  0.3690000000E+00   -0.4750181829E-06
  0.3700000000E+00   -0.8848567714E-06
  0.3710000000E+00   -0.1094798233E-05
  0.3720000000E+00   -0.1018326477E-05
  0.3730000000E+00   -0.6009432097E-06
  0.3740000000E+00    0.1600331404E-06
  0.3750000000E+00    0.1199569783E-05
  0.3760000000E+00    0.2377310597E-05
  0.3770000000E+00    0.3482370626E-05
  0.3780000000E+00    0.4253385806E-05
  0.3790000000E+00    0.4414529146E-05
  0.3800000000E+00    0.3725213551E-05
  0.3810000000E+00    0.2037842604E-05
  0.3820000000E+00   -0.6452217460E-06
  0.3830000000E+00   -0.4126710866E-05
  0.3840000000E+00   -0.7993592531E-05
  0.3850000000E+00   -0.1163114690E-04
  0.3860000000E+00   -0.1427916681E-04
  0.3870000000E+00   -0.1513145334E-04
  0.3880000000E+00   -0.1347205929E-04
  0.3890000000E+00   -0.8833027583E-05
  0.3900000000E+00   -0.1150586625E-05
  0.3910000000E+00    0.9109104183E-05
  0.3920000000E+00    0.2088533976E-04
  0.3930000000E+00    0.3254683432E-04
  0.3940000000E+00    0.4202286690E-04
  0.3950000000E+00    0.4704557648E-04
  0.3960000000E+00    0.4548914166E-04
  0.3970000000E+00    0.3577106905E-04
  0.3980000000E+00    0.1726184164E-04
  0.3990000000E+00   -0.9364612727E-05
  0.4000000000E+00   -0.4191307234E-04
  0.4010000000E+00   -0.7664915185E-04
  0.4020000000E+00   -0.1085309615E-03
  0.4030000000E+00   -0.1317092652E-03
  0.4040000000E+00   -0.1402746276E-03
  0.4050000000E+00   -0.1291869702E-03
  0.4060000000E+00   -0.9527646735E-04
  0.4070000000E+00   -0.3817384191E-04
  0.4080000000E+00    0.3899329772E-04
  0.4090000000E+00    0.1292957593E-03
  0.4100000000E+00    0.2222185661E-03
  0.4110000000E+00    0.3044721141E-03
  0.4120000000E+00    0.3613923663E-03
  0.4130000000E+00    0.3788393845E-03
  0.4140000000E+00    0.3454033199E-03
  0.4150000000E+00    0.2546504035E-03
  0.4160000000E+00    0.1070834367E-03
  0.4170000000E+00   -0.8852473514E-04
  0.4180000000E+00   -0.3147368251E-03
  0.4190000000E+00   -0.5462236025E-03
  0.4200000000E+00   -0.7518066844E-03
  0.4210000000E+00   -0.8977046220E-03
  0.4220000000E+00   -0.9517398625E-03
  0.4230000000E+00   -0.8880802272E-03
  0.4240000000E+00   -0.6919510899E-03
  0.4250000000E+00   -0.3636608578E-03
  0.4260000000E+00    0.7872437282E-04
  0.4270000000E+00    0.5986421711E-03
  0.4280000000E+00    0.1142643767E-02
  0.4290000000E+00    0.1644514433E-02
  0.4300000000E+00    0.2031743608E-02
  0.4310000000E+00    0.2233873625E-02
  0.4320000000E+00    0.2191906773E-02
  0.4330000000E+00    0.1867717245E-02
  0.4340000000E+00    0.1252257103E-02
  0.4350000000E+00    0.3713402432E-03
  0.4360000000E+00   -0.7120982156E-03
  0.4370000000E+00   -0.1900025928E-02
  0.4380000000E+00   -0.3065985294E-02
  0.4390000000E+00   -0.4066219408E-02
  0.4400000000E+00   -0.4754486987E-02
  0.4410000000E+00   -0.4999260692E-02
  0.4420000000E+00   -0.4701526036E-02
  0.4430000000E+00   -0.3811139301E-02
  0.4440000000E+00   -0.2339583469E-02
  0.4450000000E+00   -0.3671891821E-03
  0.4460000000E+00    0.1956731269E-02
  0.4470000000E+00    0.4421713911E-02
  0.4480000000E+00    0.6771975019E-02
  0.4490000000E+00    0.8729383001E-02
  0.4500000000E+00    0.1002175926E-01
  0.4510000000E+00    0.1041396704E-01
  0.4520000000E+00    0.9738472257E-02
  0.4530000000E+00    0.7922154355E-02
  0.4540000000E+00    0.5005698205E-02
  0.4550000000E+00    0.1152868033E-02
  0.4560000000E+00   -0.3352514571E-02
  0.4570000000E+00   -0.8122822587E-02
  0.4580000000E+00   -0.1269569342E-01
  0.4590000000E+00   -0.1657407270E-01
  0.4600000000E+00   -0.1927418803E-01
  0.4610000000E+00   -0.2037692173E-01
  0.4620000000E+00   -0.1957787552E-01
  0.4630000000E+00   -0.1673053033E-01
  0.4640000000E+00   -0.1187756607E-01
  0.4650000000E+00   -0.5266031532E-02
  0.4660000000E+00    0.2656564577E-02
  0.4670000000E+00    0.1126657857E-01
  0.4680000000E+00    0.1980821153E-01
  0.4690000000E+00    0.2745449902E-01
  0.4700000000E+00    0.3338062565E-01
  0.4710000000E+00    0.3684339565E-01
  0.4720000000E+00    0.3725975247E-01
  0.4730000000E+00    0.3427644827E-01
  0.4740000000E+00    0.2782379371E-01
  0.4750000000E+00    0.1814688763E-01
  0.4760000000E+00    0.5809989088E-02
  0.4770000000E+00   -0.8328457623E-02
  0.4780000000E+00   -0.2316992764E-01
  0.4790000000E+00   -0.3745593514E-01
  0.4800000000E+00   -0.4986871274E-01
  0.4810000000E+00   -0.5914446789E-01
  0.4820000000E+00   -0.6419001716E-01
  0.4830000000E+00   -0.6419219560E-01
  0.4840000000E+00   -0.5871017615E-01
  0.4850000000E+00   -0.4774115924E-01
  0.4860000000E+00   -0.3175224250E-01
  0.4870000000E+00   -0.1167354078E-01
  0.4880000000E+00    0.1114884362E-01
  0.4890000000E+00    0.3503845053E-01
  0.4900000000E+00    0.5810728119E-01
  0.4910000000E+00    0.7839951746E-01
  0.4920000000E+00    0.9404937082E-01
  0.4930000000E+00    0.1034403714E+00
  0.4940000000E+00    0.1053530572E+00
  0.4950000000E+00    0.9908813299E-01
  0.4960000000E+00    0.8455383993E-01
  0.4970000000E+00    0.6230883521E-01
  0.4980000000E+00    0.3355484195E-01
  0.4990000000E+00    0.7781814555E-04
  0.5000000000E+00   -0.3586027586E-01
  0.5010000000E+00   -0.7167217023E-01
  0.5020000000E+00   -0.1046285408E+00
  0.5030000000E+00   -0.1320605646E+00
  0.5040000000E+00   -0.1515669374E+00
  0.5050000000E+00   -0.1612089721E+00
  0.5060000000E+00   -0.1596792779E+00
  0.5070000000E+00   -0.1464291590E+00
  0.5080000000E+00   -0.1217444145E+00
  0.5090000000E+00   -0.8676152801E-01
  0.5100000000E+00   -0.4342169764E-01
  0.5110000000E+00    0.5636065206E-02
  0.5120000000E+00    0.5723689487E-01
  0.5130000000E+00    0.1078764902E+00
  0.5140000000E+00    0.1539583831E+00
  0.5150000000E+00    0.1920455266E+00
  0.5160000000E+00    0.2191085414E+00
  0.5170000000E+00    0.2327527446E+00
  0.5180000000E+00    0.2314077476E+00
  0.5190000000E+00    0.2144644557E+00
  0.5200000000E+00    0.1823493673E+00
  0.5210000000E+00    0.1365298735E+00
  0.5220000000E+00    0.7944765877E-01
  0.5230000000E+00    0.1438520163E-01
  0.5240000000E+00   -0.5472890430E-01
  0.5250000000E+00   -0.1235618485E+00
  0.5260000000E+00   -0.1876512020E+00
  0.5270000000E+00   -0.2426939148E+00
  0.5280000000E+00   -0.2848310147E+00
  0.5290000000E+00   -0.3109088248E+00
  0.5300000000E+00   -0.3186988618E+00
  0.5310000000E+00   -0.3070631354E+00
  0.5320000000E+00   -0.2760505467E+00
  0.5330000000E+00   -0.2269209883E+00
  0.5340000000E+00   -0.1620918444E+00
  0.5350000000E+00   -0.8501139166E-01
  0.5360000000E+00    0.3443142269E-04
  0.5370000000E+00    0.8816953433E-01
  0.5380000000E+00    0.1742149393E+00
  0.5390000000E+00    0.2529978624E+00
  0.5400000000E+00    0.3196640695E+00
  0.5410000000E+00    0.3699731928E+00
  0.5420000000E+00    0.4005612581E+00
  0.5430000000E+00    0.4091513839E+00
  0.5440000000E+00    0.3947029797E+00
  0.5450000000E+00    0.3574873453E+00
  0.5460000000E+00    0.2990881708E+00
  0.5470000000E+00    0.2223245369E+00
  0.5480000000E+00    0.1311022157E+00
  0.5490000000E+00    0.3020119242E-01
  0.5500000000E+00   -0.7498645288E-01
  0.5510000000E+00   -0.1787555432E+00
  0.5520000000E+00   -0.2754041020E+00
  0.5530000000E+00   -0.3595506510E+00
  0.5540000000E+00   -0.4264331278E+00
  0.5550000000E+00   -0.4721733638E+00
  0.5560000000E+00   -0.4939936820E+00
  0.5570000000E+00   -0.4903708964E+00
  0.5580000000E+00   -0.4611237104E+00
  0.5590000000E+00   -0.4074253170E+00
  0.5600000000E+00   -0.3317439990E+00
  0.5610000000E+00   -0.2377147296E+00
  0.5620000000E+00   -0.1299485739E+00
  0.5630000000E+00   -0.1379233070E-01
  0.5640000000E+00    0.1049497654E+00
  0.5650000000E+00    0.2203159416E+00
  0.5660000000E+00    0.3264929850E+00
  0.5670000000E+00    0.4181124394E+00
  0.5680000000E+00    0.4905208434E+00
  0.5690000000E+00    0.5400123289E+00
  0.5700000000E+00    0.5640093186E+00
  0.5710000000E+00    0.5611861255E+00
  0.5720000000E+00    0.5315274521E+00
  0.5730000000E+00    0.4763212900E+00
  0.5740000000E+00    0.3980879208E+00
  0.5750000000E+00    0.3004482165E+00
  0.5760000000E+00    0.1879407411E+00
  0.5770000000E+00    0.6579638233E-01
  0.5780000000E+00   -0.6031735620E-01
  0.5790000000E+00   -0.1845691530E+00
  0.5800000000E+00   -0.3012404664E+00
  0.5810000000E+00   -0.4049919821E+00
  0.5820000000E+00   -0.4911087410E+00
  0.5830000000E+00   -0.5557105777E+00
  0.5840000000E+00   -0.5959212187E+00
  0.5850000000E+00   -0.6099873809E+00
  0.5860000000E+00   -0.5973431716E+00
  0.5870000000E+00   -0.5586205877E+00
  0.5880000000E+00   -0.4956033160E+00
  0.5890000000E+00   -0.4111309341E+00
  0.5900000000E+00   -0.3089563112E+00
  0.5910000000E+00   -0.1935663097E+00
  0.5920000000E+00   -0.6997223690E-01
  0.5930000000E+00    0.5651702312E-01
  0.5940000000E+00    0.1805306075E+00
  0.5950000000E+00    0.2968686724E+00
  0.5960000000E+00    0.4007219412E+00
  0.5970000000E+00    0.4878700527E+00
  0.5980000000E+00    0.5548491393E+00
  0.5990000000E+00    0.5990830259E+00
  0.6000000000E+00    0.6189740289E+00
  0.6010000000E+00    0.6139493557E+00
  0.6020000000E+00    0.5844640044E+00
  0.6030000000E+00    0.5319597641E+00
  0.6040000000E+00    0.4587854155E+00
  0.6050000000E+00    0.3680808316E+00
  0.6060000000E+00    0.2636321795E+00
  0.6070000000E+00    0.1497050210E+00
  0.6080000000E+00    0.3086189477E-01
  0.6090000000E+00   -0.8822572192E-01
  0.6100000000E+00   -0.2029652118E+00
  0.6110000000E+00   -0.3090213157E+00
  0.6120000000E+00   -0.4024796311E+00
  0.6130000000E+00   -0.4799877906E+00
  0.6140000000E+00   -0.5388711209E+00
  0.6150000000E+00   -0.5772173418E+00
  0.6160000000E+00   -0.5939297654E+00
  0.6170000000E+00   -0.5887471965E+00
  0.6180000000E+00   -0.5622305315E+00
  0.6190000000E+00   -0.5157194596E+00
  0.6200000000E+00   -0.4512601632E+00
  0.6210000000E+00   -0.3715094181E+00
  0.6220000000E+00   -0.2796187954E+00
  0.6230000000E+00   -0.1791041620E+00
  0.6240000000E+00   -0.7370665247E-01
  0.6250000000E+00    0.3275004016E-01
  0.6260000000E+00    0.1365005626E+00
  0.6270000000E+00    0.2339715003E+00
  0.6280000000E+00    0.3219029260E+00
  0.6290000000E+00    0.3974547685E+00
  0.6300000000E+00    0.4582937523E+00
  0.6310000000E+00    0.5026593962E+00
  0.6320000000E+00    0.5294071133E+00
  0.6330000000E+00    0.5380276102E+00
  0.6340000000E+00    0.5286439874E+00
  0.6350000000E+00    0.5019863394E+00
  0.6360000000E+00    0.4593461547E+00
  0.6370000000E+00    0.4025137166E+00
  0.6380000000E+00    0.3337001040E+00
  0.6390000000E+00    0.2554486922E+00
  0.6400000000E+00    0.1705380536E+00
  0.6410000000E+00    0.8188158886E-01
  0.6420000000E+00   -0.7574052952E-02
  0.6430000000E+00   -0.9494680855E-01
  0.6440000000E+00   -0.1775114594E+00
  0.6450000000E+00   -0.2527823708E+00
  0.6460000000E+00   -0.3185857760E+00
  0.6470000000E+00   -0.3731176950E+00
  0.6480000000E+00   -0.4149880434E+00
  0.6490000000E+00   -0.4432497323E+00
  0.6500000000E+00   -0.4574115683E+00
  0.6510000000E+00   -0.4574368532E+00
  0.6520000000E+00   -0.4437263840E+00
  0.6530000000E+00   -0.4170896535E+00
  0.6540000000E+00   -0.3787037503E+00
  0.6550000000E+00   -0.3300622597E+00
  0.6560000000E+00   -0.2729175637E+00
  0.6570000000E+00   -0.2092165422E+00
  0.6580000000E+00   -0.1410338734E+00
  0.6590000000E+00   -0.7050453449E-01
  0.6600000000E+00    0.2433881494E-03
  0.6610000000E+00    0.6915143462E-01
  0.6620000000E+00    0.1342894286E+00
  0.6630000000E+00    0.1939069690E+00
  0.6640000000E+00    0.2464778831E+00
  0.6650000000E+00    0.2907349856E+00
  0.6660000000E+00    0.3256965882E+00
  0.6670000000E+00    0.3506824994E+00
  0.6680000000E+00    0.3653209244E+00
  0.6690000000E+00    0.3695460649E+00
  0.6700000000E+00    0.3635867194E+00
  0.6710000000E+00    0.3479470833E+00
  0.6720000000E+00    0.3233807490E+00
  0.6730000000E+00    0.2908586064E+00
  0.6740000000E+00    0.2515320432E+00
  0.6750000000E+00    0.2066933455E+00
  0.6760000000E+00    0.1577336979E+00
  0.6770000000E+00    0.1061003842E+00
  0.6780000000E+00    0.5325498795E-01
  0.6790000000E+00    0.6327565064E-03
  0.6800000000E+00   -0.5039480740E-01
  0.6810000000E+00   -0.9855405730E-01
  0.6820000000E+00   -0.1426988406E+00
  0.6830000000E+00   -0.1818350793E+00
  0.6840000000E+00   -0.2151403835E+00
  0.6850000000E+00   -0.2419774613E+00
  0.6860000000E+00   -0.2619025186E+00
  0.6870000000E+00   -0.2746677590E+00
  0.6880000000E+00   -0.2802184838E+00
  0.6890000000E+00   -0.2786857924E+00
  0.6900000000E+00   -0.2703740817E+00
  0.6910000000E+00   -0.2557454470E+00
  0.6920000000E+00   -0.2354000817E+00
  0.6930000000E+00   -0.2100547779E+00
  0.6940000000E+00   -0.1805192263E+00
  0.6950000000E+00   -0.1476712167E+00
  0.6960000000E+00   -0.1124314383E+00
  0.6970000000E+00   -0.7573892008E-01
  0.6980000000E+00   -0.3852656072E-01
  0.6990000000E+00   -0.1698745249E-02
  0.7000000000E+00    0.3388937483E-01
  0.7010000000E+00    0.6745025133E-01
  0.7020000000E+00    0.9827962912E-01
  0.7030000000E+00    0.1257693460E+00
  0.7040000000E+00    0.1494173486E+00
  0.7050000000E+00    0.1688338020E+00
  0.7060000000E+00    0.1837455102E+00
  0.7070000000E+00    0.1939958756E+00
  0.7080000000E+00    0.1995429993E+00
  0.7090000000E+00    0.2004548807E+00
  0.7100000000E+00    0.1969021184E+00
  0.7110000000E+00    0.1891490094E+00
  0.7120000000E+00    0.1775425498E+00
  0.7130000000E+00    0.1625003346E+00
  0.7140000000E+00    0.1444973583E+00
  0.7150000000E+00    0.1240524144E+00
  0.7160000000E+00    0.1017140963E+00
  0.7170000000E+00    0.7804692687E-01
  0.7180000000E+00    0.5361808893E-01
  0.7190000000E+00    0.2898447538E-01
  0.7200000000E+00    0.4681045330E-02
  0.7210000000E+00   -0.1878983579E-01
  0.7220000000E+00   -0.4096766608E-01
  0.7230000000E+00   -0.6144166702E-01
  0.7240000000E+00   -0.7985703346E-01
  0.7250000000E+00   -0.9591966948E-01
  0.7260000000E+00   -0.1093993584E+00
  0.7270000000E+00   -0.1201310126E+00
  0.7280000000E+00   -0.1280152038E+00
  0.7290000000E+00   -0.1330163326E+00
  0.7300000000E+00   -0.1351600992E+00
  0.7310000000E+00   -0.1345301027E+00
  0.7320000000E+00   -0.1312621416E+00
  0.7330000000E+00   -0.1255394136E+00
  0.7340000000E+00   -0.1175858162E+00
  0.7350000000E+00   -0.1076591459E+00
  0.7360000000E+00   -0.9604403926E-01
  0.7370000000E+00   -0.8304483225E-01
  0.7380000000E+00   -0.6897818073E-01
  0.7390000000E+00   -0.5416609043E-01
  0.7400000000E+00   -0.3892916703E-01
  0.7410000000E+00   -0.2358025629E-01
  0.7420000000E+00   -0.8418691118E-02
  0.7430000000E+00    0.6274909394E-02
  0.7440000000E+00    0.2024311985E-01
  0.7450000000E+00    0.3325546853E-01
  0.7460000000E+00    0.4511148233E-01
  0.7470000000E+00    0.5564285373E-01
  0.7480000000E+00    0.6471496474E-01
  0.7490000000E+00    0.7222760695E-01
  0.7500000000E+00    0.7811493145E-01
  0.7510000000E+00    0.8234485887E-01
  0.7520000000E+00    0.8491775940E-01
  0.7530000000E+00    0.8586466278E-01
  0.7540000000E+00    0.8524492835E-01
  0.7550000000E+00    0.8314358508E-01
  0.7560000000E+00    0.7966829160E-01
  0.7570000000E+00    0.7494606624E-01
  0.7580000000E+00    0.6911989710E-01
  0.7590000000E+00    0.6234515205E-01
  0.7600000000E+00    0.5478610884E-01
  0.7610000000E+00    0.4661245511E-01
  0.7620000000E+00    0.3799587842E-01
  0.7630000000E+00    0.2910693635E-01
  0.7640000000E+00    0.2011197650E-01
  0.7650000000E+00    0.1117051656E-01
  0.7660000000E+00    0.2432710313E-02
  0.7670000000E+00   -0.5962699300E-02
  0.7680000000E+00   -0.1389019517E-01
  0.7690000000E+00   -0.2123893599E-01
  0.7700000000E+00   -0.2791380622E-01
  0.7710000000E+00   -0.3383619713E-01
  0.7720000000E+00   -0.3894439971E-01
  0.7730000000E+00   -0.4319369473E-01
  0.7740000000E+00   -0.4655613269E-01
  0.7750000000E+00   -0.4902004389E-01
  0.7760000000E+00   -0.5058933836E-01
  0.7770000000E+00   -0.5128245594E-01
  0.7780000000E+00   -0.5113131623E-01
  0.7790000000E+00   -0.5017990868E-01
  0.7800000000E+00   -0.4848294253E-01
  0.7810000000E+00   -0.4610428691E-01
  0.7820000000E+00   -0.4311537081E-01
  0.7830000000E+00   -0.3959359311E-01
  0.7840000000E+00   -0.3562072261E-01
  0.7850000000E+00   -0.3128129806E-01
  0.7860000000E+00   -0.2666107820E-01
  0.7870000000E+00   -0.2184564172E-01
  0.7880000000E+00   -0.1691898734E-01
  0.7890000000E+00   -0.1196228382E-01
  0.7900000000E+00   -0.7052788952E-02
  0.7910000000E+00   -0.2262791603E-02
  0.7920000000E+00    0.2341180284E-02
  0.7930000000E+00    0.6699086676E-02
  0.7940000000E+00    0.1075793044E-01
  0.7950000000E+00    0.1447215132E-01
  0.7960000000E+00    0.1780392796E-01
  0.7970000000E+00    0.2072326089E-01
  0.7980000000E+00    0.2320798051E-01
  0.7990000000E+00    0.2524367709E-01
  0.8000000000E+00    0.2682336080E-01
  0.8010000000E+00    0.2794721170E-01
  0.8020000000E+00    0.2862214973E-01
  0.8030000000E+00    0.2886126472E-01
  0.8040000000E+00    0.2868332644E-01
  0.8050000000E+00    0.2811213454E-01
  0.8060000000E+00    0.2717587861E-01
  0.8070000000E+00    0.2590644819E-01
  0.8080000000E+00    0.2433877273E-01
  0.8090000000E+00    0.2251009167E-01
  0.8100000000E+00    0.2045931440E-01
  0.8110000000E+00    0.1822633029E-01
  0.8120000000E+00    0.1585138870E-01
  0.8130000000E+00    0.1337447898E-01
  0.8140000000E+00    0.1083481051E-01
  0.8150000000E+00    0.8270265659E-02
  0.8160000000E+00    0.5716961828E-02
  0.8170000000E+00    0.3208843450E-02
  0.8180000000E+00    0.7773327959E-03
  0.8190000000E+00   -0.1548953024E-02
  0.8200000000E+00   -0.3744434052E-02
  0.8210000000E+00   -0.5786737482E-02
  0.8220000000E+00   -0.7656810653E-02
  0.8230000000E+00   -0.9338984852E-02
  0.8240000000E+00   -0.1082098631E-01
  0.8250000000E+00   -0.1209388420E-01
  0.8260000000E+00   -0.1315202565E-01
  0.8270000000E+00   -0.1399291073E-01
  0.8280000000E+00   -0.1461701946E-01
  0.8290000000E+00   -0.1502765179E-01
  0.8300000000E+00   -0.1523068767E-01
  0.8310000000E+00   -0.1523436698E-01
  0.8320000000E+00   -0.1504902955E-01
  0.8330000000E+00   -0.1468686521E-01
  0.8340000000E+00   -0.1416163373E-01
  0.8350000000E+00   -0.1348840487E-01
  0.8360000000E+00   -0.1268325838E-01
  0.8370000000E+00   -0.1176305397E-01
  0.8380000000E+00   -0.1074513135E-01
  0.8390000000E+00   -0.9647095220E-02
  0.8400000000E+00   -0.8486542289E-02
  0.8410000000E+00   -0.7280863252E-02
  0.8420000000E+00   -0.6047028816E-02
  0.8430000000E+00   -0.4801399692E-02
  0.8440000000E+00   -0.3559561606E-02
  0.8450000000E+00   -0.2336174295E-02
  0.8460000000E+00   -0.1144848514E-02
  0.8470000000E+00    0.1963419784E-05
  0.8480000000E+00    0.1093049348E-02
  0.8490000000E+00    0.2118502822E-02
  0.8500000000E+00    0.3069763549E-02
  0.8510000000E+00    0.3939644668E-02
  0.8520000000E+00    0.4722334296E-02
  0.8530000000E+00    0.5413384523E-02
  0.8540000000E+00    0.6009682420E-02
  0.8550000000E+00    0.6509407029E-02
  0.8560000000E+00    0.6911972376E-02
  0.8570000000E+00    0.7217957462E-02
  0.8580000000E+00    0.7429030267E-02
  0.8590000000E+00    0.7547857756E-02
  0.8600000000E+00    0.7578015874E-02
  0.8610000000E+00    0.7523887551E-02
  0.8620000000E+00    0.7390564704E-02
  0.8630000000E+00    0.7183740236E-02
  0.8640000000E+00    0.6909608042E-02
  0.8650000000E+00    0.6574758008E-02
  0.8660000000E+00    0.6186077011E-02
  0.8670000000E+00    0.5750649926E-02
  0.8680000000E+00    0.5275670624E-02
  0.8690000000E+00    0.4768350973E-02
  0.8700000000E+00    0.4235842842E-02
  0.8710000000E+00    0.3685158103E-02
  0.8720000000E+00    0.3123107627E-02
  0.8730000000E+00    0.2556233293E-02
  0.8740000000E+00    0.1990758980E-02
  0.8750000000E+00    0.1432538579E-02
  0.8760000000E+00    0.8870215820E-03
  0.8770000000E+00    0.3592134926E-03
  0.8780000000E+00   -0.1463458794E-03
  0.8790000000E+00   -0.6256049151E-03
  0.8800000000E+00   -0.1075014186E-02
  0.8810000000E+00   -0.1491532057E-02
  0.8820000000E+00   -0.1872631579E-02
  0.8830000000E+00   -0.2216294797E-02
  0.8840000000E+00   -0.2521003746E-02
  0.8850000000E+00   -0.2785731450E-02
  0.8860000000E+00   -0.3009919927E-02
  0.8870000000E+00   -0.3193465183E-02
  0.8880000000E+00   -0.3336687218E-02
  0.8890000000E+00   -0.3440303022E-02
  0.8900000000E+00   -0.3505397580E-02
  0.8910000000E+00   -0.3533391868E-02
  0.8920000000E+00   -0.3526000858E-02
  0.8930000000E+00   -0.3485206514E-02
  0.8940000000E+00   -0.3413214797E-02
  0.8950000000E+00   -0.3312417663E-02
  0.8960000000E+00   -0.3185359065E-02
  0.8970000000E+00   -0.3034698953E-02
  0.8980000000E+00   -0.2863172275E-02
  0.8990000000E+00   -0.2673562977E-02
  0.9000000000E+00   -0.2468663007E-02
  0.9010000000E+00   -0.2251251308E-02
  0.9020000000E+00   -0.2024059828E-02
  0.9030000000E+00   -0.1789751513E-02
  0.9040000000E+00   -0.1550895313E-02
  0.9050000000E+00   -0.1309949176E-02
  0.9060000000E+00   -0.1069243057E-02
  0.9070000000E+00   -0.8309618092E-03
  0.9080000000E+00   -0.5971356913E-03
  0.9090000000E+00   -0.3696308641E-03
  0.9100000000E+00   -0.1501427915E-03
  0.9110000000E+00    0.5980819902E-04
  0.9120000000E+00    0.2588787167E-03
  0.9130000000E+00    0.4459027072E-03
  0.9140000000E+00    0.6198891529E-03
  0.9150000000E+00    0.7800194727E-03
  0.9160000000E+00    0.9256418822E-03
  0.9170000000E+00    0.1056265794E-02
  0.9180000000E+00    0.1171556316E-02
  0.9190000000E+00    0.1271322156E-02
  0.9200000000E+00    0.1355514316E-02
  0.9210000000E+00    0.1424211796E-02
  0.9220000000E+00    0.1477615596E-02
  0.9230000000E+00    0.1516039709E-02
  0.9240000000E+00    0.1539904130E-02
  0.9250000000E+00    0.1549723848E-02
  0.9260000000E+00    0.1546102854E-02
  0.9270000000E+00    0.1529726135E-02
  0.9280000000E+00    0.1501350675E-02
  0.9290000000E+00    0.1461797458E-02
  0.9300000000E+00    0.1411945468E-02
  0.9310000000E+00    0.1352722686E-02
  0.9320000000E+00    0.1285096092E-02
  0.9330000000E+00    0.1210064665E-02
  0.9340000000E+00    0.1128647384E-02
  0.9350000000E+00    0.1041879228E-02
  0.9360000000E+00    0.9507925741E-03
  0.9370000000E+00    0.8564147012E-03
  0.9380000000E+00    0.7597527874E-03
  0.9390000000E+00    0.6617843114E-03
  0.9400000000E+00    0.5634476527E-03
  0.9410000000E+00    0.4656320917E-03
  0.9420000000E+00    0.3691693098E-03
  0.9430000000E+00    0.2748256899E-03
  0.9440000000E+00    0.1832966162E-03
  0.9450000000E+00    0.9520127444E-04
  0.9460000000E+00    0.1107985210E-04
  0.9470000000E+00   -0.6860750171E-04
  0.9480000000E+00   -0.1434804761E-03
  0.9490000000E+00   -0.2132364987E-03
  0.9500000000E+00   -0.2776470352E-03
  0.9510000000E+00   -0.3365529901E-03
  0.9520000000E+00   -0.3898588662E-03
  0.9530000000E+00   -0.4375259653E-03
  0.9540000000E+00   -0.4795657878E-03
  0.9550000000E+00   -0.5160330334E-03
  0.9560000000E+00   -0.5470181007E-03
  0.9570000000E+00   -0.5726416879E-03
  0.9580000000E+00   -0.5930478922E-03
  0.9590000000E+00   -0.6084002108E-03
  0.9600000000E+00   -0.6188767402E-03
  0.9610000000E+00   -0.6246671768E-03
  0.9620000000E+00   -0.6259708166E-03
  0.9630000000E+00   -0.6229946555E-03
  0.9640000000E+00   -0.6159529891E-03
  0.9650000000E+00   -0.6050672128E-03
  0.9660000000E+00   -0.5905659219E-03
  0.9670000000E+00   -0.5726856114E-03
  0.9680000000E+00   -0.5516709760E-03
  0.9690000000E+00   -0.5277757102E-03
  0.9700000000E+00   -0.5012628083E-03
  0.9710000000E+00   -0.4724042643E-03
  0.9720000000E+00   -0.4414810717E-03
  0.9730000000E+00   -0.4087824242E-03
  0.9740000000E+00   -0.3746040150E-03
  0.9750000000E+00   -0.3392471371E-03
  0.9760000000E+00   -0.3030161834E-03
  0.9770000000E+00   -0.2662163468E-03
  0.9780000000E+00   -0.2291509202E-03
  0.9790000000E+00   -0.1921188963E-03
  0.9800000000E+00   -0.1554111683E-03
  0.9810000000E+00   -0.1193082294E-03
  0.9820000000E+00   -0.8407649295E-04
  0.9830000000E+00   -0.4996565289E-04
  0.9840000000E+00   -0.1720569349E-04
  0.9850000000E+00    0.1399571050E-04
  0.9860000000E+00    0.4345554375E-04
  0.9870000000E+00    0.7101740032E-04
  0.9880000000E+00    0.9655310361E-04
  0.9890000000E+00    0.1199636663E-03
  0.9900000000E+00    0.1411799405E-03
  0.9910000000E+00    0.1601624674E-03
  0.9920000000E+00    0.1769006477E-03
  0.9930000000E+00    0.1914118812E-03
  0.9940000000E+00    0.2037391671E-03
  0.9950000000E+00    0.2139487043E-03
  0.9960000000E+00    0.2221272908E-03
  0.9970000000E+00    0.2283782244E-03
  0.9980000000E+00    0.2328181024E-03
  0.9990000000E+00    0.2355724221E-03
  0.1000000000E+01    0.2367721803E-03
  0.1001000000E+01    0.2365491741E-03
  0.1002000000E+01    0.2350330003E-03
  0.1003000000E+01    0.2323478560E-03
  0.1004000000E+01    0.2286095386E-03
  0.1005000000E+01    0.2239232454E-03
  0.1006000000E+01    0.2183829744E-03
  0.1007000000E+01    0.2120701234E-03
  0.1008000000E+01    0.2050538910E-03
  0.1009000000E+01    0.1973920757E-03
  0.1010000000E+01    0.1891322764E-03
  0.1011000000E+01    0.1803140921E-03
  0.1012000000E+01    0.1709709223E-03
  0.1013000000E+01    0.1611324660E-03
  0.1014000000E+01    0.1508275227E-03
  0.1015000000E+01    0.1400858918E-03
  0.1016000000E+01    0.1289407723E-03
  0.1017000000E+01    0.1174306634E-03
  0.1018000000E+01    0.1056005639E-03
  0.1019000000E+01    0.9350300260E-04
  0.1020000000E+01    0.8119848789E-04
  0.1021000000E+01    0.6875532805E-04
  0.1022000000E+01    0.5624920112E-04
  0.1023000000E+01    0.4376215497E-04
  0.1024000000E+01    0.3138134730E-04
  0.1025000000E+01    0.1919745573E-04
  0.1026000000E+01    0.7302941797E-05
  0.1027000000E+01   -0.4209771989E-05
  0.1028000000E+01   -0.1525025707E-04
  0.1029000000E+01   -0.2573192881E-04
  0.1030000000E+01   -0.3557390643E-04
  0.1031000000E+01   -0.4470271199E-04
  0.1032000000E+01   -0.5305391732E-04
  0.1033000000E+01   -0.6057356396E-04
  0.1034000000E+01   -0.6721947318E-04
  0.1035000000E+01   -0.7296236590E-04
  0.1036000000E+01   -0.7778668266E-04
  0.1037000000E+01   -0.8169128365E-04
  0.1038000000E+01   -0.8468972864E-04
  0.1039000000E+01   -0.8681030701E-04
  0.1040000000E+01   -0.8809563774E-04
  0.1041000000E+01   -0.8860187944E-04
  0.1042000000E+01   -0.8839748038E-04
  0.1043000000E+01   -0.8756142851E-04
  0.1044000000E+01   -0.8618106155E-04
  0.1045000000E+01   -0.8434943706E-04
  0.1046000000E+01   -0.8216234248E-04
  0.1047000000E+01   -0.7971498525E-04
  0.1048000000E+01   -0.7709862292E-04
  0.1049000000E+01   -0.7439708320E-04
  0.1050000000E+01   -0.7168357410E-04
  0.1051000000E+01   -0.6901775395E-04
  0.1052000000E+01   -0.6644339155E-04
  0.1053000000E+01   -0.6398673616E-04
  0.1054000000E+01   -0.6165569753E-04
  0.1055000000E+01   -0.5943998594E-04
  0.1056000000E+01   -0.5731223212E-04
  0.1057000000E+01   -0.5523010726E-04
  0.1058000000E+01   -0.5313933285E-04
  0.1059000000E+01   -0.5097749065E-04
  0.1060000000E+01   -0.4867839254E-04
  0.1061000000E+01   -0.4617687036E-04
  0.1062000000E+01   -0.4341359583E-04
  0.1063000000E+01   -0.4033976036E-04
  0.1064000000E+01   -0.3692118497E-04
  0.1065000000E+01   -0.3314178018E-04
  0.1066000000E+01   -0.2900591592E-04
  0.1067000000E+01   -0.2453964150E-04
  0.1068000000E+01   -0.1979062562E-04
  0.1069000000E+01   -0.1482675639E-04
  0.1070000000E+01   -0.9733433387E-05
  0.1071000000E+01   -0.4609680804E-05
  0.1072000000E+01    0.4366486545E-06
  0.1073000000E+01    0.5294421600E-05
  0.1074000000E+01    0.9855116791E-05
  0.1075000000E+01    0.1401874496E-04
  0.1076000000E+01    0.1769943767E-04
  0.1077000000E+01    0.2083033592E-04
  0.1078000000E+01    0.2336746108E-04
  0.1079000000E+01    0.2529237379E-04
  0.1080000000E+01    0.2661330391E-04
  0.1081000000E+01    0.2736481051E-04
  0.1082000000E+01    0.2760583198E-04
  0.1083000000E+01    0.2741632604E-04
  0.1084000000E+01    0.2689260994E-04
  0.1085000000E+01    0.2614167058E-04
  0.1086000000E+01    0.2527491472E-04
  0.1087000000E+01    0.2440147915E-04
  0.1088000000E+01    0.2362177090E-04
  0.1089000000E+01    0.2302150741E-04
  0.1090000000E+01    0.2266656670E-04
  0.1091000000E+01    0.2259916747E-04
  0.1092000000E+01    0.2283541920E-04
  0.1093000000E+01    0.2336448215E-04
  0.1094000000E+01    0.2414947738E-04
  0.1095000000E+01    0.2512990667E-04
  0.1096000000E+01    0.2622565238E-04
  0.1097000000E+01    0.2734214735E-04
  0.1098000000E+01    0.2837647467E-04
  0.1099000000E+01    0.2922402752E-04
  0.1100000000E+01    0.2978527894E-04
  0.1101000000E+01    0.2997227163E-04
  0.1102000000E+01    0.2971443781E-04
  0.1103000000E+01    0.2896338901E-04
  0.1104000000E+01    0.2769632603E-04
  0.1105000000E+01    0.2591803878E-04
  0.1106000000E+01    0.2366114637E-04
  0.1107000000E+01    0.2098480706E-04
  0.1108000000E+01    0.1797174838E-04
  0.1109000000E+01    0.1472405725E-04
  0.1110000000E+01    0.1135777013E-04
  0.1111000000E+01    0.7996714221E-05
  0.1112000000E+01    0.4765904659E-05
  0.1113000000E+01    0.1784929718E-05
  0.1114000000E+01   -0.8383624882E-06
  0.1115000000E+01   -0.3013493333E-05
  0.1116000000E+01   -0.4671998521E-05
  0.1117000000E+01   -0.5770873982E-05
  0.1118000000E+01   -0.6294635292E-05
  0.1119000000E+01   -0.6255936151E-05
  0.1120000000E+01   -0.5694731401E-05
  0.1121000000E+01   -0.4676058087E-05
  0.1122000000E+01   -0.3286602557E-05
  0.1123000000E+01   -0.1630234598E-05
  0.1124000000E+01    0.1772159024E-06
  0.1125000000E+01    0.2013688281E-05
  0.1126000000E+01    0.3756809913E-05
  0.1127000000E+01    0.5289739023E-05
  0.1128000000E+01    0.6506642013E-05
  0.1129000000E+01    0.7317573803E-05
  0.1130000000E+01    0.7652551695E-05
  0.1131000000E+01    0.7464666271E-05
  0.1132000000E+01    0.6732106319E-05
  0.1133000000E+01    0.5459054795E-05
  0.1134000000E+01    0.3675429831E-05
  0.1135000000E+01    0.1435510765E-05
  0.1136000000E+01   -0.1184471784E-05
  0.1137000000E+01   -0.4089659817E-05
  0.1138000000E+01   -0.7170668826E-05
  0.1139000000E+01   -0.1030828565E-04
  0.1140000000E+01   -0.1337853530E-04
  0.1141000000E+01   -0.1625800082E-04
  0.1142000000E+01   -0.1882909605E-04
  0.1143000000E+01   -0.2098505456E-04
  0.1144000000E+01   -0.2263458938E-04
  0.1145000000E+01   -0.2370587297E-04
  0.1146000000E+01   -0.2414972704E-04
  0.1147000000E+01   -0.2394195249E-04
  0.1148000000E+01   -0.2308451937E-04
  0.1149000000E+01   -0.2160579685E-04
  0.1150000000E+01   -0.1955958327E-04
  0.1151000000E+01   -0.1702305616E-04
  0.1152000000E+01   -0.1409373237E-04
  0.1153000000E+01   -0.1088544820E-04
  0.1154000000E+01   -0.7523692498E-05
  0.1155000000E+01   -0.4140268910E-05
  0.1156000000E+01   -0.8676889100E-06
  0.1157000000E+01    0.2166545489E-05
  0.1158000000E+01    0.4845496548E-05
  0.1159000000E+01    0.7067920629E-05
  0.1160000000E+01    0.8752744538E-05
  0.1161000000E+01    0.9842659300E-05
  0.1162000000E+01    0.1030666206E-04
  0.1163000000E+01    0.1014142705E-04
  0.1164000000E+01    0.9371389547E-05
  0.1165000000E+01    0.8047578922E-05
  0.1166000000E+01    0.6245212718E-05
  0.1167000000E+01    0.4060172753E-05
  0.1168000000E+01    0.1604519273E-05
  0.1169000000E+01   -0.9987360769E-06
  0.1170000000E+01   -0.3621343060E-05
  0.1171000000E+01   -0.6135750646E-05
  0.1172000000E+01   -0.8420969808E-05
  0.1173000000E+01   -0.1036807333E-04
  0.1174000000E+01   -0.1188508045E-04
  0.1175000000E+01   -0.1290097468E-04
  0.1176000000E+01   -0.1336870775E-04
  0.1177000000E+01   -0.1326697049E-04
  0.1178000000E+01   -0.1260078282E-04
  0.1179000000E+01   -0.1140075379E-04
  0.1180000000E+01   -0.9721191583E-05
  0.1181000000E+01   -0.7637091684E-05
  0.1182000000E+01   -0.5240224957E-05
  0.1183000000E+01   -0.2634501820E-05
  0.1184000000E+01    0.6912913711E-07
  0.1185000000E+01    0.2757975173E-05
  0.1186000000E+01    0.5322845810E-05
  0.1187000000E+01    0.7662972059E-05
  0.1188000000E+01    0.9690378065E-05
  0.1189000000E+01    0.1133349941E-04
  0.1190000000E+01    0.1253990603E-04
  0.1191000000E+01    0.1327798910E-04
  0.1192000000E+01    0.1353760909E-04
  0.1193000000E+01    0.1332967568E-04
  0.1194000000E+01    0.1268473787E-04
  0.1195000000E+01    0.1165067404E-04
  0.1196000000E+01    0.1028965201E-04
  0.1197000000E+01    0.8674527255E-05
  0.1198000000E+01    0.6884911952E-05
  0.1199000000E+01    0.5003094176E-05
  0.1200000000E+01    0.3110055030E-05
  0.1201000000E+01    0.1281778776E-05
  0.1202000000E+01   -0.4139744462E-06
  0.1203000000E+01   -0.1920269519E-05
  0.1204000000E+01   -0.3192869281E-05
  0.1205000000E+01   -0.4201328479E-05
  0.1206000000E+01   -0.4929268755E-05
  0.1207000000E+01   -0.5373897263E-05
  0.1208000000E+01   -0.5544818702E-05
  0.1209000000E+01   -0.5462272384E-05
  0.1210000000E+01   -0.5154926304E-05
  0.1211000000E+01   -0.4657405234E-05
  0.1212000000E+01   -0.4007714812E-05
  0.1213000000E+01   -0.3244744636E-05
  0.1214000000E+01   -0.2406002345E-05
  0.1215000000E+01   -0.1525720688E-05
  0.1216000000E+01   -0.6334382825E-06
  0.1217000000E+01    0.2468810581E-06
  0.1218000000E+01    0.1097159306E-05
  0.1219000000E+01    0.1904973227E-05
  0.1220000000E+01    0.2662835909E-05
  0.1221000000E+01    0.3367090496E-05
  0.1222000000E+01    0.4016530044E-05
  0.1223000000E+01    0.4610903572E-05
  0.1224000000E+01    0.5149438118E-05
  0.1225000000E+01    0.5629534790E-05
  0.1226000000E+01    0.6045766803E-05
  0.1227000000E+01    0.6389282502E-05
  0.1228000000E+01    0.6647682368E-05
  0.1229000000E+01    0.6805402003E-05
  0.1230000000E+01    0.6844593103E-05
  0.1231000000E+01    0.6746438400E-05
  0.1232000000E+01    0.6492819609E-05
  0.1233000000E+01    0.6068196349E-05
  0.1234000000E+01    0.5461564070E-05
  0.1235000000E+01    0.4668318982E-05
  0.1236000000E+01    0.3691862989E-05
  0.1237000000E+01    0.2544817643E-05
  0.1238000000E+01    0.1249698113E-05
  0.1239000000E+01   -0.1610316195E-06
  0.1240000000E+01   -0.1645574740E-05
  0.1241000000E+01   -0.3154105552E-05
  0.1242000000E+01   -0.4630704409E-05
  0.1243000000E+01   -0.6015842615E-05
  0.1244000000E+01   -0.7249292517E-05
  0.1245000000E+01   -0.8273282383E-05
  0.1246000000E+01   -0.9035733273E-05
  0.1247000000E+01   -0.9493354918E-05
  0.1248000000E+01   -0.9614427611E-05
  0.1249000000E+01   -0.9381073112E-05
  0.1250000000E+01   -0.8790864583E-05
  0.1251000000E+01   -0.7857660547E-05
  0.1252000000E+01   -0.6611580890E-05
  0.1253000000E+01   -0.5098110884E-05
  0.1254000000E+01   -0.3376352257E-05
  0.1255000000E+01   -0.1516510282E-05
  0.1256000000E+01    0.4032733944E-06
  0.1257000000E+01    0.2300564119E-05
  0.1258000000E+01    0.4092573070E-05
  0.1259000000E+01    0.5700173103E-05
  0.1260000000E+01    0.7051783095E-05
  0.1261000000E+01    0.8086904499E-05
  0.1262000000E+01    0.8759130221E-05
  0.1263000000E+01    0.9038455528E-05
  0.1264000000E+01    0.8912779977E-05
  0.1265000000E+01    0.8388507389E-05
  0.1266000000E+01    0.7490235853E-05
  0.1267000000E+01    0.6259543773E-05
  0.1268000000E+01    0.4752939939E-05
  0.1269000000E+01    0.3039102640E-05
  0.1270000000E+01    0.1195533790E-05
  0.1271000000E+01   -0.6951703229E-06
  0.1272000000E+01   -0.2549271876E-05
  0.1273000000E+01   -0.4285832355E-05
  0.1274000000E+01   -0.5830477401E-05
  0.1275000000E+01   -0.7118776668E-05
  0.1276000000E+01   -0.8099098308E-05
  0.1277000000E+01   -0.8734790873E-05
  0.1278000000E+01   -0.9005607256E-05
  0.1279000000E+01   -0.8908316660E-05
  0.1280000000E+01   -0.8456478598E-05
  0.1281000000E+01   -0.7679421937E-05
  0.1282000000E+01   -0.6620477958E-05
  0.1283000000E+01   -0.5334587454E-05
  0.1284000000E+01   -0.3885388847E-05
  0.1285000000E+01   -0.2341959316E-05
  0.1286000000E+01   -0.7753743400E-06
  0.1287000000E+01    0.7447583580E-06
  0.1288000000E+01    0.2153591676E-05
  0.1289000000E+01    0.3394013009E-05
  0.1290000000E+01    0.4419155139E-05
  0.1291000000E+01    0.5194312553E-05
  0.1292000000E+01    0.5698189189E-05
  0.1293000000E+01    0.5923422406E-05
  0.1294000000E+01    0.5876361993E-05
  0.1295000000E+01    0.5576146200E-05
  0.1296000000E+01    0.5053130802E-05
  0.1297000000E+01    0.4346771183E-05
  0.1298000000E+01    0.3503098439E-05
  0.1299000000E+01    0.2571932495E-05
  0.1300000000E+01    0.1604009226E-05
  0.1301000000E+01    0.6481748705E-06
  0.1302000000E+01   -0.2511637549E-06
  0.1303000000E+01   -0.1056213166E-05
  0.1304000000E+01   -0.1737455135E-05
  0.1305000000E+01   -0.2274727145E-05
  0.1306000000E+01   -0.2657657667E-05
  0.1307000000E+01   -0.2885480763E-05
  0.1308000000E+01   -0.2966249120E-05
  0.1309000000E+01   -0.2915542098E-05
  0.1310000000E+01   -0.2754762805E-05
  0.1311000000E+01   -0.2509185178E-05
  0.1312000000E+01   -0.2205877066E-05
  0.1313000000E+01   -0.1871668327E-05
  0.1314000000E+01   -0.1531289897E-05
  0.1315000000E+01   -0.1205823868E-05
  0.1316000000E+01   -0.9115416307E-06
  0.1317000000E+01   -0.6591971137E-06
  0.1318000000E+01   -0.4537995909E-06
  0.1319000000E+01   -0.2948428752E-06
  0.1320000000E+01   -0.1769479916E-06
  0.1321000000E+01   -0.9083858679E-07
  0.1322000000E+01   -0.2455354713E-07
  0.1323000000E+01    0.3521349901E-07
  0.1324000000E+01    0.1017568402E-06
  0.1325000000E+01    0.1870872880E-06
  0.1326000000E+01    0.3008337753E-06
  0.1327000000E+01    0.4493870151E-06
  0.1328000000E+01    0.6353282866E-06
  0.1329000000E+01    0.8571621484E-06
  0.1330000000E+01    0.1109349938E-05
  0.1331000000E+01    0.1382618761E-05
  0.1332000000E+01    0.1664507164E-05
  0.1333000000E+01    0.1940097810E-05
  0.1334000000E+01    0.2192883434E-05
  0.1335000000E+01    0.2405704805E-05
  0.1336000000E+01    0.2561721682E-05
  0.1337000000E+01    0.2645368772E-05
  0.1338000000E+01    0.2643244690E-05
  0.1339000000E+01    0.2544935920E-05
  0.1340000000E+01    0.2343714783E-05
  0.1341000000E+01    0.2037126410E-05
  0.1342000000E+01    0.1627412722E-05
  0.1343000000E+01    0.1121795413E-05
  0.1344000000E+01    0.5325539490E-06
  0.1345000000E+01   -0.1230733335E-06
  0.1346000000E+01   -0.8232188113E-06
  0.1347000000E+01   -0.1541938052E-05
  0.1348000000E+01   -0.2250004780E-05
  0.1349000000E+01   -0.2915931330E-05
  0.1350000000E+01   -0.3507225190E-05
  0.1351000000E+01   -0.3991815840E-05
  0.1352000000E+01   -0.4339635675E-05
  0.1353000000E+01   -0.4524266931E-05
  0.1354000000E+01   -0.4524582610E-05
  0.1355000000E+01   -0.4326285406E-05
  0.1356000000E+01   -0.3923250641E-05
  0.1357000000E+01   -0.3318555215E-05
  0.1358000000E+01   -0.2525128573E-05
  0.1359000000E+01   -0.1565918693E-05
  0.1360000000E+01   -0.4735372020E-06
  0.1361000000E+01    0.7106485889E-06
  0.1362000000E+01    0.1937971118E-05
  0.1363000000E+01    0.3154424484E-05
  0.1364000000E+01    0.4303054840E-05
  0.1365000000E+01    0.5326678862E-05
  0.1366000000E+01    0.6170779119E-05
  0.1367000000E+01    0.6786443933E-05
  0.1368000000E+01    0.7133177246E-05
  0.1369000000E+01    0.7181404498E-05
  0.1370000000E+01    0.6914541529E-05
  0.1371000000E+01    0.6330467503E-05
  0.1372000000E+01    0.5442311868E-05
  0.1373000000E+01    0.4278469348E-05
  0.1374000000E+01    0.2881825977E-05
  0.1375000000E+01    0.1308192163E-05
  0.1376000000E+01   -0.3759892015E-06
  0.1377000000E+01   -0.2096573608E-05
  0.1378000000E+01   -0.3775137773E-05
  0.1379000000E+01   -0.5332741457E-05
  0.1380000000E+01   -0.6693834283E-05
  0.1381000000E+01   -0.7790115547E-05
  0.1382000000E+01   -0.8564129049E-05
  0.1383000000E+01   -0.8972419932E-05
  0.1384000000E+01   -0.8988059562E-05
  0.1385000000E+01   -0.8602404436E-05
  0.1386000000E+01   -0.7825965131E-05
  0.1387000000E+01   -0.6688327306E-05
  0.1388000000E+01   -0.5237097744E-05
  0.1389000000E+01   -0.3535903440E-05
  0.1390000000E+01   -0.1661532738E-05
  0.1391000000E+01    0.2996711032E-06
  0.1392000000E+01    0.2255974709E-05
  0.1393000000E+01    0.4114791372E-05
  0.1394000000E+01    0.5787350824E-05
  0.1395000000E+01    0.7193256018E-05
  0.1396000000E+01    0.8264689311E-05
  0.1397000000E+01    0.8950030294E-05
  0.1398000000E+01    0.9216673639E-05
  0.1399000000E+01    0.9052890009E-05
  0.1400000000E+01    0.8468590008E-05
  0.1401000000E+01    0.7494951195E-05
  0.1402000000E+01    0.6182882150E-05
  0.1403000000E+01    0.4600406596E-05
  0.1404000000E+01    0.2829093571E-05
  0.1405000000E+01    0.9597145340E-06
  0.1406000000E+01   -0.9126346934E-06
  0.1407000000E+01   -0.2693666677E-05
  0.1408000000E+01   -0.4295012116E-05
  0.1409000000E+01   -0.5638995104E-05
  0.1410000000E+01   -0.6662809817E-05
  0.1411000000E+01   -0.7321836543E-05
  0.1412000000E+01   -0.7591908564E-05
  0.1413000000E+01   -0.7470388093E-05
  0.1414000000E+01   -0.6975993280E-05
  0.1415000000E+01   -0.6147391265E-05
  0.1416000000E+01   -0.5040634312E-05
  0.1417000000E+01   -0.3725625970E-05
  0.1418000000E+01   -0.2281815289E-05
  0.1419000000E+01   -0.7934182571E-06
  0.1420000000E+01    0.6555630506E-06
  0.1421000000E+01    0.1986187728E-05
  0.1422000000E+01    0.3129009810E-05
  0.1423000000E+01    0.4027827083E-05
  0.1424000000E+01    0.4642523632E-05
  0.1425000000E+01    0.4950867647E-05
  0.1426000000E+01    0.4949172380E-05
  0.1427000000E+01    0.4651811167E-05
  0.1428000000E+01    0.4089683494E-05
  0.1429000000E+01    0.3307734124E-05
  0.1430000000E+01    0.2361751252E-05
  0.1431000000E+01    0.1314653692E-05
  0.1432000000E+01    0.2325460775E-06
  0.1433000000E+01   -0.8192318397E-06
  0.1434000000E+01   -0.1779783496E-05
  0.1435000000E+01   -0.2595878352E-05
  0.1436000000E+01   -0.3224539755E-05
  0.1437000000E+01   -0.3634893337E-05
  0.1438000000E+01   -0.3809218063E-05
  0.1439000000E+01   -0.3743201207E-05
  0.1440000000E+01   -0.3445460374E-05
  0.1441000000E+01   -0.2936418553E-05
  0.1442000000E+01   -0.2246665200E-05
  0.1443000000E+01   -0.1414947338E-05
  0.1444000000E+01   -0.4859346671E-06
  0.1445000000E+01    0.4920972103E-06
  0.1446000000E+01    0.1469552176E-05
  0.1447000000E+01    0.2397662484E-05
  0.1448000000E+01    0.3230438655E-05
  0.1449000000E+01    0.3926379889E-05
  0.1450000000E+01    0.4449926083E-05
  0.1451000000E+01    0.4772655772E-05
  0.1452000000E+01    0.4874234071E-05
  0.1453000000E+01    0.4743144637E-05
  0.1454000000E+01    0.4377184635E-05
  0.1455000000E+01    0.3783747727E-05
  0.1456000000E+01    0.2979873059E-05
  0.1457000000E+01    0.1992029272E-05
  0.1458000000E+01    0.8555957267E-06
  0.1459000000E+01   -0.3859789578E-06
  0.1460000000E+01   -0.1682407338E-05
  0.1461000000E+01   -0.2978177063E-05
  0.1462000000E+01   -0.4214564773E-05
  0.1463000000E+01   -0.5332007667E-05
  0.1464000000E+01   -0.6272772864E-05
  0.1465000000E+01   -0.6983826250E-05
  0.1466000000E+01   -0.7419742315E-05
  0.1467000000E+01   -0.7545523003E-05
  0.1468000000E+01   -0.7339097571E-05
  0.1469000000E+01   -0.6793357477E-05
  0.1470000000E+01   -0.5917519296E-05
  0.1471000000E+01   -0.4737666691E-05
  0.1472000000E+01   -0.3296382423E-05
  0.1473000000E+01   -0.1651392416E-05
  0.1474000000E+01    0.1267534146E-06
  0.1475000000E+01    0.1957881501E-05
  0.1476000000E+01    0.3756133409E-05
  0.1477000000E+01    0.5434434593E-05
  0.1478000000E+01    0.6909217644E-05
  0.1479000000E+01    0.8105134728E-05
  0.1480000000E+01    0.8959429344E-05
  0.1481000000E+01    0.9425700111E-05
  0.1482000000E+01    0.9476778608E-05
  0.1483000000E+01    0.9106521264E-05
  0.1484000000E+01    0.8330385323E-05
  0.1485000000E+01    0.7184721871E-05
  0.1486000000E+01    0.5724826937E-05
  0.1487000000E+01    0.4021863657E-05
  0.1488000000E+01    0.2158849491E-05
  0.1489000000E+01    0.2259677741E-06
  0.1490000000E+01   -0.1684487499E-05
  0.1491000000E+01   -0.3483216398E-05
  0.1492000000E+01   -0.5088729782E-05
  0.1493000000E+01   -0.6431584564E-05
  0.1494000000E+01   -0.7457787816E-05
  0.1495000000E+01   -0.8131156631E-05
  0.1496000000E+01   -0.8434547047E-05
  0.1497000000E+01   -0.8369899038E-05
  0.1498000000E+01   -0.7957154568E-05
  0.1499000000E+01   -0.7232181700E-05
  0.1500000000E+01   -0.6243876754E-05
  0.1501000000E+01   -0.5050702497E-05
  0.1502000000E+01   -0.3716902350E-05
  0.1503000000E+01   -0.2308683606E-05
  0.1504000000E+01   -0.8905981324E-06
  0.1505000000E+01    0.4776422511E-06
  0.1506000000E+01    0.1743749120E-05
  0.1507000000E+01    0.2864732339E-05
  0.1508000000E+01    0.3808010492E-05
  0.1509000000E+01    0.4551769861E-05
  0.1510000000E+01    0.5084651139E-05
  0.1511000000E+01    0.5404860477E-05
  0.1512000000E+01    0.5518870552E-05
  0.1513000000E+01    0.5439856657E-05
  0.1514000000E+01    0.5186044791E-05
  0.1515000000E+01    0.4779106750E-05
  0.1516000000E+01    0.4242730209E-05
  0.1517000000E+01    0.3601448784E-05
  0.1518000000E+01    0.2879765089E-05
  0.1519000000E+01    0.2101587762E-05
  0.1520000000E+01    0.1289936487E-05
  0.1521000000E+01    0.4668586966E-06
  0.1522000000E+01   -0.3465207307E-06
  0.1523000000E+01   -0.1129906474E-05
  0.1524000000E+01   -0.1863778772E-05
  0.1525000000E+01   -0.2529438925E-05
  0.1526000000E+01   -0.3109215977E-05
  0.1527000000E+01   -0.3586825896E-05
  0.1528000000E+01   -0.3947900544E-05
  0.1529000000E+01   -0.4180620640E-05
  0.1530000000E+01   -0.4276408714E-05
  0.1531000000E+01   -0.4230592072E-05
  0.1532000000E+01   -0.4042968758E-05
  0.1533000000E+01   -0.3718191531E-05
  0.1534000000E+01   -0.3265907855E-05
  0.1535000000E+01   -0.2700620906E-05
  0.1536000000E+01   -0.2041258592E-05
  0.1537000000E+01   -0.1310455599E-05
  0.1538000000E+01   -0.5336102419E-06
  0.1539000000E+01    0.2622386708E-06
  0.1540000000E+01    0.1049613763E-05
  0.1541000000E+01    0.1801802024E-05
  0.1542000000E+01    0.2493970736E-05
  0.1543000000E+01    0.3104109225E-05
  0.1544000000E+01    0.3613750609E-05
  0.1545000000E+01    0.4008432775E-05
  0.1546000000E+01    0.4277896363E-05
  0.1547000000E+01    0.4416035766E-05
  0.1548000000E+01    0.4420651148E-05
  0.1549000000E+01    0.4293065460E-05
  0.1550000000E+01    0.4037671468E-05
  0.1551000000E+01    0.3661476781E-05
  0.1552000000E+01    0.3173732870E-05
  0.1553000000E+01    0.2585658085E-05
  0.1554000000E+01    0.1910305660E-05
  0.1555000000E+01    0.1162567716E-05
  0.1556000000E+01    0.3592759519E-06
  0.1557000000E+01   -0.4806402679E-06
  0.1558000000E+01   -0.1336019918E-05
  0.1559000000E+01   -0.2183427320E-05
  0.1560000000E+01   -0.2997289630E-05
  0.1561000000E+01   -0.3750268523E-05
  0.1562000000E+01   -0.4413928746E-05
  0.1563000000E+01   -0.4959698066E-05
  0.1564000000E+01   -0.5360130189E-05
  0.1565000000E+01   -0.5590391669E-05
  0.1566000000E+01   -0.5629906809E-05
  0.1567000000E+01   -0.5464038551E-05
  0.1568000000E+01   -0.5085667381E-05
  0.1569000000E+01   -0.4496542242E-05
  0.1570000000E+01   -0.3708242470E-05
  0.1571000000E+01   -0.2742641763E-05
  0.1572000000E+01   -0.1631780181E-05
  0.1573000000E+01   -0.4170789981E-06
  0.1574000000E+01    0.8520989194E-06
  0.1575000000E+01    0.2120516484E-05
  0.1576000000E+01    0.3329659230E-05
  0.1577000000E+01    0.4420734126E-05
  0.1578000000E+01    0.5337896678E-05
  0.1579000000E+01    0.6031509019E-05
  0.1580000000E+01    0.6461228722E-05
  0.1581000000E+01    0.6598706620E-05
  0.1582000000E+01    0.6429715672E-05
  0.1583000000E+01    0.5955547871E-05
  0.1584000000E+01    0.5193557200E-05
  0.1585000000E+01    0.4176782653E-05
  0.1586000000E+01    0.2952650308E-05
  0.1587000000E+01    0.1580781459E-05
  0.1588000000E+01    0.1300423010E-06
  0.1589000000E+01   -0.1325047352E-05
  0.1590000000E+01   -0.2708312814E-05
  0.1591000000E+01   -0.3946134260E-05
  0.1592000000E+01   -0.4971599966E-05
  0.1593000000E+01   -0.5728373555E-05
  0.1594000000E+01   -0.6174039787E-05
  0.1595000000E+01   -0.6282709383E-05
  0.1596000000E+01   -0.6046738910E-05
  0.1597000000E+01   -0.5477429729E-05
  0.1598000000E+01   -0.4604656014E-05
  0.1599000000E+01   -0.3475425832E-05
  0.1600000000E+01   -0.2151434297E-05
  0.1601000000E+01   -0.7057463720E-06
  0.1602000000E+01    0.7812281722E-06
  0.1603000000E+01    0.2226224975E-05
  0.1604000000E+01    0.3547839783E-05
  0.1605000000E+01    0.4671185148E-05
  0.1606000000E+01    0.5532224248E-05
  0.1607000000E+01    0.6081515338E-05
  0.1608000000E+01    0.6287134556E-05
  0.1609000000E+01    0.6136617793E-05
  0.1610000000E+01    0.5637760629E-05
  0.1611000000E+01    0.4818252351E-05
  0.1612000000E+01    0.3724131047E-05
  0.1613000000E+01    0.2417152765E-05
  0.1614000000E+01    0.9712304435E-06
  0.1615000000E+01   -0.5318610168E-06
  0.1616000000E+01   -0.2007246943E-05
  0.1617000000E+01   -0.3371897570E-05
  0.1618000000E+01   -0.4549462222E-05
  0.1619000000E+01   -0.5474689219E-05
  0.1620000000E+01   -0.6097173931E-05
  0.1621000000E+01   -0.6384197581E-05
  0.1622000000E+01   -0.6322504121E-05
  0.1623000000E+01   -0.5918895189E-05
  0.1624000000E+01   -0.5199633137E-05
  0.1625000000E+01   -0.4208694137E-05
  0.1626000000E+01   -0.3004986363E-05
  0.1627000000E+01   -0.1658734219E-05
  0.1628000000E+01   -0.2472433164E-06
  0.1629000000E+01    0.1149671723E-05
  0.1630000000E+01    0.2454320964E-05
  0.1631000000E+01    0.3595543862E-05
  0.1632000000E+01    0.4512642498E-05
  0.1633000000E+01    0.5158602062E-05
  0.1634000000E+01    0.5502438688E-05
  0.1635000000E+01    0.5530571358E-05
  0.1636000000E+01    0.5247149871E-05
  0.1637000000E+01    0.4673386884E-05
  0.1638000000E+01    0.3845947007E-05
  0.1639000000E+01    0.2814550965E-05
  0.1640000000E+01    0.1638938789E-05
  0.1641000000E+01    0.3854219504E-06
  0.1642000000E+01   -0.8767878960E-06
  0.1643000000E+01   -0.2079249668E-05
  0.1644000000E+01   -0.3157771617E-05
  0.1645000000E+01   -0.4055532618E-05
  0.1646000000E+01   -0.4725698888E-05
  0.1647000000E+01   -0.5133450845E-05
  0.1648000000E+01   -0.5257354008E-05
  0.1649000000E+01   -0.5090053949E-05
  0.1650000000E+01   -0.4638312278E-05
  0.1651000000E+01   -0.3922430683E-05
  0.1652000000E+01   -0.2975120998E-05
  0.1653000000E+01   -0.1839897306E-05
  0.1654000000E+01   -0.5690988744E-06
  0.1655000000E+01    0.7783914947E-06
  0.1656000000E+01    0.2139624298E-05
  0.1657000000E+01    0.3450181155E-05
  0.1658000000E+01    0.4646799626E-05
  0.1659000000E+01    0.5669964834E-05
  0.1660000000E+01    0.6466378494E-05
  0.1661000000E+01    0.6991245752E-05
  0.1662000000E+01    0.7210296043E-05
  0.1663000000E+01    0.7101484967E-05
  0.1664000000E+01    0.6656298196E-05
  0.1665000000E+01    0.5880584408E-05
  0.1666000000E+01    0.4794885260E-05
  0.1667000000E+01    0.3434175400E-05
  0.1668000000E+01    0.1847021518E-05
  0.1669000000E+01    0.9411938506E-07
  0.1670000000E+01   -0.1753768712E-05
  0.1671000000E+01   -0.3618426391E-05
  0.1672000000E+01   -0.5417274357E-05
  0.1673000000E+01   -0.7066844468E-05
  0.1674000000E+01   -0.8486485413E-05
  0.1675000000E+01   -0.9602150442E-05
  0.1676000000E+01   -0.1035009311E-04
  0.1677000000E+01   -0.1068029902E-04
  0.1678000000E+01   -0.1055938664E-04
  0.1679000000E+01   -0.9972988084E-05
  0.1680000000E+01   -0.8927224041E-05
  0.1681000000E+01   -0.7449359702E-05
  0.1682000000E+01   -0.5587434778E-05
  0.1683000000E+01   -0.3408913587E-05
  0.1684000000E+01   -0.9983277161E-06
  0.1685000000E+01    0.1545980256E-05
  0.1686000000E+01    0.4115915478E-05
  0.1687000000E+01    0.6598298496E-05
  0.1688000000E+01    0.8879962394E-05
  0.1689000000E+01    0.1085301592E-04
  0.1690000000E+01    0.1242002310E-04
  0.1691000000E+01    0.1349891492E-04
  0.1692000000E+01    0.1402721596E-04
  0.1693000000E+01    0.1396556919E-04
  0.1694000000E+01    0.1330017575E-04
  0.1695000000E+01    0.1204416485E-04
  0.1696000000E+01    0.1023765374E-04
  0.1697000000E+01    0.7946566836E-05
  0.1698000000E+01    0.5260164814E-05
  0.1699000000E+01    0.2287469910E-05
  0.1700000000E+01   -0.8473754718E-06
  0.1701000000E+01   -0.4010521874E-05
  0.1702000000E+01   -0.7064394352E-05
  0.1703000000E+01   -0.9873937026E-05
  0.1704000000E+01   -0.1231283613E-04
  0.1705000000E+01   -0.1426940287E-04
  0.1706000000E+01   -0.1565186106E-04
  0.1707000000E+01   -0.1639269575E-04
  0.1708000000E+01   -0.1645198003E-04
  0.1709000000E+01   -0.1581935482E-04
  0.1710000000E+01   -0.1451474884E-04
  0.1711000000E+01   -0.1258758866E-04
  0.1712000000E+01   -0.1011474879E-04
  0.1713000000E+01   -0.7197202973E-05
  0.1714000000E+01   -0.3955617455E-05
  0.1715000000E+01   -0.5250371903E-06
  0.1716000000E+01    0.2951006739E-05
  0.1717000000E+01    0.6326751664E-05
  0.1718000000E+01    0.9460507866E-05
  0.1719000000E+01    0.1222073713E-04
  0.1720000000E+01    0.1449164810E-04
  0.1721000000E+01    0.1617805198E-04
  0.1722000000E+01    0.1720931413E-04
  0.1723000000E+01    0.1754225793E-04
  0.1724000000E+01    0.1716285461E-04
  0.1725000000E+01    0.1608672319E-04
  0.1726000000E+01    0.1435839054E-04
  0.1727000000E+01    0.1204940148E-04
  0.1728000000E+01    0.9255319034E-05
  0.1729000000E+01    0.6091729689E-05
  0.1730000000E+01    0.2689488748E-05
  0.1731000000E+01   -0.8106888668E-06
  0.1732000000E+01   -0.4264042188E-05
  0.1733000000E+01   -0.7527772749E-05
  0.1734000000E+01   -0.1046701314E-04
  0.1735000000E+01   -0.1296049456E-04
  0.1736000000E+01   -0.1490574687E-04
  0.1737000000E+01   -0.1622351617E-04
  0.1738000000E+01   -0.1686125659E-04
  0.1739000000E+01   -0.1679553010E-04
  0.1740000000E+01   -0.1603317634E-04
  0.1741000000E+01   -0.1461117271E-04
  0.1742000000E+01   -0.1259507440E-04
  0.1743000000E+01   -0.1007629463E-04
  0.1744000000E+01   -0.7168013908E-05
  0.1745000000E+01   -0.4000174457E-05
  0.1746000000E+01   -0.7135794113E-06
  0.1747000000E+01    0.2546549681E-05
  0.1748000000E+01    0.5637262345E-05
  0.1749000000E+01    0.8424493680E-05
  0.1750000000E+01    0.1078927387E-04
  0.1751000000E+01    0.1263321158E-04
  0.1752000000E+01    0.1388296456E-04
  0.1753000000E+01    0.1449350643E-04
  0.1754000000E+01    0.1444992852E-04
  0.1755000000E+01    0.1376779978E-04
  0.1756000000E+01    0.1249200693E-04
  0.1757000000E+01    0.1069414459E-04
  0.1758000000E+01    0.8468670618E-05
  0.1759000000E+01    0.5927935422E-05
  0.1760000000E+01    0.3196468444E-05
  0.1761000000E+01    0.4047584171E-06
  0.1762000000E+01   -0.2317119138E-05
  0.1763000000E+01   -0.4845706435E-05
  0.1764000000E+01   -0.7069887968E-05
  0.1765000000E+01   -0.8895863123E-05
  0.1766000000E+01   -0.1025115066E-04
  0.1767000000E+01   -0.1108743447E-04
  0.1768000000E+01   -0.1138218045E-04
  0.1769000000E+01   -0.1113894848E-04
  0.1770000000E+01   -0.1038648643E-04
  0.1771000000E+01   -0.9176607389E-05
  0.1772000000E+01   -0.7581031839E-05
  0.1773000000E+01   -0.5687434995E-05
  0.1774000000E+01   -0.3594794147E-05
  0.1775000000E+01   -0.1408361060E-05
  0.1776000000E+01    0.7655319290E-06
  0.1777000000E+01    0.2824576999E-05
  0.1778000000E+01    0.4675266471E-05
  0.1779000000E+01    0.6237133467E-05
  0.1780000000E+01    0.7446253129E-05
  0.1781000000E+01    0.8257863101E-05
  0.1782000000E+01    0.8647989391E-05
  0.1783000000E+01    0.8613998322E-05
  0.1784000000E+01    0.8174080559E-05
  0.1785000000E+01    0.7365694228E-05
  0.1786000000E+01    0.6243057103E-05
  0.1787000000E+01    0.4873835866E-05
  0.1788000000E+01    0.3335206414E-05
  0.1789000000E+01    0.1709517204E-05
  0.1790000000E+01    0.7977958888E-07
  0.1791000000E+01   -0.1474736727E-05
  0.1792000000E+01   -0.2882572562E-05
  0.1793000000E+01   -0.4083574768E-05
  0.1794000000E+01   -0.5031624114E-05
  0.1795000000E+01   -0.5696439107E-05
  0.1796000000E+01   -0.6064384921E-05
  0.1797000000E+01   -0.6138255412E-05
  0.1798000000E+01   -0.5936058204E-05
  0.1799000000E+01   -0.5488952849E-05
  0.1800000000E+01   -0.4838464049E-05
  0.1801000000E+01   -0.4033220916E-05
  0.1802000000E+01   -0.3125448253E-05
  0.1803000000E+01   -0.2167469833E-05
  0.1804000000E+01   -0.1208463670E-05
  0.1805000000E+01   -0.2917048383E-06
  0.1806000000E+01    0.5475576476E-06
  0.1807000000E+01    0.1283442222E-05
  0.1808000000E+01    0.1899963718E-05
  0.1809000000E+01    0.2390755390E-05
  0.1810000000E+01    0.2758067087E-05
  0.1811000000E+01    0.3011171083E-05
  0.1812000000E+01    0.3164354235E-05
  0.1813000000E+01    0.3234702167E-05
  0.1814000000E+01    0.3239872448E-05
  0.1815000000E+01    0.3196076761E-05
  0.1816000000E+01    0.3116412040E-05
  0.1817000000E+01    0.3009697565E-05
  0.1818000000E+01    0.2879875020E-05
  0.1819000000E+01    0.2726006487E-05
  0.1820000000E+01    0.2542825409E-05
  0.1821000000E+01    0.2321777505E-05
  0.1822000000E+01    0.2052417650E-05
  0.1823000000E+01    0.1724030749E-05
  0.1824000000E+01    0.1327317591E-05
  0.1825000000E+01    0.8559851193E-06
  0.1826000000E+01    0.3081248133E-06
  0.1827000000E+01   -0.3127540988E-06
  0.1828000000E+01   -0.9970983952E-06
  0.1829000000E+01   -0.1729139377E-05
  0.1830000000E+01   -0.2487181748E-05
  0.1831000000E+01   -0.3244324055E-05
  0.1832000000E+01   -0.3969556901E-05
  0.1833000000E+01   -0.4629173127E-05
  0.1834000000E+01   -0.5188389674E-05
  0.1835000000E+01   -0.5613113441E-05
  0.1836000000E+01   -0.5871746128E-05
  0.1837000000E+01   -0.5936957087E-05
  0.1838000000E+01   -0.5787344178E-05
  0.1839000000E+01   -0.5408919644E-05
  0.1840000000E+01   -0.4796366998E-05
  0.1841000000E+01   -0.3953997939E-05
  0.1842000000E+01   -0.2896388294E-05
  0.1843000000E+01   -0.1648617993E-05
  0.1844000000E+01   -0.2460947779E-06
  0.1845000000E+01    0.1266091245E-05
  0.1846000000E+01    0.2834293516E-05
  0.1847000000E+01    0.4397941886E-05
  0.1848000000E+01    0.5891652938E-05
  0.1849000000E+01    0.7247801473E-05
  0.1850000000E+01    0.8399467254E-05
  0.1851000000E+01    0.9283655734E-05
  0.1852000000E+01    0.9844658766E-05
  0.1853000000E+01    0.1003737831E-04
  0.1854000000E+01    0.9830417165E-05
  0.1855000000E+01    0.9208749738E-05
  0.1856000000E+01    0.8175732853E-05
  0.1857000000E+01    0.6754297650E-05
  0.1858000000E+01    0.4987166547E-05
  0.1859000000E+01    0.2935978317E-05
  0.1860000000E+01    0.6792930425E-06
  0.1861000000E+01   -0.1690490619E-05
  0.1862000000E+01   -0.4071206091E-05
  0.1863000000E+01   -0.6355776463E-05
  0.1864000000E+01   -0.8437630019E-05
  0.1865000000E+01   -0.1021634155E-04
  0.1866000000E+01   -0.1160317986E-04
  0.1867000000E+01   -0.1252622833E-04
  0.1868000000E+01   -0.1293467153E-04
  0.1869000000E+01   -0.1280204191E-04
  0.1870000000E+01   -0.1212814963E-04
  0.1871000000E+01   -0.1093946253E-04
  0.1872000000E+01   -0.9288072199E-05
  0.1873000000E+01   -0.7249025177E-05
  0.1874000000E+01   -0.4916414314E-05
  0.1875000000E+01   -0.2398270195E-05
  0.1876000000E+01    0.1893169415E-06
  0.1877000000E+01    0.2728536653E-05
  0.1878000000E+01    0.5106228731E-05
  0.1879000000E+01    0.7219901668E-05
  0.1880000000E+01    0.8983012186E-05
  0.1881000000E+01    0.1032918626E-04
  0.1882000000E+01    0.1121513683E-04
  0.1883000000E+01    0.1162209969E-04
  0.1884000000E+01    0.1155582448E-04
  0.1885000000E+01    0.1104495878E-04
  0.1886000000E+01    0.1013829837E-04
  0.1887000000E+01    0.8900787584E-05
  0.1888000000E+01    0.7408895704E-05
  0.1889000000E+01    0.5745451411E-05
  0.1890000000E+01    0.3994474250E-05
  0.1891000000E+01    0.2236288064E-05
  0.1892000000E+01    0.5432407799E-06
  0.1893000000E+01   -0.1023713281E-05
  0.1894000000E+01   -0.2417368188E-05
  0.1895000000E+01   -0.3605484285E-05
  0.1896000000E+01   -0.4570842178E-05
  0.1897000000E+01   -0.5310237218E-05
  0.1898000000E+01   -0.5832558669E-05
  0.1899000000E+01   -0.6156172937E-05
  0.1900000000E+01   -0.6305893839E-05
  0.1901000000E+01   -0.6309799887E-05
  0.1902000000E+01   -0.6196186563E-05
  0.1903000000E+01   -0.5990903561E-05
  0.1904000000E+01   -0.5715281972E-05
  0.1905000000E+01   -0.5384785415E-05
  0.1906000000E+01   -0.5008473083E-05
  0.1907000000E+01   -0.4589255722E-05
  0.1908000000E+01   -0.4124877552E-05
  0.1909000000E+01   -0.3609496118E-05
  0.1910000000E+01   -0.3035663113E-05
  0.1911000000E+01   -0.2396498184E-05
  0.1912000000E+01   -0.1687824729E-05
  0.1913000000E+01   -0.9100514321E-06
  0.1914000000E+01   -0.6960599453E-07
  0.1915000000E+01    0.8202270939E-06
  0.1916000000E+01    0.1739158371E-05
  0.1917000000E+01    0.2660465554E-05
  0.1918000000E+01    0.3552243276E-05
  0.1919000000E+01    0.4379253790E-05
  0.1920000000E+01    0.5105203459E-05
  0.1921000000E+01    0.5695278526E-05
  0.1922000000E+01    0.6118719869E-05
  0.1923000000E+01    0.6351220784E-05
  0.1924000000E+01    0.6376944793E-05
  0.1925000000E+01    0.6189983501E-05
  0.1926000000E+01    0.5795136525E-05
  0.1927000000E+01    0.5207929484E-05
  0.1928000000E+01    0.4453857065E-05
  0.1929000000E+01    0.3566909153E-05
  0.1930000000E+01    0.2587476024E-05
  0.1931000000E+01    0.1559804582E-05
  0.1932000000E+01    0.5291854140E-06
  0.1933000000E+01   -0.4609024419E-06
  0.1934000000E+01   -0.1371472743E-05
  0.1935000000E+01   -0.2170332825E-05
  0.1936000000E+01   -0.2833840437E-05
  0.1937000000E+01   -0.3347963933E-05
  0.1938000000E+01   -0.3708601743E-05
  0.1939000000E+01   -0.3921126406E-05
  0.1940000000E+01   -0.3999218677E-05
  0.1941000000E+01   -0.3963085693E-05
  0.1942000000E+01   -0.3837241174E-05
  0.1943000000E+01   -0.3648029661E-05
  0.1944000000E+01   -0.3421102748E-05
  0.1945000000E+01   -0.3179085307E-05
  0.1946000000E+01   -0.2939613671E-05
  0.1947000000E+01   -0.2713917776E-05
  0.1948000000E+01   -0.2506079231E-05
  0.1949000000E+01   -0.2313012323E-05
  0.1950000000E+01   -0.2125178955E-05
  0.1951000000E+01   -0.1927973516E-05
  0.1952000000E+01   -0.1703646699E-05
  0.1953000000E+01   -0.1433610284E-05
  0.1954000000E+01   -0.1100903905E-05
  0.1955000000E+01   -0.6926112141E-06
  0.1956000000E+01   -0.2019920779E-06
  0.1957000000E+01    0.3698675831E-06
  0.1958000000E+01    0.1013052895E-05
  0.1959000000E+01    0.1708583059E-05
  0.1960000000E+01    0.2428987697E-05
  0.1961000000E+01    0.3139689127E-05
  0.1962000000E+01    0.3801098161E-05
  0.1963000000E+01    0.4371288854E-05
  0.1964000000E+01    0.4809050206E-05
  0.1965000000E+01    0.5077091857E-05
  0.1966000000E+01    0.5145146781E-05
  0.1967000000E+01    0.4992729020E-05
  0.1968000000E+01    0.4611327462E-05
  0.1969000000E+01    0.4005832700E-05
  0.1970000000E+01    0.3195076975E-05
  0.1971000000E+01    0.2211424203E-05
  0.1972000000E+01    0.1099391107E-05
  0.1973000000E+01   -0.8660838059E-07
  0.1974000000E+01   -0.1285264781E-05
  0.1975000000E+01   -0.2431938825E-05
  0.1976000000E+01   -0.3462549972E-05
  0.1977000000E+01   -0.4317531078E-05
  0.1978000000E+01   -0.4945602212E-05
  0.1979000000E+01   -0.5307103325E-05
  0.1980000000E+01   -0.5376672980E-05
  0.1981000000E+01   -0.5145105169E-05
  0.1982000000E+01   -0.4620255209E-05
  0.1983000000E+01   -0.3826943746E-05
  0.1984000000E+01   -0.2805860858E-05
  0.1985000000E+01   -0.1611542238E-05
  0.1986000000E+01   -0.3095190769E-06
  0.1987000000E+01    0.1027171604E-05
  0.1988000000E+01    0.2321937561E-05
  0.1989000000E+01    0.3498809923E-05
  0.1990000000E+01    0.4486632768E-05
  0.1991000000E+01    0.5223035335E-05
  0.1992000000E+01    0.5657986663E-05
  0.1993000000E+01    0.5756742291E-05
  0.1994000000E+01    0.5502037038E-05
  0.1995000000E+01    0.4895412855E-05
  0.1996000000E+01    0.3957610781E-05
  0.1997000000E+01    0.2727989992E-05
  0.1998000000E+01    0.1263001940E-05
  0.1999000000E+01   -0.3662464083E-06
  0.2000000000E+01   -0.2077215258E-05
