 0.0000000E+00  0.9999996E+00  0.0000000E+00  0.1930454E-02  0.0000000E+00
 0.5000000E-02  0.9999553E+00 -0.6168606E-02  0.1928310E-02 -0.8430790E-04
 0.1000000E-01  0.9998227E+00 -0.1233450E-01  0.1921665E-02 -0.1683927E-03
 0.1500000E-01  0.9996020E+00 -0.1849503E-01  0.1910568E-02 -0.2519786E-03
 0.2000000E-01  0.9992934E+00 -0.2464754E-01  0.1895057E-02 -0.3348139E-03
 0.2500000E-01  0.9988975E+00 -0.3078939E-01  0.1875181E-02 -0.4166505E-03
 0.3000000E-01  0.9984148E+00 -0.3691798E-01  0.1851006E-02 -0.4972435E-03
 0.3500000E-01  0.9978459E+00 -0.4303073E-01  0.1822608E-02 -0.5763519E-03
 0.4000000E-01  0.9971918E+00 -0.4912512E-01  0.1790079E-02 -0.6537395E-03
 0.4500000E-01  0.9964532E+00 -0.5519866E-01  0.1753523E-02 -0.7291752E-03
 0.5000000E-01  0.9956312E+00 -0.6124893E-01  0.1713059E-02 -0.8024337E-03
 0.5500000E-01  0.9947270E+00 -0.6727358E-01  0.1668817E-02 -0.8732966E-03
 0.6000000E-01  0.9937418E+00 -0.7327030E-01  0.1620940E-02 -0.9415538E-03
 0.6500000E-01  0.9926769E+00 -0.7923689E-01  0.1569584E-02 -0.1007001E-02
 0.7000000E-01  0.9915337E+00 -0.8517120E-01  0.1514915E-02 -0.1069445E-02
 0.7500000E-01  0.9903138E+00 -0.9107117E-01  0.1457114E-02 -0.1128703E-02
 0.8000000E-01  0.9890187E+00 -0.9693485E-01  0.1396370E-02 -0.1184600E-02
 0.8500000E-01  0.9876502E+00 -0.1027603E+00  0.1332881E-02 -0.1236973E-02
 0.9000000E-01  0.9862100E+00 -0.1085459E+00  0.1266860E-02 -0.1285672E-02
 0.9500000E-01  0.9846999E+00 -0.1142898E+00  0.1198524E-02 -0.1330556E-02
 0.1000000E+00  0.9831217E+00 -0.1199905E+00  0.1128102E-02 -0.1371502E-02
 0.1050000E+00  0.9814774E+00 -0.1256465E+00  0.1055827E-02 -0.1408397E-02
 0.1100000E+00  0.9797689E+00 -0.1312565E+00  0.9819432E-03 -0.1441142E-02
 0.1150000E+00  0.9779983E+00 -0.1368192E+00  0.9066986E-03 -0.1469653E-02
 0.1200000E+00  0.9761675E+00 -0.1423334E+00  0.8303469E-03 -0.1493864E-02
 0.1250000E+00  0.9742787E+00 -0.1477980E+00  0.7531444E-03 -0.1513720E-02
 0.1300000E+00  0.9723340E+00 -0.1532123E+00  0.6753535E-03 -0.1529187E-02
 0.1350000E+00  0.9703353E+00 -0.1585753E+00  0.5972391E-03 -0.1540239E-02
 0.1400000E+00  0.9682848E+00 -0.1638863E+00  0.5190657E-03 -0.1546876E-02
 0.1450000E+00  0.9661846E+00 -0.1691448E+00  0.4410989E-03 -0.1549111E-02
 0.1500000E+00  0.9640368E+00 -0.1743501E+00  0.3636034E-03 -0.1546970E-02
 0.1550000E+00  0.9618435E+00 -0.1795020E+00  0.2868401E-03 -0.1540498E-02
 0.1600000E+00  0.9596067E+00 -0.1846001E+00  0.2110730E-03 -0.1529759E-02
 0.1650000E+00  0.9573285E+00 -0.1896442E+00  0.1365535E-03 -0.1514835E-02
 0.1700000E+00  0.9550108E+00 -0.1946342E+00  0.6353444E-04 -0.1495816E-02
 0.1750000E+00  0.9526556E+00 -0.1995701E+00 -0.7739836E-05 -0.1472815E-02
 0.1800000E+00  0.9502649E+00 -0.2044520E+00 -0.7703401E-04 -0.1445958E-02
 0.1850000E+00  0.9478405E+00 -0.2092800E+00 -0.1441203E-03 -0.1415389E-02
 0.1900000E+00  0.9453844E+00 -0.2140544E+00 -0.2087758E-03 -0.1381267E-02
 0.1950000E+00  0.9428981E+00 -0.2187756E+00 -0.2707967E-03 -0.1343755E-02
 0.2000000E+00  0.9403836E+00 -0.2234438E+00 -0.3299862E-03 -0.1303047E-02
 0.2050000E+00  0.9378425E+00 -0.2280596E+00 -0.3861604E-03 -0.1259328E-02
 0.2100000E+00  0.9352764E+00 -0.2326234E+00 -0.4391449E-03 -0.1212818E-02
 0.2150000E+00  0.9326868E+00 -0.2371360E+00 -0.4887916E-03 -0.1163731E-02
 0.2200000E+00  0.9300752E+00 -0.2415979E+00 -0.5349542E-03 -0.1112291E-02
 0.2250000E+00  0.9274430E+00 -0.2460097E+00 -0.5775076E-03 -0.1058742E-02
 0.2300000E+00  0.9247917E+00 -0.2503723E+00 -0.6163418E-03 -0.1003327E-02
 0.2350000E+00  0.9221224E+00 -0.2546864E+00 -0.6513681E-03 -0.9462990E-03
 0.2400000E+00  0.9194364E+00 -0.2589528E+00 -0.6825112E-03 -0.8879118E-03
 0.2450000E+00  0.9167348E+00 -0.2631724E+00 -0.7097124E-03 -0.8284267E-03
 0.2500000E+00  0.9140187E+00 -0.2673459E+00 -0.7329348E-03 -0.7681068E-03
 0.2550000E+00  0.9112891E+00 -0.2714744E+00 -0.7521575E-03 -0.7072177E-03
 0.2600000E+00  0.9085469E+00 -0.2755586E+00 -0.7673745E-03 -0.6460255E-03
 0.2650000E+00  0.9057929E+00 -0.2795995E+00 -0.7786038E-03 -0.5847916E-03
 0.2700000E+00  0.9030280E+00 -0.2835980E+00 -0.7858740E-03 -0.5237766E-03
 0.2750000E+00  0.9002528E+00 -0.2875551E+00 -0.7892401E-03 -0.4632351E-03
 0.2800000E+00  0.8974681E+00 -0.2914716E+00 -0.7887756E-03 -0.4034229E-03
 0.2850000E+00  0.8946743E+00 -0.2953484E+00 -0.7845591E-03 -0.3445912E-03
 0.2900000E+00  0.8918721E+00 -0.2991865E+00 -0.7766888E-03 -0.2869707E-03
 0.2950000E+00  0.8890619E+00 -0.3029867E+00 -0.7652893E-03 -0.2307860E-03
 0.3000000E+00  0.8862441E+00 -0.3067500E+00 -0.7504963E-03 -0.1762699E-03
 0.3050000E+00  0.8834190E+00 -0.3104771E+00 -0.7324431E-03 -0.1236247E-03
 0.3100000E+00  0.8805870E+00 -0.3141689E+00 -0.7113066E-03 -0.7304118E-04
 0.3150000E+00  0.8777483E+00 -0.3178262E+00 -0.6872486E-03 -0.2471854E-04
 0.3200000E+00  0.8749031E+00 -0.3214499E+00 -0.6604544E-03  0.2118859E-04
 0.3250000E+00  0.8720516E+00 -0.3250406E+00 -0.6311299E-03  0.6451089E-04
 0.3300000E+00  0.8691939E+00 -0.3285990E+00 -0.5994601E-03  0.1051168E-03
 0.3350000E+00  0.8663301E+00 -0.3321260E+00 -0.5656794E-03  0.1428743E-03
 0.3400000E+00  0.8634602E+00 -0.3356221E+00 -0.5299848E-03  0.1776780E-03
 0.3450000E+00  0.8605843E+00 -0.3390879E+00 -0.4926242E-03  0.2094320E-03
 0.3500000E+00  0.8577023E+00 -0.3425242E+00 -0.4538044E-03  0.2380632E-03
 0.3550000E+00  0.8548142E+00 -0.3459313E+00 -0.4137796E-03  0.2635070E-03
 0.3600000E+00  0.8519199E+00 -0.3493099E+00 -0.3727629E-03  0.2857317E-03
 0.3650000E+00  0.8490194E+00 -0.3526603E+00 -0.3310092E-03  0.3046986E-03
 0.3700000E+00  0.8461125E+00 -0.3559832E+00 -0.2887400E-03  0.3204176E-03
 0.3750000E+00  0.8431992E+00 -0.3592788E+00 -0.2461906E-03  0.3328737E-03
 0.3800000E+00  0.8402793E+00 -0.3625476E+00 -0.2035966E-03  0.3421196E-03
 0.3850000E+00  0.8373527E+00 -0.3657899E+00 -0.1611711E-03  0.3481765E-03
 0.3900000E+00  0.8344193E+00 -0.3690060E+00 -0.1191471E-03  0.3511082E-03
 0.3950000E+00  0.8314789E+00 -0.3721962E+00 -0.7772891E-04  0.3509955E-03
 0.4000000E+00  0.8285314E+00 -0.3753607E+00 -0.3711852E-04  0.3479073E-03
 0.4050000E+00  0.8255766E+00 -0.3784997E+00  0.2470381E-05  0.3419605E-03
 0.4100000E+00  0.8226145E+00 -0.3816135E+00  0.4087543E-04  0.3332702E-03
 0.4150000E+00  0.8196449E+00 -0.3847021E+00  0.7790535E-04  0.3219391E-03
 0.4200000E+00  0.8166676E+00 -0.3877657E+00  0.1133855E-03  0.3081320E-03
 0.4250000E+00  0.8136827E+00 -0.3908043E+00  0.1471888E-03  0.2919884E-03
 0.4300000E+00  0.8106899E+00 -0.3938181E+00  0.1791580E-03  0.2736480E-03
 0.4350000E+00  0.8076892E+00 -0.3968071E+00  0.2091584E-03  0.2532957E-03
 0.4400000E+00  0.8046805E+00 -0.3997713E+00  0.2370952E-03  0.2311040E-03
 0.4450000E+00  0.8016637E+00 -0.4027108E+00  0.2628625E-03  0.2072355E-03
 0.4500000E+00  0.7986389E+00 -0.4056255E+00  0.2863631E-03  0.1818794E-03
 0.4550000E+00  0.7956059E+00 -0.4085154E+00  0.3075384E-03  0.1552353E-03
 0.4600000E+00  0.7925648E+00 -0.4113805E+00  0.3263371E-03  0.1274752E-03
 0.4650000E+00  0.7895156E+00 -0.4142207E+00  0.3427029E-03  0.9879161E-04
 0.4700000E+00  0.7864583E+00 -0.4170360E+00  0.3566113E-03  0.6938578E-04
 0.4750000E+00  0.7833930E+00 -0.4198263E+00  0.3680591E-03  0.3945042E-04
 0.4800000E+00  0.7803196E+00 -0.4225915E+00  0.3770499E-03  0.9161468E-05
 0.4850000E+00  0.7772383E+00 -0.4253316E+00  0.3835858E-03 -0.2129401E-04
 0.4900000E+00  0.7741492E+00 -0.4280465E+00  0.3876984E-03 -0.5172122E-04
 0.4950000E+00  0.7710523E+00 -0.4307360E+00  0.3894406E-03 -0.8194449E-04
 0.5000000E+00  0.7679478E+00 -0.4334002E+00  0.3888661E-03 -0.1118034E-03
 0.5050000E+00  0.7648359E+00 -0.4360389E+00  0.3860312E-03 -0.1411320E-03
 0.5100000E+00  0.7617166E+00 -0.4386521E+00  0.3810119E-03 -0.1697610E-03
 0.5150000E+00  0.7585902E+00 -0.4412397E+00  0.3739082E-03 -0.1975412E-03
 0.5200000E+00  0.7554568E+00 -0.4438016E+00  0.3648223E-03 -0.2243376E-03
 0.5250000E+00  0.7523167E+00 -0.4463377E+00  0.3538540E-03 -0.2500272E-03
 0.5300000E+00  0.7491700E+00 -0.4488481E+00  0.3411110E-03 -0.2744787E-03
 0.5350000E+00  0.7460170E+00 -0.4513326E+00  0.3267200E-03 -0.2975721E-03
 0.5400000E+00  0.7428579E+00 -0.4537912E+00  0.3108192E-03 -0.3192118E-03
 0.5450000E+00  0.7396928E+00 -0.4562239E+00  0.2935444E-03 -0.3393194E-03
 0.5500000E+00  0.7365222E+00 -0.4586307E+00  0.2750305E-03 -0.3578175E-03
 0.5550000E+00  0.7333461E+00 -0.4610116E+00  0.2554113E-03 -0.3746328E-03
 0.5600000E+00  0.7301649E+00 -0.4633665E+00  0.2348360E-03 -0.3897058E-03
 0.5650000E+00  0.7269789E+00 -0.4656955E+00  0.2134609E-03 -0.4029955E-03
 0.5700000E+00  0.7237882E+00 -0.4679986E+00  0.1914367E-03 -0.4144805E-03
 0.5750000E+00  0.7205932E+00 -0.4702759E+00  0.1689112E-03 -0.4241414E-03
 0.5800000E+00  0.7173941E+00 -0.4725273E+00  0.1460164E-03 -0.4319682E-03
 0.5850000E+00  0.7141912E+00 -0.4747530E+00  0.1229043E-03 -0.4379664E-03
 0.5900000E+00  0.7109848E+00 -0.4769531E+00  0.9972310E-04 -0.4421357E-03
 0.5950000E+00  0.7077750E+00 -0.4791275E+00  0.7661494E-04 -0.4445119E-03
 0.6000000E+00  0.7045623E+00 -0.4812764E+00  0.5371619E-04 -0.4451357E-03
 0.6050000E+00  0.7013467E+00 -0.4833999E+00  0.3115828E-04 -0.4440526E-03
 0.6100000E+00  0.6981287E+00 -0.4854981E+00  0.9048536E-05 -0.4413145E-03
 0.6150000E+00  0.6949084E+00 -0.4875712E+00 -0.1247669E-04 -0.4369831E-03
 0.6200000E+00  0.6916860E+00 -0.4896192E+00 -0.3331563E-04 -0.4311184E-03
 0.6250000E+00  0.6884619E+00 -0.4916422E+00 -0.5335498E-04 -0.4238076E-03
 0.6300000E+00  0.6852362E+00 -0.4936406E+00 -0.7248660E-04 -0.4151352E-03
 0.6350000E+00  0.6820091E+00 -0.4956143E+00 -0.9063754E-04 -0.4051979E-03
 0.6400000E+00  0.6787809E+00 -0.4975635E+00 -0.1077193E-03 -0.3940932E-03
 0.6450000E+00  0.6755518E+00 -0.4994885E+00 -0.1236692E-03 -0.3819112E-03
 0.6500000E+00  0.6723219E+00 -0.5013893E+00 -0.1384183E-03 -0.3687673E-03
 0.6550000E+00  0.6690915E+00 -0.5032662E+00 -0.1519094E-03 -0.3547489E-03
 0.6600000E+00  0.6658607E+00 -0.5051193E+00 -0.1640967E-03 -0.3399845E-03
 0.6650000E+00  0.6626296E+00 -0.5069488E+00 -0.1749344E-03 -0.3245748E-03
 0.6700000E+00  0.6593985E+00 -0.5087549E+00 -0.1844042E-03 -0.3086495E-03
 0.6750000E+00  0.6561675E+00 -0.5105377E+00 -0.1924834E-03 -0.2923104E-03
 0.6800000E+00  0.6529368E+00 -0.5122974E+00 -0.1991745E-03 -0.2756813E-03
 0.6850000E+00  0.6497063E+00 -0.5140343E+00 -0.2044677E-03 -0.2588579E-03
 0.6900000E+00  0.6464764E+00 -0.5157484E+00 -0.2083785E-03 -0.2419590E-03
 0.6950000E+00  0.6432471E+00 -0.5174400E+00 -0.2109106E-03 -0.2250806E-03
 0.7000000E+00  0.6400184E+00 -0.5191092E+00 -0.2120943E-03 -0.2083419E-03
 0.7050000E+00  0.6367905E+00 -0.5207563E+00 -0.2119525E-03 -0.1918304E-03
 0.7100000E+00  0.6335635E+00 -0.5223812E+00 -0.2105297E-03 -0.1756646E-03
 0.7150000E+00  0.6303374E+00 -0.5239843E+00 -0.2078742E-03 -0.1599196E-03
 0.7200000E+00  0.6271124E+00 -0.5255657E+00 -0.2040388E-03 -0.1446981E-03
 0.7250000E+00  0.6238885E+00 -0.5271255E+00 -0.1990881E-03 -0.1300660E-03
 0.7300000E+00  0.6206657E+00 -0.5286638E+00 -0.1930733E-03 -0.1161088E-03
 0.7350000E+00  0.6174441E+00 -0.5301809E+00 -0.1860768E-03 -0.1028881E-03
 0.7400000E+00  0.6142238E+00 -0.5316768E+00 -0.1781522E-03 -0.9046709E-04
 0.7450000E+00  0.6110048E+00 -0.5331517E+00 -0.1693894E-03 -0.7891432E-04
 0.7500000E+00  0.6077872E+00 -0.5346057E+00 -0.1598562E-03 -0.6826630E-04
 0.7550000E+00  0.6045709E+00 -0.5360388E+00 -0.1496420E-03 -0.5858358E-04
 0.7600000E+00  0.6013561E+00 -0.5374513E+00 -0.1388365E-03 -0.4989317E-04
 0.7650000E+00  0.5981428E+00 -0.5388432E+00 -0.1275168E-03 -0.4222271E-04
 0.7700000E+00  0.5949310E+00 -0.5402146E+00 -0.1157834E-03 -0.3560415E-04
 0.7750000E+00  0.5917207E+00 -0.5415655E+00 -0.1037137E-03 -0.3003104E-04
 0.7800000E+00  0.5885120E+00 -0.5428962E+00 -0.9139227E-04 -0.2552970E-04
 0.7850000E+00  0.5853049E+00 -0.5442066E+00 -0.7891328E-04 -0.2208720E-04
 0.7900000E+00  0.5820995E+00 -0.5454968E+00 -0.6634575E-04 -0.1969454E-04
 0.7950000E+00  0.5788958E+00 -0.5467668E+00 -0.5377891E-04 -0.1835507E-04
 0.8000000E+00  0.5756938E+00 -0.5480168E+00 -0.4129869E-04 -0.1803588E-04
 0.8050000E+00  0.5724935E+00 -0.5492468E+00 -0.2896650E-04 -0.1872188E-04
 0.8100000E+00  0.5692951E+00 -0.5504568E+00 -0.1687256E-04 -0.2038836E-04
 0.8150000E+00  0.5660986E+00 -0.5516468E+00 -0.5079578E-05 -0.2298323E-04
 0.8200000E+00  0.5629039E+00 -0.5528170E+00  0.6349931E-05 -0.2647819E-04
 0.8250000E+00  0.5597112E+00 -0.5539673E+00  0.1733473E-04 -0.3082830E-04
 0.8300000E+00  0.5565206E+00 -0.5550977E+00  0.2783239E-04 -0.3596907E-04
 0.8350000E+00  0.5533320E+00 -0.5562083E+00  0.3779935E-04 -0.4186309E-04
 0.8400000E+00  0.5501456E+00 -0.5572991E+00  0.4716839E-04 -0.4844444E-04
 0.8450000E+00  0.5469615E+00 -0.5583702E+00  0.5591073E-04 -0.5564815E-04
 0.8500000E+00  0.5437796E+00 -0.5594215E+00  0.6399935E-04 -0.6343138E-04
 0.8550000E+00  0.5406001E+00 -0.5604530E+00  0.7138923E-04 -0.7172632E-04
 0.8600000E+00  0.5374231E+00 -0.5614648E+00  0.7805788E-04 -0.8045540E-04
 0.8650000E+00  0.5342486E+00 -0.5624569E+00  0.8399420E-04 -0.8957292E-04
 0.8700000E+00  0.5310768E+00 -0.5634293E+00  0.8917394E-04 -0.9901417E-04
 0.8750000E+00  0.5279078E+00 -0.5643820E+00  0.9358502E-04 -0.1086972E-03
 0.8800000E+00  0.5247416E+00 -0.5653150E+00  0.9722962E-04 -0.1185700E-03
 0.8850000E+00  0.5215784E+00 -0.5662284E+00  0.1001059E-03 -0.1285719E-03
 0.8900000E+00  0.5184183E+00 -0.5671221E+00  0.1022147E-03 -0.1386247E-03
 0.8950000E+00  0.5152614E+00 -0.5679961E+00  0.1035768E-03 -0.1486734E-03
 0.9000000E+00  0.5121078E+00 -0.5688506E+00  0.1042106E-03 -0.1586671E-03
 0.9050000E+00  0.5089577E+00 -0.5696855E+00  0.1041211E-03 -0.1685408E-03
 0.9100000E+00  0.5058112E+00 -0.5705008E+00  0.1033409E-03 -0.1782368E-03
 0.9150000E+00  0.5026684E+00 -0.5712966E+00  0.1019112E-03 -0.1877124E-03
 0.9200000E+00  0.4995295E+00 -0.5720729E+00  0.9984649E-04 -0.1969197E-03
 0.9250000E+00  0.4963947E+00 -0.5728297E+00  0.9718089E-04 -0.2058141E-03
 0.9300000E+00  0.4932639E+00 -0.5735671E+00  0.9396449E-04 -0.2143463E-03
 0.9350000E+00  0.4901375E+00 -0.5742851E+00  0.9023049E-04 -0.2224943E-03
 0.9400000E+00  0.4870155E+00 -0.5749838E+00  0.8601477E-04 -0.2302206E-03
 0.9450000E+00  0.4838982E+00 -0.5756632E+00  0.8135803E-04 -0.2374845E-03
 0.9500000E+00  0.4807856E+00 -0.5763234E+00  0.7631942E-04 -0.2442694E-03
 0.9550000E+00  0.4776779E+00 -0.5769644E+00  0.7093646E-04 -0.2505530E-03
 0.9600000E+00  0.4745753E+00 -0.5775863E+00  0.6524830E-04 -0.2563205E-03
 0.9650000E+00  0.4714780E+00 -0.5781892E+00  0.5931003E-04 -0.2615424E-03
 0.9700000E+00  0.4683860E+00 -0.5787732E+00  0.5317185E-04 -0.2662178E-03
 0.9750000E+00  0.4652996E+00 -0.5793383E+00  0.4688545E-04 -0.2703454E-03
 0.9800000E+00  0.4622188E+00 -0.5798846E+00  0.4048250E-04 -0.2739190E-03
 0.9850000E+00  0.4591439E+00 -0.5804123E+00  0.3401972E-04 -0.2769344E-03
 0.9900000E+00  0.4560751E+00 -0.5809214E+00  0.2754661E-04 -0.2793949E-03
 0.9950000E+00  0.4530123E+00 -0.5814120E+00  0.2110780E-04 -0.2813260E-03
 0.1000000E+01  0.4499559E+00 -0.5818842E+00  0.1473840E-04 -0.2827267E-03
 0.1005000E+01  0.4469059E+00 -0.5823382E+00  0.8476536E-05 -0.2836171E-03
 0.1010000E+01  0.4438625E+00 -0.5827740E+00  0.2372577E-05 -0.2840008E-03
 0.1015000E+01  0.4408259E+00 -0.5831918E+00 -0.3539869E-05 -0.2839198E-03
 0.1020000E+01  0.4377961E+00 -0.5835917E+00 -0.9233681E-05 -0.2833835E-03
 0.1025000E+01  0.4347733E+00 -0.5839738E+00 -0.1467657E-04 -0.2824261E-03
 0.1030000E+01  0.4317577E+00 -0.5843383E+00 -0.1983932E-04 -0.2810556E-03
 0.1035000E+01  0.4287493E+00 -0.5846853E+00 -0.2468486E-04 -0.2793158E-03
 0.1040000E+01  0.4257483E+00 -0.5850149E+00 -0.2919376E-04 -0.2772344E-03
 0.1045000E+01  0.4227548E+00 -0.5853272E+00 -0.3335128E-04 -0.2748464E-03
 0.1050000E+01  0.4197690E+00 -0.5856225E+00 -0.3713923E-04 -0.2721666E-03
 0.1055000E+01  0.4167908E+00 -0.5859008E+00 -0.4052934E-04 -0.2692378E-03
 0.1060000E+01  0.4138205E+00 -0.5861623E+00 -0.4351796E-04 -0.2660921E-03
 0.1065000E+01  0.4108581E+00 -0.5864072E+00 -0.4608530E-04 -0.2627718E-03
 0.1070000E+01  0.4079038E+00 -0.5866355E+00 -0.4824096E-04 -0.2593048E-03
 0.1075000E+01  0.4049575E+00 -0.5868475E+00 -0.4996458E-04 -0.2557202E-03
 0.1080000E+01  0.4020195E+00 -0.5870433E+00 -0.5126340E-04 -0.2520533E-03
 0.1085000E+01  0.3990897E+00 -0.5872231E+00 -0.5212340E-04 -0.2483355E-03
 0.1090000E+01  0.3961683E+00 -0.5873869E+00 -0.5256198E-04 -0.2446155E-03
 0.1095000E+01  0.3932554E+00 -0.5875349E+00 -0.5258401E-04 -0.2409114E-03
 0.1100000E+01  0.3903509E+00 -0.5876673E+00 -0.5219594E-04 -0.2372567E-03
 0.1105000E+01  0.3874550E+00 -0.5877843E+00 -0.5140925E-04 -0.2336667E-03
 0.1110000E+01  0.3845678E+00 -0.5878859E+00 -0.5022772E-04 -0.2301866E-03
 0.1115000E+01  0.3816892E+00 -0.5879724E+00 -0.4867493E-04 -0.2268448E-03
 0.1120000E+01  0.3788194E+00 -0.5880438E+00 -0.4676169E-04 -0.2236539E-03
 0.1125000E+01  0.3759584E+00 -0.5881003E+00 -0.4452072E-04 -0.2206445E-03
 0.1130000E+01  0.3731062E+00 -0.5881420E+00 -0.4195822E-04 -0.2178243E-03
 0.1135000E+01  0.3702628E+00 -0.5881692E+00 -0.3908851E-04 -0.2152239E-03
 0.1140000E+01  0.3674284E+00 -0.5881818E+00 -0.3594370E-04 -0.2128554E-03
 0.1145000E+01  0.3646030E+00 -0.5881801E+00 -0.3253912E-04 -0.2107369E-03
 0.1150000E+01  0.3617865E+00 -0.5881642E+00 -0.2891125E-04 -0.2088843E-03
 0.1155000E+01  0.3589791E+00 -0.5881342E+00 -0.2507213E-04 -0.2072904E-03
 0.1160000E+01  0.3561807E+00 -0.5880902E+00 -0.2104446E-04 -0.2059735E-03
 0.1165000E+01  0.3533915E+00 -0.5880324E+00 -0.1685735E-04 -0.2049444E-03
 0.1170000E+01  0.3506113E+00 -0.5879608E+00 -0.1252056E-04 -0.2042018E-03
 0.1175000E+01  0.3478402E+00 -0.5878756E+00 -0.8079359E-05 -0.2037581E-03
 0.1180000E+01  0.3450783E+00 -0.5877770E+00 -0.3553488E-05 -0.2036012E-03
 0.1185000E+01  0.3423256E+00 -0.5876649E+00  0.1046672E-05 -0.2037314E-03
 0.1190000E+01  0.3395821E+00 -0.5875396E+00  0.5686083E-05 -0.2041419E-03
 0.1195000E+01  0.3368479E+00 -0.5874011E+00  0.1035426E-04 -0.2048339E-03
 0.1200000E+01  0.3341228E+00 -0.5872496E+00  0.1503197E-04 -0.2058032E-03
 0.1205000E+01  0.3314071E+00 -0.5870851E+00  0.1967830E-04 -0.2070394E-03
 0.1210000E+01  0.3287006E+00 -0.5869077E+00  0.2428814E-04 -0.2085245E-03
 0.1215000E+01  0.3260035E+00 -0.5867175E+00  0.2884570E-04 -0.2102528E-03
 0.1220000E+01  0.3233157E+00 -0.5865147E+00  0.3332129E-04 -0.2122027E-03
 0.1225000E+01  0.3206372E+00 -0.5862993E+00  0.3772394E-04 -0.2143665E-03
 0.1230000E+01  0.3179682E+00 -0.5860714E+00  0.4202341E-04 -0.2167341E-03
 0.1235000E+01  0.3153086E+00 -0.5858311E+00  0.4620169E-04 -0.2192882E-03
 0.1240000E+01  0.3126584E+00 -0.5855785E+00  0.5026343E-04 -0.2220012E-03
 0.1245000E+01  0.3100177E+00 -0.5853136E+00  0.5418280E-04 -0.2248671E-03
 0.1250000E+01  0.3073864E+00 -0.5850367E+00  0.5795968E-04 -0.2278515E-03
 0.1255000E+01  0.3047647E+00 -0.5847476E+00  0.6160140E-04 -0.2309383E-03
 0.1260000E+01  0.3021526E+00 -0.5844466E+00  0.6509231E-04 -0.2341283E-03
 0.1265000E+01  0.2995500E+00 -0.5841338E+00  0.6842924E-04 -0.2373837E-03
 0.1270000E+01  0.2969571E+00 -0.5838091E+00  0.7161614E-04 -0.2406911E-03
 0.1275000E+01  0.2943738E+00 -0.5834727E+00  0.7465092E-04 -0.2440367E-03
 0.1280000E+01  0.2918002E+00 -0.5831247E+00  0.7752489E-04 -0.2473879E-03
 0.1285000E+01  0.2892364E+00 -0.5827651E+00  0.8026318E-04 -0.2507317E-03
 0.1290000E+01  0.2866823E+00 -0.5823940E+00  0.8286764E-04 -0.2540531E-03
 0.1295000E+01  0.2841380E+00 -0.5820116E+00  0.8533730E-04 -0.2573389E-03
 0.1300000E+01  0.2816035E+00 -0.5816179E+00  0.8769280E-04 -0.2605654E-03
 0.1305000E+01  0.2790789E+00 -0.5812129E+00  0.8993287E-04 -0.2637316E-03
 0.1310000E+01  0.2765642E+00 -0.5807968E+00  0.9206792E-04 -0.2668078E-03
 0.1315000E+01  0.2740595E+00 -0.5803697E+00  0.9410908E-04 -0.2697790E-03
 0.1320000E+01  0.2715648E+00 -0.5799316E+00  0.9608318E-04 -0.2726403E-03
 0.1325000E+01  0.2690802E+00 -0.5794826E+00  0.9798727E-04 -0.2753802E-03
 0.1330000E+01  0.2666056E+00 -0.5790229E+00  0.9985507E-04 -0.2779860E-03
 0.1335000E+01  0.2641412E+00 -0.5785524E+00  0.1016925E-03 -0.2804484E-03
 0.1340000E+01  0.2616869E+00 -0.5780714E+00  0.1035204E-03 -0.2827763E-03
 0.1345000E+01  0.2592429E+00 -0.5775798E+00  0.1053363E-03 -0.2849434E-03
 0.1350000E+01  0.2568092E+00 -0.5770779E+00  0.1071755E-03 -0.2869542E-03
 0.1355000E+01  0.2543857E+00 -0.5765656E+00  0.1090524E-03 -0.2888008E-03
 0.1360000E+01  0.2519726E+00 -0.5760432E+00  0.1109796E-03 -0.2904869E-03
 0.1365000E+01  0.2495699E+00 -0.5755106E+00  0.1129795E-03 -0.2919961E-03
 0.1370000E+01  0.2471777E+00 -0.5749680E+00  0.1150768E-03 -0.2933487E-03
 0.1375000E+01  0.2447959E+00 -0.5744155E+00  0.1172791E-03 -0.2945461E-03
 0.1380000E+01  0.2424246E+00 -0.5738531E+00  0.1196024E-03 -0.2955924E-03
 0.1385000E+01  0.2400639E+00 -0.5732811E+00  0.1220630E-03 -0.2964762E-03
 0.1390000E+01  0.2377138E+00 -0.5726995E+00  0.1246825E-03 -0.2972197E-03
 0.1395000E+01  0.2353743E+00 -0.5721084E+00  0.1274658E-03 -0.2978261E-03
 0.1400000E+01  0.2330455E+00 -0.5715079E+00  0.1304405E-03 -0.2982954E-03
 0.1405000E+01  0.2307274E+00 -0.5708981E+00  0.1336157E-03 -0.2986378E-03
 0.1410000E+01  0.2284200E+00 -0.5702792E+00  0.1370162E-03 -0.2988745E-03
 0.1415000E+01  0.2261233E+00 -0.5696513E+00  0.1406340E-03 -0.2990203E-03
 0.1420000E+01  0.2238375E+00 -0.5690144E+00  0.1444949E-03 -0.2990736E-03
 0.1425000E+01  0.2215624E+00 -0.5683687E+00  0.1486001E-03 -0.2990567E-03
 0.1430000E+01  0.2192983E+00 -0.5677143E+00  0.1529680E-03 -0.2989806E-03
 0.1435000E+01  0.2170449E+00 -0.5670513E+00  0.1575976E-03 -0.2988664E-03
 0.1440000E+01  0.2148025E+00 -0.5663798E+00  0.1624957E-03 -0.2987019E-03
 0.1445000E+01  0.2125709E+00 -0.5657000E+00  0.1676837E-03 -0.2985254E-03
 0.1450000E+01  0.2103503E+00 -0.5650119E+00  0.1731572E-03 -0.2983542E-03
 0.1455000E+01  0.2081406E+00 -0.5643157E+00  0.1789236E-03 -0.2981961E-03
 0.1460000E+01  0.2059418E+00 -0.5636115E+00  0.1849751E-03 -0.2980674E-03
 0.1465000E+01  0.2037540E+00 -0.5628995E+00  0.1913295E-03 -0.2979865E-03
 0.1470000E+01  0.2015772E+00 -0.5621796E+00  0.1979740E-03 -0.2979757E-03
 0.1475000E+01  0.1994113E+00 -0.5614521E+00  0.2049055E-03 -0.2980357E-03
 0.1480000E+01  0.1972564E+00 -0.5607170E+00  0.2121284E-03 -0.2981917E-03
 0.1485000E+01  0.1951125E+00 -0.5599746E+00  0.2196406E-03 -0.2984420E-03
 0.1490000E+01  0.1929795E+00 -0.5592248E+00  0.2274453E-03 -0.2988180E-03
 0.1495000E+01  0.1908575E+00 -0.5584678E+00  0.2355254E-03 -0.2993364E-03
 0.1500000E+01  0.1887465E+00 -0.5577037E+00  0.2438845E-03 -0.2999922E-03
 0.1505000E+01  0.1866464E+00 -0.5569327E+00  0.2525131E-03 -0.3008144E-03
 0.1510000E+01  0.1845573E+00 -0.5561548E+00  0.2614103E-03 -0.3018097E-03
 0.1515000E+01  0.1824792E+00 -0.5553701E+00  0.2705625E-03 -0.3029987E-03
 0.1520000E+01  0.1804119E+00 -0.5545789E+00  0.2799475E-03 -0.3043831E-03
 0.1525000E+01  0.1783556E+00 -0.5537811E+00  0.2895774E-03 -0.3059645E-03
 0.1530000E+01  0.1763102E+00 -0.5529768E+00  0.2994367E-03 -0.3077614E-03
 0.1535000E+01  0.1742756E+00 -0.5521663E+00  0.3095147E-03 -0.3097841E-03
 0.1540000E+01  0.1722519E+00 -0.5513496E+00  0.3198060E-03 -0.3120368E-03
 0.1545000E+01  0.1702391E+00 -0.5505267E+00  0.3302859E-03 -0.3145283E-03
 0.1550000E+01  0.1682370E+00 -0.5496979E+00  0.3409679E-03 -0.3172603E-03
 0.1555000E+01  0.1662458E+00 -0.5488631E+00  0.3518310E-03 -0.3202510E-03
 0.1560000E+01  0.1642653E+00 -0.5480225E+00  0.3628552E-03 -0.3235063E-03
 0.1565000E+01  0.1622956E+00 -0.5471763E+00  0.3740380E-03 -0.3270167E-03
 0.1570000E+01  0.1603366E+00 -0.5463244E+00  0.3853561E-03 -0.3307975E-03
 0.1575000E+01  0.1583883E+00 -0.5454670E+00  0.3968116E-03 -0.3348378E-03
 0.1580000E+01  0.1564506E+00 -0.5446041E+00  0.4083897E-03 -0.3391552E-03
 0.1585000E+01  0.1545236E+00 -0.5437359E+00  0.4200691E-03 -0.3437480E-03
 0.1590000E+01  0.1526071E+00 -0.5428625E+00  0.4318494E-03 -0.3486045E-03
 0.1595000E+01  0.1507013E+00 -0.5419839E+00  0.4437187E-03 -0.3537377E-03
 0.1600000E+01  0.1488060E+00 -0.5411002E+00  0.4556690E-03 -0.3591376E-03
 0.1605000E+01  0.1469211E+00 -0.5402115E+00  0.4676827E-03 -0.3648183E-03
 0.1610000E+01  0.1450468E+00 -0.5393178E+00  0.4797443E-03 -0.3707791E-03
 0.1615000E+01  0.1431829E+00 -0.5384194E+00  0.4918369E-03 -0.3770025E-03
 0.1620000E+01  0.1413295E+00 -0.5375161E+00  0.5039685E-03 -0.3834903E-03
 0.1625000E+01  0.1394864E+00 -0.5366081E+00  0.5161087E-03 -0.3902413E-03
 0.1630000E+01  0.1376537E+00 -0.5356956E+00  0.5282535E-03 -0.3972481E-03
 0.1635000E+01  0.1358313E+00 -0.5347784E+00  0.5403893E-03 -0.4045080E-03
 0.1640000E+01  0.1340193E+00 -0.5338568E+00  0.5525015E-03 -0.4120139E-03
 0.1645000E+01  0.1322175E+00 -0.5329308E+00  0.5645895E-03 -0.4197355E-03
 0.1650000E+01  0.1304260E+00 -0.5320005E+00  0.5766444E-03 -0.4276945E-03
 0.1655000E+01  0.1286447E+00 -0.5310659E+00  0.5886505E-03 -0.4358730E-03
 0.1660000E+01  0.1268736E+00 -0.5301271E+00  0.6005990E-03 -0.4442600E-03
 0.1665000E+01  0.1251127E+00 -0.5291841E+00  0.6124892E-03 -0.4528436E-03
 0.1670000E+01  0.1233620E+00 -0.5282371E+00  0.6242898E-03 -0.4616126E-03
 0.1675000E+01  0.1216214E+00 -0.5272861E+00  0.6360238E-03 -0.4705441E-03
 0.1680000E+01  0.1198909E+00 -0.5263311E+00  0.6476709E-03 -0.4796431E-03
 0.1685000E+01  0.1181705E+00 -0.5253723E+00  0.6592234E-03 -0.4888850E-03
 0.1690000E+01  0.1164602E+00 -0.5244097E+00  0.6706728E-03 -0.4982447E-03
 0.1695000E+01  0.1147599E+00 -0.5234434E+00  0.6820322E-03 -0.5077128E-03
 0.1700000E+01  0.1130697E+00 -0.5224735E+00  0.6932908E-03 -0.5172736E-03
 0.1705000E+01  0.1113895E+00 -0.5214999E+00  0.7044628E-03 -0.5268988E-03
 0.1710000E+01  0.1097192E+00 -0.5205229E+00  0.7155418E-03 -0.5365872E-03
 0.1715000E+01  0.1080589E+00 -0.5195424E+00  0.7265372E-03 -0.5463217E-03
 0.1720000E+01  0.1064086E+00 -0.5185585E+00  0.7374422E-03 -0.5560675E-03
 0.1725000E+01  0.1047682E+00 -0.5175713E+00  0.7482857E-03 -0.5658135E-03
 0.1730000E+01  0.1031376E+00 -0.5165809E+00  0.7590614E-03 -0.5755532E-03
 0.1735000E+01  0.1015170E+00 -0.5155874E+00  0.7697959E-03 -0.5852593E-03
 0.1740000E+01  0.9990613E-01 -0.5145907E+00  0.7804937E-03 -0.5949220E-03
 0.1745000E+01  0.9830512E-01 -0.5135910E+00  0.7911676E-03 -0.6045279E-03
 0.1750000E+01  0.9671391E-01 -0.5125884E+00  0.8018341E-03 -0.6140548E-03
 0.1755000E+01  0.9513244E-01 -0.5115830E+00  0.8125294E-03 -0.6234812E-03
 0.1760000E+01  0.9356069E-01 -0.5105747E+00  0.8232721E-03 -0.6328209E-03
 0.1765000E+01  0.9199862E-01 -0.5095637E+00  0.8340788E-03 -0.6420545E-03
 0.1770000E+01  0.9044622E-01 -0.5085500E+00  0.8449799E-03 -0.6511766E-03
 0.1775000E+01  0.8890343E-01 -0.5075337E+00  0.8559982E-03 -0.6601860E-03
 0.1780000E+01  0.8737021E-01 -0.5065149E+00  0.8671679E-03 -0.6690876E-03
 0.1785000E+01  0.8584655E-01 -0.5054937E+00  0.8785064E-03 -0.6778660E-03
 0.1790000E+01  0.8433237E-01 -0.5044700E+00  0.8900619E-03 -0.6865439E-03
 0.1795000E+01  0.8282766E-01 -0.5034440E+00  0.9018466E-03 -0.6951353E-03
 0.1800000E+01  0.8133237E-01 -0.5024157E+00  0.9138879E-03 -0.7036433E-03
 0.1805000E+01  0.7984647E-01 -0.5013852E+00  0.9262107E-03 -0.7120891E-03
 0.1810000E+01  0.7836989E-01 -0.5003525E+00  0.9388550E-03 -0.7204801E-03
 0.1815000E+01  0.7690263E-01 -0.4993177E+00  0.9518303E-03 -0.7288494E-03
 0.1820000E+01  0.7544461E-01 -0.4982809E+00  0.9651700E-03 -0.7372126E-03
 0.1825000E+01  0.7399579E-01 -0.4972420E+00  0.9789049E-03 -0.7456059E-03
 0.1830000E+01  0.7255616E-01 -0.4962011E+00  0.9930350E-03 -0.7540644E-03
 0.1835000E+01  0.7112565E-01 -0.4951583E+00  0.1007582E-02 -0.7626216E-03
 0.1840000E+01  0.6970424E-01 -0.4941137E+00  0.1022554E-02 -0.7713044E-03
 0.1845000E+01  0.6829187E-01 -0.4930672E+00  0.1037974E-02 -0.7801607E-03
 0.1850000E+01  0.6688852E-01 -0.4920189E+00  0.1053837E-02 -0.7892333E-03
 0.1855000E+01  0.6549416E-01 -0.4909688E+00  0.1070142E-02 -0.7985615E-03
 0.1860000E+01  0.6410874E-01 -0.4899170E+00  0.1086891E-02 -0.8081969E-03
 0.1865000E+01  0.6273225E-01 -0.4888634E+00  0.1104065E-02 -0.8181777E-03
 0.1870000E+01  0.6136466E-01 -0.4878082E+00  0.1121646E-02 -0.8285617E-03
 0.1875000E+01  0.6000594E-01 -0.4867514E+00  0.1139613E-02 -0.8393741E-03
 0.1880000E+01  0.5865607E-01 -0.4856930E+00  0.1157951E-02 -0.8506566E-03
 0.1885000E+01  0.5731502E-01 -0.4846330E+00  0.1176631E-02 -0.8624711E-03
 0.1890000E+01  0.5598279E-01 -0.4835714E+00  0.1195597E-02 -0.8748371E-03
 0.1895000E+01  0.5465936E-01 -0.4825084E+00  0.1214825E-02 -0.8878051E-03
 0.1900000E+01  0.5334471E-01 -0.4814439E+00  0.1234264E-02 -0.9013996E-03
 0.1905000E+01  0.5203885E-01 -0.4803780E+00  0.1253856E-02 -0.9156508E-03
 0.1910000E+01  0.5074176E-01 -0.4793106E+00  0.1273550E-02 -0.9305830E-03
 0.1915000E+01  0.4945343E-01 -0.4782420E+00  0.1293282E-02 -0.9462023E-03
 0.1920000E+01  0.4817385E-01 -0.4771720E+00  0.1313007E-02 -0.9625400E-03
 0.1925000E+01  0.4690303E-01 -0.4761008E+00  0.1332639E-02 -0.9795998E-03
 0.1930000E+01  0.4564098E-01 -0.4750283E+00  0.1352113E-02 -0.9973773E-03
 0.1935000E+01  0.4438768E-01 -0.4739547E+00  0.1371356E-02 -0.1015865E-02
 0.1940000E+01  0.4314314E-01 -0.4728800E+00  0.1390292E-02 -0.1035049E-02
 0.1945000E+01  0.4190735E-01 -0.4718043E+00  0.1408860E-02 -0.1054901E-02
 0.1950000E+01  0.4068033E-01 -0.4707276E+00  0.1426968E-02 -0.1075389E-02
 0.1955000E+01  0.3946205E-01 -0.4696500E+00  0.1444563E-02 -0.1096467E-02
 0.1960000E+01  0.3825253E-01 -0.4685716E+00  0.1461572E-02 -0.1118098E-02
 0.1965000E+01  0.3705174E-01 -0.4674924E+00  0.1477927E-02 -0.1140228E-02
 0.1970000E+01  0.3585970E-01 -0.4664125E+00  0.1493556E-02 -0.1162774E-02
 0.1975000E+01  0.3467638E-01 -0.4653321E+00  0.1508411E-02 -0.1185672E-02
 0.1980000E+01  0.3350178E-01 -0.4642511E+00  0.1522436E-02 -0.1208826E-02
 0.1985000E+01  0.3233584E-01 -0.4631698E+00  0.1535603E-02 -0.1232163E-02
 0.1990000E+01  0.3117858E-01 -0.4620881E+00  0.1547853E-02 -0.1255582E-02
 0.1995000E+01  0.3002994E-01 -0.4610062E+00  0.1559170E-02 -0.1278975E-02
 0.2000000E+01  0.2888989E-01 -0.4599241E+00  0.1569542E-02 -0.1302238E-02
 0.2005000E+01  0.2775840E-01 -0.4588420E+00  0.1578947E-02 -0.1325266E-02
 0.2010000E+01  0.2663541E-01 -0.4577600E+00  0.1587386E-02 -0.1347935E-02
 0.2015000E+01  0.2552089E-01 -0.4566781E+00  0.1594869E-02 -0.1370129E-02
 0.2020000E+01  0.2441476E-01 -0.4555965E+00  0.1601427E-02 -0.1391711E-02
 0.2025000E+01  0.2331696E-01 -0.4545152E+00  0.1607097E-02 -0.1412569E-02
 0.2030000E+01  0.2222740E-01 -0.4534344E+00  0.1611934E-02 -0.1432585E-02
 0.2035000E+01  0.2114604E-01 -0.4523540E+00  0.1615982E-02 -0.1451633E-02
 0.2040000E+01  0.2007276E-01 -0.4512743E+00  0.1619331E-02 -0.1469586E-02
 0.2045000E+01  0.1900749E-01 -0.4501953E+00  0.1622063E-02 -0.1486346E-02
 0.2050000E+01  0.1795013E-01 -0.4491170E+00  0.1624279E-02 -0.1501784E-02
 0.2055000E+01  0.1690058E-01 -0.4480396E+00  0.1626085E-02 -0.1515810E-02
 0.2060000E+01  0.1585873E-01 -0.4469631E+00  0.1627614E-02 -0.1528320E-02
 0.2065000E+01  0.1482448E-01 -0.4458875E+00  0.1629000E-02 -0.1539221E-02
 0.2070000E+01  0.1379768E-01 -0.4448130E+00  0.1630409E-02 -0.1548441E-02
 0.2075000E+01  0.1277824E-01 -0.4437394E+00  0.1631985E-02 -0.1555935E-02
 0.2080000E+01  0.1176604E-01 -0.4426670E+00  0.1633893E-02 -0.1561623E-02
 0.2085000E+01  0.1076095E-01 -0.4415957E+00  0.1636319E-02 -0.1565481E-02
 0.2090000E+01  0.9762858E-02 -0.4405255E+00  0.1639444E-02 -0.1567481E-02
 0.2095000E+01  0.8771636E-02 -0.4394564E+00  0.1643456E-02 -0.1567617E-02
 0.2100000E+01  0.7787159E-02 -0.4383885E+00  0.1648558E-02 -0.1565891E-02
 0.2105000E+01  0.6809315E-02 -0.4373216E+00  0.1654944E-02 -0.1562343E-02
 0.2110000E+01  0.5837982E-02 -0.4362559E+00  0.1662819E-02 -0.1556990E-02
 0.2115000E+01  0.4873041E-02 -0.4351912E+00  0.1672396E-02 -0.1549913E-02
 0.2120000E+01  0.3914388E-02 -0.4341275E+00  0.1683868E-02 -0.1541202E-02
 0.2125000E+01  0.2961931E-02 -0.4330648E+00  0.1697427E-02 -0.1530942E-02
 0.2130000E+01  0.2015572E-02 -0.4320030E+00  0.1713270E-02 -0.1519258E-02
 0.2135000E+01  0.1075208E-02 -0.4309421E+00  0.1731601E-02 -0.1506281E-02
 0.2140000E+01  0.1407755E-03 -0.4298819E+00  0.1752583E-02 -0.1492171E-02
 0.2145000E+01 -0.7878172E-03 -0.4288225E+00  0.1776407E-02 -0.1477100E-02
 0.2150000E+01 -0.1710618E-02 -0.4277636E+00  0.1803222E-02 -0.1461273E-02
 0.2155000E+01 -0.2627681E-02 -0.4267053E+00  0.1833176E-02 -0.1444889E-02
 0.2160000E+01 -0.3539060E-02 -0.4256474E+00  0.1866415E-02 -0.1428184E-02
 0.2165000E+01 -0.4444781E-02 -0.4245899E+00  0.1903052E-02 -0.1411397E-02
 0.2170000E+01 -0.5344855E-02 -0.4235326E+00  0.1943179E-02 -0.1394804E-02
 0.2175000E+01 -0.6239286E-02 -0.4224754E+00  0.1986874E-02 -0.1378655E-02
 0.2180000E+01 -0.7128073E-02 -0.4214183E+00  0.2034202E-02 -0.1363249E-02
 0.2185000E+01 -0.8011194E-02 -0.4203611E+00  0.2085194E-02 -0.1348871E-02
 0.2190000E+01 -0.8888625E-02 -0.4193038E+00  0.2139870E-02 -0.1335817E-02
 0.2195000E+01 -0.9760324E-02 -0.4182462E+00  0.2198221E-02 -0.1324414E-02
 0.2200000E+01 -0.1062623E-01 -0.4171883E+00  0.2260205E-02 -0.1314972E-02
 0.2205000E+01 -0.1148627E-01 -0.4161300E+00  0.2325753E-02 -0.1307812E-02
 0.2210000E+01 -0.1234038E-01 -0.4150712E+00  0.2394783E-02 -0.1303240E-02
 0.2215000E+01 -0.1318846E-01 -0.4140119E+00  0.2467177E-02 -0.1301585E-02
 0.2220000E+01 -0.1403041E-01 -0.4129519E+00  0.2542781E-02 -0.1303163E-02
 0.2225000E+01 -0.1486612E-01 -0.4118914E+00  0.2621425E-02 -0.1308271E-02
 0.2230000E+01 -0.1569548E-01 -0.4108301E+00  0.2702910E-02 -0.1317217E-02
 0.2235000E+01 -0.1651836E-01 -0.4097682E+00  0.2787002E-02 -0.1330275E-02
 0.2240000E+01 -0.1733463E-01 -0.4087056E+00  0.2873450E-02 -0.1347734E-02
 0.2245000E+01 -0.1814417E-01 -0.4076423E+00  0.2961982E-02 -0.1369845E-02
 0.2250000E+01 -0.1894683E-01 -0.4065783E+00  0.3052284E-02 -0.1396863E-02
 0.2255000E+01 -0.1974246E-01 -0.4055137E+00  0.3144014E-02 -0.1429011E-02
 0.2260000E+01 -0.2053093E-01 -0.4044486E+00  0.3236821E-02 -0.1466474E-02
 0.2265000E+01 -0.2131210E-01 -0.4033829E+00  0.3330340E-02 -0.1509446E-02
 0.2270000E+01 -0.2208581E-01 -0.4023169E+00  0.3424154E-02 -0.1558067E-02
 0.2275000E+01 -0.2285195E-01 -0.4012505E+00  0.3517861E-02 -0.1612467E-02
 0.2280000E+01 -0.2361037E-01 -0.4001840E+00  0.3611021E-02 -0.1672737E-02
 0.2285000E+01 -0.2436095E-01 -0.3991174E+00  0.3703190E-02 -0.1738933E-02
 0.2290000E+01 -0.2510358E-01 -0.3980509E+00  0.3793907E-02 -0.1811085E-02
 0.2295000E+01 -0.2583814E-01 -0.3969846E+00  0.3882700E-02 -0.1889184E-02
 0.2300000E+01 -0.2656455E-01 -0.3959188E+00  0.3969113E-02 -0.1973189E-02
 0.2305000E+01 -0.2728271E-01 -0.3948537E+00  0.4052635E-02 -0.2063036E-02
 0.2310000E+01 -0.2799255E-01 -0.3937893E+00  0.4132789E-02 -0.2158594E-02
 0.2315000E+01 -0.2869401E-01 -0.3927260E+00  0.4209091E-02 -0.2259707E-02
 0.2320000E+01 -0.2938706E-01 -0.3916640E+00  0.4281064E-02 -0.2366183E-02
 0.2325000E+01 -0.3007165E-01 -0.3906035E+00  0.4348228E-02 -0.2477788E-02
 0.2330000E+01 -0.3074780E-01 -0.3895447E+00  0.4410126E-02 -0.2594257E-02
 0.2335000E+01 -0.3141552E-01 -0.3884879E+00  0.4466300E-02 -0.2715261E-02
 0.2340000E+01 -0.3207483E-01 -0.3874334E+00  0.4516322E-02 -0.2840477E-02
 0.2345000E+01 -0.3272577E-01 -0.3863813E+00  0.4559755E-02 -0.2969503E-02
 0.2350000E+01 -0.3336843E-01 -0.3853321E+00  0.4596217E-02 -0.3101907E-02
 0.2355000E+01 -0.3400291E-01 -0.3842858E+00  0.4625332E-02 -0.3237245E-02
 0.2360000E+01 -0.3462931E-01 -0.3832427E+00  0.4646757E-02 -0.3375032E-02
 0.2365000E+01 -0.3524775E-01 -0.3822032E+00  0.4660165E-02 -0.3514727E-02
 0.2370000E+01 -0.3585840E-01 -0.3811674E+00  0.4665270E-02 -0.3655780E-02
 0.2375000E+01 -0.3646142E-01 -0.3801356E+00  0.4661828E-02 -0.3797591E-02
 0.2380000E+01 -0.3705703E-01 -0.3791080E+00  0.4649633E-02 -0.3939562E-02
 0.2385000E+01 -0.3764540E-01 -0.3780848E+00  0.4628499E-02 -0.4081046E-02
 0.2390000E+01 -0.3822680E-01 -0.3770662E+00  0.4598313E-02 -0.4221384E-02
 0.2395000E+01 -0.3880147E-01 -0.3760524E+00  0.4558987E-02 -0.4359902E-02
 0.2400000E+01 -0.3936965E-01 -0.3750435E+00  0.4510471E-02 -0.4495911E-02
 0.2405000E+01 -0.3993164E-01 -0.3740397E+00  0.4452775E-02 -0.4628685E-02
 0.2410000E+01 -0.4048772E-01 -0.3730412E+00  0.4385954E-02 -0.4757513E-02
 0.2415000E+01 -0.4103819E-01 -0.3720480E+00  0.4310121E-02 -0.4881667E-02
 0.2420000E+01 -0.4158338E-01 -0.3710602E+00  0.4225437E-02 -0.5000424E-02
 0.2425000E+01 -0.4212359E-01 -0.3700779E+00  0.4132094E-02 -0.5113047E-02
 0.2430000E+01 -0.4265916E-01 -0.3691011E+00  0.4030365E-02 -0.5218808E-02
 0.2435000E+01 -0.4319042E-01 -0.3681299E+00  0.3920564E-02 -0.5316976E-02
 0.2440000E+01 -0.4371770E-01 -0.3671642E+00  0.3803058E-02 -0.5406862E-02
 0.2445000E+01 -0.4424134E-01 -0.3662040E+00  0.3678270E-02 -0.5487745E-02
 0.2450000E+01 -0.4476169E-01 -0.3652493E+00  0.3546685E-02 -0.5558956E-02
 0.2455000E+01 -0.4527907E-01 -0.3642999E+00  0.3408815E-02 -0.5619850E-02
 0.2460000E+01 -0.4579382E-01 -0.3633557E+00  0.3265246E-02 -0.5669786E-02
 0.2465000E+01 -0.4630624E-01 -0.3624167E+00  0.3116588E-02 -0.5708174E-02
 0.2470000E+01 -0.4681665E-01 -0.3614827E+00  0.2963526E-02 -0.5734429E-02
 0.2475000E+01 -0.4732534E-01 -0.3605534E+00  0.2806781E-02 -0.5748014E-02
 0.2480000E+01 -0.4783262E-01 -0.3596287E+00  0.2647125E-02 -0.5748453E-02
 0.2485000E+01 -0.4833873E-01 -0.3587083E+00  0.2485349E-02 -0.5735292E-02
 0.2490000E+01 -0.4884394E-01 -0.3577920E+00  0.2322312E-02 -0.5708109E-02
 0.2495000E+01 -0.4934848E-01 -0.3568795E+00  0.2158902E-02 -0.5666566E-02
 0.2500000E+01 -0.4985256E-01 -0.3559705E+00  0.1996024E-02 -0.5610348E-02
 0.2505000E+01 -0.5035638E-01 -0.3550648E+00  0.1834645E-02 -0.5539214E-02
 0.2510000E+01 -0.5086009E-01 -0.3541620E+00  0.1675738E-02 -0.5452960E-02
 0.2515000E+01 -0.5136385E-01 -0.3532618E+00  0.1520309E-02 -0.5351464E-02
 0.2520000E+01 -0.5186778E-01 -0.3523637E+00  0.1369385E-02 -0.5234654E-02
 0.2525000E+01 -0.5237195E-01 -0.3514676E+00  0.1224005E-02 -0.5102533E-02
 0.2530000E+01 -0.5287641E-01 -0.3505729E+00  0.1085210E-02 -0.4955158E-02
 0.2535000E+01 -0.5338121E-01 -0.3496794E+00  0.9540734E-03 -0.4792628E-02
 0.2540000E+01 -0.5388635E-01 -0.3487867E+00  0.8316653E-03 -0.4615163E-02
 0.2545000E+01 -0.5439180E-01 -0.3478944E+00  0.7190560E-03 -0.4423013E-02
 0.2550000E+01 -0.5489749E-01 -0.3470021E+00  0.6173051E-03 -0.4216508E-02
 0.2555000E+01 -0.5540335E-01 -0.3461095E+00  0.5274738E-03 -0.3996049E-02
 0.2560000E+01 -0.5590926E-01 -0.3452162E+00  0.4506039E-03 -0.3762104E-02
 0.2565000E+01 -0.5641507E-01 -0.3443219E+00  0.3877262E-03 -0.3515217E-02
 0.2570000E+01 -0.5692060E-01 -0.3434262E+00  0.3398440E-03 -0.3255982E-02
 0.2575000E+01 -0.5742565E-01 -0.3425288E+00  0.3079289E-03 -0.2985091E-02
 0.2580000E+01 -0.5793000E-01 -0.3416294E+00  0.2929386E-03 -0.2703261E-02
 0.2585000E+01 -0.5843340E-01 -0.3407278E+00  0.2957975E-03 -0.2411320E-02
 0.2590000E+01 -0.5893556E-01 -0.3398236E+00  0.3173615E-03 -0.2110135E-02
 0.2595000E+01 -0.5943618E-01 -0.3389166E+00  0.3584632E-03 -0.1800635E-02
 0.2600000E+01 -0.5993493E-01 -0.3380065E+00  0.4198863E-03 -0.1483806E-02
 0.2605000E+01 -0.6043148E-01 -0.3370933E+00  0.5023616E-03 -0.1160685E-02
 0.2610000E+01 -0.6092547E-01 -0.3361766E+00  0.6065630E-03 -0.8323895E-03
 0.2615000E+01 -0.6141652E-01 -0.3352564E+00  0.7331151E-03 -0.5000472E-03
 0.2620000E+01 -0.6190426E-01 -0.3343326E+00  0.8825729E-03 -0.1648781E-03
 0.2625000E+01 -0.6238828E-01 -0.3334050E+00  0.1055410E-02  0.1718905E-03
 0.2630000E+01 -0.6286818E-01 -0.3324737E+00  0.1252067E-02  0.5089781E-03
 0.2635000E+01 -0.6334354E-01 -0.3315385E+00  0.1472880E-02  0.8450633E-03
 0.2640000E+01 -0.6381395E-01 -0.3305996E+00  0.1718112E-02  0.1178796E-02
 0.2645000E+01 -0.6427900E-01 -0.3296569E+00  0.1987971E-02  0.1508810E-02
 0.2650000E+01 -0.6473825E-01 -0.3287106E+00  0.2282569E-02  0.1833713E-02
 0.2655000E+01 -0.6519133E-01 -0.3277607E+00  0.2601957E-02  0.2152078E-02
 0.2660000E+01 -0.6563781E-01 -0.3268074E+00  0.2946072E-02  0.2462477E-02
 0.2665000E+01 -0.6607730E-01 -0.3258509E+00  0.3314794E-02  0.2763486E-02
 0.2670000E+01 -0.6650940E-01 -0.3248913E+00  0.3707905E-02  0.3053649E-02
 0.2675000E+01 -0.6693376E-01 -0.3239290E+00  0.4125105E-02  0.3331544E-02
 0.2680000E+01 -0.6735002E-01 -0.3229642E+00  0.4566019E-02  0.3595750E-02
 0.2685000E+01 -0.6775785E-01 -0.3219971E+00  0.5030187E-02  0.3844829E-02
 0.2690000E+01 -0.6815694E-01 -0.3210282E+00  0.5517045E-02  0.4077396E-02
 0.2695000E+01 -0.6854699E-01 -0.3200578E+00  0.6025965E-02  0.4292072E-02
 0.2700000E+01 -0.6892775E-01 -0.3190862E+00  0.6556228E-02  0.4487505E-02
 0.2705000E+01 -0.6929898E-01 -0.3181139E+00  0.7107051E-02  0.4662376E-02
 0.2710000E+01 -0.6966046E-01 -0.3171412E+00  0.7677532E-02  0.4815399E-02
 0.2715000E+01 -0.7001201E-01 -0.3161686E+00  0.8266726E-02  0.4945349E-02
 0.2720000E+01 -0.7035349E-01 -0.3151965E+00  0.8873597E-02  0.5051037E-02
 0.2725000E+01 -0.7068477E-01 -0.3142255E+00  0.9497040E-02  0.5131318E-02
 0.2730000E+01 -0.7100579E-01 -0.3132560E+00  0.1013589E-01  0.5185127E-02
 0.2735000E+01 -0.7131649E-01 -0.3122884E+00  0.1078891E-01  0.5211432E-02
 0.2740000E+01 -0.7161686E-01 -0.3113233E+00  0.1145479E-01  0.5209275E-02
 0.2745000E+01 -0.7190692E-01 -0.3103611E+00  0.1213216E-01  0.5177772E-02
 0.2750000E+01 -0.7218672E-01 -0.3094023E+00  0.1281959E-01  0.5116116E-02
 0.2755000E+01 -0.7245636E-01 -0.3084475E+00  0.1351565E-01  0.5023571E-02
 0.2760000E+01 -0.7271598E-01 -0.3074971E+00  0.1421880E-01  0.4899473E-02
 0.2765000E+01 -0.7296573E-01 -0.3065516E+00  0.1492747E-01  0.4743237E-02
 0.2770000E+01 -0.7320581E-01 -0.3056114E+00  0.1564007E-01  0.4554387E-02
 0.2775000E+01 -0.7343646E-01 -0.3046770E+00  0.1635499E-01  0.4332509E-02
 0.2780000E+01 -0.7365793E-01 -0.3037489E+00  0.1707054E-01  0.4077282E-02
 0.2785000E+01 -0.7387053E-01 -0.3028274E+00  0.1778506E-01  0.3788484E-02
 0.2790000E+01 -0.7407457E-01 -0.3019129E+00  0.1849684E-01  0.3465972E-02
 0.2795000E+01 -0.7427040E-01 -0.3010059E+00  0.1920416E-01  0.3109717E-02
 0.2800000E+01 -0.7445840E-01 -0.3001066E+00  0.1990531E-01  0.2719768E-02
 0.2805000E+01 -0.7463897E-01 -0.2992155E+00  0.2059858E-01  0.2296279E-02
 0.2810000E+01 -0.7481255E-01 -0.2983328E+00  0.2128224E-01  0.1839494E-02
 0.2815000E+01 -0.7497959E-01 -0.2974587E+00  0.2195460E-01  0.1349740E-02
 0.2820000E+01 -0.7514053E-01 -0.2965936E+00  0.2261395E-01  0.8274491E-03
 0.2825000E+01 -0.7529587E-01 -0.2957375E+00  0.2325863E-01  0.2731570E-03
 0.2830000E+01 -0.7544610E-01 -0.2948908E+00  0.2388700E-01 -0.3125356E-03
 0.2835000E+01 -0.7559172E-01 -0.2940535E+00  0.2449743E-01 -0.9289061E-03
 0.2840000E+01 -0.7573326E-01 -0.2932257E+00  0.2508837E-01 -0.1575178E-02
 0.2845000E+01 -0.7587122E-01 -0.2924076E+00  0.2565826E-01 -0.2250456E-02
 0.2850000E+01 -0.7600614E-01 -0.2915990E+00  0.2620562E-01 -0.2953785E-02
 0.2855000E+01 -0.7613854E-01 -0.2908001E+00  0.2672901E-01 -0.3684113E-02
 0.2860000E+01 -0.7626894E-01 -0.2900108E+00  0.2722705E-01 -0.4440316E-02
 0.2865000E+01 -0.7639786E-01 -0.2892310E+00  0.2769842E-01 -0.5221199E-02
 0.2870000E+01 -0.7652582E-01 -0.2884606E+00  0.2814187E-01 -0.6025488E-02
 0.2875000E+01 -0.7665331E-01 -0.2876994E+00  0.2855618E-01 -0.6851873E-02
 0.2880000E+01 -0.7678081E-01 -0.2869474E+00  0.2894024E-01 -0.7698916E-02
 0.2885000E+01 -0.7690882E-01 -0.2862042E+00  0.2929302E-01 -0.8565165E-02
 0.2890000E+01 -0.7703778E-01 -0.2854697E+00  0.2961354E-01 -0.9449110E-02
 0.2895000E+01 -0.7716814E-01 -0.2847435E+00  0.2990093E-01 -0.1034918E-01
 0.2900000E+01 -0.7730033E-01 -0.2840254E+00  0.3015439E-01 -0.1126378E-01
 0.2905000E+01 -0.7743473E-01 -0.2833150E+00  0.3037320E-01 -0.1219123E-01
 0.2910000E+01 -0.7757172E-01 -0.2826120E+00  0.3055673E-01 -0.1312988E-01
 0.2915000E+01 -0.7771165E-01 -0.2819160E+00  0.3070447E-01 -0.1407798E-01
 0.2920000E+01 -0.7785483E-01 -0.2812266E+00  0.3081594E-01 -0.1503381E-01
 0.2925000E+01 -0.7800155E-01 -0.2805434E+00  0.3089081E-01 -0.1599558E-01
 0.2930000E+01 -0.7815208E-01 -0.2798660E+00  0.3092883E-01 -0.1696154E-01
 0.2935000E+01 -0.7830662E-01 -0.2791938E+00  0.3092982E-01 -0.1792989E-01
 0.2940000E+01 -0.7846539E-01 -0.2785266E+00  0.3089370E-01 -0.1889883E-01
 0.2945000E+01 -0.7862854E-01 -0.2778637E+00  0.3082053E-01 -0.1986657E-01
 0.2950000E+01 -0.7879620E-01 -0.2772047E+00  0.3071040E-01 -0.2083134E-01
 0.2955000E+01 -0.7896847E-01 -0.2765491E+00  0.3056352E-01 -0.2179135E-01
 0.2960000E+01 -0.7914539E-01 -0.2758965E+00  0.3038020E-01 -0.2274486E-01
 0.2965000E+01 -0.7932700E-01 -0.2752464E+00  0.3016083E-01 -0.2369012E-01
 0.2970000E+01 -0.7951328E-01 -0.2745982E+00  0.2990587E-01 -0.2462541E-01
 0.2975000E+01 -0.7970421E-01 -0.2739515E+00  0.2961591E-01 -0.2554907E-01
 0.2980000E+01 -0.7989969E-01 -0.2733059E+00  0.2929158E-01 -0.2645944E-01
 0.2985000E+01 -0.8009963E-01 -0.2726608E+00  0.2893363E-01 -0.2735493E-01
 0.2990000E+01 -0.8030389E-01 -0.2720158E+00  0.2854287E-01 -0.2823396E-01
 0.2995000E+01 -0.8051231E-01 -0.2713706E+00  0.2812017E-01 -0.2909504E-01
 0.3000000E+01 -0.8072468E-01 -0.2707246E+00  0.2766649E-01 -0.2993670E-01
