-0.1000000E+02  0.4457020E-02 -0.2038181E-01
-0.9500000E+01  0.5467617E-02 -0.2151100E-01
-0.9000000E+01  0.6683110E-02 -0.2263966E-01
-0.8500000E+01  0.8122681E-02 -0.2373612E-01
-0.8000000E+01  0.9800986E-02 -0.2476204E-01
-0.7500000E+01  0.1172624E-01 -0.2567301E-01
-0.7000000E+01  0.1389828E-01 -0.2641953E-01
-0.6500000E+01  0.1630684E-01 -0.2694866E-01
-0.6000000E+01  0.1893004E-01 -0.2720622E-01
-0.5500000E+01  0.2173352E-01 -0.2713945E-01
-0.5000000E+01  0.2467010E-01 -0.2670015E-01
-0.4500000E+01  0.2768037E-01 -0.2584787E-01
-0.4000000E+01  0.3069413E-01 -0.2455318E-01
-0.3500000E+01  0.3363269E-01 -0.2280057E-01
-0.3000000E+01  0.3641208E-01 -0.2059084E-01
-0.2500000E+01  0.3894683E-01 -0.1794266E-01
-0.2000000E+01  0.4115433E-01 -0.1489306E-01
-0.1500000E+01  0.4295921E-01 -0.1149692E-01
-0.1000000E+01  0.4429762E-01 -0.7825108E-02
-0.5000000E+00  0.4512098E-01 -0.3961673E-02
 0.0000000E+00  0.4539888E-01  0.0000000E+00
 0.5000000E+00  0.4512098E-01  0.3961673E-02
 0.1000000E+01  0.4429762E-01  0.7825108E-02
 0.1500000E+01  0.4295921E-01  0.1149692E-01
 0.2000000E+01  0.4115433E-01  0.1489306E-01
 0.2500000E+01  0.3894683E-01  0.1794266E-01
 0.3000000E+01  0.3641208E-01  0.2059084E-01
 0.3500000E+01  0.3363269E-01  0.2280057E-01
 0.4000000E+01  0.3069413E-01  0.2455318E-01
 0.4500000E+01  0.2768037E-01  0.2584787E-01
 0.5000000E+01  0.2467010E-01  0.2670015E-01
 0.5500000E+01  0.2173352E-01  0.2713945E-01
 0.6000000E+01  0.1893004E-01  0.2720622E-01
 0.6500000E+01  0.1630684E-01  0.2694866E-01
 0.7000000E+01  0.1389828E-01  0.2641953E-01
 0.7500000E+01  0.1172624E-01  0.2567301E-01
 0.8000000E+01  0.9800986E-02  0.2476204E-01
 0.8500000E+01  0.8122681E-02  0.2373612E-01
 0.9000000E+01  0.6683110E-02  0.2263966E-01
 0.9500000E+01  0.5467617E-02  0.2151100E-01
 0.1000000E+02  0.4457020E-02  0.2038181E-01
 0.1050000E+02  0.3629390E-02  0.1927713E-01
 0.1100000E+02  0.2961604E-02  0.1821566E-01
 0.1150000E+02  0.2430629E-02  0.1721036E-01
 0.1200000E+02  0.2014498E-02  0.1626929E-01
 0.1250000E+02  0.1693002E-02  0.1539638E-01
 0.1300000E+02  0.1448110E-02  0.1459239E-01
 0.1350000E+02  0.1264168E-02  0.1385566E-01
 0.1400000E+02  0.1127915E-02  0.1318283E-01
 0.1450000E+02  0.1028372E-02  0.1256950E-01
 0.1500000E+02  0.9566386E-03  0.1201070E-01
 0.1550000E+02  0.9056459E-03  0.1150124E-01
 0.1600000E+02  0.8698853E-03  0.1103605E-01
 0.1650000E+02  0.8451430E-03  0.1061029E-01
 0.1700000E+02  0.8282526E-03  0.1021950E-01
 0.1750000E+02  0.8168755E-03  0.9859686E-02
 0.1800000E+02  0.8093135E-03  0.9527261E-02
 0.1850000E+02  0.8043536E-03  0.9219095E-02
 0.1900000E+02  0.8011433E-03  0.8932459E-02
 0.1950000E+02  0.7990925E-03  0.8664990E-02
 0.2000000E+02  0.7977997E-03  0.8414647E-02
 0.2050000E+02  0.7969953E-03  0.8179671E-02
 0.2100000E+02  0.7965013E-03  0.7958541E-02
 0.2150000E+02  0.7962018E-03  0.7749943E-02
 0.2200000E+02  0.7960227E-03  0.7552734E-02
 0.2250000E+02  0.7959169E-03  0.7365917E-02
 0.2300000E+02  0.7958552E-03  0.7188618E-02
 0.2350000E+02  0.7958197E-03  0.7020067E-02
 0.2400000E+02  0.7957996E-03  0.6859583E-02
 0.2450000E+02  0.7957883E-03  0.6706557E-02
 0.2500000E+02  0.7957820E-03  0.6560447E-02
 0.2550000E+02  0.7957786E-03  0.6420766E-02
 0.2600000E+02  0.7957768E-03  0.6287075E-02
 0.2650000E+02  0.7957758E-03  0.6158975E-02
 0.2700000E+02  0.7957753E-03  0.6036105E-02
 0.2750000E+02  0.7957750E-03  0.5918137E-02
 0.2800000E+02  0.7957749E-03  0.5804768E-02
 0.2850000E+02  0.7957748E-03  0.5695725E-02
 0.2900000E+02  0.7957747E-03  0.5590753E-02
 0.2950000E+02  0.7957747E-03  0.5489619E-02
 0.3000000E+02  0.7957747E-03  0.5392110E-02
 0.3050000E+02  0.7957747E-03  0.5298026E-02
 0.3100000E+02  0.7957747E-03  0.5207184E-02
 0.3150000E+02  0.7957747E-03  0.5119413E-02
 0.3200000E+02  0.7957747E-03  0.5034555E-02
 0.3250000E+02  0.7957747E-03  0.4952462E-02
 0.3300000E+02  0.7957747E-03  0.4872998E-02
 0.3350000E+02  0.7957747E-03  0.4796033E-02
 0.3400000E+02  0.7957747E-03  0.4721448E-02
 0.3450000E+02  0.7957747E-03  0.4649132E-02
 0.3500000E+02  0.7957747E-03  0.4578979E-02
 0.3550000E+02  0.7957747E-03  0.4510890E-02
 0.3600000E+02  0.7957747E-03  0.4444774E-02
 0.3650000E+02  0.7957747E-03  0.4380543E-02
 0.3700000E+02  0.7957747E-03  0.4318115E-02
 0.3750000E+02  0.7957747E-03  0.4257414E-02
 0.3800000E+02  0.7957747E-03  0.4198367E-02
 0.3850000E+02  0.7957747E-03  0.4140906E-02
 0.3900000E+02  0.7957747E-03  0.4084965E-02
 0.3950000E+02  0.7957747E-03  0.4030484E-02
 0.4000000E+02  0.7957747E-03  0.3977404E-02
 0.4050000E+02  0.7957747E-03  0.3925670E-02
 0.4100000E+02  0.7957747E-03  0.3875232E-02
 0.4150000E+02  0.7957747E-03  0.3826039E-02
 0.4200000E+02  0.7957747E-03  0.3778044E-02
 0.4250000E+02  0.7957747E-03  0.3731204E-02
 0.4300000E+02  0.7957747E-03  0.3685476E-02
 0.4350000E+02  0.7957747E-03  0.3640819E-02
 0.4400000E+02  0.7957747E-03  0.3597196E-02
 0.4450000E+02  0.7957747E-03  0.3554570E-02
 0.4500000E+02  0.7957747E-03  0.3512906E-02
 0.4550000E+02  0.7957747E-03  0.3472172E-02
 0.4600000E+02  0.7957747E-03  0.3432335E-02
 0.4650000E+02  0.7957747E-03  0.3393365E-02
 0.4700000E+02  0.7957747E-03  0.3355235E-02
 0.4750000E+02  0.7957747E-03  0.3317915E-02
 0.4800000E+02  0.7957747E-03  0.3281380E-02
 0.4850000E+02  0.7957747E-03  0.3245605E-02
 0.4900000E+02  0.7957747E-03  0.3210566E-02
 0.4950000E+02  0.7957747E-03  0.3176238E-02
 0.5000000E+02  0.7957747E-03  0.3142601E-02
 0.5050000E+02  0.7957747E-03  0.3109634E-02
 0.5100000E+02  0.7957747E-03  0.3077314E-02
 0.5150000E+02  0.7957747E-03  0.3045625E-02
 0.5200000E+02  0.7957747E-03  0.3014545E-02
 0.5250000E+02  0.7957747E-03  0.2984058E-02
 0.5300000E+02  0.7957747E-03  0.2954146E-02
 0.5350000E+02  0.7957747E-03  0.2924793E-02
 0.5400000E+02  0.7957747E-03  0.2895982E-02
 0.5450000E+02  0.7957747E-03  0.2867698E-02
 0.5500000E+02  0.7957747E-03  0.2839927E-02
 0.5550000E+02  0.7957747E-03  0.2812654E-02
 0.5600000E+02  0.7957747E-03  0.2785865E-02
 0.5650000E+02  0.7957747E-03  0.2759548E-02
 0.5700000E+02  0.7957747E-03  0.2733689E-02
 0.5750000E+02  0.7957747E-03  0.2708276E-02
 0.5800000E+02  0.7957747E-03  0.2683297E-02
 0.5850000E+02  0.7957747E-03  0.2658742E-02
 0.5900000E+02  0.7957747E-03  0.2634598E-02
 0.5950000E+02  0.7957747E-03  0.2610856E-02
 0.6000000E+02  0.7957747E-03  0.2587504E-02
 0.6050000E+02  0.7957747E-03  0.2564534E-02
 0.6100000E+02  0.7957747E-03  0.2541935E-02
 0.6150000E+02  0.7957747E-03  0.2519698E-02
 0.6200000E+02  0.7957747E-03  0.2497815E-02
 0.6250000E+02  0.7957747E-03  0.2476276E-02
 0.6300000E+02  0.7957747E-03  0.2455073E-02
 0.6350000E+02  0.7957747E-03  0.2434199E-02
 0.6400000E+02  0.7957747E-03  0.2413644E-02
 0.6450000E+02  0.7957747E-03  0.2393402E-02
 0.6500000E+02  0.7957747E-03  0.2373466E-02
 0.6550000E+02  0.7957747E-03  0.2353827E-02
 0.6600000E+02  0.7957747E-03  0.2334480E-02
 0.6650000E+02  0.7957747E-03  0.2315417E-02
 0.6700000E+02  0.7957747E-03  0.2296632E-02
 0.6750000E+02  0.7957747E-03  0.2278119E-02
 0.6800000E+02  0.7957747E-03  0.2259872E-02
 0.6850000E+02  0.7957747E-03  0.2241884E-02
 0.6900000E+02  0.7957747E-03  0.2224150E-02
 0.6950000E+02  0.7957747E-03  0.2206664E-02
 0.7000000E+02  0.7957747E-03  0.2189421E-02
 0.7050000E+02  0.7957747E-03  0.2172416E-02
 0.7100000E+02  0.7957747E-03  0.2155643E-02
 0.7150000E+02  0.7957747E-03  0.2139098E-02
 0.7200000E+02  0.7957747E-03  0.2122776E-02
 0.7250000E+02  0.7957747E-03  0.2106671E-02
 0.7300000E+02  0.7957747E-03  0.2090781E-02
 0.7350000E+02  0.7957747E-03  0.2075099E-02
 0.7400000E+02  0.7957747E-03  0.2059622E-02
 0.7450000E+02  0.7957747E-03  0.2044345E-02
 0.7500000E+02  0.7957747E-03  0.2029266E-02
 0.7550000E+02  0.7957747E-03  0.2014378E-02
 0.7600000E+02  0.7957747E-03  0.1999679E-02
 0.7650000E+02  0.7957747E-03  0.1985165E-02
 0.7700000E+02  0.7957747E-03  0.1970833E-02
 0.7750000E+02  0.7957747E-03  0.1956678E-02
 0.7800000E+02  0.7957747E-03  0.1942697E-02
 0.7850000E+02  0.7957747E-03  0.1928887E-02
 0.7900000E+02  0.7957747E-03  0.1915244E-02
 0.7950000E+02  0.7957747E-03  0.1901766E-02
 0.8000000E+02  0.7957747E-03  0.1888449E-02
 0.8050000E+02  0.7957747E-03  0.1875290E-02
 0.8100000E+02  0.7957747E-03  0.1862287E-02
 0.8150000E+02  0.7957747E-03  0.1849435E-02
 0.8200000E+02  0.7957747E-03  0.1836733E-02
 0.8250000E+02  0.7957747E-03  0.1824178E-02
 0.8300000E+02  0.7957747E-03  0.1811767E-02
 0.8350000E+02  0.7957747E-03  0.1799497E-02
 0.8400000E+02  0.7957747E-03  0.1787366E-02
 0.8450000E+02  0.7957747E-03  0.1775371E-02
 0.8500000E+02  0.7957747E-03  0.1763510E-02
 0.8550000E+02  0.7957747E-03  0.1751780E-02
 0.8600000E+02  0.7957747E-03  0.1740180E-02
 0.8650000E+02  0.7957747E-03  0.1728707E-02
 0.8700000E+02  0.7957747E-03  0.1717358E-02
 0.8750000E+02  0.7957747E-03  0.1706132E-02
 0.8800000E+02  0.7957747E-03  0.1695026E-02
 0.8850000E+02  0.7957747E-03  0.1684038E-02
 0.8900000E+02  0.7957747E-03  0.1673167E-02
 0.8950000E+02  0.7957747E-03  0.1662410E-02
