 0.0000000E+00  0.3644563E-06 -0.5467440E-06
 0.2094395E+01  0.4297899E-06 -0.6210924E-06
 0.4188790E+01  0.4400110E-06 -0.7494752E-06
 0.6283185E+01  0.9260062E-07  0.7988447E-08
 0.8377580E+01  0.7221744E-05  0.6835672E-06
 0.1047198E+02 -0.1294986E-04 -0.3035102E-04
 0.1256637E+02 -0.3117235E-04  0.1294766E-03
 0.1466077E+02  0.3408431E-03 -0.2683142E-03
 0.1675516E+02 -0.9294163E-03  0.1114276E-03
 0.1884956E+02  0.1441574E-02  0.1920702E-03
 0.2094395E+02 -0.1949102E-02 -0.1078811E-03
 0.2303835E+02  0.2404443E-02 -0.6406049E-03
 0.2513274E+02 -0.2234212E-02  0.2118589E-02
 0.2722714E+02  0.6331844E-03 -0.3668721E-02
 0.2932153E+02  0.2458418E-02  0.3672528E-02
 0.3141593E+02 -0.5118899E-02 -0.6051061E-03
 0.3351032E+02  0.3976601E-02 -0.4386279E-02
 0.3560472E+02  0.1948236E-02  0.6417563E-02
 0.3769911E+02 -0.7384903E-02 -0.1299615E-02
 0.3979351E+02  0.4537071E-02 -0.6932250E-02
 0.4188790E+02  0.5437099E-02  0.7241105E-02
 0.4398230E+02 -0.9201652E-02  0.3358702E-02
 0.4607669E+02 -0.1096672E-02 -0.1043839E-01
 0.4817109E+02  0.1109684E-01  0.1062623E-02
 0.5026548E+02 -0.2945987E-02  0.1136590E-01
 0.5235988E+02 -0.1142725E-01 -0.4467973E-02
 0.5445427E+02  0.5597206E-02 -0.1143071E-01
 0.5654867E+02  0.1148280E-01  0.6328242E-02
 0.5864306E+02 -0.6664265E-02  0.1164481E-01
 0.6073746E+02 -0.1193678E-01 -0.6607727E-02
 0.6283185E+02  0.6156127E-02 -0.1234193E-01
 0.6492625E+02  0.1280861E-01  0.5304292E-02
 0.6702064E+02 -0.4052999E-02  0.1325404E-01
 0.6911504E+02 -0.1357070E-01 -0.2419265E-02
 0.7120943E+02  0.4471885E-03 -0.1363498E-01
 0.7330383E+02  0.1331917E-01 -0.1783164E-02
 0.7539822E+02  0.4147804E-02  0.1250699E-01
 0.7749262E+02 -0.1111470E-01  0.6477548E-02
 0.7958701E+02 -0.8566653E-02 -0.9112239E-02
 0.8168141E+02  0.6542725E-02 -0.1019116E-01
 0.8377580E+02  0.1113442E-01  0.3533637E-02
 0.8587020E+02 -0.2993107E-03  0.1122207E-01
 0.8796459E+02 -0.1035810E-01  0.2872576E-02
 0.9005899E+02 -0.5651910E-02 -0.8558851E-02
 0.9215338E+02  0.5970541E-02 -0.7713301E-02
 0.9424778E+02  0.8789986E-02  0.2868517E-02
 0.9634217E+02  0.3681858E-03  0.8729388E-02
 0.9843657E+02 -0.7537068E-02  0.3307914E-02
 0.1005310E+03 -0.5537016E-02 -0.5395542E-02
 0.1026254E+03  0.2650673E-02 -0.6738411E-02
 0.1047198E+03  0.6759169E-02 -0.2396486E-03
 0.1068142E+03  0.2784737E-02  0.5651346E-02
 0.1089085E+03 -0.3675033E-02  0.4555694E-02
 0.1110029E+03 -0.5277264E-02 -0.1253719E-02
 0.1130973E+03 -0.1110837E-02 -0.4889489E-02
 0.1151917E+03  0.3563895E-02 -0.2946181E-02
 0.1172861E+03  0.3914981E-02  0.1664967E-02
 0.1193805E+03  0.3354393E-03  0.3890827E-02
 0.1214749E+03 -0.2983899E-02  0.1972149E-02
 0.1235693E+03 -0.2900592E-02 -0.1506946E-02
 0.1256637E+03 -0.1127682E-03 -0.2978834E-02
 0.1277581E+03  0.2292865E-02 -0.1450322E-02
 0.1298525E+03  0.2195192E-02  0.1119719E-02
 0.1319469E+03  0.1610846E-03  0.2228040E-02
 0.1340413E+03 -0.1639535E-02  0.1181685E-02
 0.1361357E+03 -0.1690903E-02 -0.6865922E-03
 0.1382301E+03 -0.2992361E-03 -0.1617563E-02
 0.1403245E+03  0.1073439E-02 -0.1019163E-02
 0.1424189E+03  0.1295473E-02  0.2992555E-03
 0.1445133E+03  0.4254576E-03  0.1113731E-02
 0.1466077E+03 -0.6083747E-03  0.8768065E-03
 0.1487021E+03 -0.9536573E-03 -0.1188824E-06
 0.1507964E+03 -0.4897582E-03 -0.6957662E-03
 0.1528908E+03  0.2507030E-03 -0.7153210E-03
 0.1549852E+03  0.6460976E-03 -0.1928534E-03
 0.1570796E+03  0.4779062E-03  0.3609066E-03
 0.1591740E+03 -0.3377625E-05  0.5310784E-03
 0.1612684E+03 -0.3770415E-03  0.2809895E-03
 0.1633628E+03 -0.3998312E-03 -0.1138627E-03
 0.1654572E+03 -0.1366513E-03 -0.3406729E-03
 0.1675516E+03  0.1620846E-03 -0.2801905E-03
 0.1696460E+03  0.2820476E-03 -0.4160838E-04
 0.1717404E+03  0.1839179E-03  0.1704670E-03
 0.1738348E+03 -0.1426300E-04  0.2197814E-03
 0.1759292E+03 -0.1568169E-03  0.1127436E-03
 0.1780236E+03 -0.1637091E-03 -0.4252310E-04
 0.1801180E+03 -0.6359685E-04 -0.1336029E-03
 0.1822124E+03  0.5307644E-04 -0.1179403E-03
 0.1843068E+03  0.1083492E-03 -0.3188577E-04
 0.1864012E+03  0.8293964E-04  0.5315843E-04
 0.1884956E+03  0.1281816E-04  0.8483107E-04
 0.1905900E+03 -0.4782805E-04  0.5723664E-04
 0.1926843E+03 -0.6472030E-04  0.2132114E-05
 0.1947787E+03 -0.3894031E-04 -0.4047868E-04
 0.1968731E+03  0.3277112E-05 -0.4859397E-04
 0.1989675E+03  0.3296076E-04 -0.2638701E-04
 0.2010619E+03  0.3617748E-04  0.5385646E-05
 0.2031563E+03  0.1800923E-04  0.2600749E-04
 0.2052507E+03 -0.5610013E-05  0.2671329E-04
 0.2073451E+03 -0.1997646E-04  0.1237421E-04
 0.2094395E+03 -0.1956492E-04 -0.5039644E-05
 0.2115339E+03 -0.8550841E-05 -0.1512455E-04
 0.2136283E+03  0.4217238E-05 -0.1435508E-04
 0.2157227E+03  0.1137758E-04 -0.6076270E-05
 0.2178171E+03  0.1062552E-04  0.3251980E-05
 0.2199115E+03  0.4514815E-05  0.8407014E-05
 0.2220059E+03 -0.2284639E-05  0.7828718E-05
 0.2241003E+03 -0.6052880E-05  0.3393187E-05
 0.2261947E+03 -0.5688295E-05 -0.1552793E-05
 0.2282891E+03 -0.2522856E-05 -0.4347047E-05
 0.2303835E+03  0.1064578E-05 -0.4177786E-05
 0.2324779E+03  0.3160348E-05 -0.1958941E-05
 0.2345723E+03  0.3143708E-05  0.6328303E-06
 0.2366666E+03  0.1618509E-05  0.2217569E-05
 0.2387610E+03 -0.2447062E-06  0.2307544E-05
 0.2408554E+03 -0.1449401E-05  0.1283651E-05
 0.2429498E+03 -0.1606132E-05 -0.4612079E-07
 0.2450442E+03 -0.9403779E-06 -0.9627711E-06
 0.2471386E+03 -0.2007693E-08 -0.1153474E-05
 0.2492330E+03  0.6920483E-06 -0.7387558E-06
 0.2513274E+03  0.8909735E-06 -0.8625264E-07
 0.2534218E+03  0.6471984E-06  0.4348280E-06
 0.2555162E+03  0.2009244E-06  0.6249595E-06
 0.2576106E+03 -0.1867656E-06  0.4946389E-06
 0.2597050E+03 -0.3590436E-06  0.1960671E-06
 0.2617994E+03 -0.3025356E-06 -0.8860039E-07
 0.2638938E+03 -0.1096714E-06 -0.2379990E-06
 0.2659882E+03  0.9470313E-07 -0.2269554E-06
 0.2680826E+03  0.2183484E-06 -0.1081809E-06
 0.2701770E+03  0.2320066E-06  0.3470645E-07
 0.2722714E+03  0.1627617E-06  0.1330422E-06
 0.2743658E+03  0.6497381E-07  0.1581212E-06
 0.2764602E+03 -0.1143579E-07  0.1211400E-06
 0.2785545E+03 -0.4082815E-07  0.5607063E-07
 0.2806489E+03 -0.2512635E-07 -0.1756259E-08
 0.2827433E+03  0.1557542E-07 -0.3087828E-07
 0.2848377E+03  0.5704809E-07 -0.2830372E-07
 0.2869321E+03  0.8222755E-07 -0.4962562E-08
 0.2890265E+03  0.8597029E-07  0.2313968E-07
 0.2911209E+03  0.7340064E-07  0.4304128E-07
 0.2932153E+03  0.5460137E-07  0.4910917E-07
 0.2953097E+03  0.3899586E-07  0.4298743E-07
 0.2974041E+03  0.3179547E-07  0.3063735E-07
 0.2994985E+03  0.3326990E-07  0.1860509E-07
 0.3015929E+03  0.4021223E-07  0.1125706E-07
 0.3036873E+03  0.4830049E-07  0.9765988E-08
 0.3057817E+03  0.5413384E-07  0.1267529E-07
 0.3078761E+03  0.5625196E-07  0.1730184E-07
 0.3099705E+03  0.5507191E-07  0.2115933E-07
 0.3120649E+03  0.5212690E-07  0.2284234E-07
 0.3141593E+03  0.4912623E-07  0.2221094E-07
 0.3162537E+03  0.4725458E-07  0.2003536E-07
 0.3183481E+03  0.4689901E-07  0.1741363E-07
 0.3204425E+03  0.4776287E-07  0.1525688E-07
 0.3225368E+03  0.4919716E-07  0.1401369E-07
 0.3246312E+03  0.5055380E-07  0.1365533E-07
 0.3267256E+03  0.5142146E-07  0.1384183E-07
 0.3288200E+03  0.5169789E-07  0.1414658E-07
 0.3309144E+03  0.5152575E-07  0.1423874E-07
 0.3330088E+03  0.5116120E-07  0.1397021E-07
 0.3351032E+03  0.5084546E-07  0.1336864E-07
 0.3371976E+03  0.5072428E-07  0.1256981E-07
 0.3392920E+03  0.5082793E-07  0.1173413E-07
 0.3413864E+03  0.5109869E-07  0.1098229E-07
 0.3434808E+03  0.5144008E-07  0.1036639E-07
 0.3455752E+03  0.5176303E-07  0.9874324E-08
 0.3476696E+03  0.5201422E-07  0.9455427E-08
 0.3497640E+03  0.5218236E-07  0.9050445E-08
 0.3518584E+03  0.5228819E-07  0.8614568E-08
 0.3539528E+03  0.5236674E-07  0.8127740E-08
 0.3560472E+03  0.5245081E-07  0.7593171E-08
 0.3581416E+03  0.5256069E-07  0.7028397E-08
 0.3602360E+03  0.5270164E-07  0.6454628E-08
 0.3623304E+03  0.5286720E-07  0.5888457E-08
 0.3644247E+03  0.5304520E-07  0.5337852E-08
 0.3665191E+03  0.5322374E-07  0.4802466E-08
 0.3686135E+03  0.5339500E-07  0.4276447E-08
 0.3707079E+03  0.5355637E-07  0.3752164E-08
 0.3728023E+03  0.5370960E-07  0.3223266E-08
 0.3748967E+03  0.5385873E-07  0.2686194E-08
 0.3769911E+03  0.5400808E-07  0.2140362E-08
 0.3790855E+03  0.5416076E-07  0.1587296E-08
 0.3811799E+03  0.5431815E-07  0.1029359E-08
 0.3832743E+03  0.5448001E-07  0.4687084E-09
 0.3853687E+03  0.5464518E-07 -0.9337126E-10
 0.3874631E+03  0.5481224E-07 -0.6566150E-09
 0.3895575E+03  0.5498006E-07 -0.1221564E-08
 0.3916519E+03  0.5514807E-07 -0.1789167E-08
 0.3937463E+03  0.5531624E-07 -0.2360398E-08
 0.3958407E+03  0.5548496E-07 -0.2935998E-08
 0.3979351E+03  0.5565476E-07 -0.3516394E-08
 0.4000295E+03  0.5582612E-07 -0.4101712E-08
 0.4021239E+03  0.5599939E-07 -0.4691908E-08
 0.4042183E+03  0.5617471E-07 -0.5286889E-08
 0.4063126E+03  0.5635208E-07 -0.5886619E-08
 0.4084070E+03  0.5653144E-07 -0.6491162E-08
 0.4105014E+03  0.5671269E-07 -0.7100688E-08
 0.4125958E+03  0.5689579E-07 -0.7715449E-08
 0.4146902E+03  0.5708076E-07 -0.8335736E-08
 0.4167846E+03  0.5726766E-07 -0.8961846E-08
 0.4188790E+03  0.5745661E-07 -0.9594054E-08
 0.4209734E+03  0.5764773E-07 -0.1023261E-07
 0.4230678E+03  0.5784115E-07 -0.1087775E-07
 0.4251622E+03  0.5803697E-07 -0.1152970E-07
 0.4272566E+03  0.5823529E-07 -0.1218868E-07
 0.4293510E+03  0.5843620E-07 -0.1285492E-07
 0.4314454E+03  0.5863978E-07 -0.1352868E-07
 0.4335398E+03  0.5884612E-07 -0.1421025E-07
 0.4356342E+03  0.5905529E-07 -0.1489990E-07
 0.4377286E+03  0.5926740E-07 -0.1559795E-07
 0.4398230E+03  0.5948256E-07 -0.1630471E-07
 0.4419174E+03  0.5970089E-07 -0.1702052E-07
 0.4440118E+03  0.5992251E-07 -0.1774570E-07
 0.4461062E+03  0.6014754E-07 -0.1848061E-07
 0.4482006E+03  0.6037611E-07 -0.1922559E-07
 0.4502949E+03  0.6060837E-07 -0.1998104E-07
 0.4523893E+03  0.6084446E-07 -0.2074733E-07
 0.4544837E+03  0.6108451E-07 -0.2152486E-07
 0.4565781E+03  0.6132869E-07 -0.2231407E-07
 0.4586725E+03  0.6157715E-07 -0.2311538E-07
 0.4607669E+03  0.6183005E-07 -0.2392927E-07
 0.4628613E+03  0.6208758E-07 -0.2475621E-07
 0.4649557E+03  0.6234992E-07 -0.2559670E-07
 0.4670501E+03  0.6261726E-07 -0.2645128E-07
 0.4691445E+03  0.6288980E-07 -0.2732048E-07
 0.4712389E+03  0.6316777E-07 -0.2820487E-07
 0.4733333E+03  0.6345138E-07 -0.2910507E-07
 0.4754277E+03  0.6374086E-07 -0.3002170E-07
 0.4775221E+03  0.6403648E-07 -0.3095541E-07
 0.4796165E+03  0.6433848E-07 -0.3190690E-07
 0.4817109E+03  0.6464714E-07 -0.3287689E-07
 0.4838053E+03  0.6496276E-07 -0.3386615E-07
 0.4858997E+03  0.6528563E-07 -0.3487548E-07
 0.4879941E+03  0.6561608E-07 -0.3590572E-07
 0.4900885E+03  0.6595446E-07 -0.3695777E-07
 0.4921828E+03  0.6630113E-07 -0.3803255E-07
 0.4942772E+03  0.6665647E-07 -0.3913105E-07
 0.4963716E+03  0.6702088E-07 -0.4025432E-07
 0.4984660E+03  0.6739479E-07 -0.4140345E-07
 0.5005604E+03  0.6777867E-07 -0.4257960E-07
 0.5026548E+03  0.6817300E-07 -0.4378402E-07
 0.5047492E+03  0.6857830E-07 -0.4501799E-07
 0.5068436E+03  0.6899512E-07 -0.4628290E-07
 0.5089380E+03  0.6942404E-07 -0.4758021E-07
 0.5110324E+03  0.6986570E-07 -0.4891148E-07
 0.5131268E+03  0.7032076E-07 -0.5027835E-07
 0.5152212E+03  0.7078993E-07 -0.5168259E-07
 0.5173156E+03  0.7127399E-07 -0.5312605E-07
 0.5194100E+03  0.7177376E-07 -0.5461075E-07
 0.5215044E+03  0.7229012E-07 -0.5613880E-07
 0.5235988E+03  0.7282401E-07 -0.5771248E-07
 0.5256932E+03  0.7337646E-07 -0.5933422E-07
 0.5277876E+03  0.7394856E-07 -0.6100661E-07
 0.5298820E+03  0.7454151E-07 -0.6273246E-07
 0.5319764E+03  0.7515658E-07 -0.6451474E-07
 0.5340708E+03  0.7579516E-07 -0.6635670E-07
 0.5361651E+03  0.7645876E-07 -0.6826177E-07
 0.5382595E+03  0.7714900E-07 -0.7023371E-07
 0.5403539E+03  0.7786767E-07 -0.7227654E-07
 0.5424483E+03  0.7861668E-07 -0.7439461E-07
 0.5445427E+03  0.7939817E-07 -0.7659263E-07
 0.5466371E+03  0.8021442E-07 -0.7887573E-07
 0.5487315E+03  0.8106798E-07 -0.8124944E-07
 0.5508259E+03  0.8196161E-07 -0.8371982E-07
 0.5529203E+03  0.8289838E-07 -0.8629344E-07
 0.5550147E+03  0.8388164E-07 -0.8897750E-07
 0.5571091E+03  0.8491513E-07 -0.9177986E-07
 0.5592035E+03  0.8600297E-07 -0.9470916E-07
 0.5612979E+03  0.8714974E-07 -0.9777487E-07
 0.5633923E+03  0.8836055E-07 -0.1009874E-06
 0.5654867E+03  0.8964110E-07 -0.1043584E-06
 0.5675811E+03  0.9099778E-07 -0.1079005E-06
 0.5696755E+03  0.9243779E-07 -0.1116278E-06
 0.5717699E+03  0.9396923E-07 -0.1155563E-06
 0.5738643E+03  0.9560127E-07 -0.1197033E-06
 0.5759587E+03  0.9734434E-07 -0.1240886E-06
 0.5780530E+03  0.9921032E-07 -0.1287343E-06
 0.5801474E+03  0.1012129E-06 -0.1336653E-06
 0.5822418E+03  0.1033676E-06 -0.1389097E-06
 0.5843362E+03  0.1056927E-06 -0.1444994E-06
 0.5864306E+03  0.1082092E-06 -0.1504708E-06
 0.5885250E+03  0.1109418E-06 -0.1568657E-06
 0.5906194E+03  0.1139193E-06 -0.1637318E-06
 0.5927138E+03  0.1171760E-06 -0.1711245E-06
 0.5948082E+03  0.1207526E-06 -0.1791081E-06
 0.5969026E+03  0.1246982E-06 -0.1877577E-06
 0.5989970E+03  0.1290718E-06 -0.1971614E-06
 0.6010914E+03  0.1339455E-06 -0.2074235E-06
 0.6031858E+03  0.1394083E-06 -0.2186681E-06
 0.6052802E+03  0.1455708E-06 -0.2310440E-06
 0.6073746E+03  0.1525720E-06 -0.2447314E-06
 0.6094690E+03  0.1605894E-06 -0.2599497E-06
 0.6115634E+03  0.1698520E-06 -0.2769690E-06
 0.6136578E+03  0.1806604E-06 -0.2961250E-06
 0.6157522E+03  0.1934159E-06 -0.3178394E-06
 0.6178466E+03  0.2086639E-06 -0.3426480E-06
 0.6199410E+03  0.2271624E-06 -0.3712389E-06
 0.6220353E+03  0.2499885E-06 -0.4045080E-06
 0.6241297E+03  0.2787115E-06 -0.4436383E-06
 0.6262241E+03  0.3156734E-06 -0.4902361E-06
