-0.6000000E+01  0.3932248E-03  0.0000000E+00
-0.5988270E+01  0.4025589E-03  0.0000000E+00
-0.5976540E+01  0.4121146E-03  0.0000000E+00
-0.5964809E+01  0.4218972E-03  0.0000000E+00
-0.5953079E+01  0.4319120E-03  0.0000000E+00
-0.5941349E+01  0.4421645E-03  0.0000000E+00
-0.5929619E+01  0.4526603E-03  0.0000000E+00
-0.5917889E+01  0.4634053E-03  0.0000000E+00
-0.5906158E+01  0.4744053E-03  0.0000000E+00
-0.5894428E+01  0.4856665E-03  0.0000000E+00
-0.5882698E+01  0.4971950E-03  0.0000000E+00
-0.5870968E+01  0.5089971E-03  0.0000000E+00
-0.5859238E+01  0.5210793E-03  0.0000000E+00
-0.5847507E+01  0.5334484E-03  0.0000000E+00
-0.5835777E+01  0.5461110E-03  0.0000000E+00
-0.5824047E+01  0.5590743E-03  0.0000000E+00
-0.5812317E+01  0.5723452E-03  0.0000000E+00
-0.5800587E+01  0.5859312E-03  0.0000000E+00
-0.5788856E+01  0.5998396E-03  0.0000000E+00
-0.5777126E+01  0.6140782E-03  0.0000000E+00
-0.5765396E+01  0.6286547E-03  0.0000000E+00
-0.5753666E+01  0.6435773E-03  0.0000000E+00
-0.5741935E+01  0.6588541E-03  0.0000000E+00
-0.5730205E+01  0.6744935E-03  0.0000000E+00
-0.5718475E+01  0.6905041E-03  0.0000000E+00
-0.5706745E+01  0.7068948E-03  0.0000000E+00
-0.5695015E+01  0.7236745E-03  0.0000000E+00
-0.5683284E+01  0.7408525E-03  0.0000000E+00
-0.5671554E+01  0.7584383E-03  0.0000000E+00
-0.5659824E+01  0.7764415E-03  0.0000000E+00
-0.5648094E+01  0.7948720E-03  0.0000000E+00
-0.5636364E+01  0.8137400E-03  0.0000000E+00
-0.5624633E+01  0.8330559E-03  0.0000000E+00
-0.5612903E+01  0.8528303E-03  0.0000000E+00
-0.5601173E+01  0.8730740E-03  0.0000000E+00
-0.5589443E+01  0.8937983E-03  0.0000000E+00
-0.5577713E+01  0.9150144E-03  0.0000000E+00
-0.5565982E+01  0.9367342E-03  0.0000000E+00
-0.5554252E+01  0.9589695E-03  0.0000000E+00
-0.5542522E+01  0.9817326E-03  0.0000000E+00
-0.5530792E+01  0.1005036E-02  0.0000000E+00
-0.5519062E+01  0.1028893E-02  0.0000000E+00
-0.5507331E+01  0.1053315E-02  0.0000000E+00
-0.5495601E+01  0.1078318E-02  0.0000000E+00
-0.5483871E+01  0.1103914E-02  0.0000000E+00
-0.5472141E+01  0.1130117E-02  0.0000000E+00
-0.5460411E+01  0.1156943E-02  0.0000000E+00
-0.5448680E+01  0.1184405E-02  0.0000000E+00
-0.5436950E+01  0.1212519E-02  0.0000000E+00
-0.5425220E+01  0.1241301E-02  0.0000000E+00
-0.5413490E+01  0.1270765E-02  0.0000000E+00
-0.5401760E+01  0.1300929E-02  0.0000000E+00
-0.5390029E+01  0.1331809E-02  0.0000000E+00
-0.5378299E+01  0.1363422E-02  0.0000000E+00
-0.5366569E+01  0.1395785E-02  0.0000000E+00
-0.5354839E+01  0.1428916E-02  0.0000000E+00
-0.5343109E+01  0.1462834E-02  0.0000000E+00
-0.5331378E+01  0.1497557E-02  0.0000000E+00
-0.5319648E+01  0.1533104E-02  0.0000000E+00
-0.5307918E+01  0.1569494E-02  0.0000000E+00
-0.5296188E+01  0.1606749E-02  0.0000000E+00
-0.5284457E+01  0.1644888E-02  0.0000000E+00
-0.5272727E+01  0.1683931E-02  0.0000000E+00
-0.5260997E+01  0.1723902E-02  0.0000000E+00
-0.5249267E+01  0.1764821E-02  0.0000000E+00
-0.5237537E+01  0.1806712E-02  0.0000000E+00
-0.5225806E+01  0.1849597E-02  0.0000000E+00
-0.5214076E+01  0.1893499E-02  0.0000000E+00
-0.5202346E+01  0.1938444E-02  0.0000000E+00
-0.5190616E+01  0.1984456E-02  0.0000000E+00
-0.5178886E+01  0.2031559E-02  0.0000000E+00
-0.5167155E+01  0.2079781E-02  0.0000000E+00
-0.5155425E+01  0.2129147E-02  0.0000000E+00
-0.5143695E+01  0.2179685E-02  0.0000000E+00
-0.5131965E+01  0.2231422E-02  0.0000000E+00
-0.5120235E+01  0.2284387E-02  0.0000000E+00
-0.5108504E+01  0.2338609E-02  0.0000000E+00
-0.5096774E+01  0.2394119E-02  0.0000000E+00
-0.5085044E+01  0.2450945E-02  0.0000000E+00
-0.5073314E+01  0.2509121E-02  0.0000000E+00
-0.5061584E+01  0.2568677E-02  0.0000000E+00
-0.5049853E+01  0.2629647E-02  0.0000000E+00
-0.5038123E+01  0.2692063E-02  0.0000000E+00
-0.5026393E+01  0.2755961E-02  0.0000000E+00
-0.5014663E+01  0.2821376E-02  0.0000000E+00
-0.5002933E+01  0.2888343E-02  0.0000000E+00
-0.4991202E+01  0.2956900E-02  0.0000000E+00
-0.4979472E+01  0.3027083E-02  0.0000000E+00
-0.4967742E+01  0.3098932E-02  0.0000000E+00
-0.4956012E+01  0.3172487E-02  0.0000000E+00
-0.4944282E+01  0.3247787E-02  0.0000000E+00
-0.4932551E+01  0.3324874E-02  0.0000000E+00
-0.4920821E+01  0.3403791E-02  0.0000000E+00
-0.4909091E+01  0.3484580E-02  0.0000000E+00
-0.4897361E+01  0.3567287E-02  0.0000000E+00
-0.4885630E+01  0.3651957E-02  0.0000000E+00
-0.4873900E+01  0.3738636E-02  0.0000000E+00
-0.4862170E+01  0.3827373E-02  0.0000000E+00
-0.4850440E+01  0.3918215E-02  0.0000000E+00
-0.4838710E+01  0.4011213E-02  0.0000000E+00
-0.4826979E+01  0.4106418E-02  0.0000000E+00
-0.4815249E+01  0.4203882E-02  0.0000000E+00
-0.4803519E+01  0.4303660E-02  0.0000000E+00
-0.4791789E+01  0.4405805E-02  0.0000000E+00
-0.4780059E+01  0.4510374E-02  0.0000000E+00
-0.4768328E+01  0.4617425E-02  0.0000000E+00
-0.4756598E+01  0.4727016E-02  0.0000000E+00
-0.4744868E+01  0.4839208E-02  0.0000000E+00
-0.4733138E+01  0.4954062E-02  0.0000000E+00
-0.4721408E+01  0.5071642E-02  0.0000000E+00
-0.4709677E+01  0.5192012E-02  0.0000000E+00
-0.4697947E+01  0.5315238E-02  0.0000000E+00
-0.4686217E+01  0.5441389E-02  0.0000000E+00
-0.4674487E+01  0.5570533E-02  0.0000000E+00
-0.4662757E+01  0.5702741E-02  0.0000000E+00
-0.4651026E+01  0.5838087E-02  0.0000000E+00
-0.4639296E+01  0.5976644E-02  0.0000000E+00
-0.4627566E+01  0.6118489E-02  0.0000000E+00
-0.4615836E+01  0.6263700E-02  0.0000000E+00
-0.4604106E+01  0.6412356E-02  0.0000000E+00
-0.4592375E+01  0.6564540E-02  0.0000000E+00
-0.4580645E+01  0.6720335E-02  0.0000000E+00
-0.4568915E+01  0.6879826E-02  0.0000000E+00
-0.4557185E+01  0.7043102E-02  0.0000000E+00
-0.4545455E+01  0.7210252E-02  0.0000000E+00
-0.4533724E+01  0.7381368E-02  0.0000000E+00
-0.4521994E+01  0.7556544E-02  0.0000000E+00
-0.4510264E+01  0.7735876E-02  0.0000000E+00
-0.4498534E+01  0.7919463E-02  0.0000000E+00
-0.4486804E+01  0.8107406E-02  0.0000000E+00
-0.4475073E+01  0.8299807E-02  0.0000000E+00
-0.4463343E+01  0.8496774E-02  0.0000000E+00
-0.4451613E+01  0.8698414E-02  0.0000000E+00
-0.4439883E+01  0.8904837E-02  0.0000000E+00
-0.4428152E+01  0.9116158E-02  0.0000000E+00
-0.4416422E+01  0.9332492E-02  0.0000000E+00
-0.4404692E+01  0.9553958E-02  0.0000000E+00
-0.4392962E+01  0.9780679E-02  0.0000000E+00
-0.4381232E+01  0.1001278E-01  0.0000000E+00
-0.4369501E+01  0.1025038E-01  0.0000000E+00
-0.4357771E+01  0.1049362E-01  0.0000000E+00
-0.4346041E+01  0.1074264E-01  0.0000000E+00
-0.4334311E+01  0.1099755E-01  0.0000000E+00
-0.4322581E+01  0.1125852E-01  0.0000000E+00
-0.4310850E+01  0.1152568E-01  0.0000000E+00
-0.4299120E+01  0.1179917E-01  0.0000000E+00
-0.4287390E+01  0.1207915E-01  0.0000000E+00
-0.4275660E+01  0.1236577E-01  0.0000000E+00
-0.4263930E+01  0.1265919E-01  0.0000000E+00
-0.4252199E+01  0.1295957E-01  0.0000000E+00
-0.4240469E+01  0.1326707E-01  0.0000000E+00
-0.4228739E+01  0.1358187E-01  0.0000000E+00
-0.4217009E+01  0.1390413E-01  0.0000000E+00
-0.4205279E+01  0.1423404E-01  0.0000000E+00
-0.4193548E+01  0.1457177E-01  0.0000000E+00
-0.4181818E+01  0.1491751E-01  0.0000000E+00
-0.4170088E+01  0.1527145E-01  0.0000000E+00
-0.4158358E+01  0.1563378E-01  0.0000000E+00
-0.4146628E+01  0.1600471E-01  0.0000000E+00
-0.4134897E+01  0.1638443E-01  0.0000000E+00
-0.4123167E+01  0.1677315E-01  0.0000000E+00
-0.4111437E+01  0.1717110E-01  0.0000000E+00
-0.4099707E+01  0.1757848E-01  0.0000000E+00
-0.4087977E+01  0.1799552E-01  0.0000000E+00
-0.4076246E+01  0.1842244E-01  0.0000000E+00
-0.4064516E+01  0.1885949E-01  0.0000000E+00
-0.4052786E+01  0.1930691E-01  0.0000000E+00
-0.4041056E+01  0.1976493E-01  0.0000000E+00
-0.4029326E+01  0.2023381E-01  0.0000000E+00
-0.4017595E+01  0.2071380E-01  0.0000000E+00
-0.4005865E+01  0.2120517E-01  0.0000000E+00
-0.3994135E+01  0.2170820E-01  0.0000000E+00
-0.3982405E+01  0.2222314E-01  0.0000000E+00
-0.3970674E+01  0.2275029E-01  0.0000000E+00
-0.3958944E+01  0.2328994E-01  0.0000000E+00
-0.3947214E+01  0.2384238E-01  0.0000000E+00
-0.3935484E+01  0.2440791E-01  0.0000000E+00
-0.3923754E+01  0.2498685E-01  0.0000000E+00
-0.3912023E+01  0.2557951E-01  0.0000000E+00
-0.3900293E+01  0.2618621E-01  0.0000000E+00
-0.3888563E+01  0.2680729E-01  0.0000000E+00
-0.3876833E+01  0.2744309E-01  0.0000000E+00
-0.3865103E+01  0.2809396E-01  0.0000000E+00
-0.3853372E+01  0.2876025E-01  0.0000000E+00
-0.3841642E+01  0.2944232E-01  0.0000000E+00
-0.3829912E+01  0.3014056E-01  0.0000000E+00
-0.3818182E+01  0.3085534E-01  0.0000000E+00
-0.3806452E+01  0.3158705E-01  0.0000000E+00
-0.3794721E+01  0.3233610E-01  0.0000000E+00
-0.3782991E+01  0.3310289E-01  0.0000000E+00
-0.3771261E+01  0.3388785E-01  0.0000000E+00
-0.3759531E+01  0.3469140E-01  0.0000000E+00
-0.3747801E+01  0.3551398E-01  0.0000000E+00
-0.3736070E+01  0.3635605E-01  0.0000000E+00
-0.3724340E+01  0.3721805E-01  0.0000000E+00
-0.3712610E+01  0.3810047E-01  0.0000000E+00
-0.3700880E+01  0.3900379E-01  0.0000000E+00
-0.3689150E+01  0.3992850E-01  0.0000000E+00
-0.3677419E+01  0.4087510E-01  0.0000000E+00
-0.3665689E+01  0.4184411E-01  0.0000000E+00
-0.3653959E+01  0.4283607E-01  0.0000000E+00
-0.3642229E+01  0.4385151E-01  0.0000000E+00
-0.3630499E+01  0.4489098E-01  0.0000000E+00
-0.3618768E+01  0.4595506E-01  0.0000000E+00
-0.3607038E+01  0.4704433E-01  0.0000000E+00
-0.3595308E+01  0.4815938E-01  0.0000000E+00
-0.3583578E+01  0.4930081E-01  0.0000000E+00
-0.3571848E+01  0.5046925E-01  0.0000000E+00
-0.3560117E+01  0.5166535E-01  0.0000000E+00
-0.3548387E+01  0.5288974E-01  0.0000000E+00
-0.3536657E+01  0.5414310E-01  0.0000000E+00
-0.3524927E+01  0.5542610E-01  0.0000000E+00
-0.3513196E+01  0.5673946E-01  0.0000000E+00
-0.3501466E+01  0.5808388E-01  0.0000000E+00
-0.3489736E+01  0.5946010E-01  0.0000000E+00
-0.3478006E+01  0.6086886E-01  0.0000000E+00
-0.3466276E+01  0.6231094E-01  0.0000000E+00
-0.3454545E+01  0.6378711E-01  0.0000000E+00
-0.3442815E+01  0.6529818E-01  0.0000000E+00
-0.3431085E+01  0.6684497E-01  0.0000000E+00
-0.3419355E+01  0.6842833E-01  0.0000000E+00
-0.3407625E+01  0.7004910E-01  0.0000000E+00
-0.3395894E+01  0.7170818E-01  0.0000000E+00
-0.3384164E+01  0.7340646E-01  0.0000000E+00
-0.3372434E+01  0.7514487E-01  0.0000000E+00
-0.3360704E+01  0.7692435E-01  0.0000000E+00
-0.3348974E+01  0.7874587E-01  0.0000000E+00
-0.3337243E+01  0.8061040E-01  0.0000000E+00
-0.3325513E+01  0.8251897E-01  0.0000000E+00
-0.3313783E+01  0.8447261E-01  0.0000000E+00
-0.3302053E+01  0.8647238E-01  0.0000000E+00
-0.3290323E+01  0.8851935E-01  0.0000000E+00
-0.3278592E+01  0.9061465E-01  0.0000000E+00
-0.3266862E+01  0.9275939E-01  0.0000000E+00
-0.3255132E+01  0.9495475E-01  0.0000000E+00
-0.3243402E+01  0.9720191E-01  0.0000000E+00
-0.3231672E+01  0.9950208E-01  0.0000000E+00
-0.3219941E+01  0.1018565E+00  0.0000000E+00
-0.3208211E+01  0.1042665E+00  0.0000000E+00
-0.3196481E+01  0.1067332E+00  0.0000000E+00
-0.3184751E+01  0.1092582E+00  0.0000000E+00
-0.3173021E+01  0.1118427E+00  0.0000000E+00
-0.3161290E+01  0.1144880E+00  0.0000000E+00
-0.3149560E+01  0.1171958E+00  0.0000000E+00
-0.3137830E+01  0.1199673E+00  0.0000000E+00
-0.3126100E+01  0.1228041E+00  0.0000000E+00
-0.3114370E+01  0.1257077E+00  0.0000000E+00
-0.3102639E+01  0.1286797E+00  0.0000000E+00
-0.3090909E+01  0.1317217E+00  0.0000000E+00
-0.3079179E+01  0.1348352E+00  0.0000000E+00
-0.3067449E+01  0.1380221E+00  0.0000000E+00
-0.3055718E+01  0.1412839E+00  0.0000000E+00
-0.3043988E+01  0.1446225E+00  0.0000000E+00
-0.3032258E+01  0.1480396E+00  0.0000000E+00
-0.3020528E+01  0.1515371E+00  0.0000000E+00
-0.3008798E+01  0.1551167E+00  0.0000000E+00
-0.2997067E+01  0.1587805E+00  0.0000000E+00
-0.2985337E+01  0.1625304E+00  0.0000000E+00
-0.2973607E+01  0.1663684E+00  0.0000000E+00
-0.2961877E+01  0.1702966E+00  0.0000000E+00
-0.2950147E+01  0.1743170E+00  0.0000000E+00
-0.2938416E+01  0.1784317E+00  0.0000000E+00
-0.2926686E+01  0.1826431E+00  0.0000000E+00
-0.2914956E+01  0.1869532E+00  0.0000000E+00
-0.2903226E+01  0.1913644E+00  0.0000000E+00
-0.2891496E+01  0.1958791E+00  0.0000000E+00
-0.2879765E+01  0.2004996E+00  0.0000000E+00
-0.2868035E+01  0.2052284E+00  0.0000000E+00
-0.2856305E+01  0.2100680E+00  0.0000000E+00
-0.2844575E+01  0.2150209E+00  0.0000000E+00
-0.2832845E+01  0.2200898E+00  0.0000000E+00
-0.2821114E+01  0.2252773E+00  0.0000000E+00
-0.2809384E+01  0.2305862E+00  0.0000000E+00
-0.2797654E+01  0.2360193E+00  0.0000000E+00
-0.2785924E+01  0.2415794E+00  0.0000000E+00
-0.2774194E+01  0.2472695E+00  0.0000000E+00
-0.2762463E+01  0.2530925E+00  0.0000000E+00
-0.2750733E+01  0.2590516E+00  0.0000000E+00
-0.2739003E+01  0.2651497E+00  0.0000000E+00
-0.2727273E+01  0.2713902E+00  0.0000000E+00
-0.2715543E+01  0.2777762E+00  0.0000000E+00
-0.2703812E+01  0.2843111E+00  0.0000000E+00
-0.2692082E+01  0.2909984E+00  0.0000000E+00
-0.2680352E+01  0.2978415E+00  0.0000000E+00
-0.2668622E+01  0.3048439E+00  0.0000000E+00
-0.2656891E+01  0.3120093E+00  0.0000000E+00
-0.2645161E+01  0.3193414E+00  0.0000000E+00
-0.2633431E+01  0.3268441E+00  0.0000000E+00
-0.2621701E+01  0.3345211E+00  0.0000000E+00
-0.2609971E+01  0.3423764E+00  0.0000000E+00
-0.2598240E+01  0.3504142E+00  0.0000000E+00
-0.2586510E+01  0.3586385E+00  0.0000000E+00
-0.2574780E+01  0.3670536E+00  0.0000000E+00
-0.2563050E+01  0.3756637E+00  0.0000000E+00
-0.2551320E+01  0.3844734E+00  0.0000000E+00
-0.2539589E+01  0.3934870E+00  0.0000000E+00
-0.2527859E+01  0.4027092E+00  0.0000000E+00
-0.2516129E+01  0.4121447E+00  0.0000000E+00
-0.2504399E+01  0.4217983E+00  0.0000000E+00
-0.2492669E+01  0.4316749E+00  0.0000000E+00
-0.2480938E+01  0.4417794E+00  0.0000000E+00
-0.2469208E+01  0.4521171E+00  0.0000000E+00
-0.2457478E+01  0.4626930E+00  0.0000000E+00
-0.2445748E+01  0.4735126E+00  0.0000000E+00
-0.2434018E+01  0.4845812E+00  0.0000000E+00
-0.2422287E+01  0.4959045E+00  0.0000000E+00
-0.2410557E+01  0.5074880E+00  0.0000000E+00
-0.2398827E+01  0.5193375E+00  0.0000000E+00
-0.2387097E+01  0.5314589E+00  0.0000000E+00
-0.2375367E+01  0.5438584E+00  0.0000000E+00
-0.2363636E+01  0.5565418E+00  0.0000000E+00
-0.2351906E+01  0.5695157E+00  0.0000000E+00
-0.2340176E+01  0.5827862E+00  0.0000000E+00
-0.2328446E+01  0.5963601E+00  0.0000000E+00
-0.2316716E+01  0.6102438E+00  0.0000000E+00
-0.2304985E+01  0.6244441E+00  0.0000000E+00
-0.2293255E+01  0.6389681E+00  0.0000000E+00
-0.2281525E+01  0.6538227E+00  0.0000000E+00
-0.2269795E+01  0.6690150E+00  0.0000000E+00
-0.2258065E+01  0.6845526E+00  0.0000000E+00
-0.2246334E+01  0.7004427E+00  0.0000000E+00
-0.2234604E+01  0.7166930E+00  0.0000000E+00
-0.2222874E+01  0.7333114E+00  0.0000000E+00
-0.2211144E+01  0.7503055E+00  0.0000000E+00
-0.2199413E+01  0.7676837E+00  0.0000000E+00
-0.2187683E+01  0.7854539E+00  0.0000000E+00
-0.2175953E+01  0.8036246E+00  0.0000000E+00
-0.2164223E+01  0.8222044E+00  0.0000000E+00
-0.2152493E+01  0.8412017E+00  0.0000000E+00
-0.2140762E+01  0.8606256E+00  0.0000000E+00
-0.2129032E+01  0.8804850E+00  0.0000000E+00
-0.2117302E+01  0.9007890E+00  0.0000000E+00
-0.2105572E+01  0.9215469E+00  0.0000000E+00
-0.2093842E+01  0.9427682E+00  0.0000000E+00
-0.2082111E+01  0.9644625E+00  0.0000000E+00
-0.2070381E+01  0.9866397E+00  0.0000000E+00
-0.2058651E+01  0.1009310E+01  0.0000000E+00
-0.2046921E+01  0.1032483E+01  0.0000000E+00
-0.2035191E+01  0.1056169E+01  0.0000000E+00
-0.2023460E+01  0.1080379E+01  0.0000000E+00
-0.2011730E+01  0.1105124E+01  0.0000000E+00
-0.2000000E+01  0.1130413E+01  0.0000000E+00
-0.1988270E+01  0.1156259E+01  0.0000000E+00
-0.1976540E+01  0.1182673E+01  0.0000000E+00
-0.1964809E+01  0.1209665E+01  0.0000000E+00
-0.1953079E+01  0.1237247E+01  0.0000000E+00
-0.1941349E+01  0.1265432E+01  0.0000000E+00
-0.1929619E+01  0.1294230E+01  0.0000000E+00
-0.1917889E+01  0.1323654E+01  0.0000000E+00
-0.1906158E+01  0.1353716E+01  0.0000000E+00
-0.1894428E+01  0.1384429E+01  0.0000000E+00
-0.1882698E+01  0.1415805E+01  0.0000000E+00
-0.1870968E+01  0.1447857E+01  0.0000000E+00
-0.1859238E+01  0.1480598E+01  0.0000000E+00
-0.1847507E+01  0.1514040E+01  0.0000000E+00
-0.1835777E+01  0.1548197E+01  0.0000000E+00
-0.1824047E+01  0.1583083E+01  0.0000000E+00
-0.1812317E+01  0.1618711E+01  0.0000000E+00
-0.1800587E+01  0.1655095E+01  0.0000000E+00
-0.1788856E+01  0.1692248E+01  0.0000000E+00
-0.1777126E+01  0.1730185E+01  0.0000000E+00
-0.1765396E+01  0.1768919E+01  0.0000000E+00
-0.1753666E+01  0.1808466E+01  0.0000000E+00
-0.1741935E+01  0.1848840E+01  0.0000000E+00
-0.1730205E+01  0.1890054E+01  0.0000000E+00
-0.1718475E+01  0.1932125E+01  0.0000000E+00
-0.1706745E+01  0.1975066E+01  0.0000000E+00
-0.1695015E+01  0.2018894E+01  0.0000000E+00
-0.1683284E+01  0.2063622E+01  0.0000000E+00
-0.1671554E+01  0.2109266E+01  0.0000000E+00
-0.1659824E+01  0.2155841E+01  0.0000000E+00
-0.1648094E+01  0.2203364E+01  0.0000000E+00
-0.1636364E+01  0.2251848E+01  0.0000000E+00
-0.1624633E+01  0.2301310E+01  0.0000000E+00
-0.1612903E+01  0.2351766E+01  0.0000000E+00
-0.1601173E+01  0.2403231E+01  0.0000000E+00
-0.1589443E+01  0.2455720E+01  0.0000000E+00
-0.1577713E+01  0.2509250E+01  0.0000000E+00
-0.1565982E+01  0.2563836E+01  0.0000000E+00
-0.1554252E+01  0.2619493E+01  0.0000000E+00
-0.1542522E+01  0.2676239E+01  0.0000000E+00
-0.1530792E+01  0.2734088E+01  0.0000000E+00
-0.1519062E+01  0.2793056E+01  0.0000000E+00
-0.1507331E+01  0.2853159E+01  0.0000000E+00
-0.1495601E+01  0.2914412E+01  0.0000000E+00
-0.1483871E+01  0.2976831E+01  0.0000000E+00
-0.1472141E+01  0.3040431E+01  0.0000000E+00
-0.1460411E+01  0.3105227E+01  0.0000000E+00
-0.1448680E+01  0.3171235E+01  0.0000000E+00
-0.1436950E+01  0.3238470E+01  0.0000000E+00
-0.1425220E+01  0.3306945E+01  0.0000000E+00
-0.1413490E+01  0.3376677E+01  0.0000000E+00
-0.1401760E+01  0.3447679E+01  0.0000000E+00
-0.1390029E+01  0.3519965E+01  0.0000000E+00
-0.1378299E+01  0.3593548E+01  0.0000000E+00
-0.1366569E+01  0.3668444E+01  0.0000000E+00
-0.1354839E+01  0.3744664E+01  0.0000000E+00
-0.1343109E+01  0.3822221E+01  0.0000000E+00
-0.1331378E+01  0.3901129E+01  0.0000000E+00
-0.1319648E+01  0.3981398E+01  0.0000000E+00
-0.1307918E+01  0.4063040E+01  0.0000000E+00
-0.1296188E+01  0.4146067E+01  0.0000000E+00
-0.1284457E+01  0.4230489E+01  0.0000000E+00
-0.1272727E+01  0.4316316E+01  0.0000000E+00
-0.1260997E+01  0.4403557E+01  0.0000000E+00
-0.1249267E+01  0.4492221E+01  0.0000000E+00
-0.1237537E+01  0.4582316E+01  0.0000000E+00
-0.1225806E+01  0.4673850E+01  0.0000000E+00
-0.1214076E+01  0.4766829E+01  0.0000000E+00
-0.1202346E+01  0.4861259E+01  0.0000000E+00
-0.1190616E+01  0.4957146E+01  0.0000000E+00
-0.1178886E+01  0.5054492E+01  0.0000000E+00
-0.1167155E+01  0.5153302E+01  0.0000000E+00
-0.1155425E+01  0.5253578E+01  0.0000000E+00
-0.1143695E+01  0.5355322E+01  0.0000000E+00
-0.1131965E+01  0.5458533E+01  0.0000000E+00
-0.1120235E+01  0.5563211E+01  0.0000000E+00
-0.1108504E+01  0.5669353E+01  0.0000000E+00
-0.1096774E+01  0.5776958E+01  0.0000000E+00
-0.1085044E+01  0.5886020E+01  0.0000000E+00
-0.1073314E+01  0.5996533E+01  0.0000000E+00
-0.1061584E+01  0.6108492E+01  0.0000000E+00
-0.1049853E+01  0.6221887E+01  0.0000000E+00
-0.1038123E+01  0.6336709E+01  0.0000000E+00
-0.1026393E+01  0.6452947E+01  0.0000000E+00
-0.1014663E+01  0.6570588E+01  0.0000000E+00
-0.1002933E+01  0.6689617E+01  0.0000000E+00
-0.9912023E+00  0.6810019E+01  0.0000000E+00
-0.9794721E+00  0.6931776E+01  0.0000000E+00
-0.9677419E+00  0.7054868E+01  0.0000000E+00
-0.9560117E+00  0.7179276E+01  0.0000000E+00
-0.9442815E+00  0.7304975E+01  0.0000000E+00
-0.9325513E+00  0.7431941E+01  0.0000000E+00
-0.9208211E+00  0.7560147E+01  0.0000000E+00
-0.9090909E+00  0.7689565E+01  0.0000000E+00
-0.8973607E+00  0.7820164E+01  0.0000000E+00
-0.8856305E+00  0.7951911E+01  0.0000000E+00
-0.8739003E+00  0.8084772E+01  0.0000000E+00
-0.8621701E+00  0.8218711E+01  0.0000000E+00
-0.8504399E+00  0.8353687E+01  0.0000000E+00
-0.8387097E+00  0.8489659E+01  0.0000000E+00
-0.8269795E+00  0.8626586E+01  0.0000000E+00
-0.8152493E+00  0.8764420E+01  0.0000000E+00
-0.8035191E+00  0.8903114E+01  0.0000000E+00
-0.7917889E+00  0.9042618E+01  0.0000000E+00
-0.7800587E+00  0.9182880E+01  0.0000000E+00
-0.7683284E+00  0.9323845E+01  0.0000000E+00
-0.7565982E+00  0.9465455E+01  0.0000000E+00
-0.7448680E+00  0.9607652E+01  0.0000000E+00
-0.7331378E+00  0.9750374E+01  0.0000000E+00
-0.7214076E+00  0.9893557E+01  0.0000000E+00
-0.7096774E+00  0.1003713E+02  0.0000000E+00
-0.6979472E+00  0.1018104E+02  0.0000000E+00
-0.6862170E+00  0.1032519E+02  0.0000000E+00
-0.6744868E+00  0.1046953E+02  0.0000000E+00
-0.6627566E+00  0.1061398E+02  0.0000000E+00
-0.6510264E+00  0.1075845E+02  0.0000000E+00
-0.6392962E+00  0.1090288E+02  0.0000000E+00
-0.6275660E+00  0.1104717E+02  0.0000000E+00
-0.6158358E+00  0.1119124E+02  0.0000000E+00
-0.6041056E+00  0.1133501E+02  0.0000000E+00
-0.5923754E+00  0.1147839E+02  0.0000000E+00
-0.5806452E+00  0.1162129E+02  0.0000000E+00
-0.5689150E+00  0.1176362E+02  0.0000000E+00
-0.5571848E+00  0.1190528E+02  0.0000000E+00
-0.5454545E+00  0.1204617E+02  0.0000000E+00
-0.5337243E+00  0.1218622E+02  0.0000000E+00
-0.5219941E+00  0.1232530E+02  0.0000000E+00
-0.5102639E+00  0.1246333E+02  0.0000000E+00
-0.4985337E+00  0.1260021E+02  0.0000000E+00
-0.4868035E+00  0.1273582E+02  0.0000000E+00
-0.4750733E+00  0.1287008E+02  0.0000000E+00
-0.4633431E+00  0.1300288E+02  0.0000000E+00
-0.4516129E+00  0.1313410E+02  0.0000000E+00
-0.4398827E+00  0.1326366E+02  0.0000000E+00
-0.4281525E+00  0.1339144E+02  0.0000000E+00
-0.4164223E+00  0.1351733E+02  0.0000000E+00
-0.4046921E+00  0.1364124E+02  0.0000000E+00
-0.3929619E+00  0.1376305E+02  0.0000000E+00
-0.3812317E+00  0.1388267E+02  0.0000000E+00
-0.3695015E+00  0.1399998E+02  0.0000000E+00
-0.3577713E+00  0.1411488E+02  0.0000000E+00
-0.3460411E+00  0.1422727E+02  0.0000000E+00
-0.3343109E+00  0.1433705E+02  0.0000000E+00
-0.3225806E+00  0.1444411E+02  0.0000000E+00
-0.3108504E+00  0.1454836E+02  0.0000000E+00
-0.2991202E+00  0.1464969E+02  0.0000000E+00
-0.2873900E+00  0.1474801E+02  0.0000000E+00
-0.2756598E+00  0.1484323E+02  0.0000000E+00
-0.2639296E+00  0.1493525E+02  0.0000000E+00
-0.2521994E+00  0.1502397E+02  0.0000000E+00
-0.2404692E+00  0.1510933E+02  0.0000000E+00
-0.2287390E+00  0.1519121E+02  0.0000000E+00
-0.2170088E+00  0.1526955E+02  0.0000000E+00
-0.2052786E+00  0.1534427E+02  0.0000000E+00
-0.1935484E+00  0.1541528E+02  0.0000000E+00
-0.1818182E+00  0.1548252E+02  0.0000000E+00
-0.1700880E+00  0.1554590E+02  0.0000000E+00
-0.1583578E+00  0.1560538E+02  0.0000000E+00
-0.1466276E+00  0.1566088E+02  0.0000000E+00
-0.1348974E+00  0.1571234E+02  0.0000000E+00
-0.1231672E+00  0.1575971E+02  0.0000000E+00
-0.1114370E+00  0.1580294E+02  0.0000000E+00
-0.9970674E-01  0.1584199E+02  0.0000000E+00
-0.8797654E-01  0.1587680E+02  0.0000000E+00
-0.7624633E-01  0.1590734E+02  0.0000000E+00
-0.6451613E-01  0.1593359E+02  0.0000000E+00
-0.5278592E-01  0.1595550E+02  0.0000000E+00
-0.4105572E-01  0.1597306E+02  0.0000000E+00
-0.2932551E-01  0.1598625E+02  0.0000000E+00
-0.1759531E-01  0.1599505E+02  0.0000000E+00
-0.5865103E-02  0.1599945E+02  0.0000000E+00
 0.5865103E-02  0.1599945E+02  0.0000000E+00
 0.1759531E-01  0.1599505E+02  0.0000000E+00
 0.2932551E-01  0.1598625E+02  0.0000000E+00
 0.4105572E-01  0.1597306E+02  0.0000000E+00
 0.5278592E-01  0.1595550E+02  0.0000000E+00
 0.6451613E-01  0.1593359E+02  0.0000000E+00
 0.7624633E-01  0.1590734E+02  0.0000000E+00
 0.8797654E-01  0.1587680E+02  0.0000000E+00
 0.9970674E-01  0.1584199E+02  0.0000000E+00
 0.1114370E+00  0.1580294E+02  0.0000000E+00
 0.1231672E+00  0.1575971E+02  0.0000000E+00
 0.1348974E+00  0.1571234E+02  0.0000000E+00
 0.1466276E+00  0.1566088E+02  0.0000000E+00
 0.1583578E+00  0.1560538E+02  0.0000000E+00
 0.1700880E+00  0.1554590E+02  0.0000000E+00
 0.1818182E+00  0.1548252E+02  0.0000000E+00
 0.1935484E+00  0.1541528E+02  0.0000000E+00
 0.2052786E+00  0.1534427E+02  0.0000000E+00
 0.2170088E+00  0.1526955E+02  0.0000000E+00
 0.2287390E+00  0.1519121E+02  0.0000000E+00
 0.2404692E+00  0.1510933E+02  0.0000000E+00
 0.2521994E+00  0.1502397E+02  0.0000000E+00
 0.2639296E+00  0.1493525E+02  0.0000000E+00
 0.2756598E+00  0.1484323E+02  0.0000000E+00
 0.2873900E+00  0.1474801E+02  0.0000000E+00
 0.2991202E+00  0.1464969E+02  0.0000000E+00
 0.3108504E+00  0.1454836E+02  0.0000000E+00
 0.3225806E+00  0.1444411E+02  0.0000000E+00
 0.3343109E+00  0.1433705E+02  0.0000000E+00
 0.3460411E+00  0.1422727E+02  0.0000000E+00
 0.3577713E+00  0.1411488E+02  0.0000000E+00
 0.3695015E+00  0.1399998E+02  0.0000000E+00
 0.3812317E+00  0.1388267E+02  0.0000000E+00
 0.3929619E+00  0.1376305E+02  0.0000000E+00
 0.4046921E+00  0.1364124E+02  0.0000000E+00
 0.4164223E+00  0.1351733E+02  0.0000000E+00
 0.4281525E+00  0.1339144E+02  0.0000000E+00
 0.4398827E+00  0.1326366E+02  0.0000000E+00
 0.4516129E+00  0.1313410E+02  0.0000000E+00
 0.4633431E+00  0.1300288E+02  0.0000000E+00
 0.4750733E+00  0.1287008E+02  0.0000000E+00
 0.4868035E+00  0.1273582E+02  0.0000000E+00
 0.4985337E+00  0.1260021E+02  0.0000000E+00
 0.5102639E+00  0.1246333E+02  0.0000000E+00
 0.5219941E+00  0.1232530E+02  0.0000000E+00
 0.5337243E+00  0.1218622E+02  0.0000000E+00
 0.5454545E+00  0.1204617E+02  0.0000000E+00
 0.5571848E+00  0.1190528E+02  0.0000000E+00
 0.5689150E+00  0.1176362E+02  0.0000000E+00
 0.5806452E+00  0.1162129E+02  0.0000000E+00
 0.5923754E+00  0.1147839E+02  0.0000000E+00
 0.6041056E+00  0.1133501E+02  0.0000000E+00
 0.6158358E+00  0.1119124E+02  0.0000000E+00
 0.6275660E+00  0.1104717E+02  0.0000000E+00
 0.6392962E+00  0.1090288E+02  0.0000000E+00
 0.6510264E+00  0.1075845E+02  0.0000000E+00
 0.6627566E+00  0.1061398E+02  0.0000000E+00
 0.6744868E+00  0.1046953E+02  0.0000000E+00
 0.6862170E+00  0.1032519E+02  0.0000000E+00
 0.6979472E+00  0.1018104E+02  0.0000000E+00
 0.7096774E+00  0.1003713E+02  0.0000000E+00
 0.7214076E+00  0.9893557E+01  0.0000000E+00
 0.7331378E+00  0.9750374E+01  0.0000000E+00
 0.7448680E+00  0.9607652E+01  0.0000000E+00
 0.7565982E+00  0.9465455E+01  0.0000000E+00
 0.7683284E+00  0.9323845E+01  0.0000000E+00
 0.7800587E+00  0.9182880E+01  0.0000000E+00
 0.7917889E+00  0.9042618E+01  0.0000000E+00
 0.8035191E+00  0.8903114E+01  0.0000000E+00
 0.8152493E+00  0.8764420E+01  0.0000000E+00
 0.8269795E+00  0.8626586E+01  0.0000000E+00
 0.8387097E+00  0.8489659E+01  0.0000000E+00
 0.8504399E+00  0.8353687E+01  0.0000000E+00
 0.8621701E+00  0.8218711E+01  0.0000000E+00
 0.8739003E+00  0.8084772E+01  0.0000000E+00
 0.8856305E+00  0.7951911E+01  0.0000000E+00
 0.8973607E+00  0.7820164E+01  0.0000000E+00
 0.9090909E+00  0.7689565E+01  0.0000000E+00
 0.9208211E+00  0.7560147E+01  0.0000000E+00
 0.9325513E+00  0.7431941E+01  0.0000000E+00
 0.9442815E+00  0.7304975E+01  0.0000000E+00
 0.9560117E+00  0.7179276E+01  0.0000000E+00
 0.9677419E+00  0.7054868E+01  0.0000000E+00
 0.9794721E+00  0.6931776E+01  0.0000000E+00
 0.9912023E+00  0.6810019E+01  0.0000000E+00
 0.1002933E+01  0.6689617E+01  0.0000000E+00
 0.1014663E+01  0.6570588E+01  0.0000000E+00
 0.1026393E+01  0.6452947E+01  0.0000000E+00
 0.1038123E+01  0.6336709E+01  0.0000000E+00
 0.1049853E+01  0.6221887E+01  0.0000000E+00
 0.1061584E+01  0.6108492E+01  0.0000000E+00
 0.1073314E+01  0.5996533E+01  0.0000000E+00
 0.1085044E+01  0.5886020E+01  0.0000000E+00
 0.1096774E+01  0.5776958E+01  0.0000000E+00
 0.1108504E+01  0.5669353E+01  0.0000000E+00
 0.1120235E+01  0.5563211E+01  0.0000000E+00
 0.1131965E+01  0.5458533E+01  0.0000000E+00
 0.1143695E+01  0.5355322E+01  0.0000000E+00
 0.1155425E+01  0.5253578E+01  0.0000000E+00
 0.1167155E+01  0.5153302E+01  0.0000000E+00
 0.1178886E+01  0.5054492E+01  0.0000000E+00
 0.1190616E+01  0.4957146E+01  0.0000000E+00
 0.1202346E+01  0.4861259E+01  0.0000000E+00
 0.1214076E+01  0.4766829E+01  0.0000000E+00
 0.1225806E+01  0.4673850E+01  0.0000000E+00
 0.1237537E+01  0.4582316E+01  0.0000000E+00
 0.1249267E+01  0.4492221E+01  0.0000000E+00
 0.1260997E+01  0.4403557E+01  0.0000000E+00
 0.1272727E+01  0.4316316E+01  0.0000000E+00
 0.1284457E+01  0.4230489E+01  0.0000000E+00
 0.1296188E+01  0.4146067E+01  0.0000000E+00
 0.1307918E+01  0.4063040E+01  0.0000000E+00
 0.1319648E+01  0.3981398E+01  0.0000000E+00
 0.1331378E+01  0.3901129E+01  0.0000000E+00
 0.1343109E+01  0.3822221E+01  0.0000000E+00
 0.1354839E+01  0.3744664E+01  0.0000000E+00
 0.1366569E+01  0.3668444E+01  0.0000000E+00
 0.1378299E+01  0.3593548E+01  0.0000000E+00
 0.1390029E+01  0.3519965E+01  0.0000000E+00
 0.1401760E+01  0.3447679E+01  0.0000000E+00
 0.1413490E+01  0.3376677E+01  0.0000000E+00
 0.1425220E+01  0.3306945E+01  0.0000000E+00
 0.1436950E+01  0.3238470E+01  0.0000000E+00
 0.1448680E+01  0.3171235E+01  0.0000000E+00
 0.1460411E+01  0.3105227E+01  0.0000000E+00
 0.1472141E+01  0.3040431E+01  0.0000000E+00
 0.1483871E+01  0.2976831E+01  0.0000000E+00
 0.1495601E+01  0.2914412E+01  0.0000000E+00
 0.1507331E+01  0.2853159E+01  0.0000000E+00
 0.1519062E+01  0.2793056E+01  0.0000000E+00
 0.1530792E+01  0.2734088E+01  0.0000000E+00
 0.1542522E+01  0.2676239E+01  0.0000000E+00
 0.1554252E+01  0.2619493E+01  0.0000000E+00
 0.1565982E+01  0.2563836E+01  0.0000000E+00
 0.1577713E+01  0.2509250E+01  0.0000000E+00
 0.1589443E+01  0.2455720E+01  0.0000000E+00
 0.1601173E+01  0.2403231E+01  0.0000000E+00
 0.1612903E+01  0.2351766E+01  0.0000000E+00
 0.1624633E+01  0.2301310E+01  0.0000000E+00
 0.1636364E+01  0.2251848E+01  0.0000000E+00
 0.1648094E+01  0.2203364E+01  0.0000000E+00
 0.1659824E+01  0.2155841E+01  0.0000000E+00
 0.1671554E+01  0.2109266E+01  0.0000000E+00
 0.1683284E+01  0.2063622E+01  0.0000000E+00
 0.1695015E+01  0.2018894E+01  0.0000000E+00
 0.1706745E+01  0.1975066E+01  0.0000000E+00
 0.1718475E+01  0.1932125E+01  0.0000000E+00
 0.1730205E+01  0.1890054E+01  0.0000000E+00
 0.1741935E+01  0.1848840E+01  0.0000000E+00
 0.1753666E+01  0.1808466E+01  0.0000000E+00
 0.1765396E+01  0.1768919E+01  0.0000000E+00
 0.1777126E+01  0.1730185E+01  0.0000000E+00
 0.1788856E+01  0.1692248E+01  0.0000000E+00
 0.1800587E+01  0.1655095E+01  0.0000000E+00
 0.1812317E+01  0.1618711E+01  0.0000000E+00
 0.1824047E+01  0.1583083E+01  0.0000000E+00
 0.1835777E+01  0.1548197E+01  0.0000000E+00
 0.1847507E+01  0.1514040E+01  0.0000000E+00
 0.1859238E+01  0.1480598E+01  0.0000000E+00
 0.1870968E+01  0.1447857E+01  0.0000000E+00
 0.1882698E+01  0.1415805E+01  0.0000000E+00
 0.1894428E+01  0.1384429E+01  0.0000000E+00
 0.1906158E+01  0.1353716E+01  0.0000000E+00
 0.1917889E+01  0.1323654E+01  0.0000000E+00
 0.1929619E+01  0.1294230E+01  0.0000000E+00
 0.1941349E+01  0.1265432E+01  0.0000000E+00
 0.1953079E+01  0.1237247E+01  0.0000000E+00
 0.1964809E+01  0.1209665E+01  0.0000000E+00
 0.1976540E+01  0.1182673E+01  0.0000000E+00
 0.1988270E+01  0.1156259E+01  0.0000000E+00
 0.2000000E+01  0.1130413E+01  0.0000000E+00
 0.2011730E+01  0.1105124E+01  0.0000000E+00
 0.2023460E+01  0.1080379E+01  0.0000000E+00
 0.2035191E+01  0.1056169E+01  0.0000000E+00
 0.2046921E+01  0.1032483E+01  0.0000000E+00
 0.2058651E+01  0.1009310E+01  0.0000000E+00
 0.2070381E+01  0.9866397E+00  0.0000000E+00
 0.2082111E+01  0.9644625E+00  0.0000000E+00
 0.2093842E+01  0.9427682E+00  0.0000000E+00
 0.2105572E+01  0.9215469E+00  0.0000000E+00
 0.2117302E+01  0.9007890E+00  0.0000000E+00
 0.2129032E+01  0.8804850E+00  0.0000000E+00
 0.2140762E+01  0.8606256E+00  0.0000000E+00
 0.2152493E+01  0.8412017E+00  0.0000000E+00
 0.2164223E+01  0.8222044E+00  0.0000000E+00
 0.2175953E+01  0.8036246E+00  0.0000000E+00
 0.2187683E+01  0.7854539E+00  0.0000000E+00
 0.2199413E+01  0.7676837E+00  0.0000000E+00
 0.2211144E+01  0.7503055E+00  0.0000000E+00
 0.2222874E+01  0.7333114E+00  0.0000000E+00
 0.2234604E+01  0.7166930E+00  0.0000000E+00
 0.2246334E+01  0.7004427E+00  0.0000000E+00
 0.2258065E+01  0.6845526E+00  0.0000000E+00
 0.2269795E+01  0.6690150E+00  0.0000000E+00
 0.2281525E+01  0.6538227E+00  0.0000000E+00
 0.2293255E+01  0.6389681E+00  0.0000000E+00
 0.2304985E+01  0.6244441E+00  0.0000000E+00
 0.2316716E+01  0.6102438E+00  0.0000000E+00
 0.2328446E+01  0.5963601E+00  0.0000000E+00
 0.2340176E+01  0.5827862E+00  0.0000000E+00
 0.2351906E+01  0.5695157E+00  0.0000000E+00
 0.2363636E+01  0.5565418E+00  0.0000000E+00
 0.2375367E+01  0.5438584E+00  0.0000000E+00
 0.2387097E+01  0.5314589E+00  0.0000000E+00
 0.2398827E+01  0.5193375E+00  0.0000000E+00
 0.2410557E+01  0.5074880E+00  0.0000000E+00
 0.2422287E+01  0.4959045E+00  0.0000000E+00
 0.2434018E+01  0.4845812E+00  0.0000000E+00
 0.2445748E+01  0.4735126E+00  0.0000000E+00
 0.2457478E+01  0.4626930E+00  0.0000000E+00
 0.2469208E+01  0.4521171E+00  0.0000000E+00
 0.2480938E+01  0.4417794E+00  0.0000000E+00
 0.2492669E+01  0.4316749E+00  0.0000000E+00
 0.2504399E+01  0.4217983E+00  0.0000000E+00
 0.2516129E+01  0.4121447E+00  0.0000000E+00
 0.2527859E+01  0.4027092E+00  0.0000000E+00
 0.2539589E+01  0.3934870E+00  0.0000000E+00
 0.2551320E+01  0.3844734E+00  0.0000000E+00
 0.2563050E+01  0.3756637E+00  0.0000000E+00
 0.2574780E+01  0.3670536E+00  0.0000000E+00
 0.2586510E+01  0.3586385E+00  0.0000000E+00
 0.2598240E+01  0.3504142E+00  0.0000000E+00
 0.2609971E+01  0.3423764E+00  0.0000000E+00
 0.2621701E+01  0.3345211E+00  0.0000000E+00
 0.2633431E+01  0.3268441E+00  0.0000000E+00
 0.2645161E+01  0.3193414E+00  0.0000000E+00
 0.2656891E+01  0.3120093E+00  0.0000000E+00
 0.2668622E+01  0.3048439E+00  0.0000000E+00
 0.2680352E+01  0.2978415E+00  0.0000000E+00
 0.2692082E+01  0.2909984E+00  0.0000000E+00
 0.2703812E+01  0.2843111E+00  0.0000000E+00
 0.2715543E+01  0.2777762E+00  0.0000000E+00
 0.2727273E+01  0.2713902E+00  0.0000000E+00
 0.2739003E+01  0.2651497E+00  0.0000000E+00
 0.2750733E+01  0.2590516E+00  0.0000000E+00
 0.2762463E+01  0.2530925E+00  0.0000000E+00
 0.2774194E+01  0.2472695E+00  0.0000000E+00
 0.2785924E+01  0.2415794E+00  0.0000000E+00
 0.2797654E+01  0.2360193E+00  0.0000000E+00
 0.2809384E+01  0.2305862E+00  0.0000000E+00
 0.2821114E+01  0.2252773E+00  0.0000000E+00
 0.2832845E+01  0.2200898E+00  0.0000000E+00
 0.2844575E+01  0.2150209E+00  0.0000000E+00
 0.2856305E+01  0.2100680E+00  0.0000000E+00
 0.2868035E+01  0.2052284E+00  0.0000000E+00
 0.2879765E+01  0.2004996E+00  0.0000000E+00
 0.2891496E+01  0.1958791E+00  0.0000000E+00
 0.2903226E+01  0.1913644E+00  0.0000000E+00
 0.2914956E+01  0.1869532E+00  0.0000000E+00
 0.2926686E+01  0.1826431E+00  0.0000000E+00
 0.2938416E+01  0.1784317E+00  0.0000000E+00
 0.2950147E+01  0.1743170E+00  0.0000000E+00
 0.2961877E+01  0.1702966E+00  0.0000000E+00
 0.2973607E+01  0.1663684E+00  0.0000000E+00
 0.2985337E+01  0.1625304E+00  0.0000000E+00
 0.2997067E+01  0.1587805E+00  0.0000000E+00
 0.3008798E+01  0.1551167E+00  0.0000000E+00
 0.3020528E+01  0.1515371E+00  0.0000000E+00
 0.3032258E+01  0.1480396E+00  0.0000000E+00
 0.3043988E+01  0.1446225E+00  0.0000000E+00
 0.3055718E+01  0.1412839E+00  0.0000000E+00
 0.3067449E+01  0.1380221E+00  0.0000000E+00
 0.3079179E+01  0.1348352E+00  0.0000000E+00
 0.3090909E+01  0.1317217E+00  0.0000000E+00
 0.3102639E+01  0.1286797E+00  0.0000000E+00
 0.3114370E+01  0.1257077E+00  0.0000000E+00
 0.3126100E+01  0.1228041E+00  0.0000000E+00
 0.3137830E+01  0.1199673E+00  0.0000000E+00
 0.3149560E+01  0.1171958E+00  0.0000000E+00
 0.3161290E+01  0.1144880E+00  0.0000000E+00
 0.3173021E+01  0.1118427E+00  0.0000000E+00
 0.3184751E+01  0.1092582E+00  0.0000000E+00
 0.3196481E+01  0.1067332E+00  0.0000000E+00
 0.3208211E+01  0.1042665E+00  0.0000000E+00
 0.3219941E+01  0.1018565E+00  0.0000000E+00
 0.3231672E+01  0.9950208E-01  0.0000000E+00
 0.3243402E+01  0.9720191E-01  0.0000000E+00
 0.3255132E+01  0.9495475E-01  0.0000000E+00
 0.3266862E+01  0.9275939E-01  0.0000000E+00
 0.3278592E+01  0.9061465E-01  0.0000000E+00
 0.3290323E+01  0.8851935E-01  0.0000000E+00
 0.3302053E+01  0.8647238E-01  0.0000000E+00
 0.3313783E+01  0.8447261E-01  0.0000000E+00
 0.3325513E+01  0.8251897E-01  0.0000000E+00
 0.3337243E+01  0.8061040E-01  0.0000000E+00
 0.3348974E+01  0.7874587E-01  0.0000000E+00
 0.3360704E+01  0.7692435E-01  0.0000000E+00
 0.3372434E+01  0.7514487E-01  0.0000000E+00
 0.3384164E+01  0.7340646E-01  0.0000000E+00
 0.3395894E+01  0.7170818E-01  0.0000000E+00
 0.3407625E+01  0.7004910E-01  0.0000000E+00
 0.3419355E+01  0.6842833E-01  0.0000000E+00
 0.3431085E+01  0.6684497E-01  0.0000000E+00
 0.3442815E+01  0.6529818E-01  0.0000000E+00
 0.3454545E+01  0.6378711E-01  0.0000000E+00
 0.3466276E+01  0.6231094E-01  0.0000000E+00
 0.3478006E+01  0.6086886E-01  0.0000000E+00
 0.3489736E+01  0.5946010E-01  0.0000000E+00
 0.3501466E+01  0.5808388E-01  0.0000000E+00
 0.3513196E+01  0.5673946E-01  0.0000000E+00
 0.3524927E+01  0.5542610E-01  0.0000000E+00
 0.3536657E+01  0.5414310E-01  0.0000000E+00
 0.3548387E+01  0.5288974E-01  0.0000000E+00
 0.3560117E+01  0.5166535E-01  0.0000000E+00
 0.3571848E+01  0.5046925E-01  0.0000000E+00
 0.3583578E+01  0.4930081E-01  0.0000000E+00
 0.3595308E+01  0.4815938E-01  0.0000000E+00
 0.3607038E+01  0.4704433E-01  0.0000000E+00
 0.3618768E+01  0.4595506E-01  0.0000000E+00
 0.3630499E+01  0.4489098E-01  0.0000000E+00
 0.3642229E+01  0.4385151E-01  0.0000000E+00
 0.3653959E+01  0.4283607E-01  0.0000000E+00
 0.3665689E+01  0.4184411E-01  0.0000000E+00
 0.3677419E+01  0.4087510E-01  0.0000000E+00
 0.3689150E+01  0.3992850E-01  0.0000000E+00
 0.3700880E+01  0.3900379E-01  0.0000000E+00
 0.3712610E+01  0.3810047E-01  0.0000000E+00
 0.3724340E+01  0.3721805E-01  0.0000000E+00
 0.3736070E+01  0.3635605E-01  0.0000000E+00
 0.3747801E+01  0.3551398E-01  0.0000000E+00
 0.3759531E+01  0.3469140E-01  0.0000000E+00
 0.3771261E+01  0.3388785E-01  0.0000000E+00
 0.3782991E+01  0.3310289E-01  0.0000000E+00
 0.3794721E+01  0.3233610E-01  0.0000000E+00
 0.3806452E+01  0.3158705E-01  0.0000000E+00
 0.3818182E+01  0.3085534E-01  0.0000000E+00
 0.3829912E+01  0.3014056E-01  0.0000000E+00
 0.3841642E+01  0.2944232E-01  0.0000000E+00
 0.3853372E+01  0.2876025E-01  0.0000000E+00
 0.3865103E+01  0.2809396E-01  0.0000000E+00
 0.3876833E+01  0.2744309E-01  0.0000000E+00
 0.3888563E+01  0.2680729E-01  0.0000000E+00
 0.3900293E+01  0.2618621E-01  0.0000000E+00
 0.3912023E+01  0.2557951E-01  0.0000000E+00
 0.3923754E+01  0.2498685E-01  0.0000000E+00
 0.3935484E+01  0.2440791E-01  0.0000000E+00
 0.3947214E+01  0.2384238E-01  0.0000000E+00
 0.3958944E+01  0.2328994E-01  0.0000000E+00
 0.3970674E+01  0.2275029E-01  0.0000000E+00
 0.3982405E+01  0.2222314E-01  0.0000000E+00
 0.3994135E+01  0.2170820E-01  0.0000000E+00
 0.4005865E+01  0.2120517E-01  0.0000000E+00
 0.4017595E+01  0.2071380E-01  0.0000000E+00
 0.4029326E+01  0.2023381E-01  0.0000000E+00
 0.4041056E+01  0.1976493E-01  0.0000000E+00
 0.4052786E+01  0.1930691E-01  0.0000000E+00
 0.4064516E+01  0.1885949E-01  0.0000000E+00
 0.4076246E+01  0.1842244E-01  0.0000000E+00
 0.4087977E+01  0.1799552E-01  0.0000000E+00
 0.4099707E+01  0.1757848E-01  0.0000000E+00
 0.4111437E+01  0.1717110E-01  0.0000000E+00
 0.4123167E+01  0.1677315E-01  0.0000000E+00
 0.4134897E+01  0.1638443E-01  0.0000000E+00
 0.4146628E+01  0.1600471E-01  0.0000000E+00
 0.4158358E+01  0.1563378E-01  0.0000000E+00
 0.4170088E+01  0.1527145E-01  0.0000000E+00
 0.4181818E+01  0.1491751E-01  0.0000000E+00
 0.4193548E+01  0.1457177E-01  0.0000000E+00
 0.4205279E+01  0.1423404E-01  0.0000000E+00
 0.4217009E+01  0.1390413E-01  0.0000000E+00
 0.4228739E+01  0.1358187E-01  0.0000000E+00
 0.4240469E+01  0.1326707E-01  0.0000000E+00
 0.4252199E+01  0.1295957E-01  0.0000000E+00
 0.4263930E+01  0.1265919E-01  0.0000000E+00
 0.4275660E+01  0.1236577E-01  0.0000000E+00
 0.4287390E+01  0.1207915E-01  0.0000000E+00
 0.4299120E+01  0.1179917E-01  0.0000000E+00
 0.4310850E+01  0.1152568E-01  0.0000000E+00
 0.4322581E+01  0.1125852E-01  0.0000000E+00
 0.4334311E+01  0.1099755E-01  0.0000000E+00
 0.4346041E+01  0.1074264E-01  0.0000000E+00
 0.4357771E+01  0.1049362E-01  0.0000000E+00
 0.4369501E+01  0.1025038E-01  0.0000000E+00
 0.4381232E+01  0.1001278E-01  0.0000000E+00
 0.4392962E+01  0.9780679E-02  0.0000000E+00
 0.4404692E+01  0.9553958E-02  0.0000000E+00
 0.4416422E+01  0.9332492E-02  0.0000000E+00
 0.4428152E+01  0.9116158E-02  0.0000000E+00
 0.4439883E+01  0.8904837E-02  0.0000000E+00
 0.4451613E+01  0.8698414E-02  0.0000000E+00
 0.4463343E+01  0.8496774E-02  0.0000000E+00
 0.4475073E+01  0.8299807E-02  0.0000000E+00
 0.4486804E+01  0.8107406E-02  0.0000000E+00
 0.4498534E+01  0.7919463E-02  0.0000000E+00
 0.4510264E+01  0.7735876E-02  0.0000000E+00
 0.4521994E+01  0.7556544E-02  0.0000000E+00
 0.4533724E+01  0.7381368E-02  0.0000000E+00
 0.4545455E+01  0.7210252E-02  0.0000000E+00
 0.4557185E+01  0.7043102E-02  0.0000000E+00
 0.4568915E+01  0.6879826E-02  0.0000000E+00
 0.4580645E+01  0.6720335E-02  0.0000000E+00
 0.4592375E+01  0.6564540E-02  0.0000000E+00
 0.4604106E+01  0.6412356E-02  0.0000000E+00
 0.4615836E+01  0.6263700E-02  0.0000000E+00
 0.4627566E+01  0.6118489E-02  0.0000000E+00
 0.4639296E+01  0.5976644E-02  0.0000000E+00
 0.4651026E+01  0.5838087E-02  0.0000000E+00
 0.4662757E+01  0.5702741E-02  0.0000000E+00
 0.4674487E+01  0.5570533E-02  0.0000000E+00
 0.4686217E+01  0.5441389E-02  0.0000000E+00
 0.4697947E+01  0.5315238E-02  0.0000000E+00
 0.4709677E+01  0.5192012E-02  0.0000000E+00
 0.4721408E+01  0.5071642E-02  0.0000000E+00
 0.4733138E+01  0.4954062E-02  0.0000000E+00
 0.4744868E+01  0.4839208E-02  0.0000000E+00
 0.4756598E+01  0.4727016E-02  0.0000000E+00
 0.4768328E+01  0.4617425E-02  0.0000000E+00
 0.4780059E+01  0.4510374E-02  0.0000000E+00
 0.4791789E+01  0.4405805E-02  0.0000000E+00
 0.4803519E+01  0.4303660E-02  0.0000000E+00
 0.4815249E+01  0.4203882E-02  0.0000000E+00
 0.4826979E+01  0.4106418E-02  0.0000000E+00
 0.4838710E+01  0.4011213E-02  0.0000000E+00
 0.4850440E+01  0.3918215E-02  0.0000000E+00
 0.4862170E+01  0.3827373E-02  0.0000000E+00
 0.4873900E+01  0.3738636E-02  0.0000000E+00
 0.4885630E+01  0.3651957E-02  0.0000000E+00
 0.4897361E+01  0.3567287E-02  0.0000000E+00
 0.4909091E+01  0.3484580E-02  0.0000000E+00
 0.4920821E+01  0.3403791E-02  0.0000000E+00
 0.4932551E+01  0.3324874E-02  0.0000000E+00
 0.4944282E+01  0.3247787E-02  0.0000000E+00
 0.4956012E+01  0.3172487E-02  0.0000000E+00
 0.4967742E+01  0.3098932E-02  0.0000000E+00
 0.4979472E+01  0.3027083E-02  0.0000000E+00
 0.4991202E+01  0.2956900E-02  0.0000000E+00
 0.5002933E+01  0.2888343E-02  0.0000000E+00
 0.5014663E+01  0.2821376E-02  0.0000000E+00
 0.5026393E+01  0.2755961E-02  0.0000000E+00
 0.5038123E+01  0.2692063E-02  0.0000000E+00
 0.5049853E+01  0.2629647E-02  0.0000000E+00
 0.5061584E+01  0.2568677E-02  0.0000000E+00
 0.5073314E+01  0.2509121E-02  0.0000000E+00
 0.5085044E+01  0.2450945E-02  0.0000000E+00
 0.5096774E+01  0.2394119E-02  0.0000000E+00
 0.5108504E+01  0.2338609E-02  0.0000000E+00
 0.5120235E+01  0.2284387E-02  0.0000000E+00
 0.5131965E+01  0.2231422E-02  0.0000000E+00
 0.5143695E+01  0.2179685E-02  0.0000000E+00
 0.5155425E+01  0.2129147E-02  0.0000000E+00
 0.5167155E+01  0.2079781E-02  0.0000000E+00
 0.5178886E+01  0.2031559E-02  0.0000000E+00
 0.5190616E+01  0.1984456E-02  0.0000000E+00
 0.5202346E+01  0.1938444E-02  0.0000000E+00
 0.5214076E+01  0.1893499E-02  0.0000000E+00
 0.5225806E+01  0.1849597E-02  0.0000000E+00
 0.5237537E+01  0.1806712E-02  0.0000000E+00
 0.5249267E+01  0.1764821E-02  0.0000000E+00
 0.5260997E+01  0.1723902E-02  0.0000000E+00
 0.5272727E+01  0.1683931E-02  0.0000000E+00
 0.5284457E+01  0.1644888E-02  0.0000000E+00
 0.5296188E+01  0.1606749E-02  0.0000000E+00
 0.5307918E+01  0.1569494E-02  0.0000000E+00
 0.5319648E+01  0.1533104E-02  0.0000000E+00
 0.5331378E+01  0.1497557E-02  0.0000000E+00
 0.5343109E+01  0.1462834E-02  0.0000000E+00
 0.5354839E+01  0.1428916E-02  0.0000000E+00
 0.5366569E+01  0.1395785E-02  0.0000000E+00
 0.5378299E+01  0.1363422E-02  0.0000000E+00
 0.5390029E+01  0.1331809E-02  0.0000000E+00
 0.5401760E+01  0.1300929E-02  0.0000000E+00
 0.5413490E+01  0.1270765E-02  0.0000000E+00
 0.5425220E+01  0.1241301E-02  0.0000000E+00
 0.5436950E+01  0.1212519E-02  0.0000000E+00
 0.5448680E+01  0.1184405E-02  0.0000000E+00
 0.5460411E+01  0.1156943E-02  0.0000000E+00
 0.5472141E+01  0.1130117E-02  0.0000000E+00
 0.5483871E+01  0.1103914E-02  0.0000000E+00
 0.5495601E+01  0.1078318E-02  0.0000000E+00
 0.5507331E+01  0.1053315E-02  0.0000000E+00
 0.5519062E+01  0.1028893E-02  0.0000000E+00
 0.5530792E+01  0.1005036E-02  0.0000000E+00
 0.5542522E+01  0.9817326E-03  0.0000000E+00
 0.5554252E+01  0.9589695E-03  0.0000000E+00
 0.5565982E+01  0.9367342E-03  0.0000000E+00
 0.5577713E+01  0.9150144E-03  0.0000000E+00
 0.5589443E+01  0.8937983E-03  0.0000000E+00
 0.5601173E+01  0.8730740E-03  0.0000000E+00
 0.5612903E+01  0.8528303E-03  0.0000000E+00
 0.5624633E+01  0.8330559E-03  0.0000000E+00
 0.5636364E+01  0.8137400E-03  0.0000000E+00
 0.5648094E+01  0.7948720E-03  0.0000000E+00
 0.5659824E+01  0.7764415E-03  0.0000000E+00
 0.5671554E+01  0.7584383E-03  0.0000000E+00
 0.5683284E+01  0.7408525E-03  0.0000000E+00
 0.5695015E+01  0.7236745E-03  0.0000000E+00
 0.5706745E+01  0.7068948E-03  0.0000000E+00
 0.5718475E+01  0.6905041E-03  0.0000000E+00
 0.5730205E+01  0.6744935E-03  0.0000000E+00
 0.5741935E+01  0.6588541E-03  0.0000000E+00
 0.5753666E+01  0.6435773E-03  0.0000000E+00
 0.5765396E+01  0.6286547E-03  0.0000000E+00
 0.5777126E+01  0.6140782E-03  0.0000000E+00
 0.5788856E+01  0.5998396E-03  0.0000000E+00
 0.5800587E+01  0.5859312E-03  0.0000000E+00
 0.5812317E+01  0.5723452E-03  0.0000000E+00
 0.5824047E+01  0.5590743E-03  0.0000000E+00
 0.5835777E+01  0.5461110E-03  0.0000000E+00
 0.5847507E+01  0.5334484E-03  0.0000000E+00
 0.5859238E+01  0.5210793E-03  0.0000000E+00
 0.5870968E+01  0.5089971E-03  0.0000000E+00
 0.5882698E+01  0.4971950E-03  0.0000000E+00
 0.5894428E+01  0.4856665E-03  0.0000000E+00
 0.5906158E+01  0.4744053E-03  0.0000000E+00
 0.5917889E+01  0.4634053E-03  0.0000000E+00
 0.5929619E+01  0.4526603E-03  0.0000000E+00
 0.5941349E+01  0.4421645E-03  0.0000000E+00
 0.5953079E+01  0.4319120E-03  0.0000000E+00
 0.5964809E+01  0.4218972E-03  0.0000000E+00
 0.5976540E+01  0.4121146E-03  0.0000000E+00
 0.5988270E+01  0.4025589E-03  0.0000000E+00
 0.6000000E+01  0.3932248E-03  0.0000000E+00
