 0.0000000E+00  0.9999996E+00  0.1486720E-05  0.9999996E+00  0.1930454E-02  0.2034448E-03 -0.2499998E+01
 0.5000000E-02  0.9999995E+00  0.1486879E-05  0.9999743E+00  0.1930152E-02  0.2035387E-03 -0.2500007E+01
 0.1000000E-01  0.9999993E+00  0.1487369E-05  0.9998988E+00  0.1929029E-02  0.2036706E-03 -0.2500060E+01
 0.1500000E-01  0.9999991E+00  0.1488499E-05  0.9997730E+00  0.1927113E-02  0.2038653E-03 -0.2500155E+01
 0.2000000E-01  0.9999989E+00  0.1489348E-05  0.9995973E+00  0.1924406E-02  0.2041207E-03 -0.2500293E+01
 0.2500000E-01  0.9999987E+00  0.1490273E-05  0.9993719E+00  0.1920912E-02  0.2044363E-03 -0.2500473E+01
 0.3000000E-01  0.9999985E+00  0.1491540E-05  0.9990971E+00  0.1916631E-02  0.2048009E-03 -0.2500696E+01
 0.3500000E-01  0.9999983E+00  0.1493185E-05  0.9987733E+00  0.1911565E-02  0.2052668E-03 -0.2500962E+01
 0.4000000E-01  0.9999982E+00  0.1494853E-05  0.9984011E+00  0.1905717E-02  0.2057202E-03 -0.2501270E+01
 0.4500000E-01  0.9999980E+00  0.1496776E-05  0.9979809E+00  0.1899089E-02  0.2062507E-03 -0.2501620E+01
 0.5000000E-01  0.9999978E+00  0.1499024E-05  0.9975134E+00  0.1891685E-02  0.2067997E-03 -0.2502013E+01
 0.5500000E-01  0.9999976E+00  0.1501665E-05  0.9969993E+00  0.1883507E-02  0.2074401E-03 -0.2502449E+01
 0.6000000E-01  0.9999974E+00  0.1504823E-05  0.9964393E+00  0.1874558E-02  0.2080628E-03 -0.2502926E+01
 0.6500000E-01  0.9999973E+00  0.1508322E-05  0.9958343E+00  0.1864844E-02  0.2087277E-03 -0.2503446E+01
 0.7000000E-01  0.9999971E+00  0.1512277E-05  0.9951850E+00  0.1854368E-02  0.2094242E-03 -0.2504009E+01
 0.7500000E-01  0.9999969E+00  0.1516840E-05  0.9944925E+00  0.1843136E-02  0.2100273E-03 -0.2504613E+01
 0.8000000E-01  0.9999967E+00  0.1522095E-05  0.9937577E+00  0.1831154E-02  0.2107775E-03 -0.2505260E+01
 0.8500000E-01  0.9999966E+00  0.1527943E-05  0.9929817E+00  0.1818426E-02  0.2114294E-03 -0.2505948E+01
 0.9000000E-01  0.9999964E+00  0.1534544E-05  0.9921655E+00  0.1804962E-02  0.2121445E-03 -0.2506679E+01
 0.9500000E-01  0.9999962E+00  0.1541995E-05  0.9913102E+00  0.1790765E-02  0.2127505E-03 -0.2507451E+01
 0.1000000E+00  0.9999961E+00  0.1550399E-05  0.9904171E+00  0.1775846E-02  0.2133726E-03 -0.2508265E+01
 0.1050000E+00  0.9999959E+00  0.1559895E-05  0.9894872E+00  0.1760214E-02  0.2139500E-03 -0.2509121E+01
 0.1100000E+00  0.9999957E+00  0.1570455E-05  0.9885218E+00  0.1743876E-02  0.2146527E-03 -0.2510019E+01
 0.1150000E+00  0.9999955E+00  0.1582216E-05  0.9875222E+00  0.1726842E-02  0.2152515E-03 -0.2510957E+01
 0.1200000E+00  0.9999954E+00  0.1595344E-05  0.9864897E+00  0.1709124E-02  0.2157815E-03 -0.2511938E+01
 0.1250000E+00  0.9999952E+00  0.1609970E-05  0.9854255E+00  0.1690732E-02  0.2162812E-03 -0.2512959E+01
 0.1300000E+00  0.9999950E+00  0.1626115E-05  0.9843309E+00  0.1671680E-02  0.2166930E-03 -0.2514022E+01
 0.1350000E+00  0.9999949E+00  0.1643963E-05  0.9832073E+00  0.1651978E-02  0.2169608E-03 -0.2515125E+01
 0.1400000E+00  0.9999947E+00  0.1663667E-05  0.9820561E+00  0.1631642E-02  0.2173281E-03 -0.2516270E+01
 0.1450000E+00  0.9999945E+00  0.1685387E-05  0.9808785E+00  0.1610687E-02  0.2178553E-03 -0.2517455E+01
 0.1500000E+00  0.9999944E+00  0.1709311E-05  0.9796760E+00  0.1589126E-02  0.2179994E-03 -0.2518681E+01
 0.1550000E+00  0.9999942E+00  0.1735518E-05  0.9784498E+00  0.1566975E-02  0.2182135E-03 -0.2519947E+01
 0.1600000E+00  0.9999940E+00  0.1764206E-05  0.9772012E+00  0.1544253E-02  0.2185588E-03 -0.2521254E+01
 0.1650000E+00  0.9999939E+00  0.1795597E-05  0.9759317E+00  0.1520977E-02  0.2184804E-03 -0.2522601E+01
 0.1700000E+00  0.9999937E+00  0.1829893E-05  0.9746425E+00  0.1497164E-02  0.2188493E-03 -0.2523987E+01
 0.1750000E+00  0.9999935E+00  0.1867221E-05  0.9733350E+00  0.1472836E-02  0.2186578E-03 -0.2525414E+01
 0.1800000E+00  0.9999934E+00  0.1907834E-05  0.9720103E+00  0.1448008E-02  0.2188910E-03 -0.2526880E+01
 0.1850000E+00  0.9999932E+00  0.1951963E-05  0.9706698E+00  0.1422708E-02  0.2187506E-03 -0.2528386E+01
 0.1900000E+00  0.9999930E+00  0.1999854E-05  0.9693146E+00  0.1396956E-02  0.2186604E-03 -0.2529931E+01
 0.1950000E+00  0.9999929E+00  0.2051774E-05  0.9679461E+00  0.1370769E-02  0.2187615E-03 -0.2531516E+01
 0.2000000E+00  0.9999927E+00  0.2107915E-05  0.9665653E+00  0.1344181E-02  0.2183227E-03 -0.2533139E+01
 0.2050000E+00  0.9999925E+00  0.2168564E-05  0.9651734E+00  0.1317204E-02  0.2183345E-03 -0.2534801E+01
 0.2100000E+00  0.9999924E+00  0.2234030E-05  0.9637715E+00  0.1289875E-02  0.2182924E-03 -0.2536502E+01
 0.2150000E+00  0.9999922E+00  0.2304611E-05  0.9623607E+00  0.1262215E-02  0.2177495E-03 -0.2538241E+01
 0.2200000E+00  0.9999920E+00  0.2380552E-05  0.9609419E+00  0.1234248E-02  0.2175840E-03 -0.2540019E+01
 0.2250000E+00  0.9999919E+00  0.2462197E-05  0.9595162E+00  0.1206006E-02  0.2176004E-03 -0.2541834E+01
 0.2300000E+00  0.9999917E+00  0.2549882E-05  0.9580845E+00  0.1177516E-02  0.2171170E-03 -0.2543687E+01
 0.2350000E+00  0.9999915E+00  0.2643952E-05  0.9566477E+00  0.1148809E-02  0.2166154E-03 -0.2545578E+01
 0.2400000E+00  0.9999914E+00  0.2744774E-05  0.9552067E+00  0.1119915E-02  0.2164955E-03 -0.2547506E+01
 0.2450000E+00  0.9999912E+00  0.2852658E-05  0.9537623E+00  0.1090863E-02  0.2163538E-03 -0.2549472E+01
 0.2500000E+00  0.9999910E+00  0.2967992E-05  0.9523151E+00  0.1061688E-02  0.2158646E-03 -0.2551474E+01
 0.2550000E+00  0.9999909E+00  0.3091183E-05  0.9508660E+00  0.1032423E-02  0.2152825E-03 -0.2553513E+01
 0.2600000E+00  0.9999907E+00  0.3222626E-05  0.9494156E+00  0.1003101E-02  0.2149379E-03 -0.2555589E+01
 0.2650000E+00  0.9999906E+00  0.3362679E-05  0.9479645E+00  0.9737582E-03  0.2148598E-03 -0.2557701E+01
 0.2700000E+00  0.9999904E+00  0.3511775E-05  0.9465133E+00  0.9444256E-03  0.2146233E-03 -0.2559849E+01
 0.2750000E+00  0.9999902E+00  0.3670341E-05  0.9450625E+00  0.9151430E-03  0.2141002E-03 -0.2562033E+01
 0.2800000E+00  0.9999901E+00  0.3838811E-05  0.9436125E+00  0.8859554E-03  0.2135131E-03 -0.2564252E+01
 0.2850000E+00  0.9999899E+00  0.4017630E-05  0.9421639E+00  0.8568991E-03  0.2131413E-03 -0.2566507E+01
 0.2900000E+00  0.9999897E+00  0.4207195E-05  0.9407170E+00  0.8280082E-03  0.2128825E-03 -0.2568798E+01
 0.2950000E+00  0.9999896E+00  0.4407962E-05  0.9392720E+00  0.7993309E-03  0.2128109E-03 -0.2571122E+01
 0.3000000E+00  0.9999894E+00  0.4620397E-05  0.9378294E+00  0.7709188E-03  0.2125021E-03 -0.2573482E+01
 0.3050000E+00  0.9999892E+00  0.4844947E-05  0.9363894E+00  0.7428027E-03  0.2121239E-03 -0.2575876E+01
 0.3100000E+00  0.9999891E+00  0.5082025E-05  0.9349522E+00  0.7150470E-03  0.2116338E-03 -0.2578304E+01
 0.3150000E+00  0.9999889E+00  0.5332097E-05  0.9335179E+00  0.6876930E-03  0.2111376E-03 -0.2580767E+01
 0.3200000E+00  0.9999888E+00  0.5595611E-05  0.9320866E+00  0.6607942E-03  0.2109101E-03 -0.2583262E+01
 0.3250000E+00  0.9999886E+00  0.5873016E-05  0.9306586E+00  0.6344183E-03  0.2107918E-03 -0.2585792E+01
 0.3300000E+00  0.9999884E+00  0.6164754E-05  0.9292338E+00  0.6086066E-03  0.2107074E-03 -0.2588354E+01
 0.3350000E+00  0.9999883E+00  0.6471218E-05  0.9278123E+00  0.5834435E-03  0.2105441E-03 -0.2590949E+01
 0.3400000E+00  0.9999881E+00  0.6792835E-05  0.9263940E+00  0.5589753E-03  0.2103267E-03 -0.2593577E+01
 0.3450000E+00  0.9999880E+00  0.7130028E-05  0.9249789E+00  0.5352946E-03  0.2100042E-03 -0.2596238E+01
 0.3500000E+00  0.9999878E+00  0.7483189E-05  0.9235670E+00  0.5124574E-03  0.2096592E-03 -0.2598930E+01
 0.3550000E+00  0.9999876E+00  0.7852664E-05  0.9221582E+00  0.4905604E-03  0.2093466E-03 -0.2601655E+01
 0.3600000E+00  0.9999875E+00  0.8238830E-05  0.9207524E+00  0.4696752E-03  0.2091366E-03 -0.2604411E+01
 0.3650000E+00  0.9999873E+00  0.8642031E-05  0.9193493E+00  0.4498981E-03  0.2090122E-03 -0.2607199E+01
 0.3700000E+00  0.9999872E+00  0.9062594E-05  0.9179490E+00  0.4313215E-03  0.2089956E-03 -0.2610017E+01
 0.3750000E+00  0.9999870E+00  0.9500822E-05  0.9165512E+00  0.4140226E-03  0.2090044E-03 -0.2612867E+01
 0.3800000E+00  0.9999868E+00  0.9956958E-05  0.9151558E+00  0.3981173E-03  0.2090520E-03 -0.2615747E+01
 0.3850000E+00  0.9999867E+00  0.1043125E-04  0.9137625E+00  0.3836705E-03  0.2090834E-03 -0.2618658E+01
 0.3900000E+00  0.9999865E+00  0.1092394E-04  0.9123711E+00  0.3707736E-03  0.2090223E-03 -0.2621599E+01
 0.3950000E+00  0.9999864E+00  0.1143520E-04  0.9109814E+00  0.3594991E-03  0.2089528E-03 -0.2624569E+01
 0.4000000E+00  0.9999862E+00  0.1196516E-04  0.9095933E+00  0.3498818E-03  0.2087648E-03 -0.2627570E+01
 0.4050000E+00  0.9999861E+00  0.1251395E-04  0.9082064E+00  0.3419694E-03  0.2085870E-03 -0.2630599E+01
 0.4100000E+00  0.9999859E+00  0.1308166E-04  0.9068205E+00  0.3357675E-03  0.2084772E-03 -0.2633658E+01
 0.4150000E+00  0.9999857E+00  0.1366833E-04  0.9054355E+00  0.3312311E-03  0.2083765E-03 -0.2636746E+01
 0.4200000E+00  0.9999856E+00  0.1427398E-04  0.9040510E+00  0.3283316E-03  0.2083742E-03 -0.2639862E+01
 0.4250000E+00  0.9999854E+00  0.1489854E-04  0.9026669E+00  0.3269890E-03  0.2084020E-03 -0.2643007E+01
 0.4300000E+00  0.9999853E+00  0.1554195E-04  0.9012828E+00  0.3270792E-03  0.2084957E-03 -0.2646180E+01
 0.4350000E+00  0.9999851E+00  0.1620410E-04  0.8998987E+00  0.3284904E-03  0.2086973E-03 -0.2649380E+01
 0.4400000E+00  0.9999850E+00  0.1688482E-04  0.8985142E+00  0.3310940E-03  0.2088369E-03 -0.2652608E+01
 0.4450000E+00  0.9999848E+00  0.1758388E-04  0.8971291E+00  0.3347286E-03  0.2090286E-03 -0.2655864E+01
 0.4500000E+00  0.9999847E+00  0.1830103E-04  0.8957433E+00  0.3392402E-03  0.2091698E-03 -0.2659147E+01
 0.4550000E+00  0.9999845E+00  0.1903599E-04  0.8943566E+00  0.3444965E-03  0.2092924E-03 -0.2662457E+01
 0.4600000E+00  0.9999844E+00  0.1978841E-04  0.8929686E+00  0.3503510E-03  0.2094262E-03 -0.2665793E+01
 0.4650000E+00  0.9999842E+00  0.2055790E-04  0.8915794E+00  0.3566581E-03  0.2094499E-03 -0.2669157E+01
 0.4700000E+00  0.9999841E+00  0.2134399E-04  0.8901886E+00  0.3632987E-03  0.2095083E-03 -0.2672545E+01
 0.4750000E+00  0.9999839E+00  0.2214621E-04  0.8887962E+00  0.3701673E-03  0.2096155E-03 -0.2675960E+01
 0.4800000E+00  0.9999838E+00  0.2296404E-04  0.8874020E+00  0.3771612E-03  0.2095649E-03 -0.2679401E+01
 0.4850000E+00  0.9999836E+00  0.2379689E-04  0.8860058E+00  0.3841764E-03  0.2096343E-03 -0.2682868E+01
 0.4900000E+00  0.9999834E+00  0.2464412E-04  0.8846077E+00  0.3911331E-03  0.2096464E-03 -0.2686359E+01
 0.4950000E+00  0.9999833E+00  0.2550506E-04  0.8832073E+00  0.3979685E-03  0.2098164E-03 -0.2689875E+01
 0.5000000E+00  0.9999831E+00  0.2637902E-04  0.8818047E+00  0.4046194E-03  0.2098228E-03 -0.2693417E+01
 0.5050000E+00  0.9999830E+00  0.2726523E-04  0.8803998E+00  0.4110211E-03  0.2099885E-03 -0.2696983E+01
 0.5100000E+00  0.9999828E+00  0.2816290E-04  0.8789925E+00  0.4171197E-03  0.2101086E-03 -0.2700573E+01
 0.5150000E+00  0.9999827E+00  0.2907118E-04  0.8775828E+00  0.4228828E-03  0.2104324E-03 -0.2704187E+01
 0.5200000E+00  0.9999826E+00  0.2998918E-04  0.8761706E+00  0.4282787E-03  0.2105942E-03 -0.2707825E+01
 0.5250000E+00  0.9999824E+00  0.3091601E-04  0.8747558E+00  0.4332738E-03  0.2108201E-03 -0.2711488E+01
 0.5300000E+00  0.9999823E+00  0.3185071E-04  0.8733386E+00  0.4378302E-03  0.2110194E-03 -0.2715174E+01
 0.5350000E+00  0.9999821E+00  0.3279228E-04  0.8719188E+00  0.4419221E-03  0.2114003E-03 -0.2718882E+01
 0.5400000E+00  0.9999820E+00  0.3373972E-04  0.8704966E+00  0.4455387E-03  0.2117240E-03 -0.2722613E+01
 0.5450000E+00  0.9999818E+00  0.3469198E-04  0.8690718E+00  0.4486714E-03  0.2119797E-03 -0.2726368E+01
 0.5500000E+00  0.9999817E+00  0.3564799E-04  0.8676445E+00  0.4513038E-03  0.2122391E-03 -0.2730146E+01
 0.5550000E+00  0.9999815E+00  0.3660667E-04  0.8662149E+00  0.4534145E-03  0.2124773E-03 -0.2733947E+01
 0.5600000E+00  0.9999814E+00  0.3756687E-04  0.8647828E+00  0.4549929E-03  0.2128984E-03 -0.2737768E+01
 0.5650000E+00  0.9999812E+00  0.3852747E-04  0.8633485E+00  0.4560382E-03  0.2132098E-03 -0.2741612E+01
 0.5700000E+00  0.9999811E+00  0.3948732E-04  0.8619119E+00  0.4565546E-03  0.2134960E-03 -0.2745478E+01
 0.5750000E+00  0.9999809E+00  0.4044523E-04  0.8604731E+00  0.4565379E-03  0.2137378E-03 -0.2749367E+01
 0.5800000E+00  0.9999808E+00  0.4140003E-04  0.8590322E+00  0.4559795E-03  0.2139520E-03 -0.2753276E+01
 0.5850000E+00  0.9999806E+00  0.4235053E-04  0.8575894E+00  0.4548847E-03  0.2142854E-03 -0.2757207E+01
 0.5900000E+00  0.9999805E+00  0.4329552E-04  0.8561446E+00  0.4532424E-03  0.2146482E-03 -0.2761158E+01
 0.5950000E+00  0.9999804E+00  0.4423383E-04  0.8546980E+00  0.4510661E-03  0.2149648E-03 -0.2765130E+01
 0.6000000E+00  0.9999802E+00  0.4516425E-04  0.8532497E+00  0.4483651E-03  0.2153297E-03 -0.2769123E+01
 0.6050000E+00  0.9999801E+00  0.4608556E-04  0.8517997E+00  0.4451444E-03  0.2155654E-03 -0.2773138E+01
 0.6100000E+00  0.9999799E+00  0.4699659E-04  0.8503482E+00  0.4414072E-03  0.2159075E-03 -0.2777172E+01
 0.6150000E+00  0.9999798E+00  0.4789616E-04  0.8488953E+00  0.4371611E-03  0.2163259E-03 -0.2781227E+01
 0.6200000E+00  0.9999796E+00  0.4878309E-04  0.8474411E+00  0.4324037E-03  0.2167937E-03 -0.2785300E+01
 0.6250000E+00  0.9999795E+00  0.4965620E-04  0.8459857E+00  0.4271529E-03  0.2172823E-03 -0.2789394E+01
 0.6300000E+00  0.9999793E+00  0.5051438E-04  0.8445292E+00  0.4214161E-03  0.2177714E-03 -0.2793508E+01
 0.6350000E+00  0.9999792E+00  0.5135648E-04  0.8430717E+00  0.4152114E-03  0.2182308E-03 -0.2797641E+01
 0.6400000E+00  0.9999791E+00  0.5218143E-04  0.8416133E+00  0.4085498E-03  0.2186344E-03 -0.2801795E+01
 0.6450000E+00  0.9999789E+00  0.5298813E-04  0.8401541E+00  0.4014352E-03  0.2192374E-03 -0.2805966E+01
 0.6500000E+00  0.9999788E+00  0.5377552E-04  0.8386942E+00  0.3938895E-03  0.2198421E-03 -0.2810157E+01
 0.6550000E+00  0.9999786E+00  0.5454259E-04  0.8372337E+00  0.3859058E-03  0.2205568E-03 -0.2814365E+01
 0.6600000E+00  0.9999785E+00  0.5528835E-04  0.8357727E+00  0.3775144E-03  0.2213247E-03 -0.2818592E+01
 0.6650000E+00  0.9999783E+00  0.5601184E-04  0.8343112E+00  0.3687151E-03  0.2221060E-03 -0.2822838E+01
 0.6700000E+00  0.9999782E+00  0.5671212E-04  0.8328493E+00  0.3595406E-03  0.2227853E-03 -0.2827103E+01
 0.6750000E+00  0.9999780E+00  0.5738832E-04  0.8313871E+00  0.3499932E-03  0.2234565E-03 -0.2831387E+01
 0.6800000E+00  0.9999779E+00  0.5803958E-04  0.8299247E+00  0.3401039E-03  0.2242930E-03 -0.2835688E+01
 0.6850000E+00  0.9999778E+00  0.5866511E-04  0.8284622E+00  0.3298704E-03  0.2251570E-03 -0.2840007E+01
 0.6900000E+00  0.9999776E+00  0.5926413E-04  0.8269995E+00  0.3193208E-03  0.2260715E-03 -0.2844343E+01
 0.6950000E+00  0.9999775E+00  0.5983592E-04  0.8255368E+00  0.3084551E-03  0.2270459E-03 -0.2848696E+01
 0.7000000E+00  0.9999773E+00  0.6037980E-04  0.8240740E+00  0.2973052E-03  0.2281076E-03 -0.2853067E+01
 0.7050000E+00  0.9999772E+00  0.6089516E-04  0.8226112E+00  0.2858719E-03  0.2291483E-03 -0.2857456E+01
 0.7100000E+00  0.9999770E+00  0.6138139E-04  0.8211485E+00  0.2741912E-03  0.2299974E-03 -0.2861863E+01
 0.7150000E+00  0.9999769E+00  0.6183798E-04  0.8196858E+00  0.2622708E-03  0.2309833E-03 -0.2866287E+01
 0.7200000E+00  0.9999768E+00  0.6226443E-04  0.8182232E+00  0.2501387E-03  0.2319832E-03 -0.2870729E+01
 0.7250000E+00  0.9999766E+00  0.6266031E-04  0.8167607E+00  0.2378092E-03  0.2331189E-03 -0.2875186E+01
 0.7300000E+00  0.9999765E+00  0.6302526E-04  0.8152983E+00  0.2252966E-03  0.2341789E-03 -0.2879660E+01
 0.7350000E+00  0.9999763E+00  0.6335895E-04  0.8138360E+00  0.2126277E-03  0.2354618E-03 -0.2884148E+01
 0.7400000E+00  0.9999762E+00  0.6366108E-04  0.8123738E+00  0.1998061E-03  0.2367201E-03 -0.2888654E+01
 0.7450000E+00  0.9999760E+00  0.6393144E-04  0.8109116E+00  0.1868695E-03  0.2380514E-03 -0.2893176E+01
 0.7500000E+00  0.9999759E+00  0.6416987E-04  0.8094495E+00  0.1738226E-03  0.2393467E-03 -0.2897715E+01
 0.7550000E+00  0.9999757E+00  0.6437624E-04  0.8079874E+00  0.1607009E-03  0.2405467E-03 -0.2902270E+01
 0.7600000E+00  0.9999756E+00  0.6455048E-04  0.8065253E+00  0.1475294E-03  0.2419405E-03 -0.2906840E+01
 0.7650000E+00  0.9999754E+00  0.6469259E-04  0.8050632E+00  0.1343253E-03  0.2433658E-03 -0.2911426E+01
 0.7700000E+00  0.9999753E+00  0.6480260E-04  0.8036011E+00  0.1211340E-03  0.2449300E-03 -0.2916026E+01
 0.7750000E+00  0.9999751E+00  0.6488060E-04  0.8021388E+00  0.1079741E-03  0.2466836E-03 -0.2920640E+01
 0.7800000E+00  0.9999750E+00  0.6492673E-04  0.8006764E+00  0.9489106E-04  0.2484299E-03 -0.2925269E+01
 0.7850000E+00  0.9999749E+00  0.6494115E-04  0.7992138E+00  0.8194602E-04  0.2505431E-03 -0.2929910E+01
 0.7900000E+00  0.9999747E+00  0.6492410E-04  0.7977509E+00  0.6920718E-04  0.2527257E-03 -0.2934565E+01
 0.7950000E+00  0.9999746E+00  0.6487585E-04  0.7962878E+00  0.5682499E-04  0.2549490E-03 -0.2939236E+01
 0.8000000E+00  0.9999744E+00  0.6479671E-04  0.7948244E+00  0.4506523E-04  0.2574480E-03 -0.2943918E+01
 0.8050000E+00  0.9999743E+00  0.6468703E-04  0.7933605E+00  0.3449010E-04  0.2598559E-03 -0.2948616E+01
 0.8100000E+00  0.9999741E+00  0.6454720E-04  0.7918962E+00  0.2646447E-04  0.2624973E-03 -0.2953327E+01
 0.8150000E+00  0.9999740E+00  0.6437764E-04  0.7904314E+00  0.2353786E-04  0.2653607E-03 -0.2958050E+01
 0.8200000E+00  0.9999738E+00  0.6417884E-04  0.7889660E+00  0.2722895E-04  0.2682772E-03 -0.2962788E+01
 0.8250000E+00  0.9999737E+00  0.6395128E-04  0.7875001E+00  0.3536774E-04  0.2715384E-03 -0.2967535E+01
 0.8300000E+00  0.9999735E+00  0.6369547E-04  0.7860335E+00  0.4547984E-04  0.2751448E-03 -0.2972293E+01
 0.8350000E+00  0.9999734E+00  0.6341200E-04  0.7845661E+00  0.5640309E-04  0.2786721E-03 -0.2977067E+01
 0.8400000E+00  0.9999732E+00  0.6310143E-04  0.7830980E+00  0.6761450E-04  0.2827467E-03 -0.2981849E+01
 0.8450000E+00  0.9999731E+00  0.6276439E-04  0.7816291E+00  0.7888426E-04  0.2870652E-03 -0.2986642E+01
 0.8500000E+00  0.9999729E+00  0.6240151E-04  0.7801594E+00  0.9010803E-04  0.2912490E-03 -0.2991451E+01
 0.8550000E+00  0.9999728E+00  0.6201345E-04  0.7786887E+00  0.1011983E-03  0.2955498E-03 -0.2996272E+01
 0.8600000E+00  0.9999726E+00  0.6160091E-04  0.7772170E+00  0.1120986E-03  0.3001475E-03 -0.3001104E+01
 0.8650000E+00  0.9999725E+00  0.6116460E-04  0.7757444E+00  0.1227939E-03  0.3045355E-03 -0.3005952E+01
 0.8700000E+00  0.9999723E+00  0.6070524E-04  0.7742707E+00  0.1332509E-03  0.3089809E-03 -0.3010814E+01
 0.8750000E+00  0.9999721E+00  0.6022359E-04  0.7727960E+00  0.1434337E-03  0.3136457E-03 -0.3015687E+01
 0.8800000E+00  0.9999720E+00  0.5972043E-04  0.7713202E+00  0.1533376E-03  0.3182487E-03 -0.3020574E+01
 0.8850000E+00  0.9999718E+00  0.5919654E-04  0.7698432E+00  0.1629476E-03  0.3227286E-03 -0.3025475E+01
 0.8900000E+00  0.9999717E+00  0.5865273E-04  0.7683651E+00  0.1722343E-03  0.3274468E-03 -0.3030388E+01
 0.8950000E+00  0.9999715E+00  0.5808983E-04  0.7668858E+00  0.1811958E-03  0.3320651E-03 -0.3035314E+01
 0.9000000E+00  0.9999714E+00  0.5750868E-04  0.7654054E+00  0.1898291E-03  0.3363828E-03 -0.3040258E+01
 0.9050000E+00  0.9999712E+00  0.5691014E-04  0.7639238E+00  0.1981091E-03  0.3408330E-03 -0.3045214E+01
 0.9100000E+00  0.9999711E+00  0.5629508E-04  0.7624409E+00  0.2060284E-03  0.3451826E-03 -0.3050184E+01
 0.9150000E+00  0.9999709E+00  0.5566438E-04  0.7609569E+00  0.2135927E-03  0.3490029E-03 -0.3055173E+01
 0.9200000E+00  0.9999708E+00  0.5501893E-04  0.7594716E+00  0.2207865E-03  0.3525909E-03 -0.3060177E+01
 0.9250000E+00  0.9999706E+00  0.5435964E-04  0.7579852E+00  0.2276040E-03  0.3559857E-03 -0.3065196E+01
 0.9300000E+00  0.9999705E+00  0.5368742E-04  0.7564975E+00  0.2340377E-03  0.3589610E-03 -0.3070233E+01
 0.9350000E+00  0.9999703E+00  0.5300317E-04  0.7550087E+00  0.2400943E-03  0.3614081E-03 -0.3075290E+01
 0.9400000E+00  0.9999701E+00  0.5230782E-04  0.7535187E+00  0.2457642E-03  0.3635812E-03 -0.3080362E+01
 0.9450000E+00  0.9999700E+00  0.5160228E-04  0.7520276E+00  0.2510339E-03  0.3656040E-03 -0.3085448E+01
 0.9500000E+00  0.9999698E+00  0.5088747E-04  0.7505354E+00  0.2559144E-03  0.3670527E-03 -0.3090554E+01
 0.9550000E+00  0.9999697E+00  0.5016430E-04  0.7490421E+00  0.2604012E-03  0.3681493E-03 -0.3095676E+01
 0.9600000E+00  0.9999695E+00  0.4943370E-04  0.7475478E+00  0.2644949E-03  0.3690305E-03 -0.3100812E+01
 0.9650000E+00  0.9999694E+00  0.4869654E-04  0.7460524E+00  0.2681830E-03  0.3698082E-03 -0.3105962E+01
 0.9700000E+00  0.9999692E+00  0.4795374E-04  0.7445561E+00  0.2714759E-03  0.3703099E-03 -0.3111127E+01
 0.9750000E+00  0.9999690E+00  0.4720617E-04  0.7430589E+00  0.2743809E-03  0.3703962E-03 -0.3116310E+01
 0.9800000E+00  0.9999689E+00  0.4645468E-04  0.7415608E+00  0.2768943E-03  0.3705943E-03 -0.3121503E+01
 0.9850000E+00  0.9999687E+00  0.4570013E-04  0.7400619E+00  0.2790161E-03  0.3706979E-03 -0.3126708E+01
 0.9900000E+00  0.9999686E+00  0.4494335E-04  0.7385622E+00  0.2807496E-03  0.3707026E-03 -0.3131927E+01
 0.9950000E+00  0.9999684E+00  0.4418515E-04  0.7370618E+00  0.2821167E-03  0.3704691E-03 -0.3137159E+01
 0.1000000E+01  0.9999683E+00  0.4342633E-04  0.7355607E+00  0.2831106E-03  0.3704062E-03 -0.3142401E+01
 0.1005000E+01  0.9999681E+00  0.4266764E-04  0.7340590E+00  0.2837437E-03  0.3707191E-03 -0.3147650E+01
 0.1010000E+01  0.9999680E+00  0.4190982E-04  0.7325568E+00  0.2840107E-03  0.3712770E-03 -0.3152908E+01
 0.1015000E+01  0.9999678E+00  0.4115359E-04  0.7310541E+00  0.2839419E-03  0.3720451E-03 -0.3158174E+01
 0.1020000E+01  0.9999676E+00  0.4039964E-04  0.7295510E+00  0.2835339E-03  0.3735778E-03 -0.3163443E+01
 0.1025000E+01  0.9999675E+00  0.3964863E-04  0.7280476E+00  0.2828072E-03  0.3759228E-03 -0.3168713E+01
 0.1030000E+01  0.9999673E+00  0.3890119E-04  0.7265438E+00  0.2817549E-03  0.3793598E-03 -0.3173981E+01
 0.1035000E+01  0.9999672E+00  0.3815793E-04  0.7250399E+00  0.2804045E-03  0.3836075E-03 -0.3179250E+01
 0.1040000E+01  0.9999670E+00  0.3741942E-04  0.7235358E+00  0.2787673E-03  0.3889933E-03 -0.3184516E+01
 0.1045000E+01  0.9999669E+00  0.3668623E-04  0.7220316E+00  0.2768625E-03  0.3958947E-03 -0.3189774E+01
 0.1050000E+01  0.9999667E+00  0.3595886E-04  0.7205274E+00  0.2746889E-03  0.4047300E-03 -0.3195020E+01
 0.1055000E+01  0.9999665E+00  0.3523781E-04  0.7190232E+00  0.2722712E-03  0.4150338E-03 -0.3200260E+01
 0.1060000E+01  0.9999664E+00  0.3452356E-04  0.7175191E+00  0.2696271E-03  0.4273511E-03 -0.3205486E+01
 0.1065000E+01  0.9999662E+00  0.3381654E-04  0.7160152E+00  0.2667825E-03  0.4413951E-03 -0.3210701E+01
 0.1070000E+01  0.9999661E+00  0.3311718E-04  0.7145115E+00  0.2637540E-03  0.4581327E-03 -0.3215895E+01
 0.1075000E+01  0.9999659E+00  0.3242585E-04  0.7130082E+00  0.2605557E-03  0.4770369E-03 -0.3221073E+01
 0.1080000E+01  0.9999658E+00  0.3174295E-04  0.7115051E+00  0.2572135E-03  0.4986584E-03 -0.3226229E+01
 0.1085000E+01  0.9999656E+00  0.3106882E-04  0.7100025E+00  0.2537466E-03  0.5224408E-03 -0.3231369E+01
 0.1090000E+01  0.9999655E+00  0.3040380E-04  0.7085003E+00  0.2501989E-03  0.5490516E-03 -0.3236485E+01
 0.1095000E+01  0.9999653E+00  0.2974819E-04  0.7069986E+00  0.2465834E-03  0.5787301E-03 -0.3241574E+01
 0.1100000E+01  0.9999651E+00  0.2910229E-04  0.7054975E+00  0.2429303E-03  0.6115369E-03 -0.3246636E+01
 0.1105000E+01  0.9999650E+00  0.2846640E-04  0.7039970E+00  0.2392552E-03  0.6478120E-03 -0.3251667E+01
 0.1110000E+01  0.9999648E+00  0.2784076E-04  0.7024971E+00  0.2356029E-03  0.6869068E-03 -0.3256673E+01
 0.1115000E+01  0.9999647E+00  0.2722565E-04  0.7009980E+00  0.2320082E-03  0.7294308E-03 -0.3261648E+01
 0.1120000E+01  0.9999645E+00  0.2662130E-04  0.6994995E+00  0.2284901E-03  0.7753607E-03 -0.3266593E+01
 0.1125000E+01  0.9999644E+00  0.2602796E-04  0.6980019E+00  0.2250913E-03  0.8255965E-03 -0.3271495E+01
 0.1130000E+01  0.9999642E+00  0.2544585E-04  0.6965050E+00  0.2218286E-03  0.8796170E-03 -0.3276361E+01
 0.1135000E+01  0.9999641E+00  0.2487520E-04  0.6950090E+00  0.2187447E-03  0.9368354E-03 -0.3281198E+01
 0.1140000E+01  0.9999639E+00  0.2431624E-04  0.6935139E+00  0.2158688E-03  0.9980905E-03 -0.3285996E+01
 0.1145000E+01  0.9999638E+00  0.2376916E-04  0.6920196E+00  0.2132343E-03  0.1062834E-02 -0.3290762E+01
 0.1150000E+01  0.9999636E+00  0.2323420E-04  0.6905263E+00  0.2108756E-03  0.1131927E-02 -0.3295485E+01
 0.1155000E+01  0.9999634E+00  0.2271157E-04  0.6890340E+00  0.2088011E-03  0.1205101E-02 -0.3300169E+01
 0.1160000E+01  0.9999633E+00  0.2220148E-04  0.6875426E+00  0.2070458E-03  0.1281882E-02 -0.3304818E+01
 0.1165000E+01  0.9999631E+00  0.2170415E-04  0.6860522E+00  0.2056365E-03  0.1362437E-02 -0.3309431E+01
 0.1170000E+01  0.9999630E+00  0.2121980E-04  0.6845628E+00  0.2045853E-03  0.1445745E-02 -0.3314021E+01
 0.1175000E+01  0.9999628E+00  0.2074866E-04  0.6830744E+00  0.2039182E-03  0.1532964E-02 -0.3318572E+01
 0.1180000E+01  0.9999627E+00  0.2029097E-04  0.6815870E+00  0.2036322E-03  0.1624167E-02 -0.3323085E+01
 0.1185000E+01  0.9999625E+00  0.1984696E-04  0.6801007E+00  0.2037341E-03  0.1718129E-02 -0.3327574E+01
 0.1190000E+01  0.9999624E+00  0.1941687E-04  0.6786154E+00  0.2042210E-03  0.1815812E-02 -0.3332026E+01
 0.1195000E+01  0.9999622E+00  0.1900097E-04  0.6771311E+00  0.2050954E-03  0.1915828E-02 -0.3336460E+01
 0.1200000E+01  0.9999621E+00  0.1859952E-04  0.6756479E+00  0.2063515E-03  0.2017619E-02 -0.3340881E+01
 0.1205000E+01  0.9999619E+00  0.1821279E-04  0.6741658E+00  0.2079725E-03  0.2122735E-02 -0.3345271E+01
 0.1210000E+01  0.9999618E+00  0.1784107E-04  0.6726847E+00  0.2099342E-03  0.2230297E-02 -0.3349639E+01
 0.1215000E+01  0.9999616E+00  0.1748467E-04  0.6712047E+00  0.2122223E-03  0.2339606E-02 -0.3353996E+01
 0.1220000E+01  0.9999615E+00  0.1714390E-04  0.6697257E+00  0.2148030E-03  0.2451987E-02 -0.3358325E+01
 0.1225000E+01  0.9999613E+00  0.1681909E-04  0.6682478E+00  0.2176605E-03  0.2564894E-02 -0.3362655E+01
 0.1230000E+01  0.9999611E+00  0.1651059E-04  0.6667709E+00  0.2207706E-03  0.2678925E-02 -0.3366981E+01
 0.1235000E+01  0.9999610E+00  0.1621877E-04  0.6652951E+00  0.2241024E-03  0.2794334E-02 -0.3371298E+01
 0.1240000E+01  0.9999608E+00  0.1594401E-04  0.6638203E+00  0.2276201E-03  0.2910546E-02 -0.3375614E+01
 0.1245000E+01  0.9999607E+00  0.1568672E-04  0.6623466E+00  0.2313028E-03  0.3027572E-02 -0.3379929E+01
 0.1250000E+01  0.9999605E+00  0.1544734E-04  0.6608739E+00  0.2351077E-03  0.3145946E-02 -0.3384236E+01
 0.1255000E+01  0.9999604E+00  0.1522630E-04  0.6594023E+00  0.2390131E-03  0.3264353E-02 -0.3388550E+01
 0.1260000E+01  0.9999602E+00  0.1502408E-04  0.6579317E+00  0.2430084E-03  0.3381566E-02 -0.3392887E+01
 0.1265000E+01  0.9999601E+00  0.1484121E-04  0.6564621E+00  0.2470498E-03  0.3499011E-02 -0.3397229E+01
 0.1270000E+01  0.9999599E+00  0.1467820E-04  0.6549936E+00  0.2511197E-03  0.3615640E-02 -0.3401588E+01
 0.1275000E+01  0.9999598E+00  0.1453562E-04  0.6535261E+00  0.2551993E-03  0.3730893E-02 -0.3405973E+01
 0.1280000E+01  0.9999596E+00  0.1441407E-04  0.6520596E+00  0.2592506E-03  0.3846497E-02 -0.3410360E+01
 0.1285000E+01  0.9999595E+00  0.1431417E-04  0.6505942E+00  0.2632652E-03  0.3960598E-02 -0.3414774E+01
 0.1290000E+01  0.9999593E+00  0.1423660E-04  0.6491298E+00  0.2672265E-03  0.4072874E-02 -0.3419218E+01
 0.1295000E+01  0.9999591E+00  0.1418204E-04  0.6476665E+00  0.2711195E-03  0.4183084E-02 -0.3423694E+01
 0.1300000E+01  0.9999590E+00  0.1415124E-04  0.6462042E+00  0.2749261E-03  0.4291230E-02 -0.3428203E+01
 0.1305000E+01  0.9999588E+00  0.1414499E-04  0.6447429E+00  0.2786436E-03  0.4396057E-02 -0.3432759E+01
 0.1310000E+01  0.9999587E+00  0.1416411E-04  0.6432827E+00  0.2822462E-03  0.4498987E-02 -0.3437346E+01
 0.1315000E+01  0.9999585E+00  0.1420949E-04  0.6418236E+00  0.2857223E-03  0.4599992E-02 -0.3441963E+01
 0.1320000E+01  0.9999584E+00  0.1428205E-04  0.6403656E+00  0.2890756E-03  0.4697759E-02 -0.3446627E+01
 0.1325000E+01  0.9999582E+00  0.1438276E-04  0.6389086E+00  0.2922940E-03  0.4792529E-02 -0.3451334E+01
 0.1330000E+01  0.9999581E+00  0.1451267E-04  0.6374528E+00  0.2953764E-03  0.4884113E-02 -0.3456086E+01
 0.1335000E+01  0.9999579E+00  0.1467287E-04  0.6359980E+00  0.2983164E-03  0.4972647E-02 -0.3460883E+01
 0.1340000E+01  0.9999578E+00  0.1486451E-04  0.6345444E+00  0.3011294E-03  0.5056237E-02 -0.3465746E+01
 0.1345000E+01  0.9999576E+00  0.1508882E-04  0.6330919E+00  0.3037902E-03  0.5137128E-02 -0.3470649E+01
 0.1350000E+01  0.9999575E+00  0.1534711E-04  0.6316406E+00  0.3063156E-03  0.5214184E-02 -0.3475605E+01
 0.1355000E+01  0.9999573E+00  0.1564074E-04  0.6301905E+00  0.3087043E-03  0.5287839E-02 -0.3480609E+01
 0.1360000E+01  0.9999571E+00  0.1597117E-04  0.6287415E+00  0.3109648E-03  0.5357556E-02 -0.3485668E+01
 0.1365000E+01  0.9999570E+00  0.1633995E-04  0.6272939E+00  0.3130912E-03  0.5424901E-02 -0.3490762E+01
 0.1370000E+01  0.9999568E+00  0.1674870E-04  0.6258474E+00  0.3151129E-03  0.5488092E-02 -0.3495913E+01
 0.1375000E+01  0.9999567E+00  0.1719915E-04  0.6244022E+00  0.3170360E-03  0.5547178E-02 -0.3501120E+01
 0.1380000E+01  0.9999565E+00  0.1769312E-04  0.6229583E+00  0.3188724E-03  0.5602200E-02 -0.3506383E+01
 0.1385000E+01  0.9999564E+00  0.1823257E-04  0.6215158E+00  0.3206205E-03  0.5654666E-02 -0.3511684E+01
 0.1390000E+01  0.9999562E+00  0.1881952E-04  0.6200746E+00  0.3223125E-03  0.5703439E-02 -0.3517036E+01
 0.1395000E+01  0.9999561E+00  0.1945616E-04  0.6186348E+00  0.3239566E-03  0.5748709E-02 -0.3522437E+01
 0.1400000E+01  0.9999559E+00  0.2014477E-04  0.6171964E+00  0.3255685E-03  0.5791678E-02 -0.3527872E+01
 0.1405000E+01  0.9999558E+00  0.2088777E-04  0.6157595E+00  0.3271662E-03  0.5832233E-02 -0.3533343E+01
 0.1410000E+01  0.9999556E+00  0.2168773E-04  0.6143241E+00  0.3287848E-03  0.5870227E-02 -0.3538851E+01
 0.1415000E+01  0.9999554E+00  0.2254734E-04  0.6128901E+00  0.3304407E-03  0.5904983E-02 -0.3544404E+01
 0.1420000E+01  0.9999553E+00  0.2346946E-04  0.6114577E+00  0.3321503E-03  0.5938110E-02 -0.3549984E+01
 0.1425000E+01  0.9999551E+00  0.2445708E-04  0.6100269E+00  0.3339414E-03  0.5968956E-02 -0.3555597E+01
 0.1430000E+01  0.9999550E+00  0.2551336E-04  0.6085977E+00  0.3358402E-03  0.5998289E-02 -0.3561236E+01
 0.1435000E+01  0.9999548E+00  0.2664163E-04  0.6071702E+00  0.3378730E-03  0.6025734E-02 -0.3566903E+01
 0.1440000E+01  0.9999547E+00  0.2784539E-04  0.6057443E+00  0.3400407E-03  0.6052615E-02 -0.3572583E+01
 0.1445000E+01  0.9999545E+00  0.2912832E-04  0.6043202E+00  0.3423964E-03  0.6078981E-02 -0.3578276E+01
 0.1450000E+01  0.9999544E+00  0.3049426E-04  0.6028978E+00  0.3449618E-03  0.6104735E-02 -0.3583983E+01
 0.1455000E+01  0.9999542E+00  0.3194726E-04  0.6014771E+00  0.3477565E-03  0.6130584E-02 -0.3589694E+01
 0.1460000E+01  0.9999541E+00  0.3349154E-04  0.6000583E+00  0.3507990E-03  0.6156376E-02 -0.3595413E+01
 0.1465000E+01  0.9999539E+00  0.3513155E-04  0.5986414E+00  0.3541227E-03  0.6183106E-02 -0.3601127E+01
 0.1470000E+01  0.9999538E+00  0.3687190E-04  0.5972263E+00  0.3577474E-03  0.6210589E-02 -0.3606837E+01
 0.1475000E+01  0.9999536E+00  0.3871744E-04  0.5958132E+00  0.3616788E-03  0.6239160E-02 -0.3612541E+01
 0.1480000E+01  0.9999534E+00  0.4067321E-04  0.5944019E+00  0.3659464E-03  0.6269453E-02 -0.3618230E+01
 0.1485000E+01  0.9999533E+00  0.4274447E-04  0.5929927E+00  0.3705531E-03  0.6301698E-02 -0.3623901E+01
 0.1490000E+01  0.9999531E+00  0.4493671E-04  0.5915855E+00  0.3755310E-03  0.6336666E-02 -0.3629546E+01
 0.1495000E+01  0.9999530E+00  0.4725564E-04  0.5901804E+00  0.3808864E-03  0.6374455E-02 -0.3635163E+01
 0.1500000E+01  0.9999528E+00  0.4970719E-04  0.5887773E+00  0.3866200E-03  0.6415302E-02 -0.3640749E+01
 0.1505000E+01  0.9999527E+00  0.5229753E-04  0.5873763E+00  0.3927495E-03  0.6459910E-02 -0.3646295E+01
 0.1510000E+01  0.9999525E+00  0.5503306E-04  0.5859774E+00  0.3992799E-03  0.6508663E-02 -0.3651798E+01
 0.1515000E+01  0.9999524E+00  0.5792043E-04  0.5845807E+00  0.4062171E-03  0.6562181E-02 -0.3657249E+01
 0.1520000E+01  0.9999522E+00  0.6096651E-04  0.5831862E+00  0.4135452E-03  0.6620400E-02 -0.3662649E+01
 0.1525000E+01  0.9999521E+00  0.6417845E-04  0.5817939E+00  0.4212710E-03  0.6683483E-02 -0.3667997E+01
 0.1530000E+01  0.9999519E+00  0.6756362E-04  0.5804039E+00  0.4293942E-03  0.6752158E-02 -0.3673283E+01
 0.1535000E+01  0.9999518E+00  0.7112967E-04  0.5790161E+00  0.4379104E-03  0.6826872E-02 -0.3678502E+01
 0.1540000E+01  0.9999516E+00  0.7488447E-04  0.5776306E+00  0.4468141E-03  0.6907773E-02 -0.3683653E+01
 0.1545000E+01  0.9999515E+00  0.7883617E-04  0.5762473E+00  0.4560886E-03  0.6995481E-02 -0.3688727E+01
 0.1550000E+01  0.9999513E+00  0.8299317E-04  0.5748665E+00  0.4657395E-03  0.7089604E-02 -0.3693730E+01
 0.1555000E+01  0.9999512E+00  0.8736412E-04  0.5734879E+00  0.4757581E-03  0.7191456E-02 -0.3698645E+01
 0.1560000E+01  0.9999510E+00  0.9195793E-04  0.5721117E+00  0.4861278E-03  0.7301773E-02 -0.3703464E+01
 0.1565000E+01  0.9999509E+00  0.9678376E-04  0.5707379E+00  0.4968343E-03  0.7419571E-02 -0.3708199E+01
 0.1570000E+01  0.9999507E+00  0.1018510E-03  0.5693664E+00  0.5078645E-03  0.7546525E-02 -0.3712829E+01
 0.1575000E+01  0.9999506E+00  0.1071694E-03  0.5679974E+00  0.5192069E-03  0.7681218E-02 -0.3717371E+01
 0.1580000E+01  0.9999504E+00  0.1127489E-03  0.5666308E+00  0.5308562E-03  0.7825292E-02 -0.3721806E+01
 0.1585000E+01  0.9999503E+00  0.1185995E-03  0.5652666E+00  0.5427898E-03  0.7979384E-02 -0.3726126E+01
 0.1590000E+01  0.9999501E+00  0.1247317E-03  0.5639048E+00  0.5549946E-03  0.8141922E-02 -0.3730349E+01
 0.1595000E+01  0.9999500E+00  0.1311561E-03  0.5625455E+00  0.5674651E-03  0.8314175E-02 -0.3734462E+01
 0.1600000E+01  0.9999498E+00  0.1378836E-03  0.5611886E+00  0.5801845E-03  0.8495122E-02 -0.3738475E+01
 0.1605000E+01  0.9999497E+00  0.1449253E-03  0.5598341E+00  0.5931437E-03  0.8686742E-02 -0.3742364E+01
 0.1610000E+01  0.9999495E+00  0.1522923E-03  0.5584821E+00  0.6063264E-03  0.8889723E-02 -0.3746123E+01
 0.1615000E+01  0.9999494E+00  0.1599962E-03  0.5571326E+00  0.6197051E-03  0.9103654E-02 -0.3749755E+01
 0.1620000E+01  0.9999492E+00  0.1680487E-03  0.5557855E+00  0.6332843E-03  0.9326904E-02 -0.3753280E+01
 0.1625000E+01  0.9999491E+00  0.1764614E-03  0.5544409E+00  0.6470367E-03  0.9562021E-02 -0.3756667E+01
 0.1630000E+01  0.9999489E+00  0.1852465E-03  0.5530988E+00  0.6609522E-03  0.9808124E-02 -0.3759928E+01
 0.1635000E+01  0.9999487E+00  0.1944161E-03  0.5517591E+00  0.6750165E-03  0.1006591E-01 -0.3763053E+01
 0.1640000E+01  0.9999486E+00  0.2039823E-03  0.5504219E+00  0.6892121E-03  0.1033602E-01 -0.3766035E+01
 0.1645000E+01  0.9999484E+00  0.2139576E-03  0.5490872E+00  0.7035192E-03  0.1061540E-01 -0.3768910E+01
 0.1650000E+01  0.9999483E+00  0.2243543E-03  0.5477549E+00  0.7179425E-03  0.1090608E-01 -0.3771654E+01
 0.1655000E+01  0.9999481E+00  0.2351849E-03  0.5464251E+00  0.7324580E-03  0.1120848E-01 -0.3774263E+01
 0.1660000E+01  0.9999480E+00  0.2464621E-03  0.5450978E+00  0.7470516E-03  0.1152260E-01 -0.3776735E+01
 0.1665000E+01  0.9999479E+00  0.2581985E-03  0.5437729E+00  0.7617154E-03  0.1184711E-01 -0.3779088E+01
 0.1670000E+01  0.9999477E+00  0.2704066E-03  0.5424506E+00  0.7764174E-03  0.1218634E-01 -0.3781268E+01
 0.1675000E+01  0.9999476E+00  0.2830990E-03  0.5411306E+00  0.7911624E-03  0.1253444E-01 -0.3783346E+01
 0.1680000E+01  0.9999474E+00  0.2962882E-03  0.5398132E+00  0.8059374E-03  0.1289510E-01 -0.3785278E+01
 0.1685000E+01  0.9999473E+00  0.3099869E-03  0.5384982E+00  0.8207217E-03  0.1326851E-01 -0.3787062E+01
 0.1690000E+01  0.9999471E+00  0.3242074E-03  0.5371858E+00  0.8354937E-03  0.1365544E-01 -0.3788687E+01
 0.1695000E+01  0.9999470E+00  0.3389620E-03  0.5358758E+00  0.8502589E-03  0.1405311E-01 -0.3790189E+01
 0.1700000E+01  0.9999468E+00  0.3542629E-03  0.5345683E+00  0.8649995E-03  0.1446371E-01 -0.3791539E+01
 0.1705000E+01  0.9999467E+00  0.3701223E-03  0.5332633E+00  0.8797103E-03  0.1488407E-01 -0.3792777E+01
 0.1710000E+01  0.9999465E+00  0.3865518E-03  0.5319609E+00  0.8943857E-03  0.1531668E-01 -0.3793871E+01
 0.1715000E+01  0.9999464E+00  0.4035633E-03  0.5306609E+00  0.9090235E-03  0.1576048E-01 -0.3794836E+01
 0.1720000E+01  0.9999462E+00  0.4211682E-03  0.5293635E+00  0.9235973E-03  0.1621821E-01 -0.3795638E+01
 0.1725000E+01  0.9999461E+00  0.4393777E-03  0.5280686E+00  0.9381239E-03  0.1668524E-01 -0.3796333E+01
 0.1730000E+01  0.9999459E+00  0.4582028E-03  0.5267763E+00  0.9525941E-03  0.1716562E-01 -0.3796871E+01
 0.1735000E+01  0.9999458E+00  0.4776541E-03  0.5254865E+00  0.9670130E-03  0.1765590E-01 -0.3797295E+01
 0.1740000E+01  0.9999456E+00  0.4977419E-03  0.5241992E+00  0.9813779E-03  0.1815855E-01 -0.3797575E+01
 0.1745000E+01  0.9999455E+00  0.5184763E-03  0.5229146E+00  0.9956908E-03  0.1867447E-01 -0.3797700E+01
 0.1750000E+01  0.9999453E+00  0.5398669E-03  0.5216325E+00  0.1009951E-02  0.1920441E-01 -0.3797660E+01
 0.1755000E+01  0.9999452E+00  0.5619230E-03  0.5203531E+00  0.1024174E-02  0.1974457E-01 -0.3797501E+01
 0.1760000E+01  0.9999450E+00  0.5846535E-03  0.5190762E+00  0.1038383E-02  0.2029517E-01 -0.3797222E+01
 0.1765000E+01  0.9999449E+00  0.6080667E-03  0.5178020E+00  0.1052578E-02  0.2085835E-01 -0.3796795E+01
 0.1770000E+01  0.9999447E+00  0.6321707E-03  0.5165304E+00  0.1066781E-02  0.2143277E-01 -0.3796238E+01
 0.1775000E+01  0.9999446E+00  0.6569731E-03  0.5152614E+00  0.1081008E-02  0.2201930E-01 -0.3795539E+01
 0.1780000E+01  0.9999444E+00  0.6824808E-03  0.5139951E+00  0.1095289E-02  0.2261581E-01 -0.3794724E+01
 0.1785000E+01  0.9999443E+00  0.7087003E-03  0.5127314E+00  0.1109629E-02  0.2322617E-01 -0.3793747E+01
 0.1790000E+01  0.9999441E+00  0.7356378E-03  0.5114704E+00  0.1124079E-02  0.2384395E-01 -0.3792685E+01
 0.1795000E+01  0.9999440E+00  0.7632986E-03  0.5102120E+00  0.1138657E-02  0.2447320E-01 -0.3791488E+01
 0.1800000E+01  0.9999438E+00  0.7916876E-03  0.5089563E+00  0.1153388E-02  0.2511491E-01 -0.3790146E+01
 0.1805000E+01  0.9999437E+00  0.8208092E-03  0.5077032E+00  0.1168305E-02  0.2576939E-01 -0.3788655E+01
 0.1810000E+01  0.9999435E+00  0.8506671E-03  0.5064528E+00  0.1183444E-02  0.2643390E-01 -0.3787047E+01
 0.1815000E+01  0.9999434E+00  0.8812645E-03  0.5052051E+00  0.1198834E-02  0.2711189E-01 -0.3785281E+01
 0.1820000E+01  0.9999432E+00  0.9126036E-03  0.5039600E+00  0.1214510E-02  0.2780150E-01 -0.3783379E+01
 0.1825000E+01  0.9999431E+00  0.9446865E-03  0.5027176E+00  0.1230521E-02  0.2849920E-01 -0.3781383E+01
 0.1830000E+01  0.9999429E+00  0.9775143E-03  0.5014778E+00  0.1246889E-02  0.2920990E-01 -0.3779236E+01
 0.1835000E+01  0.9999428E+00  0.1011087E-02  0.5002406E+00  0.1263651E-02  0.2993190E-01 -0.3776956E+01
 0.1840000E+01  0.9999426E+00  0.1045406E-02  0.4990060E+00  0.1280830E-02  0.3066782E-01 -0.3774513E+01
 0.1845000E+01  0.9999425E+00  0.1080468E-02  0.4977741E+00  0.1298476E-02  0.3141204E-01 -0.3771973E+01
 0.1850000E+01  0.9999423E+00  0.1116274E-02  0.4965447E+00  0.1316610E-02  0.3216675E-01 -0.3769312E+01
 0.1855000E+01  0.9999422E+00  0.1152819E-02  0.4953179E+00  0.1335254E-02  0.3293339E-01 -0.3766510E+01
 0.1860000E+01  0.9999421E+00  0.1190102E-02  0.4940937E+00  0.1354442E-02  0.3370808E-01 -0.3763616E+01
 0.1865000E+01  0.9999419E+00  0.1228119E-02  0.4928720E+00  0.1374181E-02  0.3449483E-01 -0.3760580E+01
 0.1870000E+01  0.9999418E+00  0.1266864E-02  0.4916528E+00  0.1394491E-02  0.3529208E-01 -0.3757421E+01
 0.1875000E+01  0.9999416E+00  0.1306333E-02  0.4904362E+00  0.1415368E-02  0.3610338E-01 -0.3754097E+01
 0.1880000E+01  0.9999415E+00  0.1346520E-02  0.4892220E+00  0.1436825E-02  0.3692568E-01 -0.3750645E+01
 0.1885000E+01  0.9999413E+00  0.1387417E-02  0.4880104E+00  0.1458875E-02  0.3775476E-01 -0.3747114E+01
 0.1890000E+01  0.9999412E+00  0.1429018E-02  0.4868012E+00  0.1481483E-02  0.3859993E-01 -0.3743394E+01
 0.1895000E+01  0.9999410E+00  0.1471313E-02  0.4855945E+00  0.1504659E-02  0.3945352E-01 -0.3739575E+01
 0.1900000E+01  0.9999409E+00  0.1514294E-02  0.4843902E+00  0.1528374E-02  0.4031811E-01 -0.3735628E+01
 0.1905000E+01  0.9999407E+00  0.1557951E-02  0.4831884E+00  0.1552602E-02  0.4119498E-01 -0.3731537E+01
 0.1910000E+01  0.9999406E+00  0.1602273E-02  0.4819890E+00  0.1577312E-02  0.4208321E-01 -0.3727313E+01
 0.1915000E+01  0.9999404E+00  0.1647249E-02  0.4807921E+00  0.1602459E-02  0.4298592E-01 -0.3722918E+01
 0.1920000E+01  0.9999403E+00  0.1692866E-02  0.4795976E+00  0.1628027E-02  0.4389357E-01 -0.3718466E+01
 0.1925000E+01  0.9999401E+00  0.1739112E-02  0.4784055E+00  0.1653947E-02  0.4481247E-01 -0.3713883E+01
 0.1930000E+01  0.9999400E+00  0.1785973E-02  0.4772159E+00  0.1680170E-02  0.4574187E-01 -0.3709176E+01
 0.1935000E+01  0.9999398E+00  0.1833434E-02  0.4760287E+00  0.1706633E-02  0.4668233E-01 -0.3704340E+01
 0.1940000E+01  0.9999397E+00  0.1881481E-02  0.4748440E+00  0.1733274E-02  0.4763398E-01 -0.3699373E+01
 0.1945000E+01  0.9999395E+00  0.1930098E-02  0.4736618E+00  0.1760030E-02  0.4859440E-01 -0.3694303E+01
 0.1950000E+01  0.9999394E+00  0.1979267E-02  0.4724821E+00  0.1786813E-02  0.4956954E-01 -0.3689059E+01
 0.1955000E+01  0.9999392E+00  0.2028973E-02  0.4713050E+00  0.1813561E-02  0.5055542E-01 -0.3683690E+01
 0.1960000E+01  0.9999391E+00  0.2079197E-02  0.4701304E+00  0.1840200E-02  0.5154983E-01 -0.3678221E+01
 0.1965000E+01  0.9999389E+00  0.2129921E-02  0.4689584E+00  0.1866651E-02  0.5255265E-01 -0.3672654E+01
 0.1970000E+01  0.9999388E+00  0.2181125E-02  0.4677890E+00  0.1892816E-02  0.5357068E-01 -0.3666908E+01
 0.1975000E+01  0.9999386E+00  0.2232791E-02  0.4666223E+00  0.1918625E-02  0.5459920E-01 -0.3661038E+01
 0.1980000E+01  0.9999385E+00  0.2284897E-02  0.4654584E+00  0.1943984E-02  0.5564286E-01 -0.3654989E+01
 0.1985000E+01  0.9999383E+00  0.2337424E-02  0.4642971E+00  0.1968832E-02  0.5669305E-01 -0.3648864E+01
 0.1990000E+01  0.9999382E+00  0.2390350E-02  0.4631387E+00  0.1993072E-02  0.5775646E-01 -0.3642584E+01
 0.1995000E+01  0.9999380E+00  0.2443653E-02  0.4619832E+00  0.2016628E-02  0.5883144E-01 -0.3636167E+01
 0.2000000E+01  0.9999379E+00  0.2497311E-02  0.4608306E+00  0.2039432E-02  0.5991499E-01 -0.3629650E+01
 0.2005000E+01  0.9999378E+00  0.2551302E-02  0.4596809E+00  0.2061408E-02  0.6100741E-01 -0.3623030E+01
 0.2010000E+01  0.9999376E+00  0.2605603E-02  0.4585343E+00  0.2082480E-02  0.6211116E-01 -0.3616276E+01
 0.2015000E+01  0.9999375E+00  0.2660191E-02  0.4573907E+00  0.2102584E-02  0.6322570E-01 -0.3609395E+01
 0.2020000E+01  0.9999373E+00  0.2715042E-02  0.4562502E+00  0.2121657E-02  0.6435349E-01 -0.3602358E+01
 0.2025000E+01  0.9999372E+00  0.2770132E-02  0.4551129E+00  0.2139652E-02  0.6549108E-01 -0.3595205E+01
 0.2030000E+01  0.9999370E+00  0.2825438E-02  0.4539788E+00  0.2156532E-02  0.6663467E-01 -0.3587984E+01
 0.2035000E+01  0.9999369E+00  0.2880935E-02  0.4528480E+00  0.2172242E-02  0.6779095E-01 -0.3580612E+01
 0.2040000E+01  0.9999367E+00  0.2936599E-02  0.4517205E+00  0.2186759E-02  0.6895834E-01 -0.3573110E+01
 0.2045000E+01  0.9999366E+00  0.2992406E-02  0.4505964E+00  0.2200071E-02  0.7013236E-01 -0.3565529E+01
 0.2050000E+01  0.9999364E+00  0.3048330E-02  0.4494756E+00  0.2212157E-02  0.7131909E-01 -0.3557799E+01
 0.2055000E+01  0.9999363E+00  0.3104348E-02  0.4483582E+00  0.2223024E-02  0.7251599E-01 -0.3549950E+01
 0.2060000E+01  0.9999361E+00  0.3160436E-02  0.4472443E+00  0.2232687E-02  0.7372391E-01 -0.3541970E+01
 0.2065000E+01  0.9999360E+00  0.3216568E-02  0.4461339E+00  0.2241170E-02  0.7494585E-01 -0.3533825E+01
 0.2070000E+01  0.9999358E+00  0.3272720E-02  0.4450269E+00  0.2248534E-02  0.7617508E-01 -0.3525593E+01
 0.2075000E+01  0.9999357E+00  0.3328869E-02  0.4439234E+00  0.2254841E-02  0.7740860E-01 -0.3517313E+01
 0.2080000E+01  0.9999355E+00  0.3384991E-02  0.4428234E+00  0.2260149E-02  0.7865622E-01 -0.3508866E+01
 0.2085000E+01  0.9999354E+00  0.3441061E-02  0.4417268E+00  0.2264569E-02  0.7991111E-01 -0.3500334E+01
 0.2090000E+01  0.9999352E+00  0.3497057E-02  0.4406337E+00  0.2268210E-02  0.8117507E-01 -0.3491696E+01
 0.2095000E+01  0.9999351E+00  0.3552955E-02  0.4395439E+00  0.2271205E-02  0.8244832E-01 -0.3482948E+01
 0.2100000E+01  0.9999349E+00  0.3608733E-02  0.4384576E+00  0.2273710E-02  0.8373109E-01 -0.3474088E+01
 0.2105000E+01  0.9999348E+00  0.3664368E-02  0.4373746E+00  0.2275908E-02  0.8501886E-01 -0.3465169E+01
 0.2110000E+01  0.9999346E+00  0.3719839E-02  0.4362949E+00  0.2277979E-02  0.8632191E-01 -0.3456069E+01
 0.2115000E+01  0.9999345E+00  0.3775124E-02  0.4352185E+00  0.2280161E-02  0.8763035E-01 -0.3446907E+01
 0.2120000E+01  0.9999343E+00  0.3830203E-02  0.4341452E+00  0.2282699E-02  0.8894171E-01 -0.3437711E+01
 0.2125000E+01  0.9999342E+00  0.3885054E-02  0.4330750E+00  0.2285835E-02  0.9026363E-01 -0.3428390E+01
 0.2130000E+01  0.9999340E+00  0.3939659E-02  0.4320077E+00  0.2289856E-02  0.9159434E-01 -0.3418966E+01
 0.2135000E+01  0.9999339E+00  0.3993998E-02  0.4309434E+00  0.2295065E-02  0.9293268E-01 -0.3409452E+01
 0.2140000E+01  0.9999337E+00  0.4048053E-02  0.4298820E+00  0.2301765E-02  0.9428210E-01 -0.3399807E+01
 0.2145000E+01  0.9999336E+00  0.4101807E-02  0.4288232E+00  0.2310292E-02  0.9563961E-01 -0.3390066E+01
 0.2150000E+01  0.9999334E+00  0.4155242E-02  0.4277671E+00  0.2320975E-02  0.9700402E-01 -0.3380244E+01
 0.2155000E+01  0.9999333E+00  0.4208343E-02  0.4267134E+00  0.2334146E-02  0.9837958E-01 -0.3370291E+01
 0.2160000E+01  0.9999331E+00  0.4261093E-02  0.4256622E+00  0.2350152E-02  0.9976131E-01 -0.3360265E+01
 0.2165000E+01  0.9999330E+00  0.4313479E-02  0.4246132E+00  0.2369314E-02  0.1011507E+00 -0.3350148E+01
 0.2170000E+01  0.9999328E+00  0.4365486E-02  0.4235663E+00  0.2391950E-02  0.1025429E+00 -0.3340000E+01
 0.2175000E+01  0.9999327E+00  0.4417103E-02  0.4225215E+00  0.2418338E-02  0.1039469E+00 -0.3329712E+01
 0.2180000E+01  0.9999325E+00  0.4468316E-02  0.4214786E+00  0.2448760E-02  0.1053546E+00 -0.3319380E+01
 0.2185000E+01  0.9999324E+00  0.4519116E-02  0.4204374E+00  0.2483443E-02  0.1067717E+00 -0.3308936E+01
 0.2190000E+01  0.9999322E+00  0.4569491E-02  0.4193980E+00  0.2522588E-02  0.1081992E+00 -0.3298370E+01
 0.2195000E+01  0.9999321E+00  0.4619434E-02  0.4183601E+00  0.2566369E-02  0.1096289E+00 -0.3287779E+01
 0.2200000E+01  0.9999319E+00  0.4668936E-02  0.4173236E+00  0.2614895E-02  0.1110636E+00 -0.3277128E+01
 0.2205000E+01  0.9999317E+00  0.4717989E-02  0.4162885E+00  0.2668239E-02  0.1125022E+00 -0.3266433E+01
 0.2210000E+01  0.9999316E+00  0.4766588E-02  0.4152546E+00  0.2726430E-02  0.1139494E+00 -0.3255635E+01
 0.2215000E+01  0.9999314E+00  0.4814728E-02  0.4142219E+00  0.2789460E-02  0.1153992E+00 -0.3244808E+01
 0.2220000E+01  0.9999313E+00  0.4862405E-02  0.4131902E+00  0.2857266E-02  0.1168518E+00 -0.3233947E+01
 0.2225000E+01  0.9999311E+00  0.4909616E-02  0.4121595E+00  0.2929751E-02  0.1183110E+00 -0.3223008E+01
 0.2230000E+01  0.9999310E+00  0.4956358E-02  0.4111298E+00  0.3006789E-02  0.1197732E+00 -0.3212036E+01
 0.2235000E+01  0.9999308E+00  0.5002632E-02  0.4101010E+00  0.3088205E-02  0.1212455E+00 -0.3200943E+01
 0.2240000E+01  0.9999307E+00  0.5048438E-02  0.4090730E+00  0.3173815E-02  0.1227213E+00 -0.3189810E+01
 0.2245000E+01  0.9999305E+00  0.5093776E-02  0.4080459E+00  0.3263405E-02  0.1242032E+00 -0.3178605E+01
 0.2250000E+01  0.9999304E+00  0.5138649E-02  0.4070195E+00  0.3356735E-02  0.1256860E+00 -0.3167388E+01
 0.2255000E+01  0.9999302E+00  0.5183061E-02  0.4059940E+00  0.3453534E-02  0.1271716E+00 -0.3156139E+01
 0.2260000E+01  0.9999301E+00  0.5227017E-02  0.4049693E+00  0.3553527E-02  0.1286668E+00 -0.3144777E+01
 0.2265000E+01  0.9999299E+00  0.5270521E-02  0.4039455E+00  0.3656445E-02  0.1301614E+00 -0.3133422E+01
 0.2270000E+01  0.9999298E+00  0.5313581E-02  0.4029226E+00  0.3761968E-02  0.1316633E+00 -0.3121981E+01
 0.2275000E+01  0.9999296E+00  0.5356205E-02  0.4019007E+00  0.3869806E-02  0.1331674E+00 -0.3110514E+01
 0.2280000E+01  0.9999295E+00  0.5398401E-02  0.4008799E+00  0.3979638E-02  0.1346747E+00 -0.3099009E+01
 0.2285000E+01  0.9999293E+00  0.5440179E-02  0.3998601E+00  0.4091150E-02  0.1361878E+00 -0.3087435E+01
 0.2290000E+01  0.9999292E+00  0.5481550E-02  0.3988417E+00  0.4204017E-02  0.1377049E+00 -0.3075813E+01
 0.2295000E+01  0.9999290E+00  0.5522527E-02  0.3978246E+00  0.4317914E-02  0.1392285E+00 -0.3064114E+01
 0.2300000E+01  0.9999289E+00  0.5563123E-02  0.3968090E+00  0.4432531E-02  0.1407550E+00 -0.3052380E+01
 0.2305000E+01  0.9999287E+00  0.5603351E-02  0.3957951E+00  0.4547523E-02  0.1422797E+00 -0.3040670E+01
 0.2310000E+01  0.9999286E+00  0.5643226E-02  0.3947830E+00  0.4662561E-02  0.1438084E+00 -0.3028913E+01
 0.2315000E+01  0.9999284E+00  0.5682765E-02  0.3937729E+00  0.4777313E-02  0.1453423E+00 -0.3017093E+01
 0.2320000E+01  0.9999283E+00  0.5721985E-02  0.3927649E+00  0.4891455E-02  0.1468801E+00 -0.3005228E+01
 0.2325000E+01  0.9999281E+00  0.5760904E-02  0.3917593E+00  0.5004650E-02  0.1484228E+00 -0.2993304E+01
 0.2330000E+01  0.9999280E+00  0.5799541E-02  0.3907563E+00  0.5116578E-02  0.1499668E+00 -0.2981365E+01
 0.2335000E+01  0.9999278E+00  0.5837915E-02  0.3897561E+00  0.5226900E-02  0.1515212E+00 -0.2969302E+01
 0.2340000E+01  0.9999277E+00  0.5876049E-02  0.3887588E+00  0.5335304E-02  0.1530733E+00 -0.2957266E+01
 0.2345000E+01  0.9999275E+00  0.5913963E-02  0.3877648E+00  0.5441444E-02  0.1546316E+00 -0.2945155E+01
 0.2350000E+01  0.9999274E+00  0.5951680E-02  0.3867742E+00  0.5545001E-02  0.1561999E+00 -0.2932926E+01
 0.2355000E+01  0.9999272E+00  0.5989223E-02  0.3857872E+00  0.5645658E-02  0.1577714E+00 -0.2920659E+01
 0.2360000E+01  0.9999271E+00  0.6026618E-02  0.3848041E+00  0.5743100E-02  0.1593402E+00 -0.2908425E+01
 0.2365000E+01  0.9999269E+00  0.6063889E-02  0.3838251E+00  0.5836989E-02  0.1609156E+00 -0.2896110E+01
 0.2370000E+01  0.9999268E+00  0.6101063E-02  0.3828504E+00  0.5927012E-02  0.1624929E+00 -0.2883772E+01
 0.2375000E+01  0.9999266E+00  0.6138165E-02  0.3818802E+00  0.6012848E-02  0.1640798E+00 -0.2871319E+01
 0.2380000E+01  0.9999265E+00  0.6175224E-02  0.3809148E+00  0.6094197E-02  0.1656684E+00 -0.2858844E+01
 0.2385000E+01  0.9999263E+00  0.6212268E-02  0.3799543E+00  0.6170733E-02  0.1672629E+00 -0.2846302E+01
 0.2390000E+01  0.9999262E+00  0.6249326E-02  0.3789989E+00  0.6242161E-02  0.1688633E+00 -0.2833687E+01
 0.2395000E+01  0.9999260E+00  0.6286427E-02  0.3780488E+00  0.6308179E-02  0.1704660E+00 -0.2821044E+01
 0.2400000E+01  0.9999259E+00  0.6323602E-02  0.3771042E+00  0.6368482E-02  0.1720676E+00 -0.2808415E+01
 0.2405000E+01  0.9999257E+00  0.6360881E-02  0.3761652E+00  0.6422766E-02  0.1736765E+00 -0.2795701E+01
 0.2410000E+01  0.9999256E+00  0.6398296E-02  0.3752319E+00  0.6470744E-02  0.1752872E+00 -0.2782963E+01
 0.2415000E+01  0.9999255E+00  0.6435879E-02  0.3743044E+00  0.6512128E-02  0.1769009E+00 -0.2770188E+01
 0.2420000E+01  0.9999253E+00  0.6473663E-02  0.3733830E+00  0.6546645E-02  0.1785124E+00 -0.2757440E+01
 0.2425000E+01  0.9999252E+00  0.6511680E-02  0.3724675E+00  0.6573998E-02  0.1801252E+00 -0.2744677E+01
 0.2430000E+01  0.9999250E+00  0.6549963E-02  0.3715581E+00  0.6593921E-02  0.1817393E+00 -0.2731896E+01
 0.2435000E+01  0.9999249E+00  0.6588548E-02  0.3706548E+00  0.6606138E-02  0.1833595E+00 -0.2719044E+01
 0.2440000E+01  0.9999247E+00  0.6627468E-02  0.3697577E+00  0.6610401E-02  0.1849754E+00 -0.2706243E+01
 0.2445000E+01  0.9999246E+00  0.6666758E-02  0.3688667E+00  0.6606437E-02  0.1865991E+00 -0.2693348E+01
 0.2450000E+01  0.9999244E+00  0.6706452E-02  0.3679818E+00  0.6594010E-02  0.1882265E+00 -0.2680406E+01
 0.2455000E+01  0.9999243E+00  0.6746586E-02  0.3671030E+00  0.6572879E-02  0.1898505E+00 -0.2667506E+01
 0.2460000E+01  0.9999241E+00  0.6787195E-02  0.3662301E+00  0.6542805E-02  0.1914775E+00 -0.2654570E+01
 0.2465000E+01  0.9999240E+00  0.6828316E-02  0.3653630E+00  0.6503566E-02  0.1930988E+00 -0.2641699E+01
 0.2470000E+01  0.9999238E+00  0.6869983E-02  0.3645017E+00  0.6454933E-02  0.1947248E+00 -0.2628771E+01
 0.2475000E+01  0.9999237E+00  0.6912233E-02  0.3636460E+00  0.6396693E-02  0.1963576E+00 -0.2615762E+01
 0.2480000E+01  0.9999236E+00  0.6955103E-02  0.3627957E+00  0.6328664E-02  0.1979868E+00 -0.2602793E+01
 0.2485000E+01  0.9999234E+00  0.6998627E-02  0.3619506E+00  0.6250642E-02  0.1996146E+00 -0.2589844E+01
 0.2490000E+01  0.9999233E+00  0.7042843E-02  0.3611105E+00  0.6162438E-02  0.2012502E+00 -0.2576802E+01
 0.2495000E+01  0.9999231E+00  0.7087787E-02  0.3602752E+00  0.6063895E-02  0.2028845E+00 -0.2563774E+01
 0.2500000E+01  0.9999230E+00  0.7133495E-02  0.3594444E+00  0.5954840E-02  0.2045229E+00 -0.2550695E+01
 0.2505000E+01  0.9999228E+00  0.7180003E-02  0.3586179E+00  0.5835136E-02  0.2061623E+00 -0.2537602E+01
 0.2510000E+01  0.9999227E+00  0.7227347E-02  0.3577953E+00  0.5704636E-02  0.2078097E+00 -0.2524414E+01
 0.2515000E+01  0.9999225E+00  0.7275564E-02  0.3569763E+00  0.5563228E-02  0.2094592E+00 -0.2511201E+01
 0.2520000E+01  0.9999224E+00  0.7324688E-02  0.3561607E+00  0.5410805E-02  0.2111123E+00 -0.2497942E+01
 0.2525000E+01  0.9999223E+00  0.7374756E-02  0.3553481E+00  0.5247288E-02  0.2127630E+00 -0.2484713E+01
 0.2530000E+01  0.9999221E+00  0.7425803E-02  0.3545381E+00  0.5072600E-02  0.2144112E+00 -0.2471512E+01
 0.2535000E+01  0.9999220E+00  0.7477864E-02  0.3537305E+00  0.4886669E-02  0.2160723E+00 -0.2458156E+01
 0.2540000E+01  0.9999218E+00  0.7530975E-02  0.3529248E+00  0.4689498E-02  0.2177311E+00 -0.2444826E+01
 0.2545000E+01  0.9999217E+00  0.7585168E-02  0.3521207E+00  0.4481081E-02  0.2193941E+00 -0.2431447E+01
 0.2550000E+01  0.9999215E+00  0.7640480E-02  0.3513178E+00  0.4261456E-02  0.2210613E+00 -0.2418017E+01
 0.2555000E+01  0.9999214E+00  0.7696943E-02  0.3505158E+00  0.4030712E-02  0.2227321E+00 -0.2404541E+01
 0.2560000E+01  0.9999213E+00  0.7754591E-02  0.3497143E+00  0.3788994E-02  0.2244063E+00 -0.2391020E+01
 0.2565000E+01  0.9999211E+00  0.7813457E-02  0.3489129E+00  0.3536536E-02  0.2260822E+00 -0.2377478E+01
 0.2570000E+01  0.9999210E+00  0.7873574E-02  0.3481113E+00  0.3273669E-02  0.2277665E+00 -0.2363836E+01
 0.2575000E+01  0.9999208E+00  0.7934974E-02  0.3473092E+00  0.3000932E-02  0.2294472E+00 -0.2350234E+01
 0.2580000E+01  0.9999207E+00  0.7997688E-02  0.3465062E+00  0.2719087E-02  0.2311406E+00 -0.2336480E+01
 0.2585000E+01  0.9999205E+00  0.8061747E-02  0.3457020E+00  0.2429395E-02  0.2328354E+00 -0.2322710E+01
 0.2590000E+01  0.9999204E+00  0.8127183E-02  0.3448963E+00  0.2133867E-02  0.2345294E+00 -0.2308946E+01
 0.2595000E+01  0.9999203E+00  0.8194024E-02  0.3440888E+00  0.1835969E-02  0.2362237E+00 -0.2295179E+01
 0.2600000E+01  0.9999201E+00  0.8262301E-02  0.3432792E+00  0.1542071E-02  0.2379207E+00 -0.2281376E+01
 0.2605000E+01  0.9999200E+00  0.8332041E-02  0.3424673E+00  0.1264736E-02  0.2396250E+00 -0.2267489E+01
 0.2610000E+01  0.9999198E+00  0.8403274E-02  0.3416528E+00  0.1029947E-02  0.2413265E+00 -0.2253634E+01
 0.2615000E+01  0.9999197E+00  0.8476026E-02  0.3408355E+00  0.8874148E-03  0.2430381E+00 -0.2239653E+01
 0.2620000E+01  0.9999196E+00  0.8550324E-02  0.3400153E+00  0.8978417E-03  0.2447471E+00 -0.2225701E+01
 0.2625000E+01  0.9999194E+00  0.8626194E-02  0.3391920E+00  0.1069316E-02  0.2464582E+00 -0.2211726E+01
 0.2630000E+01  0.9999193E+00  0.8703661E-02  0.3383654E+00  0.1351566E-02  0.2481745E+00 -0.2197686E+01
 0.2635000E+01  0.9999191E+00  0.8782751E-02  0.3375355E+00  0.1698089E-02  0.2498909E+00 -0.2183647E+01
 0.2640000E+01  0.9999190E+00  0.8863485E-02  0.3367021E+00  0.2083620E-02  0.2516029E+00 -0.2169659E+01
 0.2645000E+01  0.9999188E+00  0.8945889E-02  0.3358653E+00  0.2495704E-02  0.2533167E+00 -0.2155648E+01
 0.2650000E+01  0.9999187E+00  0.9029983E-02  0.3350249E+00  0.2927904E-02  0.2550343E+00 -0.2141594E+01
 0.2655000E+01  0.9999186E+00  0.9115789E-02  0.3341811E+00  0.3376628E-02  0.2567501E+00 -0.2127554E+01
 0.2660000E+01  0.9999184E+00  0.9203328E-02  0.3333337E+00  0.3839679E-02  0.2584603E+00 -0.2113583E+01
 0.2665000E+01  0.9999183E+00  0.9292618E-02  0.3324831E+00  0.4315636E-02  0.2601720E+00 -0.2099590E+01
 0.2670000E+01  0.9999181E+00  0.9383680E-02  0.3316291E+00  0.4803471E-02  0.2618755E+00 -0.2085699E+01
 0.2675000E+01  0.9999180E+00  0.9476531E-02  0.3307720E+00  0.5302422E-02  0.2635758E+00 -0.2071840E+01
 0.2680000E+01  0.9999178E+00  0.9571189E-02  0.3299119E+00  0.5811880E-02  0.2652805E+00 -0.2057928E+01
 0.2685000E+01  0.9999177E+00  0.9667669E-02  0.3290490E+00  0.6331310E-02  0.2669785E+00 -0.2044094E+01
 0.2690000E+01  0.9999175E+00  0.9765987E-02  0.3281836E+00  0.6860244E-02  0.2686750E+00 -0.2030277E+01
 0.2695000E+01  0.9999174E+00  0.9866157E-02  0.3273159E+00  0.7398252E-02  0.2703707E+00 -0.2016473E+01
 0.2700000E+01  0.9999173E+00  0.9968194E-02  0.3264461E+00  0.7944925E-02  0.2720633E+00 -0.2002704E+01
 0.2705000E+01  0.9999171E+00  0.1007211E-01  0.3255745E+00  0.8499877E-02  0.2737553E+00 -0.1988941E+01
 0.2710000E+01  0.9999170E+00  0.1017792E-01  0.3247016E+00  0.9062702E-02  0.2754374E+00 -0.1975295E+01
 0.2715000E+01  0.9999168E+00  0.1028563E-01  0.3238275E+00  0.9633028E-02  0.2771173E+00 -0.1961678E+01
 0.2720000E+01  0.9999167E+00  0.1039526E-01  0.3229527E+00  0.1021047E-01  0.2787948E+00 -0.1948083E+01
 0.2725000E+01  0.9999165E+00  0.1050680E-01  0.3220776E+00  0.1079464E-01  0.2804651E+00 -0.1934573E+01
 0.2730000E+01  0.9999164E+00  0.1062028E-01  0.3212026E+00  0.1138516E-01  0.2821392E+00 -0.1921019E+01
 0.2735000E+01  0.9999162E+00  0.1073570E-01  0.3203281E+00  0.1198164E-01  0.2838115E+00 -0.1907487E+01
 0.2740000E+01  0.9999161E+00  0.1085307E-01  0.3194545E+00  0.1258367E-01  0.2854780E+00 -0.1894025E+01
 0.2745000E+01  0.9999159E+00  0.1097239E-01  0.3185822E+00  0.1319085E-01  0.2871413E+00 -0.1880599E+01
 0.2750000E+01  0.9999158E+00  0.1109368E-01  0.3177117E+00  0.1380278E-01  0.2888016E+00 -0.1867208E+01
 0.2755000E+01  0.9999157E+00  0.1121693E-01  0.3168435E+00  0.1441905E-01  0.2904683E+00 -0.1853738E+01
 0.2760000E+01  0.9999155E+00  0.1134215E-01  0.3159780E+00  0.1503925E-01  0.2921350E+00 -0.1840273E+01
 0.2765000E+01  0.9999154E+00  0.1146935E-01  0.3151156E+00  0.1566294E-01  0.2937966E+00 -0.1826866E+01
 0.2770000E+01  0.9999152E+00  0.1159852E-01  0.3142569E+00  0.1628970E-01  0.2954646E+00 -0.1813379E+01
 0.2775000E+01  0.9999151E+00  0.1172968E-01  0.3134023E+00  0.1691911E-01  0.2971375E+00 -0.1799835E+01
 0.2780000E+01  0.9999149E+00  0.1186282E-01  0.3125522E+00  0.1755071E-01  0.2988078E+00 -0.1786320E+01
 0.2785000E+01  0.9999148E+00  0.1199795E-01  0.3117070E+00  0.1818408E-01  0.3004838E+00 -0.1772733E+01
 0.2790000E+01  0.9999146E+00  0.1213507E-01  0.3108673E+00  0.1881876E-01  0.3021557E+00 -0.1759193E+01
 0.2795000E+01  0.9999145E+00  0.1227417E-01  0.3100333E+00  0.1945431E-01  0.3038316E+00 -0.1745603E+01
 0.2800000E+01  0.9999143E+00  0.1241527E-01  0.3092055E+00  0.2009026E-01  0.3055064E+00 -0.1732025E+01
 0.2805000E+01  0.9999142E+00  0.1255835E-01  0.3083843E+00  0.2072617E-01  0.3071872E+00 -0.1718379E+01
 0.2810000E+01  0.9999140E+00  0.1270343E-01  0.3075701E+00  0.2136159E-01  0.3088760E+00 -0.1704636E+01
 0.2815000E+01  0.9999139E+00  0.1285050E-01  0.3067631E+00  0.2199605E-01  0.3105680E+00 -0.1690851E+01
 0.2820000E+01  0.9999137E+00  0.1299955E-01  0.3059638E+00  0.2262908E-01  0.3122587E+00 -0.1677075E+01
 0.2825000E+01  0.9999136E+00  0.1315060E-01  0.3051723E+00  0.2326023E-01  0.3139573E+00 -0.1663211E+01
 0.2830000E+01  0.9999134E+00  0.1330363E-01  0.3043891E+00  0.2388904E-01  0.3156589E+00 -0.1649305E+01
 0.2835000E+01  0.9999133E+00  0.1345864E-01  0.3036142E+00  0.2451504E-01  0.3173663E+00 -0.1635330E+01
 0.2840000E+01  0.9999131E+00  0.1361564E-01  0.3028479E+00  0.2513777E-01  0.3190740E+00 -0.1621349E+01
 0.2845000E+01  0.9999130E+00  0.1377463E-01  0.3020904E+00  0.2575676E-01  0.3207888E+00 -0.1607281E+01
 0.2850000E+01  0.9999128E+00  0.1393559E-01  0.3013419E+00  0.2637156E-01  0.3225047E+00 -0.1593198E+01
 0.2855000E+01  0.9999127E+00  0.1409853E-01  0.3006024E+00  0.2698171E-01  0.3242259E+00 -0.1579051E+01
 0.2860000E+01  0.9999125E+00  0.1426344E-01  0.2998720E+00  0.2758675E-01  0.3259510E+00 -0.1564855E+01
 0.2865000E+01  0.9999124E+00  0.1443033E-01  0.2991508E+00  0.2818623E-01  0.3276788E+00 -0.1550624E+01
 0.2870000E+01  0.9999122E+00  0.1459918E-01  0.2984388E+00  0.2877970E-01  0.3294128E+00 -0.1536314E+01
 0.2875000E+01  0.9999121E+00  0.1477001E-01  0.2977359E+00  0.2936671E-01  0.3311344E+00 -0.1522162E+01
 0.2880000E+01  0.9999119E+00  0.1494280E-01  0.2970422E+00  0.2994680E-01  0.3328600E+00 -0.1507959E+01
 0.2885000E+01  0.9999118E+00  0.1511754E-01  0.2963576E+00  0.3051955E-01  0.3345882E+00 -0.1493723E+01
 0.2890000E+01  0.9999116E+00  0.1529425E-01  0.2956818E+00  0.3108452E-01  0.3363176E+00 -0.1479470E+01
 0.2895000E+01  0.9999115E+00  0.1547291E-01  0.2950149E+00  0.3164129E-01  0.3380465E+00 -0.1465222E+01
 0.2900000E+01  0.9999114E+00  0.1565352E-01  0.2943565E+00  0.3218944E-01  0.3397763E+00 -0.1450960E+01
 0.2905000E+01  0.9999112E+00  0.1583609E-01  0.2937065E+00  0.3272854E-01  0.3415042E+00 -0.1436720E+01
 0.2910000E+01  0.9999111E+00  0.1602059E-01  0.2930647E+00  0.3325820E-01  0.3432270E+00 -0.1422537E+01
 0.2915000E+01  0.9999109E+00  0.1620704E-01  0.2924307E+00  0.3377801E-01  0.3449539E+00 -0.1408308E+01
 0.2920000E+01  0.9999108E+00  0.1639543E-01  0.2918043E+00  0.3428757E-01  0.3466697E+00 -0.1394206E+01
 0.2925000E+01  0.9999106E+00  0.1658575E-01  0.2911852E+00  0.3478650E-01  0.3483892E+00 -0.1380059E+01
 0.2930000E+01  0.9999105E+00  0.1677801E-01  0.2905731E+00  0.3527444E-01  0.3501033E+00 -0.1365979E+01
 0.2935000E+01  0.9999103E+00  0.1697220E-01  0.2899675E+00  0.3575101E-01  0.3518069E+00 -0.1352019E+01
 0.2940000E+01  0.9999102E+00  0.1716831E-01  0.2893680E+00  0.3621584E-01  0.3535058E+00 -0.1338112E+01
 0.2945000E+01  0.9999100E+00  0.1736634E-01  0.2887744E+00  0.3666859E-01  0.3552043E+00 -0.1324209E+01
 0.2950000E+01  0.9999099E+00  0.1756630E-01  0.2881862E+00  0.3710893E-01  0.3568991E+00 -0.1310354E+01
 0.2955000E+01  0.9999097E+00  0.1776817E-01  0.2876029E+00  0.3753654E-01  0.3585822E+00 -0.1296636E+01
 0.2960000E+01  0.9999096E+00  0.1797196E-01  0.2870242E+00  0.3795109E-01  0.3602608E+00 -0.1282970E+01
 0.2965000E+01  0.9999094E+00  0.1817767E-01  0.2864495E+00  0.3835228E-01  0.3619260E+00 -0.1269462E+01
 0.2970000E+01  0.9999093E+00  0.1838528E-01  0.2858785E+00  0.3873980E-01  0.3635850E+00 -0.1256028E+01
 0.2975000E+01  0.9999091E+00  0.1859480E-01  0.2853107E+00  0.3911339E-01  0.3652399E+00 -0.1242636E+01
 0.2980000E+01  0.9999090E+00  0.1880623E-01  0.2847456E+00  0.3947276E-01  0.3668833E+00 -0.1229380E+01
 0.2985000E+01  0.9999088E+00  0.1901957E-01  0.2841828E+00  0.3981767E-01  0.3685214E+00 -0.1216190E+01
 0.2990000E+01  0.9999087E+00  0.1923480E-01  0.2836218E+00  0.4014787E-01  0.3701607E+00 -0.1202981E+01
 0.2995000E+01  0.9999085E+00  0.1945195E-01  0.2830622E+00  0.4046313E-01  0.3717855E+00 -0.1189943E+01
 0.3000000E+01  0.9999084E+00  0.1967099E-01  0.2825036E+00  0.4076323E-01  0.3734061E+00 -0.1176956E+01
