 0.3000000E+01  0.3057992E-14
 0.6000000E+01  0.1006389E-13
 0.9000000E+01  0.2063515E-13
 0.1200000E+02  0.3492550E-13
 0.1500000E+02  0.5301466E-13
 0.1800000E+02  0.7340600E-13
 0.2100000E+02  0.9402642E-13
 0.2400000E+02  0.1151693E-12
 0.2700000E+02  0.1392043E-12
 0.3000000E+02  0.1660482E-12
 0.3300000E+02  0.1917872E-12
 0.3600000E+02  0.2127345E-12
 0.3900000E+02  0.2306099E-12
 0.4200000E+02  0.2510619E-12
 0.4500000E+02  0.2753469E-12
 0.4800000E+02  0.2978995E-12
 0.5100000E+02  0.3133497E-12
 0.5400000E+02  0.3238127E-12
 0.5700000E+02  0.3357271E-12
 0.6000000E+02  0.3513364E-12
 0.6300000E+02  0.3671880E-12
 0.6600000E+02  0.3802885E-12
 0.6900000E+02  0.3905753E-12
 0.7200000E+02  0.3982710E-12
 0.7500000E+02  0.4040134E-12
 0.7800000E+02  0.4121278E-12
 0.8100000E+02  0.4272769E-12
 0.8400000E+02  0.4449845E-12
 0.8700000E+02  0.4546873E-12
 0.9000000E+02  0.4552387E-12
 0.9300000E+02  0.4596582E-12
 0.9600000E+02  0.4770584E-12
 0.9900000E+02  0.4986752E-12
 0.1020000E+03  0.5119420E-12
 0.1050000E+03  0.5198855E-12
 0.1080000E+03  0.5330707E-12
 0.1110000E+03  0.5501441E-12
 0.1140000E+03  0.5636031E-12
 0.1170000E+03  0.5792424E-12
 0.1200000E+03  0.6079402E-12
 0.1230000E+03  0.6393078E-12
 0.1260000E+03  0.6500857E-12
 0.1290000E+03  0.6443179E-12
 0.1320000E+03  0.6567193E-12
 0.1350000E+03  0.7000053E-12
 0.1380000E+03  0.7384868E-12
 0.1410000E+03  0.7392640E-12
 0.1440000E+03  0.7229043E-12
 0.1470000E+03  0.7316852E-12
 0.1500000E+03  0.7662218E-12
 0.1530000E+03  0.7904662E-12
 0.1560000E+03  0.7908445E-12
 0.1590000E+03  0.7899612E-12
 0.1620000E+03  0.8006942E-12
 0.1650000E+03  0.8084348E-12
 0.1680000E+03  0.8096286E-12
 0.1710000E+03  0.8242843E-12
 0.1740000E+03  0.8547458E-12
 0.1770000E+03  0.8691068E-12
 0.1800000E+03  0.8539219E-12
 0.1830000E+03  0.8451002E-12
 0.1860000E+03  0.8750364E-12
 0.1890000E+03  0.9179849E-12
 0.1920000E+03  0.9276215E-12
 0.1950000E+03  0.9116555E-12
 0.1980000E+03  0.9172549E-12
 0.2010000E+03  0.9533593E-12
 0.2040000E+03  0.9813277E-12
 0.2070000E+03  0.9840838E-12
 0.2100000E+03  0.9939689E-12
 0.2130000E+03  0.1030587E-11
 0.2160000E+03  0.1065419E-11
 0.2190000E+03  0.1072969E-11
 0.2220000E+03  0.1079944E-11
 0.2250000E+03  0.1122784E-11
 0.2280000E+03  0.1182620E-11
 0.2310000E+03  0.1215096E-11
 0.2340000E+03  0.1224065E-11
 0.2370000E+03  0.1255743E-11
 0.2400000E+03  0.1323176E-11
 0.2430000E+03  0.1390275E-11
 0.2460000E+03  0.1433392E-11
 0.2490000E+03  0.1481846E-11
 0.2520000E+03  0.1565176E-11
 0.2550000E+03  0.1665304E-11
 0.2580000E+03  0.1759126E-11
 0.2610000E+03  0.1865709E-11
 0.2640000E+03  0.2019147E-11
 0.2670000E+03  0.2214672E-11
 0.2700000E+03  0.2429586E-11
 0.2730000E+03  0.2676943E-11
 0.2760000E+03  0.3009552E-11
 0.2790000E+03  0.3462304E-11
 0.2820000E+03  0.4030255E-11
 0.2850000E+03  0.4737097E-11
 0.2880000E+03  0.5685882E-11
 0.2910000E+03  0.7014244E-11
 0.2940000E+03  0.8839619E-11
 0.2970000E+03  0.1133756E-10
 0.3000000E+03  0.1488560E-10
 0.3030000E+03  0.2006592E-10
 0.3060000E+03  0.2756255E-10
 0.3090000E+03  0.3834158E-10
 0.3120000E+03  0.5402741E-10
 0.3150000E+03  0.7666618E-10
 0.3180000E+03  0.1083173E-09
 0.3210000E+03  0.1513762E-09
 0.3240000E+03  0.2080365E-09
 0.3270000E+03  0.2782207E-09
 0.3300000E+03  0.3598544E-09
 0.3330000E+03  0.4487960E-09
 0.3360000E+03  0.5382427E-09
 0.3390000E+03  0.6236842E-09
 0.3420000E+03  0.7050946E-09
 0.3450000E+03  0.7862100E-09
 0.3480000E+03  0.8742944E-09
 0.3510000E+03  0.9702521E-09
 0.3540000E+03  0.1070053E-08
 0.3570000E+03  0.1168424E-08
 0.3600000E+03  0.1265580E-08
 0.3630000E+03  0.1368451E-08
 0.3660000E+03  0.1477316E-08
 0.3690000E+03  0.1588560E-08
 0.3720000E+03  0.1698500E-08
 0.3750000E+03  0.1813513E-08
 0.3780000E+03  0.1934191E-08
 0.3810000E+03  0.2056736E-08
 0.3840000E+03  0.2180234E-08
 0.3870000E+03  0.2310153E-08
 0.3900000E+03  0.2443984E-08
 0.3930000E+03  0.2578834E-08
 0.3960000E+03  0.2719503E-08
 0.3990000E+03  0.2864862E-08
 0.4020000E+03  0.3012103E-08
 0.4050000E+03  0.3165408E-08
 0.4080000E+03  0.3322663E-08
 0.4110000E+03  0.3484021E-08
 0.4140000E+03  0.3650309E-08
 0.4170000E+03  0.3821726E-08
 0.4200000E+03  0.3997707E-08
 0.4230000E+03  0.4178646E-08
 0.4260000E+03  0.4366021E-08
 0.4290000E+03  0.4557897E-08
 0.4320000E+03  0.4754971E-08
 0.4350000E+03  0.4960169E-08
 0.4380000E+03  0.5169157E-08
 0.4410000E+03  0.5383927E-08
 0.4440000E+03  0.5609104E-08
 0.4470000E+03  0.5835995E-08
 0.4500000E+03  0.6071036E-08
 0.4530000E+03  0.6317149E-08
 0.4560000E+03  0.6565271E-08
 0.4590000E+03  0.6821692E-08
 0.4620000E+03  0.7089940E-08
 0.4650000E+03  0.7363818E-08
 0.4680000E+03  0.7641419E-08
 0.4710000E+03  0.7934795E-08
 0.4740000E+03  0.8235877E-08
 0.4770000E+03  0.8540433E-08
 0.4800000E+03  0.8856287E-08
 0.4830000E+03  0.9188393E-08
 0.4860000E+03  0.9524214E-08
 0.4890000E+03  0.9867214E-08
 0.4920000E+03  0.1022610E-07
 0.4950000E+03  0.1059929E-07
 0.4980000E+03  0.1097634E-07
 0.5010000E+03  0.1136407E-07
 0.5040000E+03  0.1176880E-07
 0.5070000E+03  0.1218886E-07
 0.5100000E+03  0.1261443E-07
 0.5130000E+03  0.1305148E-07
 0.5160000E+03  0.1350705E-07
 0.5190000E+03  0.1397974E-07
 0.5220000E+03  0.1446148E-07
 0.5250000E+03  0.1495496E-07
 0.5280000E+03  0.1546702E-07
 0.5310000E+03  0.1599821E-07
 0.5340000E+03  0.1654428E-07
 0.5370000E+03  0.1710278E-07
 0.5400000E+03  0.1767851E-07
 0.5430000E+03  0.1827474E-07
 0.5460000E+03  0.1889129E-07
 0.5490000E+03  0.1952478E-07
 0.5520000E+03  0.2017381E-07
 0.5550000E+03  0.2084322E-07
 0.5580000E+03  0.2153574E-07
 0.5610000E+03  0.2225214E-07
 0.5640000E+03  0.2298821E-07
 0.5670000E+03  0.2374275E-07
 0.5700000E+03  0.2451954E-07
 0.5730000E+03  0.2532335E-07
 0.5760000E+03  0.2615628E-07
 0.5790000E+03  0.2701342E-07
 0.5820000E+03  0.2789273E-07
 0.5850000E+03  0.2879559E-07
 0.5880000E+03  0.2972596E-07
 0.5910000E+03  0.3069090E-07
 0.5940000E+03  0.3168916E-07
 0.5970000E+03  0.3271714E-07
 0.6000000E+03  0.3377176E-07
 0.6030000E+03  0.3485146E-07
 0.6060000E+03  0.3596492E-07
 0.6090000E+03  0.3711778E-07
 0.6120000E+03  0.3831190E-07
 0.6150000E+03  0.3954633E-07
 0.6180000E+03  0.4081320E-07
 0.6210000E+03  0.4211220E-07
 0.6240000E+03  0.4344683E-07
 0.6270000E+03  0.4482125E-07
 0.6300000E+03  0.4624425E-07
 0.6330000E+03  0.4771681E-07
 0.6360000E+03  0.4923749E-07
 0.6390000E+03  0.5080625E-07
 0.6420000E+03  0.5241692E-07
 0.6450000E+03  0.5407025E-07
 0.6480000E+03  0.5577073E-07
 0.6510000E+03  0.5752150E-07
 0.6540000E+03  0.5933132E-07
 0.6570000E+03  0.6120476E-07
 0.6600000E+03  0.6313919E-07
 0.6630000E+03  0.6513602E-07
 0.6660000E+03  0.6719166E-07
 0.6690000E+03  0.6930309E-07
 0.6720000E+03  0.7147621E-07
 0.6750000E+03  0.7371273E-07
 0.6780000E+03  0.7601586E-07
 0.6810000E+03  0.7839487E-07
 0.6840000E+03  0.8085114E-07
 0.6870000E+03  0.8338564E-07
 0.6900000E+03  0.8600311E-07
 0.6930000E+03  0.8870202E-07
 0.6960000E+03  0.9148142E-07
 0.6990000E+03  0.9434874E-07
 0.7020000E+03  0.9730431E-07
 0.7050000E+03  0.1003463E-06
 0.7080000E+03  0.1034804E-06
 0.7110000E+03  0.1067066E-06
 0.7140000E+03  0.1100257E-06
 0.7170000E+03  0.1134484E-06
 0.7200000E+03  0.1169801E-06
 0.7230000E+03  0.1206241E-06
 0.7260000E+03  0.1243920E-06
 0.7290000E+03  0.1282903E-06
 0.7320000E+03  0.1323162E-06
 0.7350000E+03  0.1364734E-06
 0.7380000E+03  0.1407616E-06
 0.7410000E+03  0.1451704E-06
 0.7440000E+03  0.1497007E-06
 0.7470000E+03  0.1543602E-06
 0.7500000E+03  0.1591490E-06
 0.7530000E+03  0.1640759E-06
 0.7560000E+03  0.1691597E-06
 0.7590000E+03  0.1744102E-06
 0.7620000E+03  0.1798371E-06
 0.7650000E+03  0.1854614E-06
 0.7680000E+03  0.1912903E-06
 0.7710000E+03  0.1973180E-06
 0.7740000E+03  0.2035492E-06
 0.7770000E+03  0.2099864E-06
 0.7800000E+03  0.2166158E-06
 0.7830000E+03  0.2234350E-06
 0.7860000E+03  0.2304562E-06
 0.7890000E+03  0.2376768E-06
 0.7920000E+03  0.2450964E-06
 0.7950000E+03  0.2527385E-06
 0.7980000E+03  0.2606204E-06
 0.8010000E+03  0.2687452E-06
 0.8040000E+03  0.2771381E-06
 0.8070000E+03  0.2858275E-06
 0.8100000E+03  0.2948133E-06
 0.8130000E+03  0.3040974E-06
 0.8160000E+03  0.3137025E-06
 0.8190000E+03  0.3236294E-06
 0.8220000E+03  0.3338599E-06
 0.8250000E+03  0.3444066E-06
 0.8280000E+03  0.3552883E-06
 0.8310000E+03  0.3664907E-06
 0.8340000E+03  0.3780095E-06
 0.8370000E+03  0.3898762E-06
 0.8400000E+03  0.4020978E-06
 0.8430000E+03  0.4146537E-06
 0.8460000E+03  0.4275649E-06
 0.8490000E+03  0.4408709E-06
 0.8520000E+03  0.4545640E-06
 0.8550000E+03  0.4686440E-06
 0.8580000E+03  0.4831628E-06
 0.8610000E+03  0.4981418E-06
 0.8640000E+03  0.5135516E-06
 0.8670000E+03  0.5294063E-06
 0.8700000E+03  0.5457513E-06
 0.8730000E+03  0.5625638E-06
 0.8760000E+03  0.5798002E-06
 0.8790000E+03  0.5974953E-06
 0.8820000E+03  0.6156710E-06
 0.8850000E+03  0.6342501E-06
 0.8880000E+03  0.6531923E-06
 0.8910000E+03  0.6725430E-06
 0.8940000E+03  0.6922582E-06
 0.8970000E+03  0.7122117E-06
 0.9000000E+03  0.7323873E-06
 0.9030000E+03  0.7528042E-06
 0.9060000E+03  0.7733137E-06
 0.9090000E+03  0.7937442E-06
 0.9120000E+03  0.8140860E-06
 0.9150000E+03  0.8342539E-06
 0.9180000E+03  0.8539709E-06
 0.9210000E+03  0.8730582E-06
 0.9240000E+03  0.8914698E-06
 0.9270000E+03  0.9089612E-06
 0.9300000E+03  0.9251883E-06
 0.9330000E+03  0.9400353E-06
 0.9360000E+03  0.9534131E-06
 0.9390000E+03  0.9650453E-06
 0.9420000E+03  0.9748007E-06
 0.9450000E+03  0.9828526E-06
 0.9480000E+03  0.9894086E-06
 0.9510000E+03  0.9947930E-06
 0.9540000E+03  0.9997989E-06
 0.9570000E+03  0.1005772E-05
 0.9600000E+03  0.1014560E-05
 0.9630000E+03  0.1028725E-05
 0.9660000E+03  0.1052068E-05
 0.9690000E+03  0.1089839E-05
 0.9720000E+03  0.1148757E-05
 0.9750000E+03  0.1237927E-05
 0.9780000E+03  0.1369439E-05
 0.9810000E+03  0.1558427E-05
 0.9840000E+03  0.1824666E-05
 0.9870000E+03  0.2193396E-05
 0.9900000E+03  0.2695548E-05
 0.9930000E+03  0.3370709E-05
 0.9960000E+03  0.4267895E-05
 0.9990000E+03  0.5446487E-05
 0.1002000E+04  0.6980754E-05
 0.1005000E+04  0.8960270E-05
 0.1008000E+04  0.1149342E-04
 0.1011000E+04  0.1471219E-04
 0.1014000E+04  0.1877266E-04
 0.1017000E+04  0.2386332E-04
 0.1020000E+04  0.3020743E-04
 0.1023000E+04  0.3806751E-04
 0.1026000E+04  0.4775564E-04
 0.1029000E+04  0.5963421E-04
 0.1032000E+04  0.7412935E-04
 0.1035000E+04  0.9173472E-04
 0.1038000E+04  0.1130207E-03
 0.1041000E+04  0.1386487E-03
 0.1044000E+04  0.1693730E-03
 0.1047000E+04  0.2060623E-03
 0.1050000E+04  0.2497005E-03
 0.1053000E+04  0.3014089E-03
 0.1056000E+04  0.3624540E-03
 0.1059000E+04  0.4342605E-03
 0.1062000E+04  0.5184322E-03
 0.1065000E+04  0.6167549E-03
 0.1068000E+04  0.7312277E-03
 0.1071000E+04  0.8640580E-03
 0.1074000E+04  0.1017698E-02
 0.1077000E+04  0.1194839E-02
 0.1080000E+04  0.1398443E-02
 0.1083000E+04  0.1631744E-02
 0.1086000E+04  0.1898269E-02
 0.1089000E+04  0.2201843E-02
 0.1092000E+04  0.2546604E-02
 0.1095000E+04  0.2937011E-02
 0.1098000E+04  0.3377846E-02
 0.1101000E+04  0.3874225E-02
 0.1104000E+04  0.4431591E-02
 0.1107000E+04  0.5055724E-02
 0.1110000E+04  0.5752721E-02
 0.1113000E+04  0.6529004E-02
 0.1116000E+04  0.7391291E-02
 0.1119000E+04  0.8346603E-02
 0.1122000E+04  0.9402213E-02
 0.1125000E+04  0.1056565E-01
 0.1128000E+04  0.1184466E-01
 0.1131000E+04  0.1324716E-01
 0.1134000E+04  0.1478121E-01
 0.1137000E+04  0.1645499E-01
 0.1140000E+04  0.1827671E-01
 0.1143000E+04  0.2025461E-01
 0.1146000E+04  0.2239684E-01
 0.1149000E+04  0.2471148E-01
 0.1152000E+04  0.2720640E-01
 0.1155000E+04  0.2988925E-01
 0.1158000E+04  0.3276738E-01
 0.1161000E+04  0.3584774E-01
 0.1164000E+04  0.3913687E-01
 0.1167000E+04  0.4264073E-01
 0.1170000E+04  0.4636476E-01
 0.1173000E+04  0.5031369E-01
 0.1176000E+04  0.5449155E-01
 0.1179000E+04  0.5890156E-01
 0.1182000E+04  0.6354609E-01
 0.1185000E+04  0.6842659E-01
 0.1188000E+04  0.7354351E-01
 0.1191000E+04  0.7889635E-01
 0.1194000E+04  0.8448347E-01
 0.1197000E+04  0.9030219E-01
 0.1200000E+04  0.9634866E-01
 0.1203000E+04  0.1026179E+00
 0.1206000E+04  0.1091038E+00
 0.1209000E+04  0.1157990E+00
 0.1212000E+04  0.1226952E+00
 0.1215000E+04  0.1297826E+00
 0.1218000E+04  0.1370506E+00
 0.1221000E+04  0.1444874E+00
 0.1224000E+04  0.1520801E+00
 0.1227000E+04  0.1598151E+00
 0.1230000E+04  0.1676774E+00
 0.1233000E+04  0.1756516E+00
 0.1236000E+04  0.1837213E+00
 0.1239000E+04  0.1918693E+00
 0.1242000E+04  0.2000782E+00
 0.1245000E+04  0.2083295E+00
 0.1248000E+04  0.2166049E+00
 0.1251000E+04  0.2248853E+00
 0.1254000E+04  0.2331517E+00
 0.1257000E+04  0.2413849E+00
 0.1260000E+04  0.2495657E+00
 0.1263000E+04  0.2576750E+00
 0.1266000E+04  0.2656940E+00
 0.1269000E+04  0.2736042E+00
 0.1272000E+04  0.2813876E+00
 0.1275000E+04  0.2890266E+00
 0.1278000E+04  0.2965041E+00
 0.1281000E+04  0.3038042E+00
 0.1284000E+04  0.3109112E+00
 0.1287000E+04  0.3178106E+00
 0.1290000E+04  0.3244888E+00
 0.1293000E+04  0.3309331E+00
 0.1296000E+04  0.3371318E+00
 0.1299000E+04  0.3430743E+00
 0.1302000E+04  0.3487513E+00
 0.1305000E+04  0.3541542E+00
 0.1308000E+04  0.3592760E+00
 0.1311000E+04  0.3641106E+00
 0.1314000E+04  0.3686531E+00
 0.1317000E+04  0.3728996E+00
 0.1320000E+04  0.3768477E+00
 0.1323000E+04  0.3804957E+00
 0.1326000E+04  0.3838432E+00
 0.1329000E+04  0.3868909E+00
 0.1332000E+04  0.3896402E+00
 0.1335000E+04  0.3920939E+00
 0.1338000E+04  0.3942553E+00
 0.1341000E+04  0.3961289E+00
 0.1344000E+04  0.3977197E+00
 0.1347000E+04  0.3990337E+00
 0.1350000E+04  0.4000775E+00
 0.1353000E+04  0.4008584E+00
 0.1356000E+04  0.4013841E+00
 0.1359000E+04  0.4016632E+00
 0.1362000E+04  0.4017044E+00
 0.1365000E+04  0.4015170E+00
 0.1368000E+04  0.4011107E+00
 0.1371000E+04  0.4004952E+00
 0.1374000E+04  0.3996810E+00
 0.1377000E+04  0.3986783E+00
 0.1380000E+04  0.3974977E+00
 0.1383000E+04  0.3961500E+00
 0.1386000E+04  0.3946458E+00
 0.1389000E+04  0.3929961E+00
 0.1392000E+04  0.3912115E+00
 0.1395000E+04  0.3893030E+00
 0.1398000E+04  0.3872812E+00
 0.1401000E+04  0.3851568E+00
 0.1404000E+04  0.3829402E+00
 0.1407000E+04  0.3806419E+00
 0.1410000E+04  0.3782720E+00
 0.1413000E+04  0.3758405E+00
 0.1416000E+04  0.3733573E+00
 0.1419000E+04  0.3708319E+00
 0.1422000E+04  0.3682735E+00
 0.1425000E+04  0.3656913E+00
 0.1428000E+04  0.3630939E+00
 0.1431000E+04  0.3604898E+00
 0.1434000E+04  0.3578870E+00
 0.1437000E+04  0.3552935E+00
 0.1440000E+04  0.3527166E+00
 0.1443000E+04  0.3501633E+00
 0.1446000E+04  0.3476404E+00
 0.1449000E+04  0.3451541E+00
 0.1452000E+04  0.3427103E+00
 0.1455000E+04  0.3403146E+00
 0.1458000E+04  0.3379720E+00
 0.1461000E+04  0.3356872E+00
 0.1464000E+04  0.3334642E+00
 0.1467000E+04  0.3313071E+00
 0.1470000E+04  0.3292190E+00
 0.1473000E+04  0.3272029E+00
 0.1476000E+04  0.3252613E+00
 0.1479000E+04  0.3233961E+00
 0.1482000E+04  0.3216091E+00
 0.1485000E+04  0.3199015E+00
 0.1488000E+04  0.3182739E+00
 0.1491000E+04  0.3167269E+00
 0.1494000E+04  0.3152605E+00
 0.1497000E+04  0.3138743E+00
 0.1500000E+04  0.3125676E+00
 0.1503000E+04  0.3113395E+00
 0.1506000E+04  0.3101887E+00
 0.1509000E+04  0.3091137E+00
 0.1512000E+04  0.3081125E+00
 0.1515000E+04  0.3071832E+00
 0.1518000E+04  0.3063235E+00
 0.1521000E+04  0.3055311E+00
 0.1524000E+04  0.3048034E+00
 0.1527000E+04  0.3041378E+00
 0.1530000E+04  0.3035313E+00
 0.1533000E+04  0.3029814E+00
 0.1536000E+04  0.3024850E+00
 0.1539000E+04  0.3020393E+00
 0.1542000E+04  0.3016413E+00
 0.1545000E+04  0.3012882E+00
 0.1548000E+04  0.3009770E+00
 0.1551000E+04  0.3007051E+00
 0.1554000E+04  0.3004695E+00
 0.1557000E+04  0.3002675E+00
 0.1560000E+04  0.3000965E+00
 0.1563000E+04  0.2999540E+00
 0.1566000E+04  0.2998376E+00
 0.1569000E+04  0.2997447E+00
 0.1572000E+04  0.2996730E+00
 0.1575000E+04  0.2996204E+00
 0.1578000E+04  0.2995848E+00
 0.1581000E+04  0.2995642E+00
 0.1584000E+04  0.2995566E+00
 0.1587000E+04  0.2995601E+00
 0.1590000E+04  0.2995732E+00
 0.1593000E+04  0.2995940E+00
 0.1596000E+04  0.2996212E+00
 0.1599000E+04  0.2996531E+00
 0.1602000E+04  0.2996885E+00
 0.1605000E+04  0.2997262E+00
 0.1608000E+04  0.2997649E+00
 0.1611000E+04  0.2998037E+00
 0.1614000E+04  0.2998414E+00
 0.1617000E+04  0.2998774E+00
 0.1620000E+04  0.2999109E+00
 0.1623000E+04  0.2999412E+00
 0.1626000E+04  0.2999678E+00
 0.1629000E+04  0.2999903E+00
 0.1632000E+04  0.3000084E+00
 0.1635000E+04  0.3000218E+00
 0.1638000E+04  0.3000304E+00
 0.1641000E+04  0.3000342E+00
 0.1644000E+04  0.3000332E+00
 0.1647000E+04  0.3000276E+00
 0.1650000E+04  0.3000176E+00
 0.1653000E+04  0.3000033E+00
 0.1656000E+04  0.2999852E+00
 0.1659000E+04  0.2999635E+00
 0.1662000E+04  0.2999387E+00
 0.1665000E+04  0.2999111E+00
 0.1668000E+04  0.2998812E+00
 0.1671000E+04  0.2998493E+00
 0.1674000E+04  0.2998158E+00
 0.1677000E+04  0.2997812E+00
 0.1680000E+04  0.2997457E+00
 0.1683000E+04  0.2997096E+00
 0.1686000E+04  0.2996734E+00
 0.1689000E+04  0.2996372E+00
 0.1692000E+04  0.2996013E+00
 0.1695000E+04  0.2995658E+00
 0.1698000E+04  0.2995308E+00
 0.1701000E+04  0.2994965E+00
 0.1704000E+04  0.2994630E+00
 0.1707000E+04  0.2994304E+00
 0.1710000E+04  0.2993986E+00
 0.1713000E+04  0.2993678E+00
 0.1716000E+04  0.2993378E+00
 0.1719000E+04  0.2993088E+00
 0.1722000E+04  0.2992808E+00
 0.1725000E+04  0.2992537E+00
 0.1728000E+04  0.2992275E+00
 0.1731000E+04  0.2992025E+00
 0.1734000E+04  0.2991784E+00
 0.1737000E+04  0.2991554E+00
 0.1740000E+04  0.2991335E+00
 0.1743000E+04  0.2991127E+00
 0.1746000E+04  0.2990931E+00
 0.1749000E+04  0.2990748E+00
 0.1752000E+04  0.2990576E+00
 0.1755000E+04  0.2990416E+00
 0.1758000E+04  0.2990269E+00
 0.1761000E+04  0.2990134E+00
 0.1764000E+04  0.2990010E+00
 0.1767000E+04  0.2989897E+00
 0.1770000E+04  0.2989795E+00
 0.1773000E+04  0.2989702E+00
 0.1776000E+04  0.2989617E+00
 0.1779000E+04  0.2989539E+00
 0.1782000E+04  0.2989466E+00
 0.1785000E+04  0.2989398E+00
 0.1788000E+04  0.2989332E+00
 0.1791000E+04  0.2989267E+00
 0.1794000E+04  0.2989203E+00
 0.1797000E+04  0.2989137E+00
 0.1800000E+04  0.2989069E+00
 0.1803000E+04  0.2988999E+00
 0.1806000E+04  0.2988925E+00
 0.1809000E+04  0.2988847E+00
 0.1812000E+04  0.2988766E+00
 0.1815000E+04  0.2988681E+00
 0.1818000E+04  0.2988593E+00
 0.1821000E+04  0.2988502E+00
 0.1824000E+04  0.2988409E+00
 0.1827000E+04  0.2988315E+00
 0.1830000E+04  0.2988221E+00
 0.1833000E+04  0.2988127E+00
 0.1836000E+04  0.2988034E+00
 0.1839000E+04  0.2987943E+00
 0.1842000E+04  0.2987855E+00
 0.1845000E+04  0.2987770E+00
 0.1848000E+04  0.2987687E+00
 0.1851000E+04  0.2987608E+00
 0.1854000E+04  0.2987532E+00
 0.1857000E+04  0.2987460E+00
 0.1860000E+04  0.2987389E+00
 0.1863000E+04  0.2987321E+00
 0.1866000E+04  0.2987254E+00
 0.1869000E+04  0.2987188E+00
 0.1872000E+04  0.2987123E+00
 0.1875000E+04  0.2987058E+00
 0.1878000E+04  0.2986992E+00
 0.1881000E+04  0.2986926E+00
 0.1884000E+04  0.2986859E+00
 0.1887000E+04  0.2986790E+00
 0.1890000E+04  0.2986721E+00
 0.1893000E+04  0.2986651E+00
 0.1896000E+04  0.2986581E+00
 0.1899000E+04  0.2986512E+00
 0.1902000E+04  0.2986443E+00
 0.1905000E+04  0.2986375E+00
 0.1908000E+04  0.2986309E+00
 0.1911000E+04  0.2986246E+00
 0.1914000E+04  0.2986185E+00
 0.1917000E+04  0.2986127E+00
 0.1920000E+04  0.2986073E+00
 0.1923000E+04  0.2986021E+00
 0.1926000E+04  0.2985973E+00
 0.1929000E+04  0.2985927E+00
 0.1932000E+04  0.2985884E+00
 0.1935000E+04  0.2985843E+00
 0.1938000E+04  0.2985803E+00
 0.1941000E+04  0.2985765E+00
 0.1944000E+04  0.2985726E+00
 0.1947000E+04  0.2985687E+00
 0.1950000E+04  0.2985648E+00
 0.1953000E+04  0.2985607E+00
 0.1956000E+04  0.2985565E+00
 0.1959000E+04  0.2985521E+00
 0.1962000E+04  0.2985476E+00
 0.1965000E+04  0.2985430E+00
 0.1968000E+04  0.2985382E+00
 0.1971000E+04  0.2985334E+00
 0.1974000E+04  0.2985285E+00
 0.1977000E+04  0.2985237E+00
 0.1980000E+04  0.2985189E+00
 0.1983000E+04  0.2985143E+00
 0.1986000E+04  0.2985098E+00
 0.1989000E+04  0.2985055E+00
 0.1992000E+04  0.2985014E+00
 0.1995000E+04  0.2984976E+00
 0.1998000E+04  0.2984940E+00
 0.2001000E+04  0.2984905E+00
 0.2004000E+04  0.2984873E+00
 0.2007000E+04  0.2984841E+00
 0.2010000E+04  0.2984811E+00
 0.2013000E+04  0.2984782E+00
 0.2016000E+04  0.2984752E+00
 0.2019000E+04  0.2984722E+00
 0.2022000E+04  0.2984692E+00
 0.2025000E+04  0.2984660E+00
 0.2028000E+04  0.2984628E+00
 0.2031000E+04  0.2984594E+00
 0.2034000E+04  0.2984559E+00
 0.2037000E+04  0.2984523E+00
 0.2040000E+04  0.2984487E+00
 0.2043000E+04  0.2984450E+00
 0.2046000E+04  0.2984414E+00
 0.2049000E+04  0.2984377E+00
 0.2052000E+04  0.2984342E+00
 0.2055000E+04  0.2984308E+00
 0.2058000E+04  0.2984275E+00
 0.2061000E+04  0.2984245E+00
 0.2064000E+04  0.2984215E+00
 0.2067000E+04  0.2984188E+00
 0.2070000E+04  0.2984162E+00
 0.2073000E+04  0.2984138E+00
 0.2076000E+04  0.2984115E+00
 0.2079000E+04  0.2984093E+00
 0.2082000E+04  0.2984071E+00
 0.2085000E+04  0.2984049E+00
 0.2088000E+04  0.2984027E+00
 0.2091000E+04  0.2984005E+00
 0.2094000E+04  0.2983981E+00
 0.2097000E+04  0.2983957E+00
 0.2100000E+04  0.2983931E+00
 0.2103000E+04  0.2983904E+00
 0.2106000E+04  0.2983877E+00
 0.2109000E+04  0.2983849E+00
 0.2112000E+04  0.2983820E+00
 0.2115000E+04  0.2983792E+00
 0.2118000E+04  0.2983764E+00
 0.2121000E+04  0.2983736E+00
 0.2124000E+04  0.2983710E+00
 0.2127000E+04  0.2983685E+00
 0.2130000E+04  0.2983661E+00
 0.2133000E+04  0.2983638E+00
 0.2136000E+04  0.2983617E+00
 0.2139000E+04  0.2983598E+00
 0.2142000E+04  0.2983579E+00
 0.2145000E+04  0.2983561E+00
 0.2148000E+04  0.2983544E+00
 0.2151000E+04  0.2983527E+00
 0.2154000E+04  0.2983509E+00
 0.2157000E+04  0.2983491E+00
 0.2160000E+04  0.2983473E+00
 0.2163000E+04  0.2983454E+00
 0.2166000E+04  0.2983434E+00
 0.2169000E+04  0.2983413E+00
 0.2172000E+04  0.2983391E+00
 0.2175000E+04  0.2983369E+00
 0.2178000E+04  0.2983346E+00
 0.2181000E+04  0.2983323E+00
 0.2184000E+04  0.2983301E+00
 0.2187000E+04  0.2983279E+00
 0.2190000E+04  0.2983258E+00
 0.2193000E+04  0.2983237E+00
 0.2196000E+04  0.2983218E+00
 0.2199000E+04  0.2983200E+00
 0.2202000E+04  0.2983184E+00
 0.2205000E+04  0.2983168E+00
 0.2208000E+04  0.2983153E+00
 0.2211000E+04  0.2983139E+00
 0.2214000E+04  0.2983125E+00
 0.2217000E+04  0.2983112E+00
 0.2220000E+04  0.2983098E+00
 0.2223000E+04  0.2983084E+00
 0.2226000E+04  0.2983069E+00
 0.2229000E+04  0.2983053E+00
 0.2232000E+04  0.2983037E+00
 0.2235000E+04  0.2983020E+00
 0.2238000E+04  0.2983002E+00
 0.2241000E+04  0.2982984E+00
 0.2244000E+04  0.2982965E+00
 0.2247000E+04  0.2982946E+00
 0.2250000E+04  0.2982928E+00
 0.2253000E+04  0.2982910E+00
 0.2256000E+04  0.2982893E+00
 0.2259000E+04  0.2982877E+00
 0.2262000E+04  0.2982861E+00
 0.2265000E+04  0.2982847E+00
 0.2268000E+04  0.2982833E+00
 0.2271000E+04  0.2982821E+00
 0.2274000E+04  0.2982809E+00
 0.2277000E+04  0.2982797E+00
 0.2280000E+04  0.2982786E+00
 0.2283000E+04  0.2982775E+00
 0.2286000E+04  0.2982763E+00
 0.2289000E+04  0.2982751E+00
 0.2292000E+04  0.2982739E+00
 0.2295000E+04  0.2982726E+00
 0.2298000E+04  0.2982712E+00
 0.2301000E+04  0.2982697E+00
 0.2304000E+04  0.2982682E+00
 0.2307000E+04  0.2982667E+00
 0.2310000E+04  0.2982652E+00
 0.2313000E+04  0.2982636E+00
 0.2316000E+04  0.2982621E+00
 0.2319000E+04  0.2982607E+00
 0.2322000E+04  0.2982593E+00
 0.2325000E+04  0.2982580E+00
 0.2328000E+04  0.2982568E+00
 0.2331000E+04  0.2982557E+00
 0.2334000E+04  0.2982546E+00
 0.2337000E+04  0.2982536E+00
 0.2340000E+04  0.2982527E+00
 0.2343000E+04  0.2982517E+00
 0.2346000E+04  0.2982508E+00
 0.2349000E+04  0.2982498E+00
 0.2352000E+04  0.2982488E+00
 0.2355000E+04  0.2982478E+00
 0.2358000E+04  0.2982467E+00
 0.2361000E+04  0.2982455E+00
 0.2364000E+04  0.2982443E+00
 0.2367000E+04  0.2982430E+00
 0.2370000E+04  0.2982417E+00
 0.2373000E+04  0.2982404E+00
 0.2376000E+04  0.2982391E+00
 0.2379000E+04  0.2982379E+00
 0.2382000E+04  0.2982366E+00
 0.2385000E+04  0.2982355E+00
 0.2388000E+04  0.2982344E+00
 0.2391000E+04  0.2982334E+00
 0.2394000E+04  0.2982324E+00
 0.2397000E+04  0.2982315E+00
 0.2400000E+04  0.2982307E+00
 0.2403000E+04  0.2982299E+00
 0.2406000E+04  0.2982291E+00
 0.2409000E+04  0.2982283E+00
 0.2412000E+04  0.2982275E+00
 0.2415000E+04  0.2982266E+00
 0.2418000E+04  0.2982257E+00
 0.2421000E+04  0.2982247E+00
 0.2424000E+04  0.2982238E+00
 0.2427000E+04  0.2982227E+00
 0.2430000E+04  0.2982216E+00
 0.2433000E+04  0.2982205E+00
 0.2436000E+04  0.2982194E+00
 0.2439000E+04  0.2982183E+00
 0.2442000E+04  0.2982172E+00
 0.2445000E+04  0.2982162E+00
 0.2448000E+04  0.2982152E+00
 0.2451000E+04  0.2982143E+00
 0.2454000E+04  0.2982134E+00
 0.2457000E+04  0.2982126E+00
 0.2460000E+04  0.2982119E+00
 0.2463000E+04  0.2982112E+00
 0.2466000E+04  0.2982105E+00
 0.2469000E+04  0.2982098E+00
 0.2472000E+04  0.2982091E+00
 0.2475000E+04  0.2982084E+00
 0.2478000E+04  0.2982076E+00
 0.2481000E+04  0.2982068E+00
 0.2484000E+04  0.2982060E+00
 0.2487000E+04  0.2982051E+00
 0.2490000E+04  0.2982041E+00
 0.2493000E+04  0.2982032E+00
 0.2496000E+04  0.2982022E+00
 0.2499000E+04  0.2982013E+00
 0.2502000E+04  0.2982003E+00
 0.2505000E+04  0.2981994E+00
 0.2508000E+04  0.2981986E+00
 0.2511000E+04  0.2981978E+00
 0.2514000E+04  0.2981970E+00
 0.2517000E+04  0.2981963E+00
 0.2520000E+04  0.2981957E+00
 0.2523000E+04  0.2981950E+00
 0.2526000E+04  0.2981944E+00
 0.2529000E+04  0.2981938E+00
 0.2532000E+04  0.2981932E+00
 0.2535000E+04  0.2981926E+00
 0.2538000E+04  0.2981920E+00
 0.2541000E+04  0.2981913E+00
 0.2544000E+04  0.2981905E+00
 0.2547000E+04  0.2981897E+00
 0.2550000E+04  0.2981889E+00
 0.2553000E+04  0.2981881E+00
 0.2556000E+04  0.2981873E+00
 0.2559000E+04  0.2981864E+00
 0.2562000E+04  0.2981856E+00
 0.2565000E+04  0.2981848E+00
 0.2568000E+04  0.2981841E+00
 0.2571000E+04  0.2981834E+00
 0.2574000E+04  0.2981827E+00
 0.2577000E+04  0.2981821E+00
 0.2580000E+04  0.2981815E+00
 0.2583000E+04  0.2981809E+00
 0.2586000E+04  0.2981804E+00
 0.2589000E+04  0.2981799E+00
 0.2592000E+04  0.2981793E+00
 0.2595000E+04  0.2981788E+00
 0.2598000E+04  0.2981782E+00
 0.2601000E+04  0.2981776E+00
 0.2604000E+04  0.2981769E+00
 0.2607000E+04  0.2981763E+00
 0.2610000E+04  0.2981755E+00
 0.2613000E+04  0.2981748E+00
 0.2616000E+04  0.2981741E+00
 0.2619000E+04  0.2981733E+00
 0.2622000E+04  0.2981726E+00
 0.2625000E+04  0.2981719E+00
 0.2628000E+04  0.2981713E+00
 0.2631000E+04  0.2981706E+00
 0.2634000E+04  0.2981701E+00
 0.2637000E+04  0.2981695E+00
 0.2640000E+04  0.2981690E+00
 0.2643000E+04  0.2981685E+00
 0.2646000E+04  0.2981681E+00
 0.2649000E+04  0.2981676E+00
 0.2652000E+04  0.2981671E+00
 0.2655000E+04  0.2981666E+00
 0.2658000E+04  0.2981661E+00
 0.2661000E+04  0.2981655E+00
 0.2664000E+04  0.2981650E+00
 0.2667000E+04  0.2981643E+00
 0.2670000E+04  0.2981637E+00
 0.2673000E+04  0.2981630E+00
 0.2676000E+04  0.2981624E+00
 0.2679000E+04  0.2981617E+00
 0.2682000E+04  0.2981611E+00
 0.2685000E+04  0.2981605E+00
 0.2688000E+04  0.2981599E+00
 0.2691000E+04  0.2981594E+00
 0.2694000E+04  0.2981589E+00
 0.2697000E+04  0.2981584E+00
 0.2700000E+04  0.2981579E+00
 0.2703000E+04  0.2981575E+00
 0.2706000E+04  0.2981571E+00
 0.2709000E+04  0.2981567E+00
 0.2712000E+04  0.2981562E+00
 0.2715000E+04  0.2981558E+00
 0.2718000E+04  0.2981553E+00
 0.2721000E+04  0.2981548E+00
 0.2724000E+04  0.2981543E+00
 0.2727000E+04  0.2981537E+00
 0.2730000E+04  0.2981531E+00
 0.2733000E+04  0.2981526E+00
 0.2736000E+04  0.2981520E+00
 0.2739000E+04  0.2981514E+00
 0.2742000E+04  0.2981508E+00
 0.2745000E+04  0.2981503E+00
 0.2748000E+04  0.2981498E+00
 0.2751000E+04  0.2981493E+00
 0.2754000E+04  0.2981489E+00
 0.2757000E+04  0.2981485E+00
 0.2760000E+04  0.2981481E+00
 0.2763000E+04  0.2981477E+00
 0.2766000E+04  0.2981474E+00
 0.2769000E+04  0.2981470E+00
 0.2772000E+04  0.2981466E+00
 0.2775000E+04  0.2981461E+00
 0.2778000E+04  0.2981457E+00
 0.2781000E+04  0.2981452E+00
 0.2784000E+04  0.2981447E+00
 0.2787000E+04  0.2981442E+00
 0.2790000E+04  0.2981437E+00
 0.2793000E+04  0.2981432E+00
 0.2796000E+04  0.2981426E+00
 0.2799000E+04  0.2981421E+00
 0.2802000E+04  0.2981417E+00
 0.2805000E+04  0.2981412E+00
 0.2808000E+04  0.2981408E+00
 0.2811000E+04  0.2981404E+00
 0.2814000E+04  0.2981400E+00
 0.2817000E+04  0.2981397E+00
 0.2820000E+04  0.2981393E+00
 0.2823000E+04  0.2981390E+00
 0.2826000E+04  0.2981386E+00
 0.2829000E+04  0.2981383E+00
 0.2832000E+04  0.2981379E+00
 0.2835000E+04  0.2981375E+00
 0.2838000E+04  0.2981371E+00
 0.2841000E+04  0.2981367E+00
 0.2844000E+04  0.2981362E+00
 0.2847000E+04  0.2981357E+00
 0.2850000E+04  0.2981352E+00
 0.2853000E+04  0.2981348E+00
 0.2856000E+04  0.2981343E+00
 0.2859000E+04  0.2981339E+00
 0.2862000E+04  0.2981334E+00
 0.2865000E+04  0.2981330E+00
 0.2868000E+04  0.2981327E+00
 0.2871000E+04  0.2981323E+00
 0.2874000E+04  0.2981320E+00
 0.2877000E+04  0.2981317E+00
 0.2880000E+04  0.2981314E+00
 0.2883000E+04  0.2981310E+00
 0.2886000E+04  0.2981307E+00
 0.2889000E+04  0.2981304E+00
 0.2892000E+04  0.2981300E+00
 0.2895000E+04  0.2981297E+00
 0.2898000E+04  0.2981293E+00
 0.2901000E+04  0.2981288E+00
 0.2904000E+04  0.2981284E+00
 0.2907000E+04  0.2981280E+00
 0.2910000E+04  0.2981276E+00
 0.2913000E+04  0.2981272E+00
 0.2916000E+04  0.2981268E+00
 0.2919000E+04  0.2981265E+00
 0.2922000E+04  0.2981261E+00
 0.2925000E+04  0.2981258E+00
 0.2928000E+04  0.2981256E+00
 0.2931000E+04  0.2981253E+00
 0.2934000E+04  0.2981250E+00
 0.2937000E+04  0.2981248E+00
 0.2940000E+04  0.2981245E+00
 0.2943000E+04  0.2981242E+00
 0.2946000E+04  0.2981239E+00
 0.2949000E+04  0.2981236E+00
 0.2952000E+04  0.2981232E+00
 0.2955000E+04  0.2981229E+00
 0.2958000E+04  0.2981225E+00
 0.2961000E+04  0.2981221E+00
 0.2964000E+04  0.2981218E+00
 0.2967000E+04  0.2981214E+00
 0.2970000E+04  0.2981210E+00
 0.2973000E+04  0.2981206E+00
 0.2976000E+04  0.2981202E+00
 0.2979000E+04  0.2981199E+00
 0.2982000E+04  0.2981195E+00
 0.2985000E+04  0.2981192E+00
 0.2988000E+04  0.2981189E+00
 0.2991000E+04  0.2981187E+00
 0.2994000E+04  0.2981185E+00
 0.2997000E+04  0.2981182E+00
 0.3000000E+04  0.2981180E+00
