 0.0000000E+00  0.2034448E-03 -0.2499998E+01 -0.2499999E+01  0.9999996E+00
 0.5000000E-02  0.2035387E-03 -0.2500007E+01 -0.2500009E+01  0.9999995E+00
 0.1000000E-01  0.2036706E-03 -0.2500060E+01 -0.2500062E+01  0.9999993E+00
 0.1500000E-01  0.2038653E-03 -0.2500155E+01 -0.2500157E+01  0.9999991E+00
 0.2000000E-01  0.2041207E-03 -0.2500293E+01 -0.2500295E+01  0.9999989E+00
 0.2500000E-01  0.2044363E-03 -0.2500473E+01 -0.2500476E+01  0.9999987E+00
 0.3000000E-01  0.2048009E-03 -0.2500696E+01 -0.2500700E+01  0.9999985E+00
 0.3500000E-01  0.2052668E-03 -0.2500962E+01 -0.2500966E+01  0.9999983E+00
 0.4000000E-01  0.2057202E-03 -0.2501270E+01 -0.2501274E+01  0.9999982E+00
 0.4500000E-01  0.2062507E-03 -0.2501620E+01 -0.2501625E+01  0.9999980E+00
 0.5000000E-01  0.2067997E-03 -0.2502013E+01 -0.2502019E+01  0.9999978E+00
 0.5500000E-01  0.2074401E-03 -0.2502449E+01 -0.2502455E+01  0.9999976E+00
 0.6000000E-01  0.2080628E-03 -0.2502926E+01 -0.2502933E+01  0.9999974E+00
 0.6500000E-01  0.2087277E-03 -0.2503446E+01 -0.2503453E+01  0.9999973E+00
 0.7000000E-01  0.2094242E-03 -0.2504009E+01 -0.2504016E+01  0.9999971E+00
 0.7500000E-01  0.2100273E-03 -0.2504613E+01 -0.2504621E+01  0.9999969E+00
 0.8000000E-01  0.2107775E-03 -0.2505260E+01 -0.2505268E+01  0.9999967E+00
 0.8500000E-01  0.2114294E-03 -0.2505948E+01 -0.2505957E+01  0.9999966E+00
 0.9000000E-01  0.2121445E-03 -0.2506679E+01 -0.2506688E+01  0.9999964E+00
 0.9500000E-01  0.2127505E-03 -0.2507451E+01 -0.2507461E+01  0.9999962E+00
 0.1000000E+00  0.2133726E-03 -0.2508265E+01 -0.2508275E+01  0.9999961E+00
 0.1050000E+00  0.2139500E-03 -0.2509121E+01 -0.2509132E+01  0.9999959E+00
 0.1100000E+00  0.2146527E-03 -0.2510019E+01 -0.2510029E+01  0.9999957E+00
 0.1150000E+00  0.2152515E-03 -0.2510957E+01 -0.2510969E+01  0.9999955E+00
 0.1200000E+00  0.2157815E-03 -0.2511938E+01 -0.2511949E+01  0.9999954E+00
 0.1250000E+00  0.2162812E-03 -0.2512959E+01 -0.2512971E+01  0.9999952E+00
 0.1300000E+00  0.2166930E-03 -0.2514022E+01 -0.2514034E+01  0.9999950E+00
 0.1350000E+00  0.2169608E-03 -0.2515125E+01 -0.2515138E+01  0.9999949E+00
 0.1400000E+00  0.2173281E-03 -0.2516270E+01 -0.2516283E+01  0.9999947E+00
 0.1450000E+00  0.2178553E-03 -0.2517455E+01 -0.2517469E+01  0.9999945E+00
 0.1500000E+00  0.2179994E-03 -0.2518681E+01 -0.2518695E+01  0.9999944E+00
 0.1550000E+00  0.2182135E-03 -0.2519947E+01 -0.2519962E+01  0.9999942E+00
 0.1600000E+00  0.2185588E-03 -0.2521254E+01 -0.2521269E+01  0.9999940E+00
 0.1650000E+00  0.2184804E-03 -0.2522601E+01 -0.2522616E+01  0.9999939E+00
 0.1700000E+00  0.2188493E-03 -0.2523987E+01 -0.2524003E+01  0.9999937E+00
 0.1750000E+00  0.2186578E-03 -0.2525414E+01 -0.2525430E+01  0.9999935E+00
 0.1800000E+00  0.2188910E-03 -0.2526880E+01 -0.2526897E+01  0.9999934E+00
 0.1850000E+00  0.2187506E-03 -0.2528386E+01 -0.2528403E+01  0.9999932E+00
 0.1900000E+00  0.2186604E-03 -0.2529931E+01 -0.2529949E+01  0.9999930E+00
 0.1950000E+00  0.2187615E-03 -0.2531516E+01 -0.2531534E+01  0.9999929E+00
 0.2000000E+00  0.2183227E-03 -0.2533139E+01 -0.2533158E+01  0.9999927E+00
 0.2050000E+00  0.2183345E-03 -0.2534801E+01 -0.2534820E+01  0.9999925E+00
 0.2100000E+00  0.2182924E-03 -0.2536502E+01 -0.2536521E+01  0.9999924E+00
 0.2150000E+00  0.2177495E-03 -0.2538241E+01 -0.2538261E+01  0.9999922E+00
 0.2200000E+00  0.2175840E-03 -0.2540019E+01 -0.2540039E+01  0.9999920E+00
 0.2250000E+00  0.2176004E-03 -0.2541834E+01 -0.2541855E+01  0.9999919E+00
 0.2300000E+00  0.2171170E-03 -0.2543687E+01 -0.2543708E+01  0.9999917E+00
 0.2350000E+00  0.2166154E-03 -0.2545578E+01 -0.2545600E+01  0.9999915E+00
 0.2400000E+00  0.2164955E-03 -0.2547506E+01 -0.2547528E+01  0.9999914E+00
 0.2450000E+00  0.2163538E-03 -0.2549472E+01 -0.2549494E+01  0.9999912E+00
 0.2500000E+00  0.2158646E-03 -0.2551474E+01 -0.2551497E+01  0.9999910E+00
 0.2550000E+00  0.2152825E-03 -0.2553513E+01 -0.2553537E+01  0.9999909E+00
 0.2600000E+00  0.2149379E-03 -0.2555589E+01 -0.2555613E+01  0.9999907E+00
 0.2650000E+00  0.2148598E-03 -0.2557701E+01 -0.2557725E+01  0.9999906E+00
 0.2700000E+00  0.2146233E-03 -0.2559849E+01 -0.2559874E+01  0.9999904E+00
 0.2750000E+00  0.2141002E-03 -0.2562033E+01 -0.2562058E+01  0.9999902E+00
 0.2800000E+00  0.2135131E-03 -0.2564252E+01 -0.2564278E+01  0.9999901E+00
 0.2850000E+00  0.2131413E-03 -0.2566507E+01 -0.2566533E+01  0.9999899E+00
 0.2900000E+00  0.2128825E-03 -0.2568798E+01 -0.2568824E+01  0.9999897E+00
 0.2950000E+00  0.2128109E-03 -0.2571122E+01 -0.2571149E+01  0.9999896E+00
 0.3000000E+00  0.2125021E-03 -0.2573482E+01 -0.2573509E+01  0.9999894E+00
 0.3050000E+00  0.2121239E-03 -0.2575876E+01 -0.2575904E+01  0.9999892E+00
 0.3100000E+00  0.2116338E-03 -0.2578304E+01 -0.2578332E+01  0.9999891E+00
 0.3150000E+00  0.2111376E-03 -0.2580767E+01 -0.2580795E+01  0.9999889E+00
 0.3200000E+00  0.2109101E-03 -0.2583262E+01 -0.2583291E+01  0.9999888E+00
 0.3250000E+00  0.2107918E-03 -0.2585792E+01 -0.2585821E+01  0.9999886E+00
 0.3300000E+00  0.2107074E-03 -0.2588354E+01 -0.2588384E+01  0.9999884E+00
 0.3350000E+00  0.2105441E-03 -0.2590949E+01 -0.2590980E+01  0.9999883E+00
 0.3400000E+00  0.2103267E-03 -0.2593577E+01 -0.2593608E+01  0.9999881E+00
 0.3450000E+00  0.2100042E-03 -0.2596238E+01 -0.2596269E+01  0.9999880E+00
 0.3500000E+00  0.2096592E-03 -0.2598930E+01 -0.2598962E+01  0.9999878E+00
 0.3550000E+00  0.2093466E-03 -0.2601655E+01 -0.2601687E+01  0.9999876E+00
 0.3600000E+00  0.2091366E-03 -0.2604411E+01 -0.2604444E+01  0.9999875E+00
 0.3650000E+00  0.2090122E-03 -0.2607199E+01 -0.2607232E+01  0.9999873E+00
 0.3700000E+00  0.2089956E-03 -0.2610017E+01 -0.2610051E+01  0.9999872E+00
 0.3750000E+00  0.2090044E-03 -0.2612867E+01 -0.2612901E+01  0.9999870E+00
 0.3800000E+00  0.2090520E-03 -0.2615747E+01 -0.2615782E+01  0.9999868E+00
 0.3850000E+00  0.2090834E-03 -0.2618658E+01 -0.2618693E+01  0.9999867E+00
 0.3900000E+00  0.2090223E-03 -0.2621599E+01 -0.2621634E+01  0.9999865E+00
 0.3950000E+00  0.2089528E-03 -0.2624569E+01 -0.2624605E+01  0.9999864E+00
 0.4000000E+00  0.2087648E-03 -0.2627570E+01 -0.2627606E+01  0.9999862E+00
 0.4050000E+00  0.2085870E-03 -0.2630599E+01 -0.2630636E+01  0.9999861E+00
 0.4100000E+00  0.2084772E-03 -0.2633658E+01 -0.2633695E+01  0.9999859E+00
 0.4150000E+00  0.2083765E-03 -0.2636746E+01 -0.2636784E+01  0.9999857E+00
 0.4200000E+00  0.2083742E-03 -0.2639862E+01 -0.2639900E+01  0.9999856E+00
 0.4250000E+00  0.2084020E-03 -0.2643007E+01 -0.2643045E+01  0.9999854E+00
 0.4300000E+00  0.2084957E-03 -0.2646180E+01 -0.2646219E+01  0.9999853E+00
 0.4350000E+00  0.2086973E-03 -0.2649380E+01 -0.2649420E+01  0.9999851E+00
 0.4400000E+00  0.2088369E-03 -0.2652608E+01 -0.2652648E+01  0.9999850E+00
 0.4450000E+00  0.2090286E-03 -0.2655864E+01 -0.2655905E+01  0.9999848E+00
 0.4500000E+00  0.2091698E-03 -0.2659147E+01 -0.2659188E+01  0.9999847E+00
 0.4550000E+00  0.2092924E-03 -0.2662457E+01 -0.2662498E+01  0.9999845E+00
 0.4600000E+00  0.2094262E-03 -0.2665793E+01 -0.2665835E+01  0.9999844E+00
 0.4650000E+00  0.2094499E-03 -0.2669157E+01 -0.2669199E+01  0.9999842E+00
 0.4700000E+00  0.2095083E-03 -0.2672545E+01 -0.2672588E+01  0.9999841E+00
 0.4750000E+00  0.2096155E-03 -0.2675960E+01 -0.2676003E+01  0.9999839E+00
 0.4800000E+00  0.2095649E-03 -0.2679401E+01 -0.2679445E+01  0.9999838E+00
 0.4850000E+00  0.2096343E-03 -0.2682868E+01 -0.2682912E+01  0.9999836E+00
 0.4900000E+00  0.2096464E-03 -0.2686359E+01 -0.2686403E+01  0.9999834E+00
 0.4950000E+00  0.2098164E-03 -0.2689875E+01 -0.2689920E+01  0.9999833E+00
 0.5000000E+00  0.2098228E-03 -0.2693417E+01 -0.2693462E+01  0.9999831E+00
 0.5050000E+00  0.2099885E-03 -0.2696983E+01 -0.2697029E+01  0.9999830E+00
 0.5100000E+00  0.2101086E-03 -0.2700573E+01 -0.2700619E+01  0.9999828E+00
 0.5150000E+00  0.2104324E-03 -0.2704187E+01 -0.2704233E+01  0.9999827E+00
 0.5200000E+00  0.2105942E-03 -0.2707825E+01 -0.2707872E+01  0.9999826E+00
 0.5250000E+00  0.2108201E-03 -0.2711488E+01 -0.2711536E+01  0.9999824E+00
 0.5300000E+00  0.2110194E-03 -0.2715174E+01 -0.2715222E+01  0.9999823E+00
 0.5350000E+00  0.2114003E-03 -0.2718882E+01 -0.2718931E+01  0.9999821E+00
 0.5400000E+00  0.2117240E-03 -0.2722613E+01 -0.2722662E+01  0.9999820E+00
 0.5450000E+00  0.2119797E-03 -0.2726368E+01 -0.2726418E+01  0.9999818E+00
 0.5500000E+00  0.2122391E-03 -0.2730146E+01 -0.2730197E+01  0.9999817E+00
 0.5550000E+00  0.2124773E-03 -0.2733947E+01 -0.2733997E+01  0.9999815E+00
 0.5600000E+00  0.2128984E-03 -0.2737768E+01 -0.2737819E+01  0.9999814E+00
 0.5650000E+00  0.2132098E-03 -0.2741612E+01 -0.2741663E+01  0.9999812E+00
 0.5700000E+00  0.2134960E-03 -0.2745478E+01 -0.2745530E+01  0.9999811E+00
 0.5750000E+00  0.2137378E-03 -0.2749367E+01 -0.2749419E+01  0.9999809E+00
 0.5800000E+00  0.2139520E-03 -0.2753276E+01 -0.2753329E+01  0.9999808E+00
 0.5850000E+00  0.2142854E-03 -0.2757207E+01 -0.2757260E+01  0.9999806E+00
 0.5900000E+00  0.2146482E-03 -0.2761158E+01 -0.2761212E+01  0.9999805E+00
 0.5950000E+00  0.2149648E-03 -0.2765130E+01 -0.2765184E+01  0.9999804E+00
 0.6000000E+00  0.2153297E-03 -0.2769123E+01 -0.2769178E+01  0.9999802E+00
 0.6050000E+00  0.2155654E-03 -0.2773138E+01 -0.2773193E+01  0.9999801E+00
 0.6100000E+00  0.2159075E-03 -0.2777172E+01 -0.2777228E+01  0.9999799E+00
 0.6150000E+00  0.2163259E-03 -0.2781227E+01 -0.2781283E+01  0.9999798E+00
 0.6200000E+00  0.2167937E-03 -0.2785300E+01 -0.2785357E+01  0.9999796E+00
 0.6250000E+00  0.2172823E-03 -0.2789394E+01 -0.2789451E+01  0.9999795E+00
 0.6300000E+00  0.2177714E-03 -0.2793508E+01 -0.2793565E+01  0.9999793E+00
 0.6350000E+00  0.2182308E-03 -0.2797641E+01 -0.2797699E+01  0.9999792E+00
 0.6400000E+00  0.2186344E-03 -0.2801795E+01 -0.2801853E+01  0.9999791E+00
 0.6450000E+00  0.2192374E-03 -0.2805966E+01 -0.2806025E+01  0.9999789E+00
 0.6500000E+00  0.2198421E-03 -0.2810157E+01 -0.2810216E+01  0.9999788E+00
 0.6550000E+00  0.2205568E-03 -0.2814365E+01 -0.2814425E+01  0.9999786E+00
 0.6600000E+00  0.2213247E-03 -0.2818592E+01 -0.2818652E+01  0.9999785E+00
 0.6650000E+00  0.2221060E-03 -0.2822838E+01 -0.2822899E+01  0.9999783E+00
 0.6700000E+00  0.2227853E-03 -0.2827103E+01 -0.2827165E+01  0.9999782E+00
 0.6750000E+00  0.2234565E-03 -0.2831387E+01 -0.2831449E+01  0.9999780E+00
 0.6800000E+00  0.2242930E-03 -0.2835688E+01 -0.2835751E+01  0.9999779E+00
 0.6850000E+00  0.2251570E-03 -0.2840007E+01 -0.2840070E+01  0.9999778E+00
 0.6900000E+00  0.2260715E-03 -0.2844343E+01 -0.2844407E+01  0.9999776E+00
 0.6950000E+00  0.2270459E-03 -0.2848696E+01 -0.2848760E+01  0.9999775E+00
 0.7000000E+00  0.2281076E-03 -0.2853067E+01 -0.2853132E+01  0.9999773E+00
 0.7050000E+00  0.2291483E-03 -0.2857456E+01 -0.2857521E+01  0.9999772E+00
 0.7100000E+00  0.2299974E-03 -0.2861863E+01 -0.2861929E+01  0.9999770E+00
 0.7150000E+00  0.2309833E-03 -0.2866287E+01 -0.2866353E+01  0.9999769E+00
 0.7200000E+00  0.2319832E-03 -0.2870729E+01 -0.2870796E+01  0.9999768E+00
 0.7250000E+00  0.2331189E-03 -0.2875186E+01 -0.2875253E+01  0.9999766E+00
 0.7300000E+00  0.2341789E-03 -0.2879660E+01 -0.2879728E+01  0.9999765E+00
 0.7350000E+00  0.2354618E-03 -0.2884148E+01 -0.2884217E+01  0.9999763E+00
 0.7400000E+00  0.2367201E-03 -0.2888654E+01 -0.2888723E+01  0.9999762E+00
 0.7450000E+00  0.2380514E-03 -0.2893176E+01 -0.2893246E+01  0.9999760E+00
 0.7500000E+00  0.2393467E-03 -0.2897715E+01 -0.2897785E+01  0.9999759E+00
 0.7550000E+00  0.2405467E-03 -0.2902270E+01 -0.2902341E+01  0.9999757E+00
 0.7600000E+00  0.2419405E-03 -0.2906840E+01 -0.2906911E+01  0.9999756E+00
 0.7650000E+00  0.2433658E-03 -0.2911426E+01 -0.2911498E+01  0.9999754E+00
 0.7700000E+00  0.2449300E-03 -0.2916026E+01 -0.2916098E+01  0.9999753E+00
 0.7750000E+00  0.2466836E-03 -0.2920640E+01 -0.2920712E+01  0.9999751E+00
 0.7800000E+00  0.2484299E-03 -0.2925269E+01 -0.2925342E+01  0.9999750E+00
 0.7850000E+00  0.2505431E-03 -0.2929910E+01 -0.2929983E+01  0.9999749E+00
 0.7900000E+00  0.2527257E-03 -0.2934565E+01 -0.2934640E+01  0.9999747E+00
 0.7950000E+00  0.2549490E-03 -0.2939236E+01 -0.2939311E+01  0.9999746E+00
 0.8000000E+00  0.2574480E-03 -0.2943918E+01 -0.2943993E+01  0.9999744E+00
 0.8050000E+00  0.2598559E-03 -0.2948616E+01 -0.2948692E+01  0.9999743E+00
 0.8100000E+00  0.2624973E-03 -0.2953327E+01 -0.2953403E+01  0.9999741E+00
 0.8150000E+00  0.2653607E-03 -0.2958050E+01 -0.2958127E+01  0.9999740E+00
 0.8200000E+00  0.2682772E-03 -0.2962788E+01 -0.2962865E+01  0.9999738E+00
 0.8250000E+00  0.2715384E-03 -0.2967535E+01 -0.2967613E+01  0.9999737E+00
 0.8300000E+00  0.2751448E-03 -0.2972293E+01 -0.2972372E+01  0.9999735E+00
 0.8350000E+00  0.2786721E-03 -0.2977067E+01 -0.2977146E+01  0.9999734E+00
 0.8400000E+00  0.2827467E-03 -0.2981849E+01 -0.2981929E+01  0.9999732E+00
 0.8450000E+00  0.2870652E-03 -0.2986642E+01 -0.2986722E+01  0.9999731E+00
 0.8500000E+00  0.2912490E-03 -0.2991451E+01 -0.2991532E+01  0.9999729E+00
 0.8550000E+00  0.2955498E-03 -0.2996272E+01 -0.2996354E+01  0.9999728E+00
 0.8600000E+00  0.3001475E-03 -0.3001104E+01 -0.3001186E+01  0.9999726E+00
 0.8650000E+00  0.3045355E-03 -0.3005952E+01 -0.3006035E+01  0.9999725E+00
 0.8700000E+00  0.3089809E-03 -0.3010814E+01 -0.3010897E+01  0.9999723E+00
 0.8750000E+00  0.3136457E-03 -0.3015687E+01 -0.3015771E+01  0.9999721E+00
 0.8800000E+00  0.3182487E-03 -0.3020574E+01 -0.3020658E+01  0.9999720E+00
 0.8850000E+00  0.3227286E-03 -0.3025475E+01 -0.3025561E+01  0.9999718E+00
 0.8900000E+00  0.3274468E-03 -0.3030388E+01 -0.3030474E+01  0.9999717E+00
 0.8950000E+00  0.3320651E-03 -0.3035314E+01 -0.3035401E+01  0.9999715E+00
 0.9000000E+00  0.3363828E-03 -0.3040258E+01 -0.3040345E+01  0.9999714E+00
 0.9050000E+00  0.3408330E-03 -0.3045214E+01 -0.3045302E+01  0.9999712E+00
 0.9100000E+00  0.3451826E-03 -0.3050184E+01 -0.3050272E+01  0.9999711E+00
 0.9150000E+00  0.3490029E-03 -0.3055173E+01 -0.3055262E+01  0.9999709E+00
 0.9200000E+00  0.3525909E-03 -0.3060177E+01 -0.3060266E+01  0.9999708E+00
 0.9250000E+00  0.3559857E-03 -0.3065196E+01 -0.3065286E+01  0.9999706E+00
 0.9300000E+00  0.3589610E-03 -0.3070233E+01 -0.3070324E+01  0.9999705E+00
 0.9350000E+00  0.3614081E-03 -0.3075290E+01 -0.3075381E+01  0.9999703E+00
 0.9400000E+00  0.3635812E-03 -0.3080362E+01 -0.3080454E+01  0.9999701E+00
 0.9450000E+00  0.3656040E-03 -0.3085448E+01 -0.3085541E+01  0.9999700E+00
 0.9500000E+00  0.3670527E-03 -0.3090554E+01 -0.3090647E+01  0.9999698E+00
 0.9550000E+00  0.3681493E-03 -0.3095676E+01 -0.3095770E+01  0.9999697E+00
 0.9600000E+00  0.3690305E-03 -0.3100812E+01 -0.3100907E+01  0.9999695E+00
 0.9650000E+00  0.3698082E-03 -0.3105962E+01 -0.3106057E+01  0.9999694E+00
 0.9700000E+00  0.3703099E-03 -0.3111127E+01 -0.3111223E+01  0.9999692E+00
 0.9750000E+00  0.3703962E-03 -0.3116310E+01 -0.3116406E+01  0.9999690E+00
 0.9800000E+00  0.3705943E-03 -0.3121503E+01 -0.3121600E+01  0.9999689E+00
 0.9850000E+00  0.3706979E-03 -0.3126708E+01 -0.3126806E+01  0.9999687E+00
 0.9900000E+00  0.3707026E-03 -0.3131927E+01 -0.3132025E+01  0.9999686E+00
 0.9950000E+00  0.3704691E-03 -0.3137159E+01 -0.3137259E+01  0.9999684E+00
 0.1000000E+01  0.3704062E-03 -0.3142401E+01 -0.3142501E+01  0.9999683E+00
 0.1005000E+01  0.3707191E-03 -0.3147650E+01 -0.3147751E+01  0.9999681E+00
 0.1010000E+01  0.3712770E-03 -0.3152908E+01 -0.3153009E+01  0.9999680E+00
 0.1015000E+01  0.3720451E-03 -0.3158174E+01 -0.3158276E+01  0.9999678E+00
 0.1020000E+01  0.3735778E-03 -0.3163443E+01 -0.3163546E+01  0.9999676E+00
 0.1025000E+01  0.3759228E-03 -0.3168713E+01 -0.3168816E+01  0.9999675E+00
 0.1030000E+01  0.3793598E-03 -0.3173981E+01 -0.3174084E+01  0.9999673E+00
 0.1035000E+01  0.3836075E-03 -0.3179250E+01 -0.3179354E+01  0.9999672E+00
 0.1040000E+01  0.3889933E-03 -0.3184516E+01 -0.3184621E+01  0.9999670E+00
 0.1045000E+01  0.3958947E-03 -0.3189774E+01 -0.3189880E+01  0.9999669E+00
 0.1050000E+01  0.4047300E-03 -0.3195020E+01 -0.3195127E+01  0.9999667E+00
 0.1055000E+01  0.4150338E-03 -0.3200260E+01 -0.3200367E+01  0.9999665E+00
 0.1060000E+01  0.4273511E-03 -0.3205486E+01 -0.3205593E+01  0.9999664E+00
 0.1065000E+01  0.4413951E-03 -0.3210701E+01 -0.3210810E+01  0.9999662E+00
 0.1070000E+01  0.4581327E-03 -0.3215895E+01 -0.3216004E+01  0.9999661E+00
 0.1075000E+01  0.4770369E-03 -0.3221073E+01 -0.3221183E+01  0.9999659E+00
 0.1080000E+01  0.4986584E-03 -0.3226229E+01 -0.3226340E+01  0.9999658E+00
 0.1085000E+01  0.5224408E-03 -0.3231369E+01 -0.3231480E+01  0.9999656E+00
 0.1090000E+01  0.5490516E-03 -0.3236485E+01 -0.3236597E+01  0.9999655E+00
 0.1095000E+01  0.5787301E-03 -0.3241574E+01 -0.3241687E+01  0.9999653E+00
 0.1100000E+01  0.6115369E-03 -0.3246636E+01 -0.3246750E+01  0.9999651E+00
 0.1105000E+01  0.6478120E-03 -0.3251667E+01 -0.3251781E+01  0.9999650E+00
 0.1110000E+01  0.6869068E-03 -0.3256673E+01 -0.3256788E+01  0.9999648E+00
 0.1115000E+01  0.7294308E-03 -0.3261648E+01 -0.3261764E+01  0.9999647E+00
 0.1120000E+01  0.7753607E-03 -0.3266593E+01 -0.3266709E+01  0.9999645E+00
 0.1125000E+01  0.8255965E-03 -0.3271495E+01 -0.3271612E+01  0.9999644E+00
 0.1130000E+01  0.8796170E-03 -0.3276361E+01 -0.3276479E+01  0.9999642E+00
 0.1135000E+01  0.9368354E-03 -0.3281198E+01 -0.3281317E+01  0.9999641E+00
 0.1140000E+01  0.9980905E-03 -0.3285996E+01 -0.3286116E+01  0.9999639E+00
 0.1145000E+01  0.1062834E-02 -0.3290762E+01 -0.3290883E+01  0.9999638E+00
 0.1150000E+01  0.1131927E-02 -0.3295485E+01 -0.3295606E+01  0.9999636E+00
 0.1155000E+01  0.1205101E-02 -0.3300169E+01 -0.3300291E+01  0.9999634E+00
 0.1160000E+01  0.1281882E-02 -0.3304818E+01 -0.3304941E+01  0.9999633E+00
 0.1165000E+01  0.1362437E-02 -0.3309431E+01 -0.3309555E+01  0.9999631E+00
 0.1170000E+01  0.1445745E-02 -0.3314021E+01 -0.3314145E+01  0.9999630E+00
 0.1175000E+01  0.1532964E-02 -0.3318572E+01 -0.3318698E+01  0.9999628E+00
 0.1180000E+01  0.1624167E-02 -0.3323085E+01 -0.3323212E+01  0.9999627E+00
 0.1185000E+01  0.1718129E-02 -0.3327574E+01 -0.3327701E+01  0.9999625E+00
 0.1190000E+01  0.1815812E-02 -0.3332026E+01 -0.3332155E+01  0.9999624E+00
 0.1195000E+01  0.1915828E-02 -0.3336460E+01 -0.3336590E+01  0.9999622E+00
 0.1200000E+01  0.2017619E-02 -0.3340881E+01 -0.3341012E+01  0.9999621E+00
 0.1205000E+01  0.2122735E-02 -0.3345271E+01 -0.3345402E+01  0.9999619E+00
 0.1210000E+01  0.2230297E-02 -0.3349639E+01 -0.3349772E+01  0.9999618E+00
 0.1215000E+01  0.2339606E-02 -0.3353996E+01 -0.3354130E+01  0.9999616E+00
 0.1220000E+01  0.2451987E-02 -0.3358325E+01 -0.3358460E+01  0.9999615E+00
 0.1225000E+01  0.2564894E-02 -0.3362655E+01 -0.3362792E+01  0.9999613E+00
 0.1230000E+01  0.2678925E-02 -0.3366981E+01 -0.3367119E+01  0.9999611E+00
 0.1235000E+01  0.2794334E-02 -0.3371298E+01 -0.3371437E+01  0.9999610E+00
 0.1240000E+01  0.2910546E-02 -0.3375614E+01 -0.3375755E+01  0.9999608E+00
 0.1245000E+01  0.3027572E-02 -0.3379929E+01 -0.3380071E+01  0.9999607E+00
 0.1250000E+01  0.3145946E-02 -0.3384236E+01 -0.3384379E+01  0.9999605E+00
 0.1255000E+01  0.3264353E-02 -0.3388550E+01 -0.3388695E+01  0.9999604E+00
 0.1260000E+01  0.3381566E-02 -0.3392887E+01 -0.3393033E+01  0.9999602E+00
 0.1265000E+01  0.3499011E-02 -0.3397229E+01 -0.3397377E+01  0.9999601E+00
 0.1270000E+01  0.3615640E-02 -0.3401588E+01 -0.3401738E+01  0.9999599E+00
 0.1275000E+01  0.3730893E-02 -0.3405973E+01 -0.3406124E+01  0.9999598E+00
 0.1280000E+01  0.3846497E-02 -0.3410360E+01 -0.3410513E+01  0.9999596E+00
 0.1285000E+01  0.3960598E-02 -0.3414774E+01 -0.3414929E+01  0.9999595E+00
 0.1290000E+01  0.4072874E-02 -0.3419218E+01 -0.3419374E+01  0.9999593E+00
 0.1295000E+01  0.4183084E-02 -0.3423694E+01 -0.3423852E+01  0.9999591E+00
 0.1300000E+01  0.4291230E-02 -0.3428203E+01 -0.3428362E+01  0.9999590E+00
 0.1305000E+01  0.4396057E-02 -0.3432759E+01 -0.3432920E+01  0.9999588E+00
 0.1310000E+01  0.4498987E-02 -0.3437346E+01 -0.3437508E+01  0.9999587E+00
 0.1315000E+01  0.4599992E-02 -0.3441963E+01 -0.3442127E+01  0.9999585E+00
 0.1320000E+01  0.4697759E-02 -0.3446627E+01 -0.3446792E+01  0.9999584E+00
 0.1325000E+01  0.4792529E-02 -0.3451334E+01 -0.3451501E+01  0.9999582E+00
 0.1330000E+01  0.4884113E-02 -0.3456086E+01 -0.3456255E+01  0.9999581E+00
 0.1335000E+01  0.4972647E-02 -0.3460883E+01 -0.3461053E+01  0.9999579E+00
 0.1340000E+01  0.5056237E-02 -0.3465746E+01 -0.3465918E+01  0.9999578E+00
 0.1345000E+01  0.5137128E-02 -0.3470649E+01 -0.3470823E+01  0.9999576E+00
 0.1350000E+01  0.5214184E-02 -0.3475605E+01 -0.3475780E+01  0.9999575E+00
 0.1355000E+01  0.5287839E-02 -0.3480609E+01 -0.3480786E+01  0.9999573E+00
 0.1360000E+01  0.5357556E-02 -0.3485668E+01 -0.3485846E+01  0.9999571E+00
 0.1365000E+01  0.5424901E-02 -0.3490762E+01 -0.3490942E+01  0.9999570E+00
 0.1370000E+01  0.5488092E-02 -0.3495913E+01 -0.3496094E+01  0.9999568E+00
 0.1375000E+01  0.5547178E-02 -0.3501120E+01 -0.3501303E+01  0.9999567E+00
 0.1380000E+01  0.5602200E-02 -0.3506383E+01 -0.3506567E+01  0.9999565E+00
 0.1385000E+01  0.5654666E-02 -0.3511684E+01 -0.3511869E+01  0.9999564E+00
 0.1390000E+01  0.5703439E-02 -0.3517036E+01 -0.3517223E+01  0.9999562E+00
 0.1395000E+01  0.5748709E-02 -0.3522437E+01 -0.3522625E+01  0.9999561E+00
 0.1400000E+01  0.5791678E-02 -0.3527872E+01 -0.3528061E+01  0.9999559E+00
 0.1405000E+01  0.5832233E-02 -0.3533343E+01 -0.3533533E+01  0.9999558E+00
 0.1410000E+01  0.5870227E-02 -0.3538851E+01 -0.3539042E+01  0.9999556E+00
 0.1415000E+01  0.5904983E-02 -0.3544404E+01 -0.3544597E+01  0.9999554E+00
 0.1420000E+01  0.5938110E-02 -0.3549984E+01 -0.3550178E+01  0.9999553E+00
 0.1425000E+01  0.5968956E-02 -0.3555597E+01 -0.3555793E+01  0.9999551E+00
 0.1430000E+01  0.5998289E-02 -0.3561236E+01 -0.3561432E+01  0.9999550E+00
 0.1435000E+01  0.6025734E-02 -0.3566903E+01 -0.3567100E+01  0.9999548E+00
 0.1440000E+01  0.6052615E-02 -0.3572583E+01 -0.3572782E+01  0.9999547E+00
 0.1445000E+01  0.6078981E-02 -0.3578276E+01 -0.3578476E+01  0.9999545E+00
 0.1450000E+01  0.6104735E-02 -0.3583983E+01 -0.3584184E+01  0.9999544E+00
 0.1455000E+01  0.6130584E-02 -0.3589694E+01 -0.3589896E+01  0.9999542E+00
 0.1460000E+01  0.6156376E-02 -0.3595413E+01 -0.3595616E+01  0.9999541E+00
 0.1465000E+01  0.6183106E-02 -0.3601127E+01 -0.3601331E+01  0.9999539E+00
 0.1470000E+01  0.6210589E-02 -0.3606837E+01 -0.3607043E+01  0.9999538E+00
 0.1475000E+01  0.6239160E-02 -0.3612541E+01 -0.3612747E+01  0.9999536E+00
 0.1480000E+01  0.6269453E-02 -0.3618230E+01 -0.3618437E+01  0.9999534E+00
 0.1485000E+01  0.6301698E-02 -0.3623901E+01 -0.3624110E+01  0.9999533E+00
 0.1490000E+01  0.6336666E-02 -0.3629546E+01 -0.3629756E+01  0.9999531E+00
 0.1495000E+01  0.6374455E-02 -0.3635163E+01 -0.3635374E+01  0.9999530E+00
 0.1500000E+01  0.6415302E-02 -0.3640749E+01 -0.3640962E+01  0.9999528E+00
 0.1505000E+01  0.6459910E-02 -0.3646295E+01 -0.3646510E+01  0.9999527E+00
 0.1510000E+01  0.6508663E-02 -0.3651798E+01 -0.3652014E+01  0.9999525E+00
 0.1515000E+01  0.6562181E-02 -0.3657249E+01 -0.3657466E+01  0.9999524E+00
 0.1520000E+01  0.6620400E-02 -0.3662649E+01 -0.3662868E+01  0.9999522E+00
 0.1525000E+01  0.6683483E-02 -0.3667997E+01 -0.3668218E+01  0.9999521E+00
 0.1530000E+01  0.6752158E-02 -0.3673283E+01 -0.3673505E+01  0.9999519E+00
 0.1535000E+01  0.6826872E-02 -0.3678502E+01 -0.3678726E+01  0.9999518E+00
 0.1540000E+01  0.6907773E-02 -0.3683653E+01 -0.3683879E+01  0.9999516E+00
 0.1545000E+01  0.6995481E-02 -0.3688727E+01 -0.3688955E+01  0.9999515E+00
 0.1550000E+01  0.7089604E-02 -0.3693730E+01 -0.3693960E+01  0.9999513E+00
 0.1555000E+01  0.7191456E-02 -0.3698645E+01 -0.3698877E+01  0.9999512E+00
 0.1560000E+01  0.7301773E-02 -0.3703464E+01 -0.3703699E+01  0.9999510E+00
 0.1565000E+01  0.7419571E-02 -0.3708199E+01 -0.3708436E+01  0.9999509E+00
 0.1570000E+01  0.7546525E-02 -0.3712829E+01 -0.3713069E+01  0.9999507E+00
 0.1575000E+01  0.7681218E-02 -0.3717371E+01 -0.3717614E+01  0.9999506E+00
 0.1580000E+01  0.7825292E-02 -0.3721806E+01 -0.3722052E+01  0.9999504E+00
 0.1585000E+01  0.7979384E-02 -0.3726126E+01 -0.3726375E+01  0.9999503E+00
 0.1590000E+01  0.8141922E-02 -0.3730349E+01 -0.3730602E+01  0.9999501E+00
 0.1595000E+01  0.8314175E-02 -0.3734462E+01 -0.3734718E+01  0.9999500E+00
 0.1600000E+01  0.8495122E-02 -0.3738475E+01 -0.3738734E+01  0.9999498E+00
 0.1605000E+01  0.8686742E-02 -0.3742364E+01 -0.3742628E+01  0.9999497E+00
 0.1610000E+01  0.8889723E-02 -0.3746123E+01 -0.3746391E+01  0.9999495E+00
 0.1615000E+01  0.9103654E-02 -0.3749755E+01 -0.3750028E+01  0.9999494E+00
 0.1620000E+01  0.9326904E-02 -0.3753280E+01 -0.3753557E+01  0.9999492E+00
 0.1625000E+01  0.9562021E-02 -0.3756667E+01 -0.3756950E+01  0.9999491E+00
 0.1630000E+01  0.9808124E-02 -0.3759928E+01 -0.3760216E+01  0.9999489E+00
 0.1635000E+01  0.1006591E-01 -0.3763053E+01 -0.3763347E+01  0.9999487E+00
 0.1640000E+01  0.1033602E-01 -0.3766035E+01 -0.3766335E+01  0.9999486E+00
 0.1645000E+01  0.1061540E-01 -0.3768910E+01 -0.3769217E+01  0.9999484E+00
 0.1650000E+01  0.1090608E-01 -0.3771654E+01 -0.3771968E+01  0.9999483E+00
 0.1655000E+01  0.1120848E-01 -0.3774263E+01 -0.3774584E+01  0.9999481E+00
 0.1660000E+01  0.1152260E-01 -0.3776735E+01 -0.3777064E+01  0.9999480E+00
 0.1665000E+01  0.1184711E-01 -0.3779088E+01 -0.3779425E+01  0.9999479E+00
 0.1670000E+01  0.1218634E-01 -0.3781268E+01 -0.3781614E+01  0.9999477E+00
 0.1675000E+01  0.1253444E-01 -0.3783346E+01 -0.3783702E+01  0.9999476E+00
 0.1680000E+01  0.1289510E-01 -0.3785278E+01 -0.3785644E+01  0.9999474E+00
 0.1685000E+01  0.1326851E-01 -0.3787062E+01 -0.3787438E+01  0.9999473E+00
 0.1690000E+01  0.1365544E-01 -0.3788687E+01 -0.3789074E+01  0.9999471E+00
 0.1695000E+01  0.1405311E-01 -0.3790189E+01 -0.3790587E+01  0.9999470E+00
 0.1700000E+01  0.1446371E-01 -0.3791539E+01 -0.3791950E+01  0.9999468E+00
 0.1705000E+01  0.1488407E-01 -0.3792777E+01 -0.3793200E+01  0.9999467E+00
 0.1710000E+01  0.1531668E-01 -0.3793871E+01 -0.3794309E+01  0.9999465E+00
 0.1715000E+01  0.1576048E-01 -0.3794836E+01 -0.3795288E+01  0.9999464E+00
 0.1720000E+01  0.1621821E-01 -0.3795638E+01 -0.3796106E+01  0.9999462E+00
 0.1725000E+01  0.1668524E-01 -0.3796333E+01 -0.3796816E+01  0.9999461E+00
 0.1730000E+01  0.1716562E-01 -0.3796871E+01 -0.3797372E+01  0.9999459E+00
 0.1735000E+01  0.1765590E-01 -0.3797295E+01 -0.3797813E+01  0.9999458E+00
 0.1740000E+01  0.1815855E-01 -0.3797575E+01 -0.3798111E+01  0.9999456E+00
 0.1745000E+01  0.1867447E-01 -0.3797700E+01 -0.3798255E+01  0.9999455E+00
 0.1750000E+01  0.1920441E-01 -0.3797660E+01 -0.3798236E+01  0.9999453E+00
 0.1755000E+01  0.1974457E-01 -0.3797501E+01 -0.3798100E+01  0.9999452E+00
 0.1760000E+01  0.2029517E-01 -0.3797222E+01 -0.3797843E+01  0.9999450E+00
 0.1765000E+01  0.2085835E-01 -0.3796795E+01 -0.3797440E+01  0.9999449E+00
 0.1770000E+01  0.2143277E-01 -0.3796238E+01 -0.3796907E+01  0.9999447E+00
 0.1775000E+01  0.2201930E-01 -0.3795539E+01 -0.3796234E+01  0.9999446E+00
 0.1780000E+01  0.2261581E-01 -0.3794724E+01 -0.3795446E+01  0.9999444E+00
 0.1785000E+01  0.2322617E-01 -0.3793747E+01 -0.3794498E+01  0.9999443E+00
 0.1790000E+01  0.2384395E-01 -0.3792685E+01 -0.3793465E+01  0.9999441E+00
 0.1795000E+01  0.2447320E-01 -0.3791488E+01 -0.3792300E+01  0.9999440E+00
 0.1800000E+01  0.2511491E-01 -0.3790146E+01 -0.3790990E+01  0.9999438E+00
 0.1805000E+01  0.2576939E-01 -0.3788655E+01 -0.3789533E+01  0.9999437E+00
 0.1810000E+01  0.2643390E-01 -0.3787047E+01 -0.3787960E+01  0.9999435E+00
 0.1815000E+01  0.2711189E-01 -0.3785281E+01 -0.3786230E+01  0.9999434E+00
 0.1820000E+01  0.2780150E-01 -0.3783379E+01 -0.3784367E+01  0.9999432E+00
 0.1825000E+01  0.2849920E-01 -0.3781383E+01 -0.3782411E+01  0.9999431E+00
 0.1830000E+01  0.2920990E-01 -0.3779236E+01 -0.3780305E+01  0.9999429E+00
 0.1835000E+01  0.2993190E-01 -0.3776956E+01 -0.3778068E+01  0.9999428E+00
 0.1840000E+01  0.3066782E-01 -0.3774513E+01 -0.3775670E+01  0.9999426E+00
 0.1845000E+01  0.3141204E-01 -0.3771973E+01 -0.3773177E+01  0.9999425E+00
 0.1850000E+01  0.3216675E-01 -0.3769312E+01 -0.3770564E+01  0.9999423E+00
 0.1855000E+01  0.3293339E-01 -0.3766510E+01 -0.3767813E+01  0.9999422E+00
 0.1860000E+01  0.3370808E-01 -0.3763616E+01 -0.3764970E+01  0.9999421E+00
 0.1865000E+01  0.3449483E-01 -0.3760580E+01 -0.3761988E+01  0.9999419E+00
 0.1870000E+01  0.3529208E-01 -0.3757421E+01 -0.3758886E+01  0.9999418E+00
 0.1875000E+01  0.3610338E-01 -0.3754097E+01 -0.3755620E+01  0.9999416E+00
 0.1880000E+01  0.3692568E-01 -0.3750645E+01 -0.3752228E+01  0.9999415E+00
 0.1885000E+01  0.3775476E-01 -0.3747114E+01 -0.3748760E+01  0.9999413E+00
 0.1890000E+01  0.3859993E-01 -0.3743394E+01 -0.3745104E+01  0.9999412E+00
 0.1895000E+01  0.3945352E-01 -0.3739575E+01 -0.3741353E+01  0.9999410E+00
 0.1900000E+01  0.4031811E-01 -0.3735628E+01 -0.3737475E+01  0.9999409E+00
 0.1905000E+01  0.4119498E-01 -0.3731537E+01 -0.3733455E+01  0.9999407E+00
 0.1910000E+01  0.4208321E-01 -0.3727313E+01 -0.3729305E+01  0.9999406E+00
 0.1915000E+01  0.4298592E-01 -0.3722918E+01 -0.3724987E+01  0.9999404E+00
 0.1920000E+01  0.4389357E-01 -0.3718466E+01 -0.3720615E+01  0.9999403E+00
 0.1925000E+01  0.4481247E-01 -0.3713883E+01 -0.3716113E+01  0.9999401E+00
 0.1930000E+01  0.4574187E-01 -0.3709176E+01 -0.3711491E+01  0.9999400E+00
 0.1935000E+01  0.4668233E-01 -0.3704340E+01 -0.3706742E+01  0.9999398E+00
 0.1940000E+01  0.4763398E-01 -0.3699373E+01 -0.3701865E+01  0.9999397E+00
 0.1945000E+01  0.4859440E-01 -0.3694303E+01 -0.3696888E+01  0.9999395E+00
 0.1950000E+01  0.4956954E-01 -0.3689059E+01 -0.3691740E+01  0.9999394E+00
 0.1955000E+01  0.5055542E-01 -0.3683690E+01 -0.3686470E+01  0.9999392E+00
 0.1960000E+01  0.5154983E-01 -0.3678221E+01 -0.3681103E+01  0.9999391E+00
 0.1965000E+01  0.5255265E-01 -0.3672654E+01 -0.3675641E+01  0.9999389E+00
 0.1970000E+01  0.5357068E-01 -0.3666908E+01 -0.3670002E+01  0.9999388E+00
 0.1975000E+01  0.5459920E-01 -0.3661038E+01 -0.3664244E+01  0.9999386E+00
 0.1980000E+01  0.5564286E-01 -0.3654989E+01 -0.3658310E+01  0.9999385E+00
 0.1985000E+01  0.5669305E-01 -0.3648864E+01 -0.3652304E+01  0.9999383E+00
 0.1990000E+01  0.5775646E-01 -0.3642584E+01 -0.3646145E+01  0.9999382E+00
 0.1995000E+01  0.5883144E-01 -0.3636167E+01 -0.3639854E+01  0.9999380E+00
 0.2000000E+01  0.5991499E-01 -0.3629650E+01 -0.3633466E+01  0.9999379E+00
 0.2005000E+01  0.6100741E-01 -0.3623030E+01 -0.3626978E+01  0.9999378E+00
 0.2010000E+01  0.6211116E-01 -0.3616276E+01 -0.3620360E+01  0.9999376E+00
 0.2015000E+01  0.6322570E-01 -0.3609395E+01 -0.3613619E+01  0.9999375E+00
 0.2020000E+01  0.6435349E-01 -0.3602358E+01 -0.3606725E+01  0.9999373E+00
 0.2025000E+01  0.6549108E-01 -0.3595205E+01 -0.3599721E+01  0.9999372E+00
 0.2030000E+01  0.6663467E-01 -0.3587984E+01 -0.3592651E+01  0.9999370E+00
 0.2035000E+01  0.6779095E-01 -0.3580612E+01 -0.3585435E+01  0.9999369E+00
 0.2040000E+01  0.6895834E-01 -0.3573110E+01 -0.3578092E+01  0.9999367E+00
 0.2045000E+01  0.7013236E-01 -0.3565529E+01 -0.3570675E+01  0.9999366E+00
 0.2050000E+01  0.7131909E-01 -0.3557799E+01 -0.3563113E+01  0.9999364E+00
 0.2055000E+01  0.7251599E-01 -0.3549950E+01 -0.3555436E+01  0.9999363E+00
 0.2060000E+01  0.7372391E-01 -0.3541970E+01 -0.3547632E+01  0.9999361E+00
 0.2065000E+01  0.7494585E-01 -0.3533825E+01 -0.3539668E+01  0.9999360E+00
 0.2070000E+01  0.7617508E-01 -0.3525593E+01 -0.3531623E+01  0.9999358E+00
 0.2075000E+01  0.7740860E-01 -0.3517313E+01 -0.3523533E+01  0.9999357E+00
 0.2080000E+01  0.7865622E-01 -0.3508866E+01 -0.3515280E+01  0.9999355E+00
 0.2085000E+01  0.7991111E-01 -0.3500334E+01 -0.3506947E+01  0.9999354E+00
 0.2090000E+01  0.8117507E-01 -0.3491696E+01 -0.3498513E+01  0.9999352E+00
 0.2095000E+01  0.8244832E-01 -0.3482948E+01 -0.3489973E+01  0.9999351E+00
 0.2100000E+01  0.8373109E-01 -0.3474088E+01 -0.3481325E+01  0.9999349E+00
 0.2105000E+01  0.8501886E-01 -0.3465169E+01 -0.3472624E+01  0.9999348E+00
 0.2110000E+01  0.8632191E-01 -0.3456069E+01 -0.3463748E+01  0.9999346E+00
 0.2115000E+01  0.8763035E-01 -0.3446907E+01 -0.3454813E+01  0.9999345E+00
 0.2120000E+01  0.8894171E-01 -0.3437711E+01 -0.3445848E+01  0.9999343E+00
 0.2125000E+01  0.9026363E-01 -0.3428390E+01 -0.3436764E+01  0.9999342E+00
 0.2130000E+01  0.9159434E-01 -0.3418966E+01 -0.3427582E+01  0.9999340E+00
 0.2135000E+01  0.9293268E-01 -0.3409452E+01 -0.3418315E+01  0.9999339E+00
 0.2140000E+01  0.9428210E-01 -0.3399807E+01 -0.3408922E+01  0.9999337E+00
 0.2145000E+01  0.9563961E-01 -0.3390066E+01 -0.3399439E+01  0.9999336E+00
 0.2150000E+01  0.9700402E-01 -0.3380244E+01 -0.3389880E+01  0.9999334E+00
 0.2155000E+01  0.9837958E-01 -0.3370291E+01 -0.3380196E+01  0.9999333E+00
 0.2160000E+01  0.9976131E-01 -0.3360265E+01 -0.3370444E+01  0.9999331E+00
 0.2165000E+01  0.1011507E+00 -0.3350148E+01 -0.3360605E+01  0.9999330E+00
 0.2170000E+01  0.1025429E+00 -0.3340000E+01 -0.3350741E+01  0.9999328E+00
 0.2175000E+01  0.1039469E+00 -0.3329712E+01 -0.3340742E+01  0.9999327E+00
 0.2180000E+01  0.1053546E+00 -0.3319380E+01 -0.3330705E+01  0.9999325E+00
 0.2185000E+01  0.1067717E+00 -0.3308936E+01 -0.3320562E+01  0.9999324E+00
 0.2190000E+01  0.1081992E+00 -0.3298370E+01 -0.3310303E+01  0.9999322E+00
 0.2195000E+01  0.1096289E+00 -0.3287779E+01 -0.3300022E+01  0.9999321E+00
 0.2200000E+01  0.1110636E+00 -0.3277128E+01 -0.3289688E+01  0.9999319E+00
 0.2205000E+01  0.1125022E+00 -0.3266433E+01 -0.3279315E+01  0.9999317E+00
 0.2210000E+01  0.1139494E+00 -0.3255635E+01 -0.3268844E+01  0.9999316E+00
 0.2215000E+01  0.1153992E+00 -0.3244808E+01 -0.3258349E+01  0.9999314E+00
 0.2220000E+01  0.1168518E+00 -0.3233947E+01 -0.3247825E+01  0.9999313E+00
 0.2225000E+01  0.1183110E+00 -0.3223008E+01 -0.3237229E+01  0.9999311E+00
 0.2230000E+01  0.1197732E+00 -0.3212036E+01 -0.3226605E+01  0.9999310E+00
 0.2235000E+01  0.1212455E+00 -0.3200943E+01 -0.3215867E+01  0.9999308E+00
 0.2240000E+01  0.1227213E+00 -0.3189810E+01 -0.3205094E+01  0.9999307E+00
 0.2245000E+01  0.1242032E+00 -0.3178605E+01 -0.3194254E+01  0.9999305E+00
 0.2250000E+01  0.1256860E+00 -0.3167388E+01 -0.3183408E+01  0.9999304E+00
 0.2255000E+01  0.1271716E+00 -0.3156139E+01 -0.3172534E+01  0.9999302E+00
 0.2260000E+01  0.1286668E+00 -0.3144777E+01 -0.3161554E+01  0.9999301E+00
 0.2265000E+01  0.1301614E+00 -0.3133422E+01 -0.3150586E+01  0.9999299E+00
 0.2270000E+01  0.1316633E+00 -0.3121981E+01 -0.3139538E+01  0.9999298E+00
 0.2275000E+01  0.1331674E+00 -0.3110514E+01 -0.3128469E+01  0.9999296E+00
 0.2280000E+01  0.1346747E+00 -0.3099009E+01 -0.3117368E+01  0.9999295E+00
 0.2285000E+01  0.1361878E+00 -0.3087435E+01 -0.3106203E+01  0.9999293E+00
 0.2290000E+01  0.1377049E+00 -0.3075813E+01 -0.3094996E+01  0.9999292E+00
 0.2295000E+01  0.1392285E+00 -0.3064114E+01 -0.3083718E+01  0.9999290E+00
 0.2300000E+01  0.1407550E+00 -0.3052380E+01 -0.3072412E+01  0.9999289E+00
 0.2305000E+01  0.1422797E+00 -0.3040670E+01 -0.3061133E+01  0.9999287E+00
 0.2310000E+01  0.1438084E+00 -0.3028913E+01 -0.3049813E+01  0.9999286E+00
 0.2315000E+01  0.1453423E+00 -0.3017093E+01 -0.3038437E+01  0.9999284E+00
 0.2320000E+01  0.1468801E+00 -0.3005228E+01 -0.3027021E+01  0.9999283E+00
 0.2325000E+01  0.1484228E+00 -0.2993304E+01 -0.3015552E+01  0.9999281E+00
 0.2330000E+01  0.1499668E+00 -0.2981365E+01 -0.3004073E+01  0.9999280E+00
 0.2335000E+01  0.1515212E+00 -0.2969302E+01 -0.2992478E+01  0.9999278E+00
 0.2340000E+01  0.1530733E+00 -0.2957266E+01 -0.2980915E+01  0.9999277E+00
 0.2345000E+01  0.1546316E+00 -0.2945155E+01 -0.2969283E+01  0.9999275E+00
 0.2350000E+01  0.1561999E+00 -0.2932926E+01 -0.2957541E+01  0.9999274E+00
 0.2355000E+01  0.1577714E+00 -0.2920659E+01 -0.2945767E+01  0.9999272E+00
 0.2360000E+01  0.1593402E+00 -0.2908425E+01 -0.2934030E+01  0.9999271E+00
 0.2365000E+01  0.1609156E+00 -0.2896110E+01 -0.2922219E+01  0.9999269E+00
 0.2370000E+01  0.1624929E+00 -0.2883772E+01 -0.2910391E+01  0.9999268E+00
 0.2375000E+01  0.1640798E+00 -0.2871319E+01 -0.2898456E+01  0.9999266E+00
 0.2380000E+01  0.1656684E+00 -0.2858844E+01 -0.2886505E+01  0.9999265E+00
 0.2385000E+01  0.1672629E+00 -0.2846302E+01 -0.2874493E+01  0.9999263E+00
 0.2390000E+01  0.1688633E+00 -0.2833687E+01 -0.2862415E+01  0.9999262E+00
 0.2395000E+01  0.1704660E+00 -0.2821044E+01 -0.2850316E+01  0.9999260E+00
 0.2400000E+01  0.1720676E+00 -0.2808415E+01 -0.2838235E+01  0.9999259E+00
 0.2405000E+01  0.1736765E+00 -0.2795701E+01 -0.2826076E+01  0.9999257E+00
 0.2410000E+01  0.1752872E+00 -0.2782963E+01 -0.2813900E+01  0.9999256E+00
 0.2415000E+01  0.1769009E+00 -0.2770188E+01 -0.2801693E+01  0.9999255E+00
 0.2420000E+01  0.1785124E+00 -0.2757440E+01 -0.2789518E+01  0.9999253E+00
 0.2425000E+01  0.1801252E+00 -0.2744677E+01 -0.2777332E+01  0.9999252E+00
 0.2430000E+01  0.1817393E+00 -0.2731896E+01 -0.2765135E+01  0.9999250E+00
 0.2435000E+01  0.1833595E+00 -0.2719044E+01 -0.2752874E+01  0.9999249E+00
 0.2440000E+01  0.1849754E+00 -0.2706243E+01 -0.2740668E+01  0.9999247E+00
 0.2445000E+01  0.1865991E+00 -0.2693348E+01 -0.2728376E+01  0.9999246E+00
 0.2450000E+01  0.1882265E+00 -0.2680406E+01 -0.2716043E+01  0.9999244E+00
 0.2455000E+01  0.1898505E+00 -0.2667506E+01 -0.2703757E+01  0.9999243E+00
 0.2460000E+01  0.1914775E+00 -0.2654570E+01 -0.2691441E+01  0.9999241E+00
 0.2465000E+01  0.1930988E+00 -0.2641699E+01 -0.2679193E+01  0.9999240E+00
 0.2470000E+01  0.1947248E+00 -0.2628771E+01 -0.2666895E+01  0.9999238E+00
 0.2475000E+01  0.1963576E+00 -0.2615762E+01 -0.2654524E+01  0.9999237E+00
 0.2480000E+01  0.1979868E+00 -0.2602793E+01 -0.2642197E+01  0.9999236E+00
 0.2485000E+01  0.1996146E+00 -0.2589844E+01 -0.2629894E+01  0.9999234E+00
 0.2490000E+01  0.2012502E+00 -0.2576802E+01 -0.2617507E+01  0.9999233E+00
 0.2495000E+01  0.2028845E+00 -0.2563774E+01 -0.2605139E+01  0.9999231E+00
 0.2500000E+01  0.2045229E+00 -0.2550695E+01 -0.2592728E+01  0.9999230E+00
 0.2505000E+01  0.2061623E+00 -0.2537602E+01 -0.2580307E+01  0.9999228E+00
 0.2510000E+01  0.2078097E+00 -0.2524414E+01 -0.2567801E+01  0.9999227E+00
 0.2515000E+01  0.2094592E+00 -0.2511201E+01 -0.2555275E+01  0.9999225E+00
 0.2520000E+01  0.2111123E+00 -0.2497942E+01 -0.2542712E+01  0.9999224E+00
 0.2525000E+01  0.2127630E+00 -0.2484713E+01 -0.2530181E+01  0.9999223E+00
 0.2530000E+01  0.2144112E+00 -0.2471512E+01 -0.2517684E+01  0.9999221E+00
 0.2535000E+01  0.2160723E+00 -0.2458156E+01 -0.2505042E+01  0.9999220E+00
 0.2540000E+01  0.2177311E+00 -0.2444826E+01 -0.2492432E+01  0.9999218E+00
 0.2545000E+01  0.2193941E+00 -0.2431447E+01 -0.2479779E+01  0.9999217E+00
 0.2550000E+01  0.2210613E+00 -0.2418017E+01 -0.2467083E+01  0.9999215E+00
 0.2555000E+01  0.2227321E+00 -0.2404541E+01 -0.2454347E+01  0.9999214E+00
 0.2560000E+01  0.2244063E+00 -0.2391020E+01 -0.2441575E+01  0.9999213E+00
 0.2565000E+01  0.2260822E+00 -0.2377478E+01 -0.2428787E+01  0.9999211E+00
 0.2570000E+01  0.2277665E+00 -0.2363836E+01 -0.2415908E+01  0.9999210E+00
 0.2575000E+01  0.2294472E+00 -0.2350234E+01 -0.2403074E+01  0.9999208E+00
 0.2580000E+01  0.2311406E+00 -0.2336480E+01 -0.2390100E+01  0.9999207E+00
 0.2585000E+01  0.2328354E+00 -0.2322710E+01 -0.2377115E+01  0.9999205E+00
 0.2590000E+01  0.2345294E+00 -0.2308946E+01 -0.2364143E+01  0.9999204E+00
 0.2595000E+01  0.2362237E+00 -0.2295179E+01 -0.2351172E+01  0.9999203E+00
 0.2600000E+01  0.2379207E+00 -0.2281376E+01 -0.2338174E+01  0.9999201E+00
 0.2605000E+01  0.2396250E+00 -0.2267489E+01 -0.2325099E+01  0.9999200E+00
 0.2610000E+01  0.2413265E+00 -0.2253634E+01 -0.2312062E+01  0.9999198E+00
 0.2615000E+01  0.2430381E+00 -0.2239653E+01 -0.2298910E+01  0.9999197E+00
 0.2620000E+01  0.2447471E+00 -0.2225701E+01 -0.2285791E+01  0.9999196E+00
 0.2625000E+01  0.2464582E+00 -0.2211726E+01 -0.2272655E+01  0.9999194E+00
 0.2630000E+01  0.2481745E+00 -0.2197686E+01 -0.2259464E+01  0.9999193E+00
 0.2635000E+01  0.2498909E+00 -0.2183647E+01 -0.2246279E+01  0.9999191E+00
 0.2640000E+01  0.2516029E+00 -0.2169659E+01 -0.2233149E+01  0.9999190E+00
 0.2645000E+01  0.2533167E+00 -0.2155648E+01 -0.2220003E+01  0.9999188E+00
 0.2650000E+01  0.2550343E+00 -0.2141594E+01 -0.2206821E+01  0.9999187E+00
 0.2655000E+01  0.2567501E+00 -0.2127554E+01 -0.2193659E+01  0.9999186E+00
 0.2660000E+01  0.2584603E+00 -0.2113583E+01 -0.2180568E+01  0.9999184E+00
 0.2665000E+01  0.2601720E+00 -0.2099590E+01 -0.2167462E+01  0.9999183E+00
 0.2670000E+01  0.2618755E+00 -0.2085699E+01 -0.2154459E+01  0.9999181E+00
 0.2675000E+01  0.2635758E+00 -0.2071840E+01 -0.2141493E+01  0.9999180E+00
 0.2680000E+01  0.2652805E+00 -0.2057928E+01 -0.2128482E+01  0.9999178E+00
 0.2685000E+01  0.2669785E+00 -0.2044094E+01 -0.2115551E+01  0.9999177E+00
 0.2690000E+01  0.2686750E+00 -0.2030277E+01 -0.2102642E+01  0.9999175E+00
 0.2695000E+01  0.2703707E+00 -0.2016473E+01 -0.2089752E+01  0.9999174E+00
 0.2700000E+01  0.2720633E+00 -0.2002704E+01 -0.2076900E+01  0.9999173E+00
 0.2705000E+01  0.2737553E+00 -0.1988941E+01 -0.2064060E+01  0.9999171E+00
 0.2710000E+01  0.2754374E+00 -0.1975295E+01 -0.2051337E+01  0.9999170E+00
 0.2715000E+01  0.2771173E+00 -0.1961678E+01 -0.2038647E+01  0.9999168E+00
 0.2720000E+01  0.2787948E+00 -0.1948083E+01 -0.2025985E+01  0.9999167E+00
 0.2725000E+01  0.2804651E+00 -0.1934573E+01 -0.2013408E+01  0.9999165E+00
 0.2730000E+01  0.2821392E+00 -0.1921019E+01 -0.2000796E+01  0.9999164E+00
 0.2735000E+01  0.2838115E+00 -0.1907487E+01 -0.1988209E+01  0.9999162E+00
 0.2740000E+01  0.2854780E+00 -0.1894025E+01 -0.1975695E+01  0.9999161E+00
 0.2745000E+01  0.2871413E+00 -0.1880599E+01 -0.1963221E+01  0.9999159E+00
 0.2750000E+01  0.2888016E+00 -0.1867208E+01 -0.1950786E+01  0.9999158E+00
 0.2755000E+01  0.2904683E+00 -0.1853738E+01 -0.1938280E+01  0.9999157E+00
 0.2760000E+01  0.2921350E+00 -0.1840273E+01 -0.1925785E+01  0.9999155E+00
 0.2765000E+01  0.2937966E+00 -0.1826866E+01 -0.1913352E+01  0.9999154E+00
 0.2770000E+01  0.2954646E+00 -0.1813379E+01 -0.1900847E+01  0.9999152E+00
 0.2775000E+01  0.2971375E+00 -0.1799835E+01 -0.1888294E+01  0.9999151E+00
 0.2780000E+01  0.2988078E+00 -0.1786320E+01 -0.1875774E+01  0.9999149E+00
 0.2785000E+01  0.3004838E+00 -0.1772733E+01 -0.1863190E+01  0.9999148E+00
 0.2790000E+01  0.3021557E+00 -0.1759193E+01 -0.1850657E+01  0.9999146E+00
 0.2795000E+01  0.3038316E+00 -0.1745603E+01 -0.1838082E+01  0.9999145E+00
 0.2800000E+01  0.3055064E+00 -0.1732025E+01 -0.1825524E+01  0.9999143E+00
 0.2805000E+01  0.3071872E+00 -0.1718379E+01 -0.1812907E+01  0.9999142E+00
 0.2810000E+01  0.3088760E+00 -0.1704636E+01 -0.1800204E+01  0.9999140E+00
 0.2815000E+01  0.3105680E+00 -0.1690851E+01 -0.1787465E+01  0.9999139E+00
 0.2820000E+01  0.3122587E+00 -0.1677075E+01 -0.1774742E+01  0.9999137E+00
 0.2825000E+01  0.3139573E+00 -0.1663211E+01 -0.1761941E+01  0.9999136E+00
 0.2830000E+01  0.3156589E+00 -0.1649305E+01 -0.1749106E+01  0.9999134E+00
 0.2835000E+01  0.3173663E+00 -0.1635330E+01 -0.1736211E+01  0.9999133E+00
 0.2840000E+01  0.3190740E+00 -0.1621349E+01 -0.1723315E+01  0.9999131E+00
 0.2845000E+01  0.3207888E+00 -0.1607281E+01 -0.1710344E+01  0.9999130E+00
 0.2850000E+01  0.3225047E+00 -0.1593198E+01 -0.1697364E+01  0.9999128E+00
 0.2855000E+01  0.3242259E+00 -0.1579051E+01 -0.1684330E+01  0.9999127E+00
 0.2860000E+01  0.3259510E+00 -0.1564855E+01 -0.1671255E+01  0.9999125E+00
 0.2865000E+01  0.3276788E+00 -0.1550624E+01 -0.1658152E+01  0.9999124E+00
 0.2870000E+01  0.3294128E+00 -0.1536314E+01 -0.1644980E+01  0.9999122E+00
 0.2875000E+01  0.3311344E+00 -0.1522162E+01 -0.1631965E+01  0.9999121E+00
 0.2880000E+01  0.3328600E+00 -0.1507959E+01 -0.1618907E+01  0.9999119E+00
 0.2885000E+01  0.3345882E+00 -0.1493723E+01 -0.1605824E+01  0.9999118E+00
 0.2890000E+01  0.3363176E+00 -0.1479470E+01 -0.1592730E+01  0.9999116E+00
 0.2895000E+01  0.3380465E+00 -0.1465222E+01 -0.1579647E+01  0.9999115E+00
 0.2900000E+01  0.3397763E+00 -0.1450960E+01 -0.1566557E+01  0.9999114E+00
 0.2905000E+01  0.3415042E+00 -0.1436720E+01 -0.1553493E+01  0.9999112E+00
 0.2910000E+01  0.3432270E+00 -0.1422537E+01 -0.1540490E+01  0.9999111E+00
 0.2915000E+01  0.3449539E+00 -0.1408308E+01 -0.1527448E+01  0.9999109E+00
 0.2920000E+01  0.3466697E+00 -0.1394206E+01 -0.1514532E+01  0.9999108E+00
 0.2925000E+01  0.3483892E+00 -0.1380059E+01 -0.1501580E+01  0.9999106E+00
 0.2930000E+01  0.3501033E+00 -0.1365979E+01 -0.1488696E+01  0.9999105E+00
 0.2935000E+01  0.3518069E+00 -0.1352019E+01 -0.1475931E+01  0.9999103E+00
 0.2940000E+01  0.3535058E+00 -0.1338112E+01 -0.1463221E+01  0.9999102E+00
 0.2945000E+01  0.3552043E+00 -0.1324209E+01 -0.1450521E+01  0.9999100E+00
 0.2950000E+01  0.3568991E+00 -0.1310354E+01 -0.1437872E+01  0.9999099E+00
 0.2955000E+01  0.3585822E+00 -0.1296636E+01 -0.1425357E+01  0.9999097E+00
 0.2960000E+01  0.3602608E+00 -0.1282970E+01 -0.1412897E+01  0.9999096E+00
 0.2965000E+01  0.3619260E+00 -0.1269462E+01 -0.1400592E+01  0.9999094E+00
 0.2970000E+01  0.3635850E+00 -0.1256028E+01 -0.1388360E+01  0.9999093E+00
 0.2975000E+01  0.3652399E+00 -0.1242636E+01 -0.1376173E+01  0.9999091E+00
 0.2980000E+01  0.3668833E+00 -0.1229380E+01 -0.1364120E+01  0.9999090E+00
 0.2985000E+01  0.3685214E+00 -0.1216190E+01 -0.1352134E+01  0.9999088E+00
 0.2990000E+01  0.3701607E+00 -0.1202981E+01 -0.1340135E+01  0.9999087E+00
 0.2995000E+01  0.3717855E+00 -0.1189943E+01 -0.1328301E+01  0.9999085E+00
 0.3000000E+01  0.3734061E+00 -0.1176956E+01 -0.1316522E+01  0.9999084E+00
