 0.1000000E-07  0.6316187E+02  0.2233110E-01  0.6316187E+02 -0.2233110E-01  0.3719460E-06 -0.1749033E-06  0.1689350E-12
 0.2000000E-07  0.5311259E+02  0.2655630E-01  0.5311259E+02 -0.2655630E-01  0.5259386E-06 -0.2475047E-06  0.3378700E-12
 0.3000000E-07  0.4799264E+02  0.2938937E-01  0.4799264E+02 -0.2938937E-01  0.6440725E-06 -0.3032748E-06  0.5068051E-12
 0.4000000E-07  0.4466218E+02  0.3158093E-01  0.4466218E+02 -0.3158093E-01  0.7436446E-06 -0.3503325E-06  0.6757401E-12
 0.5000000E-07  0.4223888E+02  0.3339277E-01  0.4223888E+02 -0.3339277E-01  0.8313545E-06 -0.3918224E-06  0.8446752E-12
 0.6000000E-07  0.4035683E+02  0.3495005E-01  0.4035683E+02 -0.3495005E-01  0.9106385E-06 -0.4293574E-06  0.1013610E-11
 0.7000000E-07  0.3883115E+02  0.3632323E-01  0.3883115E+02 -0.3632323E-01  0.9835377E-06 -0.4638954E-06  0.1182545E-11
 0.8000000E-07  0.3755626E+02  0.3755627E-01  0.3755626E+02 -0.3755627E-01  0.1051382E-05 -0.4960609E-06  0.1351480E-11
 0.9000000E-07  0.3646650E+02  0.3867858E-01  0.3646650E+02 -0.3867858E-01  0.1115095E-05 -0.5262873E-06  0.1520416E-11
 0.1000000E-06  0.3551851E+02  0.3971092E-01  0.3551851E+02 -0.3971092E-01  0.1175350E-05 -0.5548904E-06  0.1689351E-11
 0.1100000E-06  0.3468219E+02  0.4066849E-01  0.3468219E+02 -0.4066849E-01  0.1232654E-05 -0.5821084E-06  0.1858286E-11
 0.1200000E-06  0.3393590E+02  0.4156284E-01  0.3393590E+02 -0.4156284E-01  0.1287402E-05 -0.6081267E-06  0.2027221E-11
 0.1300000E-06  0.3326356E+02  0.4240291E-01  0.3326356E+02 -0.4240291E-01  0.1339907E-05 -0.6330923E-06  0.2196156E-11
 0.1400000E-06  0.3265296E+02  0.4319583E-01  0.3265296E+02 -0.4319583E-01  0.1390424E-05 -0.6571247E-06  0.2365091E-11
 0.1500000E-06  0.3209458E+02  0.4394735E-01  0.3209458E+02 -0.4394735E-01  0.1439162E-05 -0.6803223E-06  0.2534026E-11
 0.1600000E-06  0.3158090E+02  0.4466217E-01  0.3158090E+02 -0.4466217E-01  0.1486297E-05 -0.7027673E-06  0.2702962E-11
 0.1700000E-06  0.3110586E+02  0.4534423E-01  0.3110586E+02 -0.4534423E-01  0.1531977E-05 -0.7245293E-06  0.2871897E-11
 0.1800000E-06  0.3066453E+02  0.4599683E-01  0.3066453E+02 -0.4599683E-01  0.1576329E-05 -0.7456677E-06  0.3040832E-11
 0.1900000E-06  0.3025283E+02  0.4662278E-01  0.3025283E+02 -0.4662278E-01  0.1619461E-05 -0.7662339E-06  0.3209767E-11
 0.2000000E-06  0.2986736E+02  0.4722449E-01  0.2986736E+02 -0.4722449E-01  0.1661469E-05 -0.7862724E-06  0.3378703E-11
 0.2100000E-06  0.2950527E+02  0.4780404E-01  0.2950527E+02 -0.4780404E-01  0.1702436E-05 -0.8058224E-06  0.3547638E-11
 0.2200000E-06  0.2916411E+02  0.4836324E-01  0.2916411E+02 -0.4836324E-01  0.1742436E-05 -0.8249183E-06  0.3716573E-11
 0.2300000E-06  0.2884180E+02  0.4890370E-01  0.2884180E+02 -0.4890370E-01  0.1781534E-05 -0.8435909E-06  0.3885508E-11
 0.2400000E-06  0.2853655E+02  0.4942680E-01  0.2853655E+02 -0.4942680E-01  0.1819788E-05 -0.8618674E-06  0.4054444E-11
 0.2500000E-06  0.2824680E+02  0.4993381E-01  0.2824680E+02 -0.4993381E-01  0.1857251E-05 -0.8797724E-06  0.4223379E-11
 0.2600000E-06  0.2797119E+02  0.5042583E-01  0.2797119E+02 -0.5042583E-01  0.1893969E-05 -0.8973279E-06  0.4392314E-11
 0.2700000E-06  0.2770851E+02  0.5090385E-01  0.2770851E+02 -0.5090385E-01  0.1929985E-05 -0.9145539E-06  0.4561250E-11
 0.2800000E-06  0.2745773E+02  0.5136877E-01  0.2745773E+02 -0.5136877E-01  0.1965337E-05 -0.9314686E-06  0.4730185E-11
 0.2900000E-06  0.2721790E+02  0.5182140E-01  0.2721790E+02 -0.5182140E-01  0.2000062E-05 -0.9480885E-06  0.4899120E-11
 0.3000000E-06  0.2698819E+02  0.5226247E-01  0.2698819E+02 -0.5226247E-01  0.2034191E-05 -0.9644287E-06  0.5068056E-11
 0.3100000E-06  0.2676786E+02  0.5269265E-01  0.2676786E+02 -0.5269265E-01  0.2067754E-05 -0.9805031E-06  0.5236991E-11
 0.3200000E-06  0.2655624E+02  0.5311254E-01  0.2655624E+02 -0.5311254E-01  0.2100777E-05 -0.9963244E-06  0.5405927E-11
 0.3300000E-06  0.2635272E+02  0.5352271E-01  0.2635272E+02 -0.5352271E-01  0.2133287E-05 -0.1011904E-05  0.5574862E-11
 0.3400000E-06  0.2615678E+02  0.5392365E-01  0.2615678E+02 -0.5392365E-01  0.2165305E-05 -0.1027254E-05  0.5743797E-11
 0.3500000E-06  0.2596791E+02  0.5431585E-01  0.2596791E+02 -0.5431585E-01  0.2196854E-05 -0.1042384E-05  0.5912733E-11
 0.3600000E-06  0.2578566E+02  0.5469973E-01  0.2578566E+02 -0.5469973E-01  0.2227954E-05 -0.1057302E-05  0.6081668E-11
 0.3700000E-06  0.2560964E+02  0.5507569E-01  0.2560964E+02 -0.5507569E-01  0.2258624E-05 -0.1072018E-05  0.6250604E-11
 0.3800000E-06  0.2543946E+02  0.5544411E-01  0.2543946E+02 -0.5544411E-01  0.2288879E-05 -0.1086541E-05  0.6419539E-11
 0.3900000E-06  0.2527480E+02  0.5580533E-01  0.2527480E+02 -0.5580533E-01  0.2318738E-05 -0.1100876E-05  0.6588475E-11
 0.4000000E-06  0.2511532E+02  0.5615966E-01  0.2511532E+02 -0.5615966E-01  0.2348215E-05 -0.1115033E-05  0.6757410E-11
 0.4100000E-06  0.2496076E+02  0.5650742E-01  0.2496076E+02 -0.5650742E-01  0.2377323E-05 -0.1129017E-05  0.6926346E-11
 0.4200000E-06  0.2481084E+02  0.5684887E-01  0.2481084E+02 -0.5684887E-01  0.2406078E-05 -0.1142835E-05  0.7095281E-11
 0.4300000E-06  0.2466531E+02  0.5718427E-01  0.2466531E+02 -0.5718427E-01  0.2434490E-05 -0.1156492E-05  0.7264217E-11
 0.4400000E-06  0.2452395E+02  0.5751387E-01  0.2452395E+02 -0.5751387E-01  0.2462573E-05 -0.1169994E-05  0.7433152E-11
 0.4500000E-06  0.2438656E+02  0.5783791E-01  0.2438656E+02 -0.5783791E-01  0.2490337E-05 -0.1183347E-05  0.7602088E-11
 0.4600000E-06  0.2425293E+02  0.5815658E-01  0.2425293E+02 -0.5815658E-01  0.2517793E-05 -0.1196555E-05  0.7771024E-11
 0.4700000E-06  0.2412288E+02  0.5847011E-01  0.2412288E+02 -0.5847011E-01  0.2544950E-05 -0.1209623E-05  0.7939959E-11
 0.4800000E-06  0.2399624E+02  0.5877866E-01  0.2399624E+02 -0.5877866E-01  0.2571819E-05 -0.1222555E-05  0.8108895E-11
 0.4900000E-06  0.2387286E+02  0.5908244E-01  0.2387286E+02 -0.5908244E-01  0.2598408E-05 -0.1235356E-05  0.8277830E-11
 0.5000000E-06  0.2375259E+02  0.5938160E-01  0.2375259E+02 -0.5938160E-01  0.2624726E-05 -0.1248030E-05  0.8446766E-11
 0.5100000E-06  0.2363529E+02  0.5967630E-01  0.2363529E+02 -0.5967630E-01  0.2650781E-05 -0.1260580E-05  0.8615702E-11
 0.5200000E-06  0.2352083E+02  0.5996670E-01  0.2352083E+02 -0.5996670E-01  0.2676580E-05 -0.1273011E-05  0.8784637E-11
 0.5300000E-06  0.2340908E+02  0.6025295E-01  0.2340908E+02 -0.6025295E-01  0.2702131E-05 -0.1285325E-05  0.8953573E-11
 0.5400000E-06  0.2329994E+02  0.6053517E-01  0.2329994E+02 -0.6053517E-01  0.2727441E-05 -0.1297526E-05  0.9122509E-11
 0.5500000E-06  0.2319330E+02  0.6081350E-01  0.2319330E+02 -0.6081350E-01  0.2752517E-05 -0.1309616E-05  0.9291444E-11
 0.5600000E-06  0.2308906E+02  0.6108805E-01  0.2308906E+02 -0.6108805E-01  0.2777364E-05 -0.1321600E-05  0.9460380E-11
 0.5700000E-06  0.2298712E+02  0.6135896E-01  0.2298712E+02 -0.6135896E-01  0.2801990E-05 -0.1333480E-05  0.9629316E-11
 0.5800000E-06  0.2288739E+02  0.6162632E-01  0.2288739E+02 -0.6162632E-01  0.2826399E-05 -0.1345258E-05  0.9798252E-11
 0.5900000E-06  0.2278978E+02  0.6189025E-01  0.2278978E+02 -0.6189025E-01  0.2850598E-05 -0.1356937E-05  0.9967187E-11
 0.6000000E-06  0.2269422E+02  0.6215085E-01  0.2269422E+02 -0.6215085E-01  0.2874592E-05 -0.1368520E-05  0.1013612E-10
 0.6100000E-06  0.2260064E+02  0.6240820E-01  0.2260064E+02 -0.6240820E-01  0.2898385E-05 -0.1380009E-05  0.1030506E-10
 0.6200000E-06  0.2250895E+02  0.6266242E-01  0.2250895E+02 -0.6266242E-01  0.2921983E-05 -0.1391406E-05  0.1047399E-10
 0.6300000E-06  0.2241909E+02  0.6291357E-01  0.2241909E+02 -0.6291357E-01  0.2945390E-05 -0.1402714E-05  0.1064293E-10
 0.6400000E-06  0.2233099E+02  0.6316175E-01  0.2233099E+02 -0.6316175E-01  0.2968612E-05 -0.1413934E-05  0.1081187E-10
 0.6500000E-06  0.2224460E+02  0.6340704E-01  0.2224460E+02 -0.6340704E-01  0.2991652E-05 -0.1425070E-05  0.1098080E-10
 0.6600000E-06  0.2215986E+02  0.6364952E-01  0.2215986E+02 -0.6364952E-01  0.3014514E-05 -0.1436121E-05  0.1114974E-10
 0.6700000E-06  0.2207670E+02  0.6388926E-01  0.2207670E+02 -0.6388926E-01  0.3037202E-05 -0.1447092E-05  0.1131867E-10
 0.6800000E-06  0.2199509E+02  0.6412633E-01  0.2199509E+02 -0.6412633E-01  0.3059722E-05 -0.1457983E-05  0.1148761E-10
 0.6900000E-06  0.2191496E+02  0.6436079E-01  0.2191496E+02 -0.6436079E-01  0.3082075E-05 -0.1468796E-05  0.1165655E-10
 0.7000000E-06  0.2183626E+02  0.6459273E-01  0.2183626E+02 -0.6459273E-01  0.3104266E-05 -0.1479532E-05  0.1182548E-10
 0.7100000E-06  0.2175896E+02  0.6482219E-01  0.2175896E+02 -0.6482219E-01  0.3126298E-05 -0.1490195E-05  0.1199442E-10
 0.7200000E-06  0.2168301E+02  0.6504924E-01  0.2168301E+02 -0.6504924E-01  0.3148174E-05 -0.1500784E-05  0.1216335E-10
 0.7300000E-06  0.2160837E+02  0.6527393E-01  0.2160837E+02 -0.6527393E-01  0.3169899E-05 -0.1511302E-05  0.1233229E-10
 0.7400000E-06  0.2153499E+02  0.6549633E-01  0.2153499E+02 -0.6549633E-01  0.3191474E-05 -0.1521749E-05  0.1250123E-10
 0.7500000E-06  0.2146285E+02  0.6571649E-01  0.2146285E+02 -0.6571649E-01  0.3212903E-05 -0.1532128E-05  0.1267016E-10
 0.7600000E-06  0.2139189E+02  0.6593445E-01  0.2139189E+02 -0.6593445E-01  0.3234188E-05 -0.1542440E-05  0.1283910E-10
 0.7700000E-06  0.2132210E+02  0.6615028E-01  0.2132210E+02 -0.6615028E-01  0.3255334E-05 -0.1552686E-05  0.1300803E-10
 0.7800000E-06  0.2125342E+02  0.6636401E-01  0.2125342E+02 -0.6636401E-01  0.3276341E-05 -0.1562868E-05  0.1317697E-10
 0.7900000E-06  0.2118584E+02  0.6657570E-01  0.2118584E+02 -0.6657570E-01  0.3297214E-05 -0.1572986E-05  0.1334590E-10
 0.8000000E-06  0.2111932E+02  0.6678539E-01  0.2111932E+02 -0.6678539E-01  0.3317954E-05 -0.1583041E-05  0.1351484E-10
 0.8100000E-06  0.2105384E+02  0.6699312E-01  0.2105384E+02 -0.6699312E-01  0.3338564E-05 -0.1593036E-05  0.1368378E-10
 0.8200000E-06  0.2098935E+02  0.6719894E-01  0.2098935E+02 -0.6719894E-01  0.3359047E-05 -0.1602971E-05  0.1385271E-10
 0.8300000E-06  0.2092584E+02  0.6740288E-01  0.2092584E+02 -0.6740288E-01  0.3379404E-05 -0.1612847E-05  0.1402165E-10
 0.8400000E-06  0.2086328E+02  0.6760499E-01  0.2086328E+02 -0.6760499E-01  0.3399638E-05 -0.1622666E-05  0.1419059E-10
 0.8500000E-06  0.2080164E+02  0.6780530E-01  0.2080164E+02 -0.6780530E-01  0.3419752E-05 -0.1632427E-05  0.1435952E-10
 0.8600000E-06  0.2074091E+02  0.6800385E-01  0.2074091E+02 -0.6800385E-01  0.3439747E-05 -0.1642133E-05  0.1452846E-10
 0.8700000E-06  0.2068105E+02  0.6820068E-01  0.2068105E+02 -0.6820068E-01  0.3459625E-05 -0.1651784E-05  0.1469739E-10
 0.8800000E-06  0.2062204E+02  0.6839582E-01  0.2062204E+02 -0.6839582E-01  0.3479388E-05 -0.1661382E-05  0.1486633E-10
 0.8900000E-06  0.2056386E+02  0.6858930E-01  0.2056386E+02 -0.6858930E-01  0.3499039E-05 -0.1670926E-05  0.1503527E-10
 0.9000000E-06  0.2050650E+02  0.6878115E-01  0.2050650E+02 -0.6878115E-01  0.3518579E-05 -0.1680418E-05  0.1520420E-10
 0.9100000E-06  0.2044993E+02  0.6897142E-01  0.2044993E+02 -0.6897142E-01  0.3538010E-05 -0.1689860E-05  0.1537314E-10
 0.9200000E-06  0.2039413E+02  0.6916012E-01  0.2039413E+02 -0.6916012E-01  0.3557333E-05 -0.1699251E-05  0.1554207E-10
 0.9300000E-06  0.2033908E+02  0.6934730E-01  0.2033908E+02 -0.6934730E-01  0.3576552E-05 -0.1708592E-05  0.1571101E-10
 0.9400000E-06  0.2028477E+02  0.6953296E-01  0.2028477E+02 -0.6953296E-01  0.3595666E-05 -0.1717885E-05  0.1587995E-10
 0.9500000E-06  0.2023118E+02  0.6971716E-01  0.2023118E+02 -0.6971716E-01  0.3614679E-05 -0.1727130E-05  0.1604888E-10
 0.9600000E-06  0.2017828E+02  0.6989990E-01  0.2017828E+02 -0.6989990E-01  0.3633591E-05 -0.1736328E-05  0.1621782E-10
 0.9700000E-06  0.2012607E+02  0.7008122E-01  0.2012607E+02 -0.7008122E-01  0.3652404E-05 -0.1745479E-05  0.1638676E-10
 0.9800000E-06  0.2007453E+02  0.7026115E-01  0.2007453E+02 -0.7026115E-01  0.3671120E-05 -0.1754585E-05  0.1655569E-10
 0.9900000E-06  0.2002364E+02  0.7043970E-01  0.2002364E+02 -0.7043970E-01  0.3689740E-05 -0.1763645E-05  0.1672463E-10
 0.1000000E-05  0.1997339E+02  0.7061691E-01  0.1997339E+02 -0.7061691E-01  0.3708266E-05 -0.1772662E-05  0.1689356E-10
 0.1010000E-05  0.1992377E+02  0.7079279E-01  0.1992377E+02 -0.7079279E-01  0.3726698E-05 -0.1781634E-05  0.1706250E-10
 0.1020000E-05  0.1987475E+02  0.7096737E-01  0.1987475E+02 -0.7096737E-01  0.3745039E-05 -0.1790564E-05  0.1723144E-10
 0.1030000E-05  0.1982634E+02  0.7114067E-01  0.1982634E+02 -0.7114067E-01  0.3763290E-05 -0.1799451E-05  0.1740037E-10
 0.1040000E-05  0.1977850E+02  0.7131272E-01  0.1977850E+02 -0.7131272E-01  0.3781451E-05 -0.1808297E-05  0.1756931E-10
 0.1050000E-05  0.1973124E+02  0.7148352E-01  0.1973124E+02 -0.7148352E-01  0.3799525E-05 -0.1817101E-05  0.1773825E-10
 0.1060000E-05  0.1968454E+02  0.7165312E-01  0.1968454E+02 -0.7165312E-01  0.3817512E-05 -0.1825865E-05  0.1790718E-10
 0.1070000E-05  0.1963838E+02  0.7182151E-01  0.1963838E+02 -0.7182151E-01  0.3835414E-05 -0.1834588E-05  0.1807612E-10
 0.1080000E-05  0.1959276E+02  0.7198873E-01  0.1959276E+02 -0.7198873E-01  0.3853233E-05 -0.1843272E-05  0.1824505E-10
 0.1090000E-05  0.1954767E+02  0.7215480E-01  0.1954767E+02 -0.7215480E-01  0.3870968E-05 -0.1851918E-05  0.1841399E-10
 0.1100000E-05  0.1950309E+02  0.7231972E-01  0.1950309E+02 -0.7231972E-01  0.3888621E-05 -0.1860525E-05  0.1858293E-10
 0.1110000E-05  0.1945901E+02  0.7248352E-01  0.1945901E+02 -0.7248352E-01  0.3906194E-05 -0.1869094E-05  0.1875186E-10
 0.1120000E-05  0.1941543E+02  0.7264622E-01  0.1941543E+02 -0.7264622E-01  0.3923687E-05 -0.1877626E-05  0.1892080E-10
 0.1130000E-05  0.1937233E+02  0.7280784E-01  0.1937233E+02 -0.7280784E-01  0.3941102E-05 -0.1886121E-05  0.1908974E-10
 0.1140000E-05  0.1932971E+02  0.7296838E-01  0.1932971E+02 -0.7296838E-01  0.3958439E-05 -0.1894579E-05  0.1925867E-10
 0.1150000E-05  0.1928754E+02  0.7312788E-01  0.1928754E+02 -0.7312788E-01  0.3975700E-05 -0.1903002E-05  0.1942761E-10
 0.1160000E-05  0.1924584E+02  0.7328633E-01  0.1924584E+02 -0.7328633E-01  0.3992886E-05 -0.1911389E-05  0.1959655E-10
 0.1170000E-05  0.1920458E+02  0.7344377E-01  0.1920458E+02 -0.7344377E-01  0.4009997E-05 -0.1919742E-05  0.1976548E-10
 0.1180000E-05  0.1916376E+02  0.7360019E-01  0.1916376E+02 -0.7360019E-01  0.4027034E-05 -0.1928059E-05  0.1993442E-10
 0.1190000E-05  0.1912338E+02  0.7375563E-01  0.1912338E+02 -0.7375563E-01  0.4043999E-05 -0.1936343E-05  0.2010336E-10
 0.1200000E-05  0.1908341E+02  0.7391009E-01  0.1908341E+02 -0.7391009E-01  0.4060893E-05 -0.1944593E-05  0.2027229E-10
 0.1210000E-05  0.1904386E+02  0.7406359E-01  0.1904386E+02 -0.7406359E-01  0.4077715E-05 -0.1952810E-05  0.2044123E-10
 0.1220000E-05  0.1900471E+02  0.7421614E-01  0.1900471E+02 -0.7421614E-01  0.4094468E-05 -0.1960994E-05  0.2061017E-10
 0.1230000E-05  0.1896596E+02  0.7436775E-01  0.1896596E+02 -0.7436775E-01  0.4111151E-05 -0.1969146E-05  0.2077910E-10
 0.1240000E-05  0.1892761E+02  0.7451845E-01  0.1892761E+02 -0.7451845E-01  0.4127767E-05 -0.1977266E-05  0.2094804E-10
 0.1250000E-05  0.1888964E+02  0.7466823E-01  0.1888964E+02 -0.7466823E-01  0.4144315E-05 -0.1985354E-05  0.2111697E-10
 0.1260000E-05  0.1885204E+02  0.7481712E-01  0.1885204E+02 -0.7481712E-01  0.4160796E-05 -0.1993411E-05  0.2128591E-10
 0.1270000E-05  0.1881482E+02  0.7496512E-01  0.1881482E+02 -0.7496512E-01  0.4177212E-05 -0.2001437E-05  0.2145485E-10
 0.1280000E-05  0.1877796E+02  0.7511226E-01  0.1877796E+02 -0.7511226E-01  0.4193563E-05 -0.2009432E-05  0.2162378E-10
 0.1290000E-05  0.1874147E+02  0.7525853E-01  0.1874147E+02 -0.7525853E-01  0.4209849E-05 -0.2017397E-05  0.2179272E-10
 0.1300000E-05  0.1870532E+02  0.7540396E-01  0.1870532E+02 -0.7540396E-01  0.4226072E-05 -0.2025333E-05  0.2196166E-10
 0.1310000E-05  0.1866952E+02  0.7554855E-01  0.1866952E+02 -0.7554855E-01  0.4242232E-05 -0.2033239E-05  0.2213059E-10
 0.1320000E-05  0.1863406E+02  0.7569231E-01  0.1863406E+02 -0.7569231E-01  0.4258330E-05 -0.2041116E-05  0.2229953E-10
 0.1330000E-05  0.1859893E+02  0.7583526E-01  0.1859893E+02 -0.7583526E-01  0.4274367E-05 -0.2048964E-05  0.2246847E-10
 0.1340000E-05  0.1856413E+02  0.7597740E-01  0.1856413E+02 -0.7597740E-01  0.4290343E-05 -0.2056784E-05  0.2263740E-10
 0.1350000E-05  0.1852966E+02  0.7611875E-01  0.1852966E+02 -0.7611875E-01  0.4306260E-05 -0.2064575E-05  0.2280634E-10
 0.1360000E-05  0.1849550E+02  0.7625932E-01  0.1849550E+02 -0.7625932E-01  0.4322116E-05 -0.2072339E-05  0.2297528E-10
 0.1370000E-05  0.1846165E+02  0.7639912E-01  0.1846165E+02 -0.7639912E-01  0.4337915E-05 -0.2080075E-05  0.2314421E-10
 0.1380000E-05  0.1842812E+02  0.7653815E-01  0.1842812E+02 -0.7653815E-01  0.4353655E-05 -0.2087784E-05  0.2331315E-10
 0.1390000E-05  0.1839488E+02  0.7667643E-01  0.1839488E+02 -0.7667643E-01  0.4369338E-05 -0.2095466E-05  0.2348209E-10
 0.1400000E-05  0.1836194E+02  0.7681396E-01  0.1836194E+02 -0.7681396E-01  0.4384964E-05 -0.2103121E-05  0.2365103E-10
 0.1410000E-05  0.1832930E+02  0.7695076E-01  0.1832930E+02 -0.7695076E-01  0.4400534E-05 -0.2110750E-05  0.2381996E-10
 0.1420000E-05  0.1829694E+02  0.7708684E-01  0.1829694E+02 -0.7708684E-01  0.4416048E-05 -0.2118353E-05  0.2398890E-10
 0.1430000E-05  0.1826487E+02  0.7722219E-01  0.1826487E+02 -0.7722219E-01  0.4431507E-05 -0.2125930E-05  0.2415784E-10
 0.1440000E-05  0.1823307E+02  0.7735684E-01  0.1823307E+02 -0.7735684E-01  0.4446912E-05 -0.2133482E-05  0.2432677E-10
 0.1450000E-05  0.1820155E+02  0.7749079E-01  0.1820155E+02 -0.7749079E-01  0.4462263E-05 -0.2141008E-05  0.2449571E-10
 0.1460000E-05  0.1817031E+02  0.7762405E-01  0.1817031E+02 -0.7762405E-01  0.4477561E-05 -0.2148509E-05  0.2466465E-10
 0.1470000E-05  0.1813932E+02  0.7775663E-01  0.1813932E+02 -0.7775663E-01  0.4492806E-05 -0.2155986E-05  0.2483358E-10
 0.1480000E-05  0.1810860E+02  0.7788853E-01  0.1810860E+02 -0.7788853E-01  0.4507999E-05 -0.2163438E-05  0.2500252E-10
 0.1490000E-05  0.1807814E+02  0.7801976E-01  0.1807814E+02 -0.7801976E-01  0.4523141E-05 -0.2170865E-05  0.2517146E-10
 0.1500000E-05  0.1804793E+02  0.7815034E-01  0.1804793E+02 -0.7815034E-01  0.4538231E-05 -0.2178269E-05  0.2534039E-10
 0.1510000E-05  0.1801798E+02  0.7828026E-01  0.1801798E+02 -0.7828026E-01  0.4553270E-05 -0.2185649E-05  0.2550933E-10
 0.1520000E-05  0.1798827E+02  0.7840954E-01  0.1798827E+02 -0.7840954E-01  0.4568259E-05 -0.2193006E-05  0.2567827E-10
 0.1530000E-05  0.1795880E+02  0.7853818E-01  0.1795880E+02 -0.7853818E-01  0.4583199E-05 -0.2200339E-05  0.2584720E-10
 0.1540000E-05  0.1792958E+02  0.7866620E-01  0.1792958E+02 -0.7866620E-01  0.4598090E-05 -0.2207649E-05  0.2601614E-10
 0.1550000E-05  0.1790059E+02  0.7879359E-01  0.1790059E+02 -0.7879359E-01  0.4612931E-05 -0.2214936E-05  0.2618508E-10
 0.1560000E-05  0.1787183E+02  0.7892037E-01  0.1787183E+02 -0.7892037E-01  0.4627725E-05 -0.2222201E-05  0.2635402E-10
 0.1570000E-05  0.1784330E+02  0.7904654E-01  0.1784330E+02 -0.7904654E-01  0.4642471E-05 -0.2229443E-05  0.2652295E-10
 0.1580000E-05  0.1781500E+02  0.7917211E-01  0.1781500E+02 -0.7917211E-01  0.4657170E-05 -0.2236663E-05  0.2669189E-10
 0.1590000E-05  0.1778692E+02  0.7929708E-01  0.1778692E+02 -0.7929708E-01  0.4671821E-05 -0.2243861E-05  0.2686083E-10
 0.1600000E-05  0.1775906E+02  0.7942146E-01  0.1775906E+02 -0.7942146E-01  0.4686427E-05 -0.2251037E-05  0.2702976E-10
 0.1610000E-05  0.1773142E+02  0.7954527E-01  0.1773142E+02 -0.7954527E-01  0.4700986E-05 -0.2258192E-05  0.2719870E-10
 0.1620000E-05  0.1770399E+02  0.7966850E-01  0.1770399E+02 -0.7966850E-01  0.4715500E-05 -0.2265325E-05  0.2736764E-10
 0.1630000E-05  0.1767677E+02  0.7979116E-01  0.1767677E+02 -0.7979116E-01  0.4729969E-05 -0.2272437E-05  0.2753657E-10
 0.1640000E-05  0.1764976E+02  0.7991325E-01  0.1764976E+02 -0.7991325E-01  0.4744393E-05 -0.2279528E-05  0.2770551E-10
 0.1650000E-05  0.1762296E+02  0.8003479E-01  0.1762296E+02 -0.8003479E-01  0.4758773E-05 -0.2286598E-05  0.2787445E-10
 0.1660000E-05  0.1759636E+02  0.8015578E-01  0.1759636E+02 -0.8015578E-01  0.4773108E-05 -0.2293648E-05  0.2804339E-10
 0.1670000E-05  0.1756996E+02  0.8027622E-01  0.1756996E+02 -0.8027622E-01  0.4787401E-05 -0.2300677E-05  0.2821232E-10
 0.1680000E-05  0.1754375E+02  0.8039612E-01  0.1754375E+02 -0.8039612E-01  0.4801650E-05 -0.2307687E-05  0.2838126E-10
 0.1690000E-05  0.1751774E+02  0.8051549E-01  0.1751774E+02 -0.8051549E-01  0.4815857E-05 -0.2314676E-05  0.2855020E-10
 0.1700000E-05  0.1749192E+02  0.8063433E-01  0.1749192E+02 -0.8063433E-01  0.4830021E-05 -0.2321645E-05  0.2871913E-10
 0.1710000E-05  0.1746629E+02  0.8075265E-01  0.1746629E+02 -0.8075265E-01  0.4844143E-05 -0.2328594E-05  0.2888807E-10
 0.1720000E-05  0.1744084E+02  0.8087045E-01  0.1744084E+02 -0.8087045E-01  0.4858224E-05 -0.2335524E-05  0.2905701E-10
 0.1730000E-05  0.1741558E+02  0.8098773E-01  0.1741558E+02 -0.8098773E-01  0.4872263E-05 -0.2342435E-05  0.2922595E-10
 0.1740000E-05  0.1739051E+02  0.8110451E-01  0.1739051E+02 -0.8110451E-01  0.4886261E-05 -0.2349326E-05  0.2939488E-10
 0.1750000E-05  0.1736561E+02  0.8122079E-01  0.1736561E+02 -0.8122079E-01  0.4900219E-05 -0.2356198E-05  0.2956382E-10
 0.1760000E-05  0.1734089E+02  0.8133657E-01  0.1734089E+02 -0.8133657E-01  0.4914137E-05 -0.2363052E-05  0.2973276E-10
 0.1770000E-05  0.1731634E+02  0.8145186E-01  0.1731634E+02 -0.8145186E-01  0.4928015E-05 -0.2369887E-05  0.2990170E-10
 0.1780000E-05  0.1729197E+02  0.8156666E-01  0.1729197E+02 -0.8156666E-01  0.4941854E-05 -0.2376703E-05  0.3007063E-10
 0.1790000E-05  0.1726777E+02  0.8168097E-01  0.1726777E+02 -0.8168097E-01  0.4955653E-05 -0.2383501E-05  0.3023957E-10
 0.1800000E-05  0.1724373E+02  0.8179481E-01  0.1724373E+02 -0.8179481E-01  0.4969413E-05 -0.2390280E-05  0.3040851E-10
 0.1810000E-05  0.1721986E+02  0.8190818E-01  0.1721986E+02 -0.8190818E-01  0.4983135E-05 -0.2397042E-05  0.3057744E-10
 0.1820000E-05  0.1719616E+02  0.8202107E-01  0.1719616E+02 -0.8202107E-01  0.4996819E-05 -0.2403785E-05  0.3074638E-10
 0.1830000E-05  0.1717262E+02  0.8213351E-01  0.1717262E+02 -0.8213351E-01  0.5010465E-05 -0.2410511E-05  0.3091532E-10
 0.1840000E-05  0.1714924E+02  0.8224548E-01  0.1714924E+02 -0.8224548E-01  0.5024073E-05 -0.2417219E-05  0.3108426E-10
 0.1850000E-05  0.1712601E+02  0.8235700E-01  0.1712601E+02 -0.8235700E-01  0.5037644E-05 -0.2423910E-05  0.3125319E-10
 0.1860000E-05  0.1710295E+02  0.8246806E-01  0.1710295E+02 -0.8246806E-01  0.5051178E-05 -0.2430583E-05  0.3142213E-10
 0.1870000E-05  0.1708003E+02  0.8257868E-01  0.1708003E+02 -0.8257868E-01  0.5064675E-05 -0.2437239E-05  0.3159107E-10
 0.1880000E-05  0.1705727E+02  0.8268886E-01  0.1705727E+02 -0.8268886E-01  0.5078136E-05 -0.2443878E-05  0.3176001E-10
 0.1890000E-05  0.1703467E+02  0.8279859E-01  0.1703467E+02 -0.8279859E-01  0.5091561E-05 -0.2450500E-05  0.3192894E-10
 0.1900000E-05  0.1701221E+02  0.8290790E-01  0.1701221E+02 -0.8290790E-01  0.5104950E-05 -0.2457106E-05  0.3209788E-10
 0.1910000E-05  0.1698989E+02  0.8301677E-01  0.1698989E+02 -0.8301677E-01  0.5118303E-05 -0.2463694E-05  0.3226682E-10
 0.1920000E-05  0.1696773E+02  0.8312521E-01  0.1696773E+02 -0.8312521E-01  0.5131622E-05 -0.2470266E-05  0.3243576E-10
 0.1930000E-05  0.1694570E+02  0.8323324E-01  0.1694570E+02 -0.8323324E-01  0.5144905E-05 -0.2476822E-05  0.3260469E-10
 0.1940000E-05  0.1692382E+02  0.8334084E-01  0.1692382E+02 -0.8334084E-01  0.5158153E-05 -0.2483361E-05  0.3277363E-10
 0.1950000E-05  0.1690208E+02  0.8344803E-01  0.1690208E+02 -0.8344803E-01  0.5171368E-05 -0.2489885E-05  0.3294257E-10
 0.1960000E-05  0.1688048E+02  0.8355481E-01  0.1688048E+02 -0.8355481E-01  0.5184548E-05 -0.2496392E-05  0.3311151E-10
 0.1970000E-05  0.1685902E+02  0.8366117E-01  0.1685902E+02 -0.8366117E-01  0.5197694E-05 -0.2502883E-05  0.3328044E-10
 0.1980000E-05  0.1683769E+02  0.8376714E-01  0.1683769E+02 -0.8376714E-01  0.5210806E-05 -0.2509358E-05  0.3344938E-10
 0.1990000E-05  0.1681650E+02  0.8387270E-01  0.1681650E+02 -0.8387270E-01  0.5223885E-05 -0.2515818E-05  0.3361832E-10
 0.2000000E-05  0.1679543E+02  0.8397787E-01  0.1679543E+02 -0.8397787E-01  0.5236931E-05 -0.2522262E-05  0.3378726E-10
 0.2010000E-05  0.1677450E+02  0.8408264E-01  0.1677450E+02 -0.8408264E-01  0.5249944E-05 -0.2528691E-05  0.3395619E-10
 0.2020000E-05  0.1675370E+02  0.8418703E-01  0.1675370E+02 -0.8418703E-01  0.5262925E-05 -0.2535105E-05  0.3412513E-10
 0.2030000E-05  0.1673303E+02  0.8429102E-01  0.1673303E+02 -0.8429102E-01  0.5275873E-05 -0.2541503E-05  0.3429407E-10
 0.2040000E-05  0.1671249E+02  0.8439464E-01  0.1671249E+02 -0.8439464E-01  0.5288788E-05 -0.2547886E-05  0.3446301E-10
 0.2050000E-05  0.1669207E+02  0.8449787E-01  0.1669207E+02 -0.8449787E-01  0.5301672E-05 -0.2554254E-05  0.3463194E-10
 0.2060000E-05  0.1667177E+02  0.8460073E-01  0.1667177E+02 -0.8460073E-01  0.5314524E-05 -0.2560608E-05  0.3480088E-10
 0.2070000E-05  0.1665160E+02  0.8470321E-01  0.1665160E+02 -0.8470321E-01  0.5327345E-05 -0.2566946E-05  0.3496982E-10
 0.2080000E-05  0.1663155E+02  0.8480532E-01  0.1663155E+02 -0.8480532E-01  0.5340135E-05 -0.2573270E-05  0.3513876E-10
 0.2090000E-05  0.1661162E+02  0.8490706E-01  0.1661162E+02 -0.8490706E-01  0.5352893E-05 -0.2579579E-05  0.3530769E-10
 0.2100000E-05  0.1659180E+02  0.8500844E-01  0.1659180E+02 -0.8500844E-01  0.5365621E-05 -0.2585874E-05  0.3547663E-10
 0.2110000E-05  0.1657211E+02  0.8510946E-01  0.1657211E+02 -0.8510946E-01  0.5378318E-05 -0.2592155E-05  0.3564557E-10
 0.2120000E-05  0.1655253E+02  0.8521012E-01  0.1655253E+02 -0.8521012E-01  0.5390985E-05 -0.2598421E-05  0.3581451E-10
 0.2130000E-05  0.1653307E+02  0.8531042E-01  0.1653307E+02 -0.8531042E-01  0.5403621E-05 -0.2604673E-05  0.3598344E-10
 0.2140000E-05  0.1651372E+02  0.8541037E-01  0.1651372E+02 -0.8541037E-01  0.5416228E-05 -0.2610911E-05  0.3615238E-10
 0.2150000E-05  0.1649448E+02  0.8550997E-01  0.1649448E+02 -0.8550997E-01  0.5428805E-05 -0.2617135E-05  0.3632132E-10
 0.2160000E-05  0.1647536E+02  0.8560923E-01  0.1647536E+02 -0.8560923E-01  0.5441352E-05 -0.2623345E-05  0.3649026E-10
 0.2170000E-05  0.1645634E+02  0.8570814E-01  0.1645634E+02 -0.8570814E-01  0.5453871E-05 -0.2629542E-05  0.3665920E-10
 0.2180000E-05  0.1643743E+02  0.8580671E-01  0.1643743E+02 -0.8580671E-01  0.5466360E-05 -0.2635725E-05  0.3682813E-10
 0.2190000E-05  0.1641864E+02  0.8590494E-01  0.1641864E+02 -0.8590494E-01  0.5478820E-05 -0.2641894E-05  0.3699707E-10
 0.2200000E-05  0.1639995E+02  0.8600283E-01  0.1639995E+02 -0.8600283E-01  0.5491251E-05 -0.2648050E-05  0.3716601E-10
 0.2210000E-05  0.1638136E+02  0.8610040E-01  0.1638136E+02 -0.8610040E-01  0.5503654E-05 -0.2654192E-05  0.3733495E-10
 0.2220000E-05  0.1636288E+02  0.8619763E-01  0.1636288E+02 -0.8619763E-01  0.5516029E-05 -0.2660321E-05  0.3750388E-10
 0.2230000E-05  0.1634451E+02  0.8629453E-01  0.1634451E+02 -0.8629453E-01  0.5528375E-05 -0.2666437E-05  0.3767282E-10
 0.2240000E-05  0.1632623E+02  0.8639111E-01  0.1632623E+02 -0.8639111E-01  0.5540694E-05 -0.2672540E-05  0.3784176E-10
 0.2250000E-05  0.1630806E+02  0.8648736E-01  0.1630806E+02 -0.8648736E-01  0.5552985E-05 -0.2678630E-05  0.3801070E-10
 0.2260000E-05  0.1628999E+02  0.8658330E-01  0.1628999E+02 -0.8658330E-01  0.5565248E-05 -0.2684707E-05  0.3817964E-10
 0.2270000E-05  0.1627202E+02  0.8667891E-01  0.1627202E+02 -0.8667891E-01  0.5577484E-05 -0.2690771E-05  0.3834857E-10
 0.2280000E-05  0.1625415E+02  0.8677422E-01  0.1625415E+02 -0.8677422E-01  0.5589693E-05 -0.2696822E-05  0.3851751E-10
 0.2290000E-05  0.1623637E+02  0.8686920E-01  0.1623637E+02 -0.8686920E-01  0.5601874E-05 -0.2702860E-05  0.3868645E-10
 0.2300000E-05  0.1621869E+02  0.8696388E-01  0.1621869E+02 -0.8696388E-01  0.5614029E-05 -0.2708886E-05  0.3885539E-10
 0.2310000E-05  0.1620111E+02  0.8705825E-01  0.1620111E+02 -0.8705825E-01  0.5626157E-05 -0.2714900E-05  0.3902433E-10
 0.2320000E-05  0.1618362E+02  0.8715232E-01  0.1618362E+02 -0.8715232E-01  0.5638259E-05 -0.2720901E-05  0.3919326E-10
 0.2330000E-05  0.1616623E+02  0.8724608E-01  0.1616623E+02 -0.8724608E-01  0.5650334E-05 -0.2726889E-05  0.3936220E-10
 0.2340000E-05  0.1614893E+02  0.8733953E-01  0.1614893E+02 -0.8733953E-01  0.5662383E-05 -0.2732866E-05  0.3953114E-10
 0.2350000E-05  0.1613172E+02  0.8743269E-01  0.1613172E+02 -0.8743269E-01  0.5674406E-05 -0.2738830E-05  0.3970008E-10
 0.2360000E-05  0.1611460E+02  0.8752556E-01  0.1611460E+02 -0.8752556E-01  0.5686404E-05 -0.2744782E-05  0.3986902E-10
 0.2370000E-05  0.1609758E+02  0.8761812E-01  0.1609758E+02 -0.8761812E-01  0.5698375E-05 -0.2750722E-05  0.4003795E-10
 0.2380000E-05  0.1608064E+02  0.8771040E-01  0.1608064E+02 -0.8771040E-01  0.5710322E-05 -0.2756650E-05  0.4020689E-10
 0.2390000E-05  0.1606379E+02  0.8780239E-01  0.1606379E+02 -0.8780239E-01  0.5722242E-05 -0.2762566E-05  0.4037583E-10
 0.2400000E-05  0.1604703E+02  0.8789408E-01  0.1604703E+02 -0.8789408E-01  0.5734138E-05 -0.2768470E-05  0.4054477E-10
 0.2410000E-05  0.1603036E+02  0.8798549E-01  0.1603036E+02 -0.8798549E-01  0.5746009E-05 -0.2774363E-05  0.4071371E-10
 0.2420000E-05  0.1601377E+02  0.8807662E-01  0.1601377E+02 -0.8807662E-01  0.5757855E-05 -0.2780244E-05  0.4088264E-10
 0.2430000E-05  0.1599727E+02  0.8816746E-01  0.1599727E+02 -0.8816746E-01  0.5769676E-05 -0.2786113E-05  0.4105158E-10
 0.2440000E-05  0.1598085E+02  0.8825803E-01  0.1598085E+02 -0.8825803E-01  0.5781472E-05 -0.2791971E-05  0.4122052E-10
 0.2450000E-05  0.1596452E+02  0.8834832E-01  0.1596452E+02 -0.8834832E-01  0.5793244E-05 -0.2797817E-05  0.4138946E-10
 0.2460000E-05  0.1594827E+02  0.8843833E-01  0.1594827E+02 -0.8843833E-01  0.5804992E-05 -0.2803652E-05  0.4155840E-10
 0.2470000E-05  0.1593210E+02  0.8852806E-01  0.1593210E+02 -0.8852806E-01  0.5816716E-05 -0.2809476E-05  0.4172733E-10
 0.2480000E-05  0.1591601E+02  0.8861753E-01  0.1591601E+02 -0.8861753E-01  0.5828415E-05 -0.2815288E-05  0.4189627E-10
 0.2490000E-05  0.1590001E+02  0.8870672E-01  0.1590001E+02 -0.8870672E-01  0.5840091E-05 -0.2821089E-05  0.4206521E-10
 0.2500000E-05  0.1588408E+02  0.8879565E-01  0.1588408E+02 -0.8879565E-01  0.5851744E-05 -0.2826879E-05  0.4223415E-10
 0.2510000E-05  0.1586824E+02  0.8888431E-01  0.1586824E+02 -0.8888431E-01  0.5863372E-05 -0.2832658E-05  0.4240309E-10
 0.2520000E-05  0.1585247E+02  0.8897271E-01  0.1585247E+02 -0.8897271E-01  0.5874978E-05 -0.2838426E-05  0.4257203E-10
 0.2530000E-05  0.1583678E+02  0.8906084E-01  0.1583678E+02 -0.8906084E-01  0.5886560E-05 -0.2844183E-05  0.4274096E-10
 0.2540000E-05  0.1582117E+02  0.8914871E-01  0.1582117E+02 -0.8914871E-01  0.5898119E-05 -0.2849929E-05  0.4290990E-10
 0.2550000E-05  0.1580564E+02  0.8923632E-01  0.1580564E+02 -0.8923632E-01  0.5909655E-05 -0.2855665E-05  0.4307884E-10
 0.2560000E-05  0.1579018E+02  0.8932368E-01  0.1579018E+02 -0.8932368E-01  0.5921168E-05 -0.2861390E-05  0.4324778E-10
 0.2570000E-05  0.1577479E+02  0.8941078E-01  0.1577479E+02 -0.8941078E-01  0.5932658E-05 -0.2867104E-05  0.4341672E-10
 0.2580000E-05  0.1575948E+02  0.8949763E-01  0.1575948E+02 -0.8949763E-01  0.5944126E-05 -0.2872807E-05  0.4358566E-10
 0.2590000E-05  0.1574425E+02  0.8958422E-01  0.1574425E+02 -0.8958422E-01  0.5955571E-05 -0.2878500E-05  0.4375459E-10
 0.2600000E-05  0.1572909E+02  0.8967056E-01  0.1572909E+02 -0.8967056E-01  0.5966994E-05 -0.2884183E-05  0.4392353E-10
 0.2610000E-05  0.1571400E+02  0.8975666E-01  0.1571400E+02 -0.8975666E-01  0.5978395E-05 -0.2889855E-05  0.4409247E-10
 0.2620000E-05  0.1569898E+02  0.8984251E-01  0.1569898E+02 -0.8984251E-01  0.5989774E-05 -0.2895516E-05  0.4426141E-10
 0.2630000E-05  0.1568404E+02  0.8992811E-01  0.1568404E+02 -0.8992811E-01  0.6001131E-05 -0.2901168E-05  0.4443035E-10
 0.2640000E-05  0.1566916E+02  0.9001347E-01  0.1566916E+02 -0.9001347E-01  0.6012466E-05 -0.2906809E-05  0.4459929E-10
 0.2650000E-05  0.1565436E+02  0.9009858E-01  0.1565436E+02 -0.9009858E-01  0.6023779E-05 -0.2912440E-05  0.4476822E-10
 0.2660000E-05  0.1563962E+02  0.9018346E-01  0.1563962E+02 -0.9018346E-01  0.6035071E-05 -0.2918061E-05  0.4493716E-10
 0.2670000E-05  0.1562496E+02  0.9026810E-01  0.1562496E+02 -0.9026810E-01  0.6046342E-05 -0.2923671E-05  0.4510610E-10
 0.2680000E-05  0.1561036E+02  0.9035249E-01  0.1561036E+02 -0.9035249E-01  0.6057591E-05 -0.2929272E-05  0.4527504E-10
 0.2690000E-05  0.1559583E+02  0.9043666E-01  0.1559583E+02 -0.9043666E-01  0.6068818E-05 -0.2934863E-05  0.4544398E-10
 0.2700000E-05  0.1558137E+02  0.9052059E-01  0.1558137E+02 -0.9052059E-01  0.6080025E-05 -0.2940444E-05  0.4561292E-10
 0.2710000E-05  0.1556697E+02  0.9060428E-01  0.1556697E+02 -0.9060428E-01  0.6091211E-05 -0.2946015E-05  0.4578185E-10
 0.2720000E-05  0.1555264E+02  0.9068775E-01  0.1555264E+02 -0.9068775E-01  0.6102376E-05 -0.2951576E-05  0.4595079E-10
 0.2730000E-05  0.1553838E+02  0.9077098E-01  0.1553838E+02 -0.9077098E-01  0.6113520E-05 -0.2957128E-05  0.4611973E-10
 0.2740000E-05  0.1552418E+02  0.9085399E-01  0.1552418E+02 -0.9085399E-01  0.6124643E-05 -0.2962670E-05  0.4628867E-10
 0.2750000E-05  0.1551005E+02  0.9093677E-01  0.1551005E+02 -0.9093677E-01  0.6135747E-05 -0.2968202E-05  0.4645761E-10
 0.2760000E-05  0.1549598E+02  0.9101933E-01  0.1549598E+02 -0.9101933E-01  0.6146829E-05 -0.2973725E-05  0.4662655E-10
 0.2770000E-05  0.1548198E+02  0.9110166E-01  0.1548198E+02 -0.9110166E-01  0.6157891E-05 -0.2979238E-05  0.4679549E-10
 0.2780000E-05  0.1546803E+02  0.9118376E-01  0.1546803E+02 -0.9118376E-01  0.6168934E-05 -0.2984741E-05  0.4696442E-10
 0.2790000E-05  0.1545415E+02  0.9126565E-01  0.1545415E+02 -0.9126565E-01  0.6179956E-05 -0.2990236E-05  0.4713336E-10
 0.2800000E-05  0.1544033E+02  0.9134732E-01  0.1544033E+02 -0.9134732E-01  0.6190958E-05 -0.2995720E-05  0.4730230E-10
 0.2810000E-05  0.1542658E+02  0.9142877E-01  0.1542658E+02 -0.9142877E-01  0.6201940E-05 -0.3001196E-05  0.4747124E-10
 0.2820000E-05  0.1541288E+02  0.9151000E-01  0.1541288E+02 -0.9151000E-01  0.6212903E-05 -0.3006662E-05  0.4764018E-10
 0.2830000E-05  0.1539925E+02  0.9159101E-01  0.1539925E+02 -0.9159101E-01  0.6223846E-05 -0.3012119E-05  0.4780912E-10
 0.2840000E-05  0.1538567E+02  0.9167181E-01  0.1538567E+02 -0.9167181E-01  0.6234769E-05 -0.3017567E-05  0.4797806E-10
 0.2850000E-05  0.1537216E+02  0.9175240E-01  0.1537216E+02 -0.9175240E-01  0.6245673E-05 -0.3023006E-05  0.4814699E-10
 0.2860000E-05  0.1535870E+02  0.9183278E-01  0.1535870E+02 -0.9183278E-01  0.6256557E-05 -0.3028436E-05  0.4831593E-10
 0.2870000E-05  0.1534530E+02  0.9191294E-01  0.1534530E+02 -0.9191294E-01  0.6267423E-05 -0.3033856E-05  0.4848487E-10
 0.2880000E-05  0.1533197E+02  0.9199290E-01  0.1533197E+02 -0.9199290E-01  0.6278269E-05 -0.3039268E-05  0.4865381E-10
 0.2890000E-05  0.1531868E+02  0.9207265E-01  0.1531868E+02 -0.9207265E-01  0.6289096E-05 -0.3044671E-05  0.4882275E-10
 0.2900000E-05  0.1530546E+02  0.9215219E-01  0.1530546E+02 -0.9215219E-01  0.6299904E-05 -0.3050065E-05  0.4899169E-10
 0.2910000E-05  0.1529229E+02  0.9223153E-01  0.1529229E+02 -0.9223153E-01  0.6310694E-05 -0.3055450E-05  0.4916063E-10
 0.2920000E-05  0.1527918E+02  0.9231066E-01  0.1527918E+02 -0.9231066E-01  0.6321464E-05 -0.3060826E-05  0.4932956E-10
 0.2930000E-05  0.1526613E+02  0.9238959E-01  0.1526613E+02 -0.9238959E-01  0.6332216E-05 -0.3066193E-05  0.4949850E-10
 0.2940000E-05  0.1525313E+02  0.9246831E-01  0.1525313E+02 -0.9246831E-01  0.6342950E-05 -0.3071552E-05  0.4966744E-10
 0.2950000E-05  0.1524019E+02  0.9254684E-01  0.1524019E+02 -0.9254684E-01  0.6353665E-05 -0.3076902E-05  0.4983638E-10
 0.2960000E-05  0.1522730E+02  0.9262517E-01  0.1522730E+02 -0.9262517E-01  0.6364361E-05 -0.3082244E-05  0.5000532E-10
 0.2970000E-05  0.1521446E+02  0.9270330E-01  0.1521446E+02 -0.9270330E-01  0.6375040E-05 -0.3087576E-05  0.5017426E-10
 0.2980000E-05  0.1520168E+02  0.9278123E-01  0.1520168E+02 -0.9278123E-01  0.6385700E-05 -0.3092901E-05  0.5034320E-10
 0.2990000E-05  0.1518895E+02  0.9285896E-01  0.1518895E+02 -0.9285896E-01  0.6396342E-05 -0.3098217E-05  0.5051214E-10
 0.3000000E-05  0.1517628E+02  0.9293650E-01  0.1517628E+02 -0.9293650E-01  0.6406966E-05 -0.3103524E-05  0.5068107E-10
 0.3010000E-05  0.1516366E+02  0.9301385E-01  0.1516366E+02 -0.9301385E-01  0.6417572E-05 -0.3108823E-05  0.5085001E-10
 0.3020000E-05  0.1515109E+02  0.9309101E-01  0.1515109E+02 -0.9309101E-01  0.6428161E-05 -0.3114114E-05  0.5101895E-10
 0.3030000E-05  0.1513857E+02  0.9316797E-01  0.1513857E+02 -0.9316797E-01  0.6438731E-05 -0.3119396E-05  0.5118789E-10
 0.3040000E-05  0.1512610E+02  0.9324474E-01  0.1512610E+02 -0.9324474E-01  0.6449284E-05 -0.3124670E-05  0.5135683E-10
 0.3050000E-05  0.1511369E+02  0.9332133E-01  0.1511369E+02 -0.9332133E-01  0.6459820E-05 -0.3129936E-05  0.5152577E-10
 0.3060000E-05  0.1510132E+02  0.9339773E-01  0.1510132E+02 -0.9339773E-01  0.6470338E-05 -0.3135194E-05  0.5169471E-10
 0.3070000E-05  0.1508901E+02  0.9347393E-01  0.1508901E+02 -0.9347393E-01  0.6480838E-05 -0.3140443E-05  0.5186365E-10
 0.3080000E-05  0.1507675E+02  0.9354996E-01  0.1507675E+02 -0.9354996E-01  0.6491322E-05 -0.3145684E-05  0.5203259E-10
 0.3090000E-05  0.1506453E+02  0.9362580E-01  0.1506453E+02 -0.9362580E-01  0.6501788E-05 -0.3150918E-05  0.5220152E-10
 0.3100000E-05  0.1505237E+02  0.9370145E-01  0.1505237E+02 -0.9370145E-01  0.6512237E-05 -0.3156143E-05  0.5237046E-10
 0.3110000E-05  0.1504025E+02  0.9377692E-01  0.1504025E+02 -0.9377692E-01  0.6522669E-05 -0.3161360E-05  0.5253940E-10
 0.3120000E-05  0.1502819E+02  0.9385221E-01  0.1502819E+02 -0.9385221E-01  0.6533084E-05 -0.3166569E-05  0.5270834E-10
 0.3130000E-05  0.1501617E+02  0.9392732E-01  0.1501617E+02 -0.9392732E-01  0.6543482E-05 -0.3171771E-05  0.5287728E-10
 0.3140000E-05  0.1500420E+02  0.9400225E-01  0.1500420E+02 -0.9400225E-01  0.6553863E-05 -0.3176964E-05  0.5304622E-10
 0.3150000E-05  0.1499227E+02  0.9407700E-01  0.1499227E+02 -0.9407700E-01  0.6564227E-05 -0.3182150E-05  0.5321516E-10
 0.3160000E-05  0.1498040E+02  0.9415157E-01  0.1498040E+02 -0.9415157E-01  0.6574575E-05 -0.3187327E-05  0.5338410E-10
 0.3170000E-05  0.1496857E+02  0.9422597E-01  0.1496857E+02 -0.9422597E-01  0.6584907E-05 -0.3192497E-05  0.5355304E-10
 0.3180000E-05  0.1495678E+02  0.9430019E-01  0.1495678E+02 -0.9430019E-01  0.6595222E-05 -0.3197660E-05  0.5372198E-10
 0.3190000E-05  0.1494505E+02  0.9437423E-01  0.1494505E+02 -0.9437423E-01  0.6605520E-05 -0.3202814E-05  0.5389091E-10
 0.3200000E-05  0.1493336E+02  0.9444811E-01  0.1493336E+02 -0.9444811E-01  0.6615802E-05 -0.3207961E-05  0.5405985E-10
 0.3210000E-05  0.1492171E+02  0.9452180E-01  0.1492171E+02 -0.9452180E-01  0.6626068E-05 -0.3213100E-05  0.5422879E-10
 0.3220000E-05  0.1491011E+02  0.9459533E-01  0.1491011E+02 -0.9459533E-01  0.6636318E-05 -0.3218232E-05  0.5439773E-10
 0.3230000E-05  0.1489856E+02  0.9466869E-01  0.1489856E+02 -0.9466869E-01  0.6646551E-05 -0.3223356E-05  0.5456667E-10
 0.3240000E-05  0.1488705E+02  0.9474187E-01  0.1488705E+02 -0.9474187E-01  0.6656769E-05 -0.3228473E-05  0.5473561E-10
 0.3250000E-05  0.1487558E+02  0.9481489E-01  0.1487558E+02 -0.9481489E-01  0.6666971E-05 -0.3233582E-05  0.5490455E-10
 0.3260000E-05  0.1486416E+02  0.9488773E-01  0.1486416E+02 -0.9488773E-01  0.6677156E-05 -0.3238684E-05  0.5507349E-10
 0.3270000E-05  0.1485278E+02  0.9496041E-01  0.1485278E+02 -0.9496041E-01  0.6687326E-05 -0.3243778E-05  0.5524243E-10
 0.3280000E-05  0.1484145E+02  0.9503293E-01  0.1484145E+02 -0.9503293E-01  0.6697480E-05 -0.3248865E-05  0.5541137E-10
 0.3290000E-05  0.1483016E+02  0.9510528E-01  0.1483016E+02 -0.9510528E-01  0.6707619E-05 -0.3253944E-05  0.5558031E-10
 0.3300000E-05  0.1481891E+02  0.9517746E-01  0.1481891E+02 -0.9517746E-01  0.6717742E-05 -0.3259016E-05  0.5574925E-10
 0.3310000E-05  0.1480770E+02  0.9524948E-01  0.1480770E+02 -0.9524948E-01  0.6727849E-05 -0.3264081E-05  0.5591818E-10
 0.3320000E-05  0.1479654E+02  0.9532133E-01  0.1479654E+02 -0.9532133E-01  0.6737941E-05 -0.3269139E-05  0.5608712E-10
 0.3330000E-05  0.1478541E+02  0.9539303E-01  0.1478541E+02 -0.9539303E-01  0.6748018E-05 -0.3274189E-05  0.5625606E-10
 0.3340000E-05  0.1477433E+02  0.9546456E-01  0.1477433E+02 -0.9546456E-01  0.6758079E-05 -0.3279233E-05  0.5642500E-10
 0.3350000E-05  0.1476329E+02  0.9553593E-01  0.1476329E+02 -0.9553593E-01  0.6768125E-05 -0.3284269E-05  0.5659394E-10
 0.3360000E-05  0.1475230E+02  0.9560715E-01  0.1475230E+02 -0.9560715E-01  0.6778156E-05 -0.3289298E-05  0.5676288E-10
 0.3370000E-05  0.1474134E+02  0.9567820E-01  0.1474134E+02 -0.9567820E-01  0.6788172E-05 -0.3294320E-05  0.5693182E-10
 0.3380000E-05  0.1473042E+02  0.9574910E-01  0.1473042E+02 -0.9574910E-01  0.6798173E-05 -0.3299334E-05  0.5710076E-10
 0.3390000E-05  0.1471955E+02  0.9581984E-01  0.1471955E+02 -0.9581984E-01  0.6808158E-05 -0.3304342E-05  0.5726970E-10
 0.3400000E-05  0.1470871E+02  0.9589042E-01  0.1470871E+02 -0.9589042E-01  0.6818129E-05 -0.3309343E-05  0.5743864E-10
 0.3410000E-05  0.1469791E+02  0.9596085E-01  0.1469791E+02 -0.9596085E-01  0.6828085E-05 -0.3314337E-05  0.5760758E-10
 0.3420000E-05  0.1468716E+02  0.9603112E-01  0.1468716E+02 -0.9603112E-01  0.6838027E-05 -0.3319324E-05  0.5777652E-10
 0.3430000E-05  0.1467644E+02  0.9610124E-01  0.1467644E+02 -0.9610124E-01  0.6847953E-05 -0.3324304E-05  0.5794546E-10
 0.3440000E-05  0.1466576E+02  0.9617120E-01  0.1466576E+02 -0.9617120E-01  0.6857865E-05 -0.3329277E-05  0.5811440E-10
 0.3450000E-05  0.1465512E+02  0.9624101E-01  0.1465512E+02 -0.9624101E-01  0.6867762E-05 -0.3334243E-05  0.5828334E-10
 0.3460000E-05  0.1464452E+02  0.9631068E-01  0.1464452E+02 -0.9631068E-01  0.6877645E-05 -0.3339202E-05  0.5845227E-10
 0.3470000E-05  0.1463396E+02  0.9638019E-01  0.1463396E+02 -0.9638019E-01  0.6887513E-05 -0.3344155E-05  0.5862121E-10
 0.3480000E-05  0.1462343E+02  0.9644955E-01  0.1462343E+02 -0.9644955E-01  0.6897367E-05 -0.3349101E-05  0.5879015E-10
 0.3490000E-05  0.1461294E+02  0.9651876E-01  0.1461294E+02 -0.9651876E-01  0.6907207E-05 -0.3354040E-05  0.5895909E-10
 0.3500000E-05  0.1460249E+02  0.9658782E-01  0.1460249E+02 -0.9658782E-01  0.6917032E-05 -0.3358973E-05  0.5912803E-10
 0.3510000E-05  0.1459208E+02  0.9665673E-01  0.1459208E+02 -0.9665673E-01  0.6926843E-05 -0.3363898E-05  0.5929697E-10
 0.3520000E-05  0.1458170E+02  0.9672550E-01  0.1458170E+02 -0.9672550E-01  0.6936640E-05 -0.3368818E-05  0.5946591E-10
 0.3530000E-05  0.1457137E+02  0.9679412E-01  0.1457137E+02 -0.9679412E-01  0.6946423E-05 -0.3373730E-05  0.5963485E-10
 0.3540000E-05  0.1456106E+02  0.9686260E-01  0.1456106E+02 -0.9686260E-01  0.6956192E-05 -0.3378636E-05  0.5980379E-10
 0.3550000E-05  0.1455080E+02  0.9693093E-01  0.1455080E+02 -0.9693093E-01  0.6965947E-05 -0.3383535E-05  0.5997273E-10
 0.3560000E-05  0.1454057E+02  0.9699911E-01  0.1454057E+02 -0.9699911E-01  0.6975688E-05 -0.3388428E-05  0.6014167E-10
 0.3570000E-05  0.1453037E+02  0.9706716E-01  0.1453037E+02 -0.9706716E-01  0.6985415E-05 -0.3393315E-05  0.6031061E-10
 0.3580000E-05  0.1452021E+02  0.9713506E-01  0.1452021E+02 -0.9713506E-01  0.6995128E-05 -0.3398195E-05  0.6047955E-10
 0.3590000E-05  0.1451009E+02  0.9720282E-01  0.1451009E+02 -0.9720282E-01  0.7004828E-05 -0.3403068E-05  0.6064849E-10
 0.3600000E-05  0.1450000E+02  0.9727043E-01  0.1450000E+02 -0.9727043E-01  0.7014514E-05 -0.3407935E-05  0.6081743E-10
 0.3610000E-05  0.1448995E+02  0.9733791E-01  0.1448995E+02 -0.9733791E-01  0.7024186E-05 -0.3412796E-05  0.6098637E-10
 0.3620000E-05  0.1447993E+02  0.9740524E-01  0.1447993E+02 -0.9740524E-01  0.7033845E-05 -0.3417650E-05  0.6115531E-10
 0.3630000E-05  0.1446995E+02  0.9747244E-01  0.1446995E+02 -0.9747244E-01  0.7043490E-05 -0.3422498E-05  0.6132425E-10
 0.3640000E-05  0.1446000E+02  0.9753950E-01  0.1446000E+02 -0.9753950E-01  0.7053122E-05 -0.3427340E-05  0.6149319E-10
 0.3650000E-05  0.1445008E+02  0.9760642E-01  0.1445008E+02 -0.9760642E-01  0.7062740E-05 -0.3432175E-05  0.6166213E-10
 0.3660000E-05  0.1444020E+02  0.9767320E-01  0.1444020E+02 -0.9767320E-01  0.7072345E-05 -0.3437004E-05  0.6183107E-10
 0.3670000E-05  0.1443035E+02  0.9773984E-01  0.1443035E+02 -0.9773984E-01  0.7081937E-05 -0.3441827E-05  0.6200001E-10
 0.3680000E-05  0.1442054E+02  0.9780635E-01  0.1442054E+02 -0.9780635E-01  0.7091516E-05 -0.3446643E-05  0.6216894E-10
 0.3690000E-05  0.1441076E+02  0.9787273E-01  0.1441076E+02 -0.9787273E-01  0.7101081E-05 -0.3451454E-05  0.6233788E-10
 0.3700000E-05  0.1440101E+02  0.9793897E-01  0.1440101E+02 -0.9793897E-01  0.7110633E-05 -0.3456258E-05  0.6250682E-10
 0.3710000E-05  0.1439129E+02  0.9800507E-01  0.1439129E+02 -0.9800507E-01  0.7120172E-05 -0.3461056E-05  0.6267576E-10
 0.3720000E-05  0.1438161E+02  0.9807104E-01  0.1438161E+02 -0.9807104E-01  0.7129698E-05 -0.3465848E-05  0.6284470E-10
 0.3730000E-05  0.1437196E+02  0.9813688E-01  0.1437196E+02 -0.9813688E-01  0.7139212E-05 -0.3470634E-05  0.6301364E-10
 0.3740000E-05  0.1436235E+02  0.9820259E-01  0.1436235E+02 -0.9820259E-01  0.7148712E-05 -0.3475414E-05  0.6318258E-10
 0.3750000E-05  0.1435276E+02  0.9826816E-01  0.1435276E+02 -0.9826816E-01  0.7158199E-05 -0.3480188E-05  0.6335152E-10
 0.3760000E-05  0.1434321E+02  0.9833361E-01  0.1434321E+02 -0.9833361E-01  0.7167674E-05 -0.3484956E-05  0.6352046E-10
 0.3770000E-05  0.1433368E+02  0.9839892E-01  0.1433368E+02 -0.9839892E-01  0.7177136E-05 -0.3489717E-05  0.6368940E-10
 0.3780000E-05  0.1432419E+02  0.9846410E-01  0.1432419E+02 -0.9846410E-01  0.7186585E-05 -0.3494473E-05  0.6385834E-10
 0.3790000E-05  0.1431473E+02  0.9852916E-01  0.1431473E+02 -0.9852916E-01  0.7196021E-05 -0.3499223E-05  0.6402728E-10
 0.3800000E-05  0.1430531E+02  0.9859408E-01  0.1430531E+02 -0.9859408E-01  0.7205445E-05 -0.3503967E-05  0.6419622E-10
 0.3810000E-05  0.1429591E+02  0.9865888E-01  0.1429591E+02 -0.9865888E-01  0.7214856E-05 -0.3508705E-05  0.6436516E-10
 0.3820000E-05  0.1428654E+02  0.9872355E-01  0.1428654E+02 -0.9872355E-01  0.7224255E-05 -0.3513438E-05  0.6453410E-10
 0.3830000E-05  0.1427721E+02  0.9878809E-01  0.1427721E+02 -0.9878809E-01  0.7233641E-05 -0.3518164E-05  0.6470304E-10
 0.3840000E-05  0.1426790E+02  0.9885251E-01  0.1426790E+02 -0.9885251E-01  0.7243015E-05 -0.3522884E-05  0.6487198E-10
 0.3850000E-05  0.1425863E+02  0.9891680E-01  0.1425863E+02 -0.9891680E-01  0.7252377E-05 -0.3527599E-05  0.6504092E-10
 0.3860000E-05  0.1424938E+02  0.9898097E-01  0.1424938E+02 -0.9898097E-01  0.7261726E-05 -0.3532308E-05  0.6520986E-10
 0.3870000E-05  0.1424017E+02  0.9904501E-01  0.1424017E+02 -0.9904501E-01  0.7271063E-05 -0.3537011E-05  0.6537880E-10
 0.3880000E-05  0.1423098E+02  0.9910893E-01  0.1423098E+02 -0.9910893E-01  0.7280387E-05 -0.3541709E-05  0.6554774E-10
 0.3890000E-05  0.1422183E+02  0.9917272E-01  0.1422183E+02 -0.9917272E-01  0.7289700E-05 -0.3546401E-05  0.6571668E-10
 0.3900000E-05  0.1421270E+02  0.9923639E-01  0.1421270E+02 -0.9923639E-01  0.7299000E-05 -0.3551087E-05  0.6588562E-10
 0.3910000E-05  0.1420360E+02  0.9929994E-01  0.1420360E+02 -0.9929994E-01  0.7308289E-05 -0.3555767E-05  0.6605456E-10
 0.3920000E-05  0.1419454E+02  0.9936337E-01  0.1419454E+02 -0.9936337E-01  0.7317565E-05 -0.3560442E-05  0.6622350E-10
 0.3930000E-05  0.1418550E+02  0.9942667E-01  0.1418550E+02 -0.9942667E-01  0.7326829E-05 -0.3565111E-05  0.6639244E-10
 0.3940000E-05  0.1417649E+02  0.9948986E-01  0.1417649E+02 -0.9948986E-01  0.7336081E-05 -0.3569774E-05  0.6656138E-10
 0.3950000E-05  0.1416750E+02  0.9955292E-01  0.1416750E+02 -0.9955292E-01  0.7345322E-05 -0.3574432E-05  0.6673032E-10
 0.3960000E-05  0.1415855E+02  0.9961587E-01  0.1415855E+02 -0.9961587E-01  0.7354551E-05 -0.3579085E-05  0.6689926E-10
 0.3970000E-05  0.1414962E+02  0.9967870E-01  0.1414962E+02 -0.9967870E-01  0.7363767E-05 -0.3583732E-05  0.6706820E-10
 0.3980000E-05  0.1414073E+02  0.9974140E-01  0.1414073E+02 -0.9974140E-01  0.7372972E-05 -0.3588373E-05  0.6723714E-10
 0.3990000E-05  0.1413186E+02  0.9980399E-01  0.1413186E+02 -0.9980399E-01  0.7382166E-05 -0.3593009E-05  0.6740608E-10
 0.4000000E-05  0.1412302E+02  0.9986647E-01  0.1412302E+02 -0.9986647E-01  0.7391347E-05 -0.3597639E-05  0.6757502E-10
 0.4010000E-05  0.1411420E+02  0.9992882E-01  0.1411420E+02 -0.9992882E-01  0.7400517E-05 -0.3602264E-05  0.6774396E-10
 0.4020000E-05  0.1410541E+02  0.9999106E-01  0.1410541E+02 -0.9999106E-01  0.7409676E-05 -0.3606883E-05  0.6791290E-10
 0.4030000E-05  0.1409666E+02  0.1000532E+00  0.1409666E+02 -0.1000532E+00  0.7418823E-05 -0.3611497E-05  0.6808184E-10
 0.4040000E-05  0.1408792E+02  0.1001152E+00  0.1408792E+02 -0.1001152E+00  0.7427958E-05 -0.3616106E-05  0.6825078E-10
 0.4050000E-05  0.1407922E+02  0.1001771E+00  0.1407922E+02 -0.1001771E+00  0.7437082E-05 -0.3620709E-05  0.6841972E-10
 0.4060000E-05  0.1407054E+02  0.1002389E+00  0.1407054E+02 -0.1002389E+00  0.7446194E-05 -0.3625307E-05  0.6858866E-10
 0.4070000E-05  0.1406189E+02  0.1003005E+00  0.1406189E+02 -0.1003005E+00  0.7455296E-05 -0.3629899E-05  0.6875760E-10
 0.4080000E-05  0.1405326E+02  0.1003621E+00  0.1405326E+02 -0.1003621E+00  0.7464385E-05 -0.3634487E-05  0.6892654E-10
 0.4090000E-05  0.1404466E+02  0.1004235E+00  0.1404466E+02 -0.1004235E+00  0.7473464E-05 -0.3639069E-05  0.6909548E-10
 0.4100000E-05  0.1403609E+02  0.1004848E+00  0.1403609E+02 -0.1004848E+00  0.7482531E-05 -0.3643645E-05  0.6926442E-10
 0.4110000E-05  0.1402754E+02  0.1005460E+00  0.1402754E+02 -0.1005460E+00  0.7491587E-05 -0.3648217E-05  0.6943336E-10
 0.4120000E-05  0.1401902E+02  0.1006071E+00  0.1401902E+02 -0.1006071E+00  0.7500632E-05 -0.3652783E-05  0.6960230E-10
 0.4130000E-05  0.1401053E+02  0.1006681E+00  0.1401053E+02 -0.1006681E+00  0.7509666E-05 -0.3657344E-05  0.6977124E-10
 0.4140000E-05  0.1400206E+02  0.1007290E+00  0.1400206E+02 -0.1007290E+00  0.7518689E-05 -0.3661899E-05  0.6994018E-10
 0.4150000E-05  0.1399362E+02  0.1007898E+00  0.1399362E+02 -0.1007898E+00  0.7527700E-05 -0.3666450E-05  0.7010912E-10
 0.4160000E-05  0.1398520E+02  0.1008504E+00  0.1398520E+02 -0.1008504E+00  0.7536701E-05 -0.3670995E-05  0.7027806E-10
 0.4170000E-05  0.1397680E+02  0.1009110E+00  0.1397680E+02 -0.1009110E+00  0.7545691E-05 -0.3675535E-05  0.7044701E-10
 0.4180000E-05  0.1396844E+02  0.1009714E+00  0.1396844E+02 -0.1009714E+00  0.7554669E-05 -0.3680070E-05  0.7061595E-10
 0.4190000E-05  0.1396009E+02  0.1010318E+00  0.1396009E+02 -0.1010318E+00  0.7563637E-05 -0.3684600E-05  0.7078489E-10
 0.4200000E-05  0.1395178E+02  0.1010920E+00  0.1395178E+02 -0.1010920E+00  0.7572594E-05 -0.3689125E-05  0.7095383E-10
 0.4210000E-05  0.1394348E+02  0.1011521E+00  0.1394348E+02 -0.1011521E+00  0.7581540E-05 -0.3693645E-05  0.7112277E-10
 0.4220000E-05  0.1393521E+02  0.1012121E+00  0.1393521E+02 -0.1012121E+00  0.7590476E-05 -0.3698160E-05  0.7129171E-10
 0.4230000E-05  0.1392697E+02  0.1012720E+00  0.1392697E+02 -0.1012720E+00  0.7599400E-05 -0.3702669E-05  0.7146065E-10
 0.4240000E-05  0.1391875E+02  0.1013318E+00  0.1391875E+02 -0.1013318E+00  0.7608314E-05 -0.3707174E-05  0.7162959E-10
 0.4250000E-05  0.1391055E+02  0.1013915E+00  0.1391055E+02 -0.1013915E+00  0.7617218E-05 -0.3711674E-05  0.7179853E-10
 0.4260000E-05  0.1390238E+02  0.1014511E+00  0.1390238E+02 -0.1014511E+00  0.7626110E-05 -0.3716168E-05  0.7196747E-10
 0.4270000E-05  0.1389423E+02  0.1015106E+00  0.1389423E+02 -0.1015106E+00  0.7634993E-05 -0.3720658E-05  0.7213641E-10
 0.4280000E-05  0.1388611E+02  0.1015700E+00  0.1388611E+02 -0.1015700E+00  0.7643864E-05 -0.3725143E-05  0.7230535E-10
 0.4290000E-05  0.1387801E+02  0.1016292E+00  0.1387801E+02 -0.1016292E+00  0.7652725E-05 -0.3729623E-05  0.7247429E-10
 0.4300000E-05  0.1386993E+02  0.1016884E+00  0.1386993E+02 -0.1016884E+00  0.7661576E-05 -0.3734098E-05  0.7264323E-10
 0.4310000E-05  0.1386188E+02  0.1017475E+00  0.1386188E+02 -0.1017475E+00  0.7670416E-05 -0.3738568E-05  0.7281217E-10
 0.4320000E-05  0.1385385E+02  0.1018064E+00  0.1385385E+02 -0.1018064E+00  0.7679246E-05 -0.3743033E-05  0.7298111E-10
 0.4330000E-05  0.1384584E+02  0.1018653E+00  0.1384584E+02 -0.1018653E+00  0.7688065E-05 -0.3747493E-05  0.7315005E-10
 0.4340000E-05  0.1383786E+02  0.1019240E+00  0.1383786E+02 -0.1019240E+00  0.7696874E-05 -0.3751949E-05  0.7331899E-10
 0.4350000E-05  0.1382990E+02  0.1019827E+00  0.1382990E+02 -0.1019827E+00  0.7705673E-05 -0.3756399E-05  0.7348793E-10
 0.4360000E-05  0.1382196E+02  0.1020413E+00  0.1382196E+02 -0.1020413E+00  0.7714462E-05 -0.3760845E-05  0.7365687E-10
 0.4370000E-05  0.1381405E+02  0.1020997E+00  0.1381405E+02 -0.1020997E+00  0.7723240E-05 -0.3765286E-05  0.7382581E-10
 0.4380000E-05  0.1380615E+02  0.1021581E+00  0.1380615E+02 -0.1021581E+00  0.7732008E-05 -0.3769722E-05  0.7399475E-10
 0.4390000E-05  0.1379828E+02  0.1022163E+00  0.1379828E+02 -0.1022163E+00  0.7740766E-05 -0.3774154E-05  0.7416370E-10
 0.4400000E-05  0.1379044E+02  0.1022745E+00  0.1379044E+02 -0.1022745E+00  0.7749514E-05 -0.3778580E-05  0.7433264E-10
 0.4410000E-05  0.1378261E+02  0.1023325E+00  0.1378261E+02 -0.1023325E+00  0.7758252E-05 -0.3783002E-05  0.7450158E-10
 0.4420000E-05  0.1377481E+02  0.1023905E+00  0.1377481E+02 -0.1023905E+00  0.7766979E-05 -0.3787420E-05  0.7467052E-10
 0.4430000E-05  0.1376703E+02  0.1024484E+00  0.1376703E+02 -0.1024484E+00  0.7775697E-05 -0.3791832E-05  0.7483946E-10
 0.4440000E-05  0.1375927E+02  0.1025061E+00  0.1375927E+02 -0.1025061E+00  0.7784405E-05 -0.3796240E-05  0.7500840E-10
 0.4450000E-05  0.1375153E+02  0.1025638E+00  0.1375153E+02 -0.1025638E+00  0.7793103E-05 -0.3800643E-05  0.7517734E-10
 0.4460000E-05  0.1374381E+02  0.1026214E+00  0.1374381E+02 -0.1026214E+00  0.7801791E-05 -0.3805042E-05  0.7534628E-10
 0.4470000E-05  0.1373612E+02  0.1026788E+00  0.1373612E+02 -0.1026788E+00  0.7810469E-05 -0.3809436E-05  0.7551522E-10
 0.4480000E-05  0.1372845E+02  0.1027362E+00  0.1372845E+02 -0.1027362E+00  0.7819137E-05 -0.3813825E-05  0.7568416E-10
 0.4490000E-05  0.1372080E+02  0.1027935E+00  0.1372080E+02 -0.1027935E+00  0.7827795E-05 -0.3818210E-05  0.7585310E-10
 0.4500000E-05  0.1371317E+02  0.1028507E+00  0.1371317E+02 -0.1028507E+00  0.7836444E-05 -0.3822590E-05  0.7602204E-10
 0.4510000E-05  0.1370556E+02  0.1029078E+00  0.1370556E+02 -0.1029078E+00  0.7845083E-05 -0.3826965E-05  0.7619098E-10
 0.4520000E-05  0.1369797E+02  0.1029648E+00  0.1369797E+02 -0.1029648E+00  0.7853712E-05 -0.3831336E-05  0.7635992E-10
 0.4530000E-05  0.1369040E+02  0.1030217E+00  0.1369040E+02 -0.1030217E+00  0.7862331E-05 -0.3835703E-05  0.7652887E-10
 0.4540000E-05  0.1368286E+02  0.1030785E+00  0.1368286E+02 -0.1030785E+00  0.7870941E-05 -0.3840064E-05  0.7669781E-10
 0.4550000E-05  0.1367533E+02  0.1031352E+00  0.1367533E+02 -0.1031352E+00  0.7879541E-05 -0.3844422E-05  0.7686675E-10
 0.4560000E-05  0.1366783E+02  0.1031918E+00  0.1366783E+02 -0.1031918E+00  0.7888132E-05 -0.3848775E-05  0.7703569E-10
 0.4570000E-05  0.1366034E+02  0.1032483E+00  0.1366034E+02 -0.1032483E+00  0.7896713E-05 -0.3853123E-05  0.7720463E-10
 0.4580000E-05  0.1365288E+02  0.1033047E+00  0.1365288E+02 -0.1033047E+00  0.7905284E-05 -0.3857467E-05  0.7737357E-10
 0.4590000E-05  0.1364544E+02  0.1033611E+00  0.1364544E+02 -0.1033611E+00  0.7913846E-05 -0.3861806E-05  0.7754251E-10
 0.4600000E-05  0.1363801E+02  0.1034173E+00  0.1363801E+02 -0.1034173E+00  0.7922399E-05 -0.3866141E-05  0.7771145E-10
 0.4610000E-05  0.1363061E+02  0.1034735E+00  0.1363061E+02 -0.1034735E+00  0.7930942E-05 -0.3870472E-05  0.7788039E-10
 0.4620000E-05  0.1362323E+02  0.1035296E+00  0.1362323E+02 -0.1035296E+00  0.7939476E-05 -0.3874798E-05  0.7804933E-10
 0.4630000E-05  0.1361586E+02  0.1035855E+00  0.1361586E+02 -0.1035855E+00  0.7948000E-05 -0.3879120E-05  0.7821827E-10
 0.4640000E-05  0.1360852E+02  0.1036414E+00  0.1360852E+02 -0.1036414E+00  0.7956515E-05 -0.3883437E-05  0.7838721E-10
 0.4650000E-05  0.1360120E+02  0.1036972E+00  0.1360120E+02 -0.1036972E+00  0.7965021E-05 -0.3887750E-05  0.7855616E-10
 0.4660000E-05  0.1359389E+02  0.1037529E+00  0.1359389E+02 -0.1037529E+00  0.7973517E-05 -0.3892059E-05  0.7872510E-10
 0.4670000E-05  0.1358661E+02  0.1038085E+00  0.1358661E+02 -0.1038085E+00  0.7982004E-05 -0.3896363E-05  0.7889404E-10
 0.4680000E-05  0.1357935E+02  0.1038640E+00  0.1357935E+02 -0.1038640E+00  0.7990482E-05 -0.3900663E-05  0.7906298E-10
 0.4690000E-05  0.1357210E+02  0.1039195E+00  0.1357210E+02 -0.1039195E+00  0.7998951E-05 -0.3904959E-05  0.7923192E-10
 0.4700000E-05  0.1356487E+02  0.1039748E+00  0.1356487E+02 -0.1039748E+00  0.8007410E-05 -0.3909250E-05  0.7940086E-10
 0.4710000E-05  0.1355767E+02  0.1040301E+00  0.1355767E+02 -0.1040301E+00  0.8015861E-05 -0.3913537E-05  0.7956980E-10
 0.4720000E-05  0.1355048E+02  0.1040853E+00  0.1355048E+02 -0.1040853E+00  0.8024302E-05 -0.3917820E-05  0.7973874E-10
 0.4730000E-05  0.1354331E+02  0.1041403E+00  0.1354331E+02 -0.1041403E+00  0.8032735E-05 -0.3922099E-05  0.7990768E-10
 0.4740000E-05  0.1353616E+02  0.1041953E+00  0.1353616E+02 -0.1041953E+00  0.8041158E-05 -0.3926373E-05  0.8007662E-10
 0.4750000E-05  0.1352903E+02  0.1042502E+00  0.1352903E+02 -0.1042502E+00  0.8049572E-05 -0.3930643E-05  0.8024557E-10
 0.4760000E-05  0.1352192E+02  0.1043051E+00  0.1352192E+02 -0.1043051E+00  0.8057977E-05 -0.3934909E-05  0.8041451E-10
 0.4770000E-05  0.1351482E+02  0.1043598E+00  0.1351482E+02 -0.1043598E+00  0.8066374E-05 -0.3939171E-05  0.8058345E-10
 0.4780000E-05  0.1350775E+02  0.1044145E+00  0.1350775E+02 -0.1044145E+00  0.8074761E-05 -0.3943428E-05  0.8075239E-10
 0.4790000E-05  0.1350069E+02  0.1044690E+00  0.1350069E+02 -0.1044690E+00  0.8083139E-05 -0.3947681E-05  0.8092133E-10
 0.4800000E-05  0.1349366E+02  0.1045235E+00  0.1349366E+02 -0.1045235E+00  0.8091509E-05 -0.3951930E-05  0.8109027E-10
 0.4810000E-05  0.1348664E+02  0.1045779E+00  0.1348664E+02 -0.1045779E+00  0.8099870E-05 -0.3956175E-05  0.8125921E-10
 0.4820000E-05  0.1347963E+02  0.1046322E+00  0.1347963E+02 -0.1046322E+00  0.8108222E-05 -0.3960416E-05  0.8142815E-10
 0.4830000E-05  0.1347265E+02  0.1046864E+00  0.1347265E+02 -0.1046864E+00  0.8116565E-05 -0.3964653E-05  0.8159709E-10
 0.4840000E-05  0.1346569E+02  0.1047406E+00  0.1346569E+02 -0.1047406E+00  0.8124899E-05 -0.3968885E-05  0.8176604E-10
 0.4850000E-05  0.1345874E+02  0.1047946E+00  0.1345874E+02 -0.1047946E+00  0.8133225E-05 -0.3973114E-05  0.8193498E-10
 0.4860000E-05  0.1345181E+02  0.1048486E+00  0.1345181E+02 -0.1048486E+00  0.8141541E-05 -0.3977338E-05  0.8210392E-10
 0.4870000E-05  0.1344490E+02  0.1049025E+00  0.1344490E+02 -0.1049025E+00  0.8149850E-05 -0.3981559E-05  0.8227286E-10
 0.4880000E-05  0.1343800E+02  0.1049563E+00  0.1343800E+02 -0.1049563E+00  0.8158149E-05 -0.3985775E-05  0.8244180E-10
 0.4890000E-05  0.1343113E+02  0.1050100E+00  0.1343113E+02 -0.1050100E+00  0.8166440E-05 -0.3989987E-05  0.8261074E-10
 0.4900000E-05  0.1342427E+02  0.1050637E+00  0.1342427E+02 -0.1050637E+00  0.8174722E-05 -0.3994195E-05  0.8277968E-10
 0.4910000E-05  0.1341743E+02  0.1051172E+00  0.1341743E+02 -0.1051172E+00  0.8182996E-05 -0.3998399E-05  0.8294862E-10
 0.4920000E-05  0.1341060E+02  0.1051707E+00  0.1341060E+02 -0.1051707E+00  0.8191261E-05 -0.4002599E-05  0.8311757E-10
 0.4930000E-05  0.1340380E+02  0.1052241E+00  0.1340380E+02 -0.1052241E+00  0.8199518E-05 -0.4006796E-05  0.8328651E-10
 0.4940000E-05  0.1339701E+02  0.1052774E+00  0.1339701E+02 -0.1052774E+00  0.8207766E-05 -0.4010988E-05  0.8345545E-10
 0.4950000E-05  0.1339023E+02  0.1053306E+00  0.1339023E+02 -0.1053306E+00  0.8216006E-05 -0.4015176E-05  0.8362439E-10
 0.4960000E-05  0.1338348E+02  0.1053838E+00  0.1338348E+02 -0.1053838E+00  0.8224237E-05 -0.4019360E-05  0.8379333E-10
 0.4970000E-05  0.1337674E+02  0.1054369E+00  0.1337674E+02 -0.1054369E+00  0.8232460E-05 -0.4023540E-05  0.8396227E-10
 0.4980000E-05  0.1337002E+02  0.1054899E+00  0.1337002E+02 -0.1054899E+00  0.8240674E-05 -0.4027716E-05  0.8413121E-10
 0.4990000E-05  0.1336331E+02  0.1055428E+00  0.1336331E+02 -0.1055428E+00  0.8248880E-05 -0.4031889E-05  0.8430015E-10
 0.5000000E-05  0.1335663E+02  0.1055956E+00  0.1335663E+02 -0.1055956E+00  0.8257078E-05 -0.4036057E-05  0.8446910E-10
 0.5010000E-05  0.1334996E+02  0.1056484E+00  0.1334996E+02 -0.1056484E+00  0.8265267E-05 -0.4040222E-05  0.8463804E-10
 0.5020000E-05  0.1334330E+02  0.1057010E+00  0.1334330E+02 -0.1057010E+00  0.8273448E-05 -0.4044382E-05  0.8480698E-10
 0.5030000E-05  0.1333666E+02  0.1057536E+00  0.1333666E+02 -0.1057536E+00  0.8281621E-05 -0.4048539E-05  0.8497592E-10
 0.5040000E-05  0.1333004E+02  0.1058062E+00  0.1333004E+02 -0.1058062E+00  0.8289786E-05 -0.4052692E-05  0.8514486E-10
 0.5050000E-05  0.1332344E+02  0.1058586E+00  0.1332344E+02 -0.1058586E+00  0.8297942E-05 -0.4056841E-05  0.8531380E-10
 0.5060000E-05  0.1331685E+02  0.1059110E+00  0.1331685E+02 -0.1059110E+00  0.8306090E-05 -0.4060986E-05  0.8548274E-10
 0.5070000E-05  0.1331028E+02  0.1059632E+00  0.1331028E+02 -0.1059632E+00  0.8314230E-05 -0.4065127E-05  0.8565169E-10
 0.5080000E-05  0.1330372E+02  0.1060155E+00  0.1330372E+02 -0.1060155E+00  0.8322362E-05 -0.4069265E-05  0.8582063E-10
 0.5090000E-05  0.1329718E+02  0.1060676E+00  0.1329718E+02 -0.1060676E+00  0.8330486E-05 -0.4073399E-05  0.8598957E-10
 0.5100000E-05  0.1329066E+02  0.1061196E+00  0.1329066E+02 -0.1061196E+00  0.8338601E-05 -0.4077529E-05  0.8615851E-10
 0.5110000E-05  0.1328415E+02  0.1061716E+00  0.1328415E+02 -0.1061716E+00  0.8346709E-05 -0.4081655E-05  0.8632745E-10
 0.5120000E-05  0.1327766E+02  0.1062235E+00  0.1327766E+02 -0.1062235E+00  0.8354808E-05 -0.4085777E-05  0.8649639E-10
 0.5130000E-05  0.1327118E+02  0.1062753E+00  0.1327118E+02 -0.1062753E+00  0.8362900E-05 -0.4089895E-05  0.8666534E-10
 0.5140000E-05  0.1326472E+02  0.1063271E+00  0.1326472E+02 -0.1063271E+00  0.8370983E-05 -0.4094010E-05  0.8683428E-10
 0.5150000E-05  0.1325827E+02  0.1063788E+00  0.1325827E+02 -0.1063788E+00  0.8379058E-05 -0.4098121E-05  0.8700322E-10
 0.5160000E-05  0.1325185E+02  0.1064304E+00  0.1325185E+02 -0.1064304E+00  0.8387126E-05 -0.4102229E-05  0.8717216E-10
 0.5170000E-05  0.1324543E+02  0.1064819E+00  0.1324543E+02 -0.1064819E+00  0.8395185E-05 -0.4106332E-05  0.8734110E-10
 0.5180000E-05  0.1323903E+02  0.1065333E+00  0.1323903E+02 -0.1065333E+00  0.8403237E-05 -0.4110432E-05  0.8751004E-10
 0.5190000E-05  0.1323265E+02  0.1065847E+00  0.1323265E+02 -0.1065847E+00  0.8411281E-05 -0.4114528E-05  0.8767898E-10
 0.5200000E-05  0.1322628E+02  0.1066360E+00  0.1322628E+02 -0.1066360E+00  0.8419317E-05 -0.4118621E-05  0.8784793E-10
 0.5210000E-05  0.1321993E+02  0.1066872E+00  0.1321993E+02 -0.1066872E+00  0.8427345E-05 -0.4122709E-05  0.8801687E-10
 0.5220000E-05  0.1321359E+02  0.1067384E+00  0.1321359E+02 -0.1067384E+00  0.8435365E-05 -0.4126794E-05  0.8818581E-10
 0.5230000E-05  0.1320727E+02  0.1067895E+00  0.1320727E+02 -0.1067895E+00  0.8443377E-05 -0.4130876E-05  0.8835475E-10
 0.5240000E-05  0.1320097E+02  0.1068405E+00  0.1320097E+02 -0.1068405E+00  0.8451382E-05 -0.4134954E-05  0.8852369E-10
 0.5250000E-05  0.1319467E+02  0.1068914E+00  0.1319467E+02 -0.1068914E+00  0.8459378E-05 -0.4139028E-05  0.8869263E-10
 0.5260000E-05  0.1318840E+02  0.1069423E+00  0.1318840E+02 -0.1069423E+00  0.8467368E-05 -0.4143098E-05  0.8886158E-10
 0.5270000E-05  0.1318214E+02  0.1069931E+00  0.1318214E+02 -0.1069931E+00  0.8475349E-05 -0.4147165E-05  0.8903052E-10
 0.5280000E-05  0.1317589E+02  0.1070438E+00  0.1317589E+02 -0.1070438E+00  0.8483323E-05 -0.4151228E-05  0.8919946E-10
 0.5290000E-05  0.1316966E+02  0.1070944E+00  0.1316966E+02 -0.1070944E+00  0.8491289E-05 -0.4155288E-05  0.8936840E-10
 0.5300000E-05  0.1316344E+02  0.1071450E+00  0.1316344E+02 -0.1071450E+00  0.8499247E-05 -0.4159344E-05  0.8953734E-10
 0.5310000E-05  0.1315724E+02  0.1071955E+00  0.1315724E+02 -0.1071955E+00  0.8507198E-05 -0.4163397E-05  0.8970629E-10
 0.5320000E-05  0.1315105E+02  0.1072459E+00  0.1315105E+02 -0.1072459E+00  0.8515141E-05 -0.4167446E-05  0.8987523E-10
 0.5330000E-05  0.1314487E+02  0.1072963E+00  0.1314487E+02 -0.1072963E+00  0.8523076E-05 -0.4171491E-05  0.9004417E-10
 0.5340000E-05  0.1313872E+02  0.1073466E+00  0.1313872E+02 -0.1073466E+00  0.8531004E-05 -0.4175533E-05  0.9021311E-10
 0.5350000E-05  0.1313257E+02  0.1073968E+00  0.1313257E+02 -0.1073968E+00  0.8538925E-05 -0.4179571E-05  0.9038205E-10
 0.5360000E-05  0.1312644E+02  0.1074469E+00  0.1312644E+02 -0.1074469E+00  0.8546838E-05 -0.4183606E-05  0.9055099E-10
 0.5370000E-05  0.1312032E+02  0.1074970E+00  0.1312032E+02 -0.1074970E+00  0.8554743E-05 -0.4187637E-05  0.9071994E-10
 0.5380000E-05  0.1311422E+02  0.1075470E+00  0.1311422E+02 -0.1075470E+00  0.8562641E-05 -0.4191665E-05  0.9088888E-10
 0.5390000E-05  0.1310813E+02  0.1075970E+00  0.1310813E+02 -0.1075970E+00  0.8570532E-05 -0.4195689E-05  0.9105782E-10
 0.5400000E-05  0.1310206E+02  0.1076468E+00  0.1310206E+02 -0.1076468E+00  0.8578415E-05 -0.4199710E-05  0.9122676E-10
 0.5410000E-05  0.1309600E+02  0.1076966E+00  0.1309600E+02 -0.1076966E+00  0.8586290E-05 -0.4203727E-05  0.9139570E-10
 0.5420000E-05  0.1308995E+02  0.1077464E+00  0.1308995E+02 -0.1077464E+00  0.8594159E-05 -0.4207741E-05  0.9156465E-10
 0.5430000E-05  0.1308392E+02  0.1077960E+00  0.1308392E+02 -0.1077960E+00  0.8602020E-05 -0.4211751E-05  0.9173359E-10
 0.5440000E-05  0.1307791E+02  0.1078456E+00  0.1307791E+02 -0.1078456E+00  0.8609873E-05 -0.4215758E-05  0.9190253E-10
 0.5450000E-05  0.1307190E+02  0.1078951E+00  0.1307190E+02 -0.1078951E+00  0.8617719E-05 -0.4219761E-05  0.9207147E-10
 0.5460000E-05  0.1306591E+02  0.1079446E+00  0.1306591E+02 -0.1079446E+00  0.8625558E-05 -0.4223761E-05  0.9224041E-10
 0.5470000E-05  0.1305993E+02  0.1079940E+00  0.1305993E+02 -0.1079940E+00  0.8633390E-05 -0.4227758E-05  0.9240936E-10
 0.5480000E-05  0.1305397E+02  0.1080433E+00  0.1305397E+02 -0.1080433E+00  0.8641214E-05 -0.4231751E-05  0.9257830E-10
 0.5490000E-05  0.1304802E+02  0.1080926E+00  0.1304802E+02 -0.1080926E+00  0.8649031E-05 -0.4235741E-05  0.9274724E-10
 0.5500000E-05  0.1304209E+02  0.1081417E+00  0.1304209E+02 -0.1081417E+00  0.8656841E-05 -0.4239727E-05  0.9291618E-10
 0.5510000E-05  0.1303616E+02  0.1081909E+00  0.1303616E+02 -0.1081909E+00  0.8664644E-05 -0.4243710E-05  0.9308512E-10
 0.5520000E-05  0.1303025E+02  0.1082399E+00  0.1303025E+02 -0.1082399E+00  0.8672439E-05 -0.4247690E-05  0.9325407E-10
 0.5530000E-05  0.1302436E+02  0.1082889E+00  0.1302436E+02 -0.1082889E+00  0.8680227E-05 -0.4251666E-05  0.9342301E-10
 0.5540000E-05  0.1301848E+02  0.1083378E+00  0.1301848E+02 -0.1083378E+00  0.8688008E-05 -0.4255639E-05  0.9359195E-10
 0.5550000E-05  0.1301261E+02  0.1083867E+00  0.1301261E+02 -0.1083867E+00  0.8695782E-05 -0.4259608E-05  0.9376089E-10
 0.5560000E-05  0.1300675E+02  0.1084355E+00  0.1300675E+02 -0.1084355E+00  0.8703549E-05 -0.4263574E-05  0.9392983E-10
 0.5570000E-05  0.1300091E+02  0.1084842E+00  0.1300091E+02 -0.1084842E+00  0.8711309E-05 -0.4267537E-05  0.9409878E-10
 0.5580000E-05  0.1299508E+02  0.1085328E+00  0.1299508E+02 -0.1085328E+00  0.8719061E-05 -0.4271497E-05  0.9426772E-10
 0.5590000E-05  0.1298926E+02  0.1085814E+00  0.1298926E+02 -0.1085814E+00  0.8726807E-05 -0.4275453E-05  0.9443666E-10
 0.5600000E-05  0.1298346E+02  0.1086299E+00  0.1298346E+02 -0.1086299E+00  0.8734546E-05 -0.4279406E-05  0.9460560E-10
 0.5610000E-05  0.1297767E+02  0.1086784E+00  0.1297767E+02 -0.1086784E+00  0.8742277E-05 -0.4283356E-05  0.9477454E-10
 0.5620000E-05  0.1297189E+02  0.1087268E+00  0.1297189E+02 -0.1087268E+00  0.8750002E-05 -0.4287302E-05  0.9494349E-10
 0.5630000E-05  0.1296613E+02  0.1087751E+00  0.1296613E+02 -0.1087751E+00  0.8757719E-05 -0.4291245E-05  0.9511243E-10
 0.5640000E-05  0.1296037E+02  0.1088234E+00  0.1296037E+02 -0.1088234E+00  0.8765430E-05 -0.4295185E-05  0.9528137E-10
 0.5650000E-05  0.1295463E+02  0.1088716E+00  0.1295463E+02 -0.1088716E+00  0.8773133E-05 -0.4299121E-05  0.9545031E-10
 0.5660000E-05  0.1294891E+02  0.1089197E+00  0.1294891E+02 -0.1089197E+00  0.8780830E-05 -0.4303054E-05  0.9561926E-10
 0.5670000E-05  0.1294319E+02  0.1089678E+00  0.1294319E+02 -0.1089678E+00  0.8788520E-05 -0.4306984E-05  0.9578820E-10
 0.5680000E-05  0.1293749E+02  0.1090158E+00  0.1293749E+02 -0.1090158E+00  0.8796203E-05 -0.4310911E-05  0.9595714E-10
 0.5690000E-05  0.1293180E+02  0.1090638E+00  0.1293180E+02 -0.1090638E+00  0.8803879E-05 -0.4314835E-05  0.9612608E-10
 0.5700000E-05  0.1292613E+02  0.1091116E+00  0.1292613E+02 -0.1091116E+00  0.8811548E-05 -0.4318755E-05  0.9629502E-10
 0.5710000E-05  0.1292046E+02  0.1091595E+00  0.1292046E+02 -0.1091595E+00  0.8819210E-05 -0.4322672E-05  0.9646397E-10
 0.5720000E-05  0.1291481E+02  0.1092072E+00  0.1291481E+02 -0.1092072E+00  0.8826866E-05 -0.4326586E-05  0.9663291E-10
 0.5730000E-05  0.1290917E+02  0.1092549E+00  0.1290917E+02 -0.1092549E+00  0.8834515E-05 -0.4330497E-05  0.9680185E-10
 0.5740000E-05  0.1290354E+02  0.1093026E+00  0.1290354E+02 -0.1093026E+00  0.8842157E-05 -0.4334404E-05  0.9697079E-10
 0.5750000E-05  0.1289793E+02  0.1093501E+00  0.1289793E+02 -0.1093501E+00  0.8849792E-05 -0.4338309E-05  0.9713974E-10
 0.5760000E-05  0.1289233E+02  0.1093976E+00  0.1289233E+02 -0.1093976E+00  0.8857420E-05 -0.4342210E-05  0.9730868E-10
 0.5770000E-05  0.1288674E+02  0.1094451E+00  0.1288674E+02 -0.1094451E+00  0.8865042E-05 -0.4346108E-05  0.9747762E-10
 0.5780000E-05  0.1288116E+02  0.1094925E+00  0.1288116E+02 -0.1094925E+00  0.8872657E-05 -0.4350003E-05  0.9764656E-10
 0.5790000E-05  0.1287559E+02  0.1095398E+00  0.1287559E+02 -0.1095398E+00  0.8880265E-05 -0.4353895E-05  0.9781551E-10
 0.5800000E-05  0.1287004E+02  0.1095871E+00  0.1287004E+02 -0.1095871E+00  0.8887867E-05 -0.4357783E-05  0.9798445E-10
 0.5810000E-05  0.1286449E+02  0.1096343E+00  0.1286449E+02 -0.1096343E+00  0.8895462E-05 -0.4361669E-05  0.9815339E-10
 0.5820000E-05  0.1285896E+02  0.1096814E+00  0.1285896E+02 -0.1096814E+00  0.8903050E-05 -0.4365551E-05  0.9832233E-10
 0.5830000E-05  0.1285344E+02  0.1097285E+00  0.1285344E+02 -0.1097285E+00  0.8910632E-05 -0.4369430E-05  0.9849127E-10
 0.5840000E-05  0.1284794E+02  0.1097755E+00  0.1284794E+02 -0.1097755E+00  0.8918207E-05 -0.4373306E-05  0.9866022E-10
 0.5850000E-05  0.1284244E+02  0.1098225E+00  0.1284244E+02 -0.1098225E+00  0.8925775E-05 -0.4377179E-05  0.9882916E-10
 0.5860000E-05  0.1283696E+02  0.1098694E+00  0.1283696E+02 -0.1098694E+00  0.8933337E-05 -0.4381049E-05  0.9899810E-10
 0.5870000E-05  0.1283149E+02  0.1099162E+00  0.1283149E+02 -0.1099162E+00  0.8940892E-05 -0.4384916E-05  0.9916704E-10
 0.5880000E-05  0.1282603E+02  0.1099630E+00  0.1282603E+02 -0.1099630E+00  0.8948441E-05 -0.4388780E-05  0.9933599E-10
 0.5890000E-05  0.1282058E+02  0.1100097E+00  0.1282058E+02 -0.1100097E+00  0.8955983E-05 -0.4392641E-05  0.9950493E-10
 0.5900000E-05  0.1281514E+02  0.1100564E+00  0.1281514E+02 -0.1100564E+00  0.8963519E-05 -0.4396498E-05  0.9967387E-10
 0.5910000E-05  0.1280972E+02  0.1101030E+00  0.1280972E+02 -0.1101030E+00  0.8971048E-05 -0.4400353E-05  0.9984281E-10
 0.5920000E-05  0.1280430E+02  0.1101495E+00  0.1280430E+02 -0.1101495E+00  0.8978571E-05 -0.4404205E-05  0.1000118E-09
 0.5930000E-05  0.1279890E+02  0.1101960E+00  0.1279890E+02 -0.1101960E+00  0.8986087E-05 -0.4408053E-05  0.1001807E-09
 0.5940000E-05  0.1279351E+02  0.1102424E+00  0.1279351E+02 -0.1102424E+00  0.8993597E-05 -0.4411899E-05  0.1003496E-09
 0.5950000E-05  0.1278813E+02  0.1102888E+00  0.1278813E+02 -0.1102888E+00  0.9001101E-05 -0.4415741E-05  0.1005186E-09
 0.5960000E-05  0.1278276E+02  0.1103351E+00  0.1278276E+02 -0.1103351E+00  0.9008598E-05 -0.4419581E-05  0.1006875E-09
 0.5970000E-05  0.1277740E+02  0.1103813E+00  0.1277740E+02 -0.1103813E+00  0.9016088E-05 -0.4423417E-05  0.1008565E-09
 0.5980000E-05  0.1277206E+02  0.1104275E+00  0.1277206E+02 -0.1104275E+00  0.9023573E-05 -0.4427251E-05  0.1010254E-09
 0.5990000E-05  0.1276672E+02  0.1104737E+00  0.1276672E+02 -0.1104737E+00  0.9031051E-05 -0.4431081E-05  0.1011944E-09
