 0.2454369E+01  0.2705301E-08  0.0000000E+00  0.2121901E+09  0.0000000E+00
 0.4908739E+01  0.4067871E-08  0.0000000E+00  0.5681364E+11  0.0000000E+00
 0.7363108E+01  0.6919473E-08  0.0000000E+00  0.5493625E+13  0.0000000E+00
 0.9817477E+01  0.1485919E-07  0.0000000E+00  0.3831055E+15  0.0000000E+00
 0.1227185E+02  0.4605779E-07  0.0000000E+00  0.2725394E+17  0.0000000E+00
 0.1472622E+02  0.1888229E-06  0.0000000E+00  0.2014158E+19  0.0000000E+00
 0.1718058E+02  0.7597529E-06  0.0000000E+00  0.1219952E+21  0.0000000E+00
 0.1963495E+02  0.2395071E-05  0.0000000E+00  0.5027777E+22  0.0000000E+00
 0.2208932E+02  0.5348677E-05  0.0000000E+00  0.1309539E+24  0.0000000E+00
 0.2454369E+02  0.8698738E-05  0.0000000E+00  0.2259290E+25  0.0000000E+00
 0.2699806E+02  0.1288356E-04  0.0000000E+00  0.3275724E+26  0.0000000E+00
 0.2945243E+02  0.2016655E-04  0.0000000E+00  0.4683946E+27  0.0000000E+00
 0.3190680E+02  0.2853160E-04  0.0000000E+00  0.5698900E+28  0.0000000E+00
 0.3436117E+02  0.3858626E-04  0.0000000E+00  0.6284035E+29  0.0000000E+00
 0.3681554E+02  0.5179238E-04  0.0000000E+00  0.6558331E+30  0.0000000E+00
 0.3926991E+02  0.6496301E-04  0.0000000E+00  0.6129072E+31  0.0000000E+00
 0.4172428E+02  0.8141637E-04  0.0000000E+00  0.5506667E+32  0.0000000E+00
 0.4417865E+02  0.9681208E-04  0.0000000E+00  0.4532181E+33  0.0000000E+00
 0.4663302E+02  0.1144235E-03  0.0000000E+00  0.3590371E+34  0.0000000E+00
 0.4908739E+02  0.1298309E-03  0.0000000E+00  0.2651034E+35  0.0000000E+00
 0.5154175E+02  0.1462095E-03  0.0000000E+00  0.1890482E+36  0.0000000E+00
 0.5399612E+02  0.1591536E-03  0.0000000E+00  0.1270521E+37  0.0000000E+00
 0.5645049E+02  0.1718924E-03  0.0000000E+00  0.8274877E+37  0.0000000E+00
 0.5890486E+02  0.1805827E-03  0.0000000E+00  0.5128261E+38  0.0000000E+00
 0.6135923E+02  0.1877257E-03  0.0000000E+00  0.3080804E+39  0.0000000E+00
 0.6381360E+02  0.1914670E-03  0.0000000E+00  0.1781081E+40  0.0000000E+00
 0.6626797E+02  0.1921147E-03  0.0000000E+00  0.9947082E+40  0.0000000E+00
 0.6872234E+02  0.1909030E-03  0.0000000E+00  0.5407985E+41  0.0000000E+00
 0.7117671E+02  0.1858488E-03  0.0000000E+00  0.2834126E+42  0.0000000E+00
 0.7363108E+02  0.1797615E-03  0.0000000E+00  0.1453156E+43  0.0000000E+00
 0.7608545E+02  0.1711049E-03  0.0000000E+00  0.7225929E+43  0.0000000E+00
 0.7853982E+02  0.1608276E-03  0.0000000E+00  0.3499280E+44  0.0000000E+00
 0.8099419E+02  0.1501929E-03  0.0000000E+00  0.1661548E+45  0.0000000E+00
 0.8344855E+02  0.1379160E-03  0.0000000E+00  0.7660331E+45  0.0000000E+00
 0.8590292E+02  0.1257986E-03  0.0000000E+00  0.3466149E+46  0.0000000E+00
 0.8835729E+02  0.1137699E-03  0.0000000E+00  0.1537215E+47  0.0000000E+00
 0.9081166E+02  0.1013648E-03  0.0000000E+00  0.6642616E+47  0.0000000E+00
 0.9326603E+02  0.8997721E-04  0.0000000E+00  0.2829670E+48  0.0000000E+00
 0.9572040E+02  0.7911105E-04  0.0000000E+00  0.1181904E+49  0.0000000E+00
 0.9817477E+02  0.6864204E-04  0.0000000E+00  0.4824364E+49  0.0000000E+00
 0.1006291E+03  0.5943905E-04  0.0000000E+00  0.1946932E+50  0.0000000E+00
 0.1030835E+03  0.5099890E-04  0.0000000E+00  0.7715149E+50  0.0000000E+00
 0.1055379E+03  0.4319804E-04  0.0000000E+00  0.2992060E+51  0.0000000E+00
 0.1079922E+03  0.3656631E-04  0.0000000E+00  0.1149905E+52  0.0000000E+00
 0.1104466E+03  0.3072208E-04  0.0000000E+00  0.4350957E+52  0.0000000E+00
 0.1129010E+03  0.2545624E-04  0.0000000E+00  0.1610939E+53  0.0000000E+00
 0.1153554E+03  0.2108893E-04  0.0000000E+00  0.5918342E+53  0.0000000E+00
 0.1178097E+03  0.1740556E-04  0.0000000E+00  0.2150359E+54  0.0000000E+00
 0.1202641E+03  0.1414333E-04  0.0000000E+00  0.7637819E+54  0.0000000E+00
 0.1227185E+03  0.1146636E-04  0.0000000E+00  0.2688140E+55  0.0000000E+00
 0.1251728E+03  0.9317769E-05  0.0000000E+00  0.9420007E+55  0.0000000E+00
 0.1276272E+03  0.7455687E-05  0.0000000E+00  0.3229465E+56  0.0000000E+00
 0.1300816E+03  0.5911736E-05  0.0000000E+00  0.1090272E+57  0.0000000E+00
 0.1325359E+03  0.4725918E-05  0.0000000E+00  0.3688365E+57  0.0000000E+00
 0.1349903E+03  0.3746126E-05  0.0000000E+00  0.1229940E+58  0.0000000E+00
 0.1374447E+03  0.2911980E-05  0.0000000E+00  0.3998907E+58  0.0000000E+00
 0.1398990E+03  0.2276647E-05  0.0000000E+00  0.1300364E+59  0.0000000E+00
 0.1423534E+03  0.1793867E-05  0.0000000E+00  0.4238440E+59  0.0000000E+00
 0.1448078E+03  0.1381550E-05  0.0000000E+00  0.1343140E+60  0.0000000E+00
 0.1472622E+03  0.1049974E-05  0.0000000E+00  0.4178533E+60  0.0000000E+00
 0.1497165E+03  0.8147754E-06  0.0000000E+00  0.1320635E+61  0.0000000E+00
 0.1521709E+03  0.6311082E-06  0.0000000E+00  0.4145830E+61  0.0000000E+00
 0.1546253E+03  0.4715319E-06  0.0000000E+00  0.1249389E+62  0.0000000E+00
 0.1570796E+03  0.3523817E-06  0.0000000E+00  0.3748391E+62  0.0000000E+00
 0.1595340E+03  0.2727719E-06  0.0000000E+00  0.1159553E+63  0.0000000E+00
 0.1619884E+03  0.2074563E-06  0.0000000E+00  0.3508634E+63  0.0000000E+00
 0.1644427E+03  0.1499874E-06  0.0000000E+00  0.1004830E+64  0.0000000E+00
 0.1668971E+03  0.1105348E-06  0.0000000E+00  0.2920864E+64  0.0000000E+00
 0.1693515E+03  0.8598572E-07  0.0000000E+00  0.8924897E+64  0.0000000E+00
 0.1718058E+03  0.6437007E-07  0.0000000E+00  0.2613698E+65  0.0000000E+00
 0.1742602E+03  0.4469559E-07  0.0000000E+00  0.7071295E+65  0.0000000E+00
 0.1767146E+03  0.3237027E-07  0.0000000E+00  0.1987691E+66  0.0000000E+00
 0.1791690E+03  0.2567571E-07  0.0000000E+00  0.6095853E+66  0.0000000E+00
 0.1816233E+03  0.1913400E-07  0.0000000E+00  0.1749858E+67  0.0000000E+00
 0.1840777E+03  0.1256137E-07  0.0000000E+00  0.4408881E+67  0.0000000E+00
 0.1865321E+03  0.8759094E-08  0.0000000E+00  0.1175671E+68  0.0000000E+00
 0.1889864E+03  0.7263850E-08  0.0000000E+00  0.3715364E+68  0.0000000E+00
 0.1914408E+03  0.5575742E-08  0.0000000E+00  0.1083048E+69  0.0000000E+00
 0.1938952E+03  0.3403466E-08  0.0000000E+00  0.2502123E+69  0.0000000E+00
 0.1963495E+03  0.2132463E-08  0.0000000E+00  0.5913858E+69  0.0000000E+00
 0.1988039E+03  0.1904622E-08  0.0000000E+00  0.1986040E+70  0.0000000E+00
 0.2012583E+03  0.1636240E-08  0.0000000E+00  0.6394835E+70  0.0000000E+00
 0.2037126E+03  0.9554538E-09  0.0000000E+00  0.1395195E+71  0.0000000E+00
 0.2061670E+03  0.4529732E-09  0.0000000E+00  0.2463799E+71  0.0000000E+00
 0.2086214E+03  0.4239121E-09  0.0000000E+00  0.8562576E+71  0.0000000E+00
 0.2110758E+03  0.4819410E-09  0.0000000E+00  0.3604379E+72  0.0000000E+00
 0.2135301E+03  0.3173285E-09  0.0000000E+00  0.8761696E+72  0.0000000E+00
 0.2159845E+03  0.9942681E-10  0.0000000E+00  0.1010607E+73  0.0000000E+00
 0.2184389E+03  0.5942563E-10  0.0000000E+00  0.2217329E+73  0.0000000E+00
 0.2208932E+03  0.1292583E-09  0.0000000E+00  0.1765597E+74  0.0000000E+00
 0.2233476E+03  0.1285892E-09  0.0000000E+00  0.6412596E+74  0.0000000E+00
 0.2258020E+03  0.4809508E-10  0.0000000E+00  0.8733041E+74  0.0000000E+00
 0.2282563E+03  0.1199418E-11  0.0000000E+00  0.7909133E+73  0.0000000E+00
 0.2307107E+03  0.2486074E-10  0.0000000E+00  0.5938037E+75  0.0000000E+00
 0.2331651E+03  0.5319448E-10  0.0000000E+00  0.4590509E+76  0.0000000E+00
 0.2356194E+03  0.3922321E-10  0.0000000E+00  0.1219876E+77  0.0000000E+00
 0.2380738E+03  0.9969186E-11  0.0000000E+00  0.1114654E+77  0.0000000E+00
 0.2405282E+03  0.5041187E-11  0.0000000E+00  0.2021473E+77  0.0000000E+00
 0.2429826E+03  0.2018047E-10  0.0000000E+00  0.2895236E+78  0.0000000E+00
 0.2454369E+03  0.2743946E-10  0.0000000E+00  0.1405157E+79  0.0000000E+00
 0.2478913E+03  0.1889317E-10  0.0000000E+00  0.3445440E+79  0.0000000E+00
 0.2503457E+03  0.9660963E-11  0.0000000E+00  0.6259800E+79  0.0000000E+00
 0.2528000E+03  0.1082142E-10  0.0000000E+00  0.2485700E+80  0.0000000E+00
 0.2552544E+03  0.1691773E-10  0.0000000E+00  0.1374578E+81  0.0000000E+00
 0.2577088E+03  0.1839305E-10  0.0000000E+00  0.5274686E+81  0.0000000E+00
 0.2601631E+03  0.1469761E-10  0.0000000E+00  0.1484469E+82  0.0000000E+00
 0.2626175E+03  0.1179086E-10  0.0000000E+00  0.4185346E+82  0.0000000E+00
 0.2650719E+03  0.1266785E-10  0.0000000E+00  0.1577041E+83  0.0000000E+00
 0.2675262E+03  0.1481001E-10  0.0000000E+00  0.6452901E+83  0.0000000E+00
 0.2699806E+03  0.1510068E-10  0.0000000E+00  0.2298124E+84  0.0000000E+00
 0.2724350E+03  0.1369276E-10  0.0000000E+00  0.7263998E+84  0.0000000E+00
 0.2748894E+03  0.1267149E-10  0.0000000E+00  0.2338631E+85  0.0000000E+00
 0.2773437E+03  0.1295745E-10  0.0000000E+00  0.8303411E+85  0.0000000E+00
 0.2797981E+03  0.1366324E-10  0.0000000E+00  0.3034302E+86  0.0000000E+00
 0.2822525E+03  0.1374519E-10  0.0000000E+00  0.1055844E+87  0.0000000E+00
 0.2847068E+03  0.1323579E-10  0.0000000E+00  0.3510182E+87  0.0000000E+00
 0.2871612E+03  0.1282188E-10  0.0000000E+00  0.1171818E+88  0.0000000E+00
 0.2896156E+03  0.1284699E-10  0.0000000E+00  0.4038741E+88  0.0000000E+00
 0.2920699E+03  0.1305576E-10  0.0000000E+00  0.1409293E+89  0.0000000E+00
 0.2945243E+03  0.1308857E-10  0.0000000E+00  0.4842551E+89  0.0000000E+00
 0.2969787E+03  0.1290923E-10  0.0000000E+00  0.1634191E+90  0.0000000E+00
 0.2994330E+03  0.1272688E-10  0.0000000E+00  0.5502906E+90  0.0000000E+00
 0.3018874E+03  0.1268350E-10  0.0000000E+00  0.1869966E+91  0.0000000E+00
 0.3043418E+03  0.1272754E-10  0.0000000E+00  0.6387484E+91  0.0000000E+00
 0.3067962E+03  0.1273853E-10  0.0000000E+00  0.2172551E+92  0.0000000E+00
 0.3092505E+03  0.1267805E-10  0.0000000E+00  0.7335883E+92  0.0000000E+00
 0.3117049E+03  0.1259961E-10  0.0000000E+00  0.2469440E+93  0.0000000E+00
 0.3141593E+03  0.1255985E-10  0.0000000E+00  0.8324684E+93  0.0000000E+00
 0.3166136E+03  0.1255939E-10  0.0000000E+00  0.2810627E+94  0.0000000E+00
 0.3190680E+03  0.1256276E-10  0.0000000E+00  0.9477380E+94  0.0000000E+00
 0.3215224E+03  0.1254740E-10  0.0000000E+00  0.3186033E+95  0.0000000E+00
 0.3239767E+03  0.1252147E-10  0.0000000E+00  0.1068510E+96  0.0000000E+00
 0.3264311E+03  0.1250441E-10  0.0000000E+00  0.3580578E+96  0.0000000E+00
 0.3288855E+03  0.1250352E-10  0.0000000E+00  0.1199603E+97  0.0000000E+00
 0.3313399E+03  0.1251131E-10  0.0000000E+00  0.4015861E+97  0.0000000E+00
 0.3337942E+03  0.1251828E-10  0.0000000E+00  0.1342313E+98  0.0000000E+00
 0.3362486E+03  0.1252284E-10  0.0000000E+00  0.4479351E+98  0.0000000E+00
 0.3387030E+03  0.1252992E-10  0.0000000E+00  0.1492935E+99  0.0000000E+00
 0.3411573E+03  0.1254385E-10  0.0000000E+00  0.4971494E+99  0.0000000E+00
 0.3436117E+03  0.1256447E-10  0.0000000E+00  0.1654071+100  0.0000000E+00
 0.3460661E+03  0.1258899E-10  0.0000000E+00  0.5497329+100  0.0000000E+00
 0.3485204E+03  0.1261560E-10  0.0000000E+00  0.1824835+101  0.0000000E+00
 0.3509748E+03  0.1264484E-10  0.0000000E+00  0.6050524+101  0.0000000E+00
 0.3534292E+03  0.1267821E-10  0.0000000E+00  0.2004093+102  0.0000000E+00
 0.3558835E+03  0.1271650E-10  0.0000000E+00  0.6631781+102  0.0000000E+00
 0.3583379E+03  0.1275937E-10  0.0000000E+00  0.2192413+103  0.0000000E+00
 0.3607923E+03  0.1280611E-10  0.0000000E+00  0.7240616+103  0.0000000E+00
 0.3632467E+03  0.1285650E-10  0.0000000E+00  0.2388834+104  0.0000000E+00
 0.3657010E+03  0.1291085E-10  0.0000000E+00  0.7873516+104  0.0000000E+00
 0.3681554E+03  0.1296959E-10  0.0000000E+00  0.2592640+105  0.0000000E+00
 0.3706098E+03  0.1303292E-10  0.0000000E+00  0.8529364+105  0.0000000E+00
 0.3730641E+03  0.1310076E-10  0.0000000E+00  0.2803451+106  0.0000000E+00
 0.3755185E+03  0.1317303E-10  0.0000000E+00  0.9206009+106  0.0000000E+00
 0.3779729E+03  0.1324979E-10  0.0000000E+00  0.3020345+107  0.0000000E+00
 0.3804272E+03  0.1333119E-10  0.0000000E+00  0.9900498+107  0.0000000E+00
 0.3828816E+03  0.1341745E-10  0.0000000E+00  0.3242512+108  0.0000000E+00
 0.3853360E+03  0.1350868E-10  0.0000000E+00  0.1061052+109  0.0000000E+00
 0.3877903E+03  0.1360498E-10  0.0000000E+00  0.3469180+109  0.0000000E+00
 0.3902447E+03  0.1370644E-10  0.0000000E+00  0.1133331+110  0.0000000E+00
 0.3926991E+03  0.1381317E-10  0.0000000E+00  0.3699405+110  0.0000000E+00
 0.3951535E+03  0.1392536E-10  0.0000000E+00  0.1206587+111  0.0000000E+00
 0.3976078E+03  0.1404318E-10  0.0000000E+00  0.3932274+111  0.0000000E+00
 0.4000622E+03  0.1416680E-10  0.0000000E+00  0.1280539+112  0.0000000E+00
 0.4025166E+03  0.1429639E-10  0.0000000E+00  0.4166885+112  0.0000000E+00
 0.4049709E+03  0.1443212E-10  0.0000000E+00  0.1354894+113  0.0000000E+00
 0.4074253E+03  0.1457420E-10  0.0000000E+00  0.4402300+113  0.0000000E+00
 0.4098797E+03  0.1472284E-10  0.0000000E+00  0.1429357+114  0.0000000E+00
 0.4123340E+03  0.1487827E-10  0.0000000E+00  0.4637611+114  0.0000000E+00
 0.4147884E+03  0.1504073E-10  0.0000000E+00  0.1503648+115  0.0000000E+00
 0.4172428E+03  0.1521047E-10  0.0000000E+00  0.4871946+115  0.0000000E+00
 0.4196971E+03  0.1538777E-10  0.0000000E+00  0.1577497+116  0.0000000E+00
 0.4221515E+03  0.1557289E-10  0.0000000E+00  0.5104464+116  0.0000000E+00
 0.4246059E+03  0.1576615E-10  0.0000000E+00  0.1650644+117  0.0000000E+00
 0.4270603E+03  0.1596787E-10  0.0000000E+00  0.5334382+117  0.0000000E+00
 0.4295146E+03  0.1617839E-10  0.0000000E+00  0.1722853+118  0.0000000E+00
 0.4319690E+03  0.1639807E-10  0.0000000E+00  0.5560984+118  0.0000000E+00
 0.4344234E+03  0.1662730E-10  0.0000000E+00  0.1793909+119  0.0000000E+00
 0.4368777E+03  0.1686648E-10  0.0000000E+00  0.5783631+119  0.0000000E+00
 0.4393321E+03  0.1711605E-10  0.0000000E+00  0.1863624+120  0.0000000E+00
 0.4417865E+03  0.1737647E-10  0.0000000E+00  0.6001771+120  0.0000000E+00
 0.4442408E+03  0.1764823E-10  0.0000000E+00  0.1931837+121  0.0000000E+00
 0.4466952E+03  0.1793186E-10  0.0000000E+00  0.6214950+121  0.0000000E+00
 0.4491496E+03  0.1822792E-10  0.0000000E+00  0.1998422+122  0.0000000E+00
 0.4516039E+03  0.1853700E-10  0.0000000E+00  0.6422821+122  0.0000000E+00
 0.4540583E+03  0.1885973E-10  0.0000000E+00  0.2063288+123  0.0000000E+00
 0.4565127E+03  0.1919680E-10  0.0000000E+00  0.6625154+123  0.0000000E+00
 0.4589671E+03  0.1954892E-10  0.0000000E+00  0.2126380+124  0.0000000E+00
 0.4614214E+03  0.1991687E-10  0.0000000E+00  0.6821841+124  0.0000000E+00
 0.4638758E+03  0.2030148E-10  0.0000000E+00  0.2187685+125  0.0000000E+00
 0.4663302E+03  0.2070363E-10  0.0000000E+00  0.7012905+125  0.0000000E+00
 0.4687845E+03  0.2112427E-10  0.0000000E+00  0.2247233+126  0.0000000E+00
 0.4712389E+03  0.2156443E-10  0.0000000E+00  0.7198509+126  0.0000000E+00
 0.4736933E+03  0.2202519E-10  0.0000000E+00  0.2305096+127  0.0000000E+00
 0.4761476E+03  0.2250772E-10  0.0000000E+00  0.7378963+127  0.0000000E+00
 0.4786020E+03  0.2301329E-10  0.0000000E+00  0.2361398+128  0.0000000E+00
 0.4810564E+03  0.2354325E-10  0.0000000E+00  0.7554731+128  0.0000000E+00
 0.4835107E+03  0.2409907E-10  0.0000000E+00  0.2416312+129  0.0000000E+00
 0.4859651E+03  0.2468233E-10  0.0000000E+00  0.7726443+129  0.0000000E+00
 0.4884195E+03  0.2529474E-10  0.0000000E+00  0.2470062+130  0.0000000E+00
 0.4908739E+03  0.2593812E-10  0.0000000E+00  0.7894905+130  0.0000000E+00
 0.4933282E+03  0.2661448E-10  0.0000000E+00  0.2522935+131  0.0000000E+00
 0.4957826E+03  0.2732598E-10  0.0000000E+00  0.8061112+131  0.0000000E+00
 0.4982370E+03  0.2807497E-10  0.0000000E+00  0.2575276+132  0.0000000E+00
 0.5006913E+03  0.2886398E-10  0.0000000E+00  0.8226269+132  0.0000000E+00
 0.5031457E+03  0.2969579E-10  0.0000000E+00  0.2627502+133  0.0000000E+00
 0.5056001E+03  0.3057342E-10  0.0000000E+00  0.8391809+133  0.0000000E+00
 0.5080544E+03  0.3150017E-10  0.0000000E+00  0.2680106+134  0.0000000E+00
 0.5105088E+03  0.3247962E-10  0.0000000E+00  0.8559423+134  0.0000000E+00
 0.5129632E+03  0.3351572E-10  0.0000000E+00  0.2733668+135  0.0000000E+00
 0.5154175E+03  0.3461278E-10  0.0000000E+00  0.8731100+135  0.0000000E+00
 0.5178719E+03  0.3577555E-10  0.0000000E+00  0.2788868+136  0.0000000E+00
 0.5203263E+03  0.3700924E-10  0.0000000E+00  0.8909171+136  0.0000000E+00
 0.5227807E+03  0.3831959E-10  0.0000000E+00  0.2846506+137  0.0000000E+00
 0.5252350E+03  0.3971295E-10  0.0000000E+00  0.9096376+137  0.0000000E+00
 0.5276894E+03  0.4119633E-10  0.0000000E+00  0.2907522+138  0.0000000E+00
 0.5301438E+03  0.4277752E-10  0.0000000E+00  0.9295946+138  0.0000000E+00
 0.5325981E+03  0.4446516E-10  0.0000000E+00  0.2973028+139  0.0000000E+00
 0.5350525E+03  0.4626887E-10  0.0000000E+00  0.9511717+139  0.0000000E+00
 0.5375069E+03  0.4819940E-10  0.0000000E+00  0.3044349+140  0.0000000E+00
 0.5399612E+03  0.5026875E-10  0.0000000E+00  0.9748277+140  0.0000000E+00
 0.5424156E+03  0.5249043E-10  0.0000000E+00  0.3123078+141  0.0000000E+00
 0.5448700E+03  0.5487958E-10  0.0000000E+00  0.1001117+142  0.0000000E+00
 0.5473243E+03  0.5745332E-10  0.0000000E+00  0.3211150+142  0.0000000E+00
 0.5497787E+03  0.6023098E-10  0.0000000E+00  0.1030717+143  0.0000000E+00
 0.5522331E+03  0.6323454E-10  0.0000000E+00  0.3310945+143  0.0000000E+00
 0.5546875E+03  0.6648900E-10  0.0000000E+00  0.1064466+144  0.0000000E+00
 0.5571418E+03  0.7002291E-10  0.0000000E+00  0.3425430+144  0.0000000E+00
 0.5595962E+03  0.7386904E-10  0.0000000E+00  0.1103419+145  0.0000000E+00
 0.5620506E+03  0.7806509E-10  0.0000000E+00  0.3558361+145  0.0000000E+00
 0.5645049E+03  0.8265463E-10  0.0000000E+00  0.1148919+146  0.0000000E+00
 0.5669593E+03  0.8768827E-10  0.0000000E+00  0.3714574+146  0.0000000E+00
 0.5694137E+03  0.9322498E-10  0.0000000E+00  0.1202715+147  0.0000000E+00
 0.5718680E+03  0.9933391E-10  0.0000000E+00  0.3900414+147  0.0000000E+00
 0.5743224E+03  0.1060965E-09  0.0000000E+00  0.1267122+148  0.0000000E+00
 0.5767768E+03  0.1136092E-09  0.0000000E+00  0.4124374+148  0.0000000E+00
 0.5792311E+03  0.1219870E-09  0.0000000E+00  0.1345273+149  0.0000000E+00
 0.5816855E+03  0.1313677E-09  0.0000000E+00  0.4398096+149  0.0000000E+00
 0.5841399E+03  0.1419178E-09  0.0000000E+00  0.1441520+150  0.0000000E+00
 0.5865943E+03  0.1538398E-09  0.0000000E+00  0.4737950+150  0.0000000E+00
 0.5890486E+03  0.1673820E-09  0.0000000E+00  0.1562070+151  0.0000000E+00
 0.5915030E+03  0.1828517E-09  0.0000000E+00  0.5167664+151  0.0000000E+00
 0.5939574E+03  0.2006323E-09  0.0000000E+00  0.1716071+152  0.0000000E+00
 0.5964117E+03  0.2212080E-09  0.0000000E+00  0.5722833+152  0.0000000E+00
 0.5988661E+03  0.2451966E-09  0.0000000E+00  0.1917517+153  0.0000000E+00
 0.6013205E+03  0.2733967E-09  0.0000000E+00  0.6459113+153  0.0000000E+00
 0.6037748E+03  0.3068549E-09  0.0000000E+00  0.2188817+154  0.0000000E+00
 0.6062292E+03  0.3469647E-09  0.0000000E+00  0.7467956+154  0.0000000E+00
 0.6086836E+03  0.3956143E-09  0.0000000E+00  0.2567873+155  0.0000000E+00
 0.6111379E+03  0.4554134E-09  0.0000000E+00  0.8909207+155  0.0000000E+00
 0.6135923E+03  0.5300524E-09  0.0000000E+00  0.3123431+156  0.0000000E+00
 0.6160467E+03  0.6248888E-09  0.0000000E+00  0.1108524+157  0.0000000E+00
 0.6185011E+03  0.7479436E-09  0.0000000E+00  0.3992012+157  0.0000000E+00
 0.6209554E+03  0.9116732E-09  0.0000000E+00  0.1463172+158  0.0000000E+00
 0.6234098E+03  0.1136301E-08  0.0000000E+00  0.5480711+158  0.0000000E+00
 0.6258642E+03  0.1456523E-08  0.0000000E+00  0.2110103+159  0.0000000E+00
