           1  0.45382650259369672     
           2   1.5422681010607697     
           3   3.2069506284829794     
           4   5.1443230603600565     
           5   7.3112032523402464     
           6   9.6678573425159691     
           7   12.189037746395078     
           8   14.856427957108709     
           9   17.656074515570907     
          10   20.576928136043222     
          11   23.609984080527472     
          12   26.747737466286086     
          13   29.983820060887187     
          14   33.312747973265871     
          15   36.729740462036673     
          16   40.230586216313242     
          17   43.811542483888168     
          18   47.469257831818787     
          19   51.200712965053675     
          20   55.003177091194956     
          21   58.874180854628534     
          22   62.811512027883538     
          23   66.813248120254386     
          24   70.877851311512217     
          25   75.004363498582535     
          26   79.192744919284223     
          27   83.444382576456263     
          28   87.762733982544077     
          29   92.153960820347137     
          30   96.627286417854975     
          31   101.19477875033647     
          32   105.87041696728328     
          33   110.66861440910399     
          34   115.60265364153517     
          35   120.68351858950169     
          36   125.91938237247130     
          37   131.31569897626835     
          38   136.87567028276126     
          39   142.60083415903961     
          40   148.49161285409926     
          41   154.54774067123449     
          42   160.76857083336526     
          43   167.15327181275705     
          44   173.70095302125532     
          45   180.41073174852426     
          46   187.28177472047290     
          47   194.31331125523675     
          48   201.50464377234232     
          49   208.85514202734606     
          50   216.36424452496991     
          51   224.03144713915233     
          52   231.85630331461675     
          53   239.83841153727033     
          54   247.97741680651131     
          55   256.27299818767369     
          56   264.72487214617382     
          57   273.33278033026511     
          58   282.09649476072883     
          59   291.01580567676024     
          60   300.09052842620235     
          61   309.32049114974552     
          62   318.70554321176269     
          63   328.24554251748845     
          64   337.94036535792668     
          65   347.78989319052181     
          66   357.79402380861887     
          67   367.95265744951843     
          68   378.26570923036269     
          69   388.73309447399350     
          70   399.35474237731978     
          71   410.13058046518404     
          72   421.06054947543504     
          73   432.14458686528639     
          74   443.38264291069748     
          75   454.77466320012337     
          76   466.32060595544021     
          77   478.02042345548648     
          78   489.87408059313105     
          79   501.88153517609294     
          80   514.04275774026826     
          81   526.35771067908240     
          82   538.82636933728725     
          83   551.44869992273527     
          84   564.22468190808672     
          85   577.15428468066148     
          86   590.23749128207146     
          87   603.47427375304119     
          88   616.86461824296418     
          89   630.40849900738704     
          90   644.10590492124038     
          91   657.95681208711528     
          92   671.96121178727662     
          93   686.11908166112903     
          94   700.43041513240951     
          95   714.89519111418463     
          96   729.51340494876024     
          97   744.28503659846524     
          98   759.21008313668870     
          99   774.28852538258559     
         100   789.52036198263693     
         101   804.90557444692229     
         102   820.44416286151238     
         103   836.13610928366859     
         104   851.98141512611733     
         105   867.98006286804514     
         106   884.13205515321476     
         107   900.43737477304603     
         108   916.89602552130805     
         109   933.50799040510719     
         110   950.27327429958598     
         111   967.19186034207723     
         112   984.26375443104644     
         113   1001.4889397579781     
         114   1018.8674231956890     
         115   1036.3991879217529     
         116   1054.0842417420972     
         117   1071.9225677591783     
         118   1089.9141746775008     
         119   1108.0590454690084     
         120   1126.3571897080687     
         121   1144.8085901857412     
         122   1163.4132573225450     
         123   1182.1711736825753     
         124   1201.0823505132234     
         125   1220.1467701092070     
         126   1239.3644445293619     
         127   1258.7353557597874     
         128   1278.2595166587164     
         129   1297.9369088671237     
         130   1317.7675460335940     
         131   1337.7514094198229     
         132   1357.8885134583320     
         133   1378.1788389994031     
         134   1398.6224012554612     
         135   1419.2191806349724     
         136   1439.9691931283403     
         137   1460.8724186733029     
         138   1481.9288740382106     
         139   1503.1385386624488     
         140   1524.5014300939949     
         141   1546.0175272473325     
         142   1567.6868484533115     
         143   1589.5093720758862     
         144   1611.4851172334349     
         145   1633.6140617145588     
         146   1655.8962254310979     
         147   1678.3315855721055     
         148   1700.9201628500432     
         149   1723.6619338307717     
         150   1746.5569200356242     
         151   1769.6050973840534     
         152   1792.8064882155352     
         153   1816.1610677802678     
         154   1839.6688592461228     
         155   1863.3298371714427     
         156   1887.1440255636280     
         157   1911.1113982667898     
         158   1935.2319801398676     
         159   1959.5057442904556     
         160   1983.9327164418833     
         161   2008.5128689430226     
         162   2033.2462283951941     
         163   2058.1327663663765     
         164   2083.1725103502195     
         165   2108.3654311116138     
         166   2133.7115570516376     
         167   2159.2108581097882     
         168   2184.8633636103473     
         169   2210.6690426450064     
         170   2236.6279254777619     
         171   2262.7399803298936     
         172   2289.0052384222654     
         173   2315.4236670829919     
         174   2341.9952985076275     
         175   2368.7200991080799     
         176   2395.5981020731015     
         177   2422.6292728751082     
         178   2449.8136457151891     
         179   2477.1511851026708     
         180   2504.6419262707973     
         181   2532.2858327418808     
         182   2560.0829408017585     
         183   2588.0332129614503     
         184   2616.1366865805167     
         185   2644.3933231339697     
         186   2672.8031610769062     
         187   2701.3661608232228     
         188   2730.0823619459734     
         189   2758.9517237724071     
         190   2787.9742870166615     
         191   2817.1500098932929     
         192   2846.4789342813533     
         193   2875.9610172561620     
         194   2905.5963018861862     
         195   2935.3847440804489     
         196   2965.3263881220523     
         197   2995.4211887261004     
         198   3025.6691914162675     
         199   3056.0703496855067     
         200   3086.6247103247788     
         201   3117.3322255760495     
         202   3148.1929435249799     
         203   3179.2068151331009     
         204   3210.3738898089969     
         205   3241.6941172036027     
         206   3273.1675480774161     
         207   3304.7941307399519     
         208   3336.5739173334559     
         209   3368.5068547944379     
         210   3400.5929966775407     
         211   3432.8322885139437     
         212   3465.2247853022113     
         213   3497.7704311350540     
         214   3530.4692824873555     
         215   3563.3212819794385     
         216   3596.3264875958107     
         217   3629.4848404495988     
         218   3662.7964000691750     
         219   3696.2611060247928     
         220   3729.8790194239164     
         221   3763.6500782573125     
         222   3797.5743452477368     
         223   3831.6517567689143     
         224   3865.8823771961338     
         225   3900.2661412475168     
         226   3934.8031149891858     
         227   3969.4932314440643     
         228   4004.3365584085232     
         229   4039.3330271696273     
         230   4074.4827072945068     
         231   4109.7855282926012     
         232   4145.2415615435157     
         233   4180.8507347361201     
         234   4216.6131211054562     
         235   4252.5286464756427     
         236   4288.5973859813275     
         237   4324.8192635365713     
         238   4361.1943562210681     
         239   4397.7225859921064     
         240   4434.4040319213136     
         241   4471.2386139611817     
         242   4508.2264132234841     
         243   4545.3673476064987     
         244   4582.6615003118113     
         245   4620.1087871326463     
         246   4657.7092934115872     
         247   4695.4629327843977     
         248   4733.3697927873982     
         249   4771.4297848449705     
         250   4809.6429987415377     
         251   4848.0093436344951     
         252   4886.5289116124140     
         253   4925.2016095084464     
         254   4964.0275317731066     
         255   5003.0065828562556     
         256   5042.1388596299294     
         257   5081.4242640998737     
         258   5120.8628956210850     
         259   5160.4546536924690     
         260   5200.1996402154009     
         261   5240.0977521171735     
         262   5280.1490939110363     
         263   5320.3535598858598     
         264   5360.7112572343331     
         265   5401.2220775379501     
         266   5441.8861307386333     
         267   5482.7033056393193     
         268   5523.6737150032086     
         269   5564.7972447811899     
         270   5606.0740106321855     
         271   5647.5038955790769     
         272   5689.0870182534427     
         273   5730.8232586717495     
         274   5772.7127385177255     
         275   5814.7553347202647     
         276   5856.9511720975315     
         277   5899.3001244070065     
         278   5941.8023196862532     
         279   5984.4576284346795     
         280   6027.2661819972018     
         281   6070.2278475254307     
         282   6113.3427597626924     
         283   6156.6107824199489     
         284   6200.0320537331409     
         285   6243.6064338765209     
         286   6287.3340646761817     
         287   6331.2148026701707     
         288   6375.2487933757657     
         289   6419.4358895917876     
         290   6463.7762406313304     
         291   6508.2696954472322     
         292   6552.9164072568901     
         293   6597.7162210564802     
         294   6642.6692940801713     
         295   6687.7754672527626     
         296   6733.0349019417654     
         297   6778.4474348816748     
         298   6824.0132316942672     
         299   6869.7321248003109     
         300   6915.6042842013667     
         301   6961.6295378763771     
         302   7007.8080603369945     
         303   7054.1396749873202     
         304   7100.6245609843891     
         305   7147.2625370193909     
         306   7194.0537870352518     
         307   7240.9981248667564     
         308   7288.0957393887511     
         309   7335.3464394305438     
         310   7382.7504189506599     
         311   7430.3074816178896     
         312   7478.0178266323082     
         313   7525.8812523409524     
         314   7573.8979633496601     
         315   7622.0677525159444     
         316   7670.3908300222647     
         317   7718.8669830620347     
         318   7767.4964275722459     
         319   7816.2789449003312     
         320   7865.2147569231593     
         321   7914.3036389527715     
         322   7963.5458189989413     
         323   8012.9410661409529     
         324   8062.4896147227237     
         325   8112.1912273849703     
         326   8162.0461450156445     
         327   8212.0541236021909     
         328   8262.2154107955539     
         329   8312.5297557059494     
         330   8362.9974129758011     
         331   8413.6181246042270     
         332   8464.3921524637917     
         333   8515.3192311982693     
         334   8566.3996301595962     
         335   8617.6330763810383     
         336   8669.0198469545176     
         337   8720.5596610358662     
         338   8772.2528037294232     
         339   8824.0989860346272     
         340   8876.0985013532318     
         341   8928.2510522362227     
         342   8980.5569406811483     
         343   9033.0158604847147     
         344   9085.6281225528201     
         345   9138.3934116075307     
         346   9191.3120477905031     
         347   9244.3837064134386     
         348   9297.6087171970175     
         349   9350.9867456905249     
         350   9404.5181315536684     
         351   9458.2025302039328     
         352   9512.0402916180028     
         353   9566.0310606936528     
         354   9620.1751981214620     
         355   9674.4723378720064     
         356   9728.9228517668562     
         357   9783.5263624210820     
         358   9838.2832532257362     
         359   9893.1931349899878     
         360   9948.2564031356633     
         361   10003.472656191929     
         362   10058.842302097130     
         363   10114.364926601151     
         364   10170.040950670485     
         365   10225.869946749644     
         366   10281.852349372608     
         367   10337.987717123649     
         368   10394.276498673247     
         369   10450.718238159938     
         370   10507.313398991333     
         371   10564.061510241912     
         372   10620.963050690925     
         373   10678.017533695333     
         374   10735.225454076879     
         375   10792.586308783902     
         376   10850.100609390282     
         377   10907.767835704357     
         378   10965.588516803607     
         379   11023.562114581468     
         380   11081.689176415386     
         381   11139.969145462506     
         382   11198.402588244753     
         383   11256.988928311372     
         384   11315.728752225334     
         385   11374.621463002361     
         386   11433.667668198934     
         387   11492.866749313380     
         388   11552.219335908625     
         389   11611.724786918798     
         390   11671.383754991428     
         391   11731.195575381667     
         392   11791.160924970343     
         393   11851.279114145340     
         394   11911.550845245889     
         395   11971.975402524577     
         396   12032.553515086969     
         397   12093.284439695881     
         398   12154.168933621029     
         399   12215.206224686997     
         400   12276.397099823389     
         401   12337.740756365822     
         402   12399.238012505808     
         403   12460.888033428144     
         404   12522.691670304219     
         405   12584.648054384532     
         406   12646.758071665168     
         407   12709.020817546138     
         408   12771.437214831494     
         409   12834.006321009258     
         410   12896.729097826517     
         411   12959.604562638591     
         412   13022.633718437064     
         413   13085.815540048987     
         414   13149.151074194899     
         415   13212.639250585693     
         416   13276.281162356652     
         417   13340.075691302591     
         418   13404.023979881731     
         419   13468.124858938814     
         420   13532.379523408537     
         421   13596.786749892677     
         422   13661.347789228135     
         423   13726.061360193580     
         424   13790.928773255628     
         425   13855.948685470858     
         426   13921.122470998747     
         427   13986.448720919667     
         428   14051.928877523385     
         429   14117.561461263347     
         430   14183.347987415435     
         431   14249.286900711993     
         432   14315.379794739154     
         433   14381.625032916425     
         434   14448.024292990722     
         435   14514.575850917303     
         436   14581.281475047139     
         437   14648.139347088587     
         438   14715.151333109390     
         439   14782.315513074347     
         440   14849.633858639310     
         441   14917.104339718415     
         442   14984.729042289140     
         443   15052.505816985416     
         444   15120.436873822880     
         445   15188.519933871945     
         446   15256.757342028150     
         447   15325.146678306603     
         448   15393.690434616961     
         449   15462.386037036777     
         450   15531.236138114116     
         451   15600.237995499894     
         452   15669.394437730820     
         453   15738.702537676914     
         454   15808.165317221095     
         455   15877.779645924251     
         456   15947.548758718460     
         457   16017.469300780407     
         458   16087.544742548840     
         459   16157.771480742229     
         460   16228.153247015733     
         461   16298.686162004748     
         462   16369.374248152104     
         463   16440.213318156468     
         464   16511.207719432423     
         465   16582.352919820223     
         466   16653.653631436879     
         467   16725.104934226823     
         468   16796.711951456688     
         469   16868.469324704365     
         470   16940.382643027824     
         471   17012.446050061044     
         472   17084.665665375574     
         473   17157.035063831176     
         474   17229.560972746909     
         475   17302.236313343412     
         476   17375.068513601087     
         477   17448.049738553320     
         478   17521.188229616830     
         479   17594.475270558960     
         480   17667.920054458802     
         481   17741.512829678697     
         482   17815.263912223381     
         483   17889.162322913380     
         484   17963.219715443036     
         485   18037.423640515914     
         486   18111.787362472176     
         487   18186.296651228709     
         488   18260.966733972909     
         489   18335.781195465981     
         490   18410.757688042126     
         491   18485.877075199889     
         492   18561.160053199332     
         493   18636.584038337878     
         494   18712.173617830798     
         495   18787.901753466413     
         496   18863.798113454039     
         497   18939.829766934497     
         498   19016.033186659799     
         499   19092.367426165714     
         500   19168.878349777151     
         501   19245.513737371435     
         502   19322.332894981559     
         503   19399.267110983219     
         504   19476.395797972473     
         505   19553.625152885335     
         506   19631.066392755140     
         507   19708.588621711071     
         508   19786.359590806500     
         509   19864.239256068526     
         510   19942.403991545954     
         511   20016.899952042902     
         512   20085.026294865827     
