-0.1568906E+01 -0.2080899E-03 -0.4748053E-03
-0.1677628E+01 -0.9046623E-03  0.2058347E-04
-0.1825349E+01  0.2194365E-03  0.1779263E-03
-0.1959870E+01 -0.1944366E-03 -0.1066660E-03
-0.1412653E+01 -0.2849100E-03 -0.1196459E-03
-0.1528196E+01  0.6329039E-03  0.8478195E-03
-0.1618386E+01  0.2537226E-03 -0.5201465E-03
-0.1436140E+01  0.5262106E-04  0.3487407E-04
-0.1091682E+01  0.1335791E-03 -0.6904763E-04
-0.1011564E+01  0.2085909E-04  0.9960740E-05
-0.9630602E+00  0.1201022E-03 -0.1099100E-04
-0.9295463E+00  0.1363591E-03 -0.2421877E-04
-0.9047791E+00 -0.7643891E-04  0.1367905E-03
-0.8848967E+00  0.8566041E-04 -0.2346525E-03
-0.8838387E+00  0.1993787E-03  0.1585851E-03
-0.1161339E+01  0.2808249E-03  0.7703640E-04
-0.1199231E+01 -0.1320810E-03 -0.1129335E-03
-0.7912797E+00  0.1088271E-03  0.6094015E-04
-0.6527200E+00  0.3320324E-04 -0.1796505E-04
-0.5952015E+00 -0.1911295E-04  0.7216118E-04
-0.5608391E+00  0.1898304E-03 -0.3604885E-04
-0.5390417E+00 -0.1818598E-03  0.1300518E-03
-0.5246949E+00  0.7965081E-04  0.1998275E-03
-0.5143260E+00  0.2899423E-03 -0.4244564E-03
-0.5061998E+00 -0.3614583E-03  0.7809089E-03
-0.5168215E+00 -0.3505429E-03 -0.6552425E-03
-0.2474143E+00 -0.8755741E-03  0.2435851E-02
-0.3816606E+00  0.3687472E-04 -0.1463404E-03
-0.2549449E+00  0.2407691E-04  0.1848125E-04
-0.1912184E+00 -0.5721045E-04  0.1373673E-03
-0.1585390E+00 -0.1391158E-03  0.5358575E-04
-0.1399509E+00  0.2219696E-03  0.2300420E-04
-0.1302430E+00 -0.4135022E-03 -0.2073290E-04
-0.1263147E+00  0.4471150E-03  0.1874845E-03
-0.1253845E+00 -0.3056514E-04 -0.3070117E-03
-0.1257265E+00 -0.1761454E-03  0.7298961E-03
-0.1275023E+00  0.5020983E-03 -0.1199816E-02
-0.1476104E+00  0.1209665E-02  0.5289145E-03
 0.1235421E+00  0.9524508E-03 -0.8641132E-02
 0.2076680E+00 -0.1398876E-03  0.1236546E-03
 0.2513351E+00 -0.6539521E-05 -0.1138495E-03
 0.2682804E+00 -0.6852140E-04  0.2654565E-04
 0.2731642E+00  0.4807825E-03 -0.1000640E-03
 0.2727559E+00 -0.8352710E-03  0.2042955E-03
 0.2690493E+00  0.1441285E-02 -0.2958330E-03
 0.2634920E+00 -0.1864306E-02  0.5680253E-03
 0.2573896E+00  0.2208662E-02 -0.2402762E-03
 0.2511677E+00 -0.2927135E-02  0.7066326E-03
 0.2431813E+00  0.5077071E-02 -0.1131198E-02
 0.2012026E+00 -0.9597586E-02  0.3126721E-02
 0.3110383E+00  0.1997403E-01 -0.6268749E-02
 0.4097801E+00 -0.4206966E-01  0.2589314E-01
 0.3758844E+00  0.3712950E-01 -0.4133463E-02
 0.6707536E+00  0.1079780E-03  0.1225534E-03
 0.6695916E+00 -0.1041554E-03  0.1008294E-03
 0.6613082E+00 -0.2823486E-03  0.9530568E-04
 0.6520652E+00  0.9081288E-03  0.6120553E-05
 0.6427477E+00 -0.9518948E-03  0.3058250E-03
 0.6335695E+00  0.9306674E-03 -0.2719728E-03
 0.6248777E+00  0.5623159E-03  0.3840715E-03
 0.6164936E+00 -0.1360194E-02 -0.2330108E-03
 0.6063580E+00  0.2853378E-02  0.5704219E-03
 0.5651640E+00 -0.4194342E-02 -0.2292982E-02
 0.6120249E+00  0.8211044E-03  0.4200878E-02
 0.7038992E+00  0.2723005E-01 -0.3215736E-01
 0.1069573E+01 -0.1238997E+00  0.1159838E+00
 0.1044377E+01  0.1655367E-03 -0.5779676E-04
 0.1032913E+01 -0.8144322E-04 -0.4858827E-04
 0.1020088E+01  0.4576952E-03 -0.8903302E-05
 0.1009235E+01 -0.7165886E-03 -0.2062211E-03
 0.9994311E+00  0.8898265E-03  0.3706780E-03
 0.9901850E+00 -0.7373284E-04 -0.3396814E-03
 0.9815667E+00 -0.1616831E-02  0.1971060E-02
 0.9734956E+00  0.3718579E-02 -0.2558442E-02
 0.9656806E+00 -0.5968413E-02  0.4347208E-02
 0.9617292E+00  0.7085868E-02 -0.5183851E-02
 0.9650860E+00 -0.9844903E-02  0.8757752E-02
 0.1186337E+01 -0.9626494E-02  0.1563532E-01
 0.1183905E+01  0.1684691E+00 -0.1619806E+00
 0.1369948E+01 -0.9148853E-04  0.2857278E-03
 0.1360971E+01 -0.2950635E-03 -0.4110086E-03
 0.1353687E+01  0.4392270E-03  0.9275431E-03
 0.1346325E+01  0.9120168E-05 -0.1125469E-02
 0.1338842E+01 -0.8014076E-03  0.1955603E-02
 0.1331711E+01  0.4259570E-02 -0.3953256E-02
 0.1325654E+01 -0.6098673E-02  0.6672553E-02
 0.1325198E+01  0.1035157E-01 -0.1046697E-01
 0.1387935E+01 -0.1454232E-01  0.1570257E-01
 0.1363128E+01  0.2466212E-01 -0.2912303E-01
 0.1389867E+01 -0.1491674E-01  0.2470164E-01
 0.1692648E+01  0.2410425E-03 -0.5289692E-03
 0.1693956E+01 -0.2086936E-03  0.6608046E-03
 0.1692638E+01  0.6407029E-03 -0.1138107E-02
 0.1688740E+01 -0.1651511E-02  0.1726535E-02
 0.1683650E+01  0.3680773E-02 -0.2391958E-02
 0.1678689E+01 -0.8451598E-02  0.6412917E-02
 0.1676315E+01  0.1296744E-01 -0.9389138E-02
 0.1682851E+01 -0.2210048E-01  0.1502850E-01
 0.1677103E+01  0.3489780E-01 -0.2285538E-01
 0.1647901E+01 -0.5881087E-01  0.3921992E-01
 0.1584094E+01  0.5288447E-01 -0.3280457E-01
 0.1491676E+01 -0.1055806E+00  0.5669645E-01
 0.2015835E+01 -0.4952221E-03  0.6832602E-03
 0.2027225E+01  0.8807670E-03 -0.1038754E-02
 0.2031274E+01 -0.1875349E-02  0.1955519E-02
 0.2030515E+01  0.3754544E-02 -0.3290949E-02
 0.2027804E+01 -0.6897015E-02  0.5379585E-02
 0.2025574E+01  0.1574494E-01 -0.1218499E-01
 0.2028774E+01 -0.2541286E-01  0.2067140E-01
 0.2028293E+01  0.3697693E-01 -0.2723867E-01
 0.2061358E+01 -0.6382695E-01  0.4239300E-01
 0.1986329E+01  0.7712976E-01 -0.5296535E-01
 0.1957064E+01 -0.5817272E-01  0.3980851E-01
 0.1893193E+01  0.7048725E-01 -0.4717886E-01
 0.2350196E+01  0.7076352E-03 -0.7494341E-03
 0.2366126E+01 -0.1452137E-02  0.1527404E-02
 0.2373504E+01  0.3099033E-02 -0.3008975E-02
 0.2375233E+01 -0.5816636E-02  0.5224763E-02
 0.2375147E+01  0.1008870E-01 -0.8367842E-02
 0.2376970E+01 -0.2375248E-01  0.2125526E-01
 0.2371714E+01  0.3323147E-01 -0.3127544E-01
 0.2387960E+01 -0.5798099E-01  0.4976264E-01
 0.2378345E+01  0.1142430E+00 -0.8669203E-01
 0.2350502E+01 -0.9497438E-01  0.7620595E-01
 0.2387281E+01  0.5878612E-01 -0.5705054E-01
 0.2408185E+01 -0.6886473E-01  0.6905899E-01
 0.2697208E+01 -0.1406004E-03  0.1680189E-03
 0.2714606E+01  0.4011033E-03 -0.5395539E-03
 0.2724371E+01 -0.1562610E-02  0.1245178E-02
 0.2729217E+01  0.3209850E-02 -0.2110255E-02
 0.2733385E+01 -0.5845199E-02  0.3235055E-02
 0.2668525E+01  0.1403674E-01 -0.1098932E-01
 0.2741041E+01 -0.1942404E-01  0.1675501E-01
 0.2764259E+01  0.4108034E-01 -0.3406664E-01
 0.2743567E+01 -0.6547680E-01  0.4454755E-01
 0.2763087E+01  0.1026941E+00 -0.6744723E-01
 0.2879678E+01 -0.3799013E+00  0.2435064E+00
 0.2875058E+01  0.8253632E+00 -0.5396119E+00
 0.3035163E+01  0.4228501E-03  0.3968175E-04
 0.3073507E+01 -0.1167001E-02 -0.1015072E-03
 0.3078593E+01  0.2506191E-02  0.5783522E-03
 0.3074289E+01 -0.1101685E-01  0.5979710E-02
 0.3105276E+01  0.2683744E-01 -0.1770889E-01
 0.3088575E+01 -0.6277013E-01  0.4437184E-01
 0.3104568E+01  0.1027926E+00 -0.5809647E-01
 0.3183731E+01 -0.7833530E-01  0.3137168E-01
 0.3190859E+01  0.1198837E+00 -0.5536498E-01
 0.3612990E+01  0.1799993E+01 -0.1738500E+01
 0.3417846E+01 -0.8039715E+00  0.6077607E+00
 0.3443376E+01  0.9561799E-02 -0.8399396E-02
 0.3453914E+01 -0.2955870E-01  0.2523033E-01
 0.3431969E+01  0.6218783E-01 -0.5233607E-01
 0.3473956E+01 -0.1111442E+00  0.7504079E-01
 0.3629751E+01  0.2143661E+00 -0.1329630E+00
 0.3523037E+01 -0.2988927E+00  0.2073654E+00
 0.3663887E+01 -0.1470723E+01  0.1549847E+01
 0.3848224E+01  0.5206321E+00 -0.2565147E+00
 0.3979285E+01  0.6705727E-01 -0.9514758E-02
 0.3974932E+01 -0.2726506E+00  0.7722570E-01
 0.4009644E+01  0.4192681E+00 -0.9816466E-01
 0.3972756E+01 -0.5508501E+00 -0.8748943E-03
 0.4104388E+01  0.4934515E+00 -0.2913997E-02
 0.4361110E+01  0.3697806E-02 -0.4191714E-02
 0.4315371E+01 -0.7407403E-01  0.2958012E-01
