 0.5000000E-01  0.2439329E+02  0.6405164E+00  0.5638303E+00  0.2559763E+02
 0.1000000E+00  0.2437533E+02  0.6548056E+00  0.5656635E+00  0.2559580E+02
 0.1500000E+00  0.2435272E+02  0.6717898E+00  0.5688523E+00  0.2559336E+02
 0.2000000E+00  0.2432393E+02  0.6927454E+00  0.5734482E+00  0.2559012E+02
 0.2500000E+00  0.2428685E+02  0.7194695E+00  0.5794600E+00  0.2558578E+02
 0.3000000E+00  0.2423867E+02  0.7544380E+00  0.5868495E+00  0.2557996E+02
 0.3500000E+00  0.2417564E+02  0.8010070E+00  0.5955269E+00  0.2557217E+02
 0.4000000E+00  0.2409278E+02  0.8636618E+00  0.6053466E+00  0.2556179E+02
 0.4500000E+00  0.2398362E+02  0.9483129E+00  0.6161036E+00  0.2554803E+02
 0.5000000E+00  0.2383966E+02  0.1062622E+01  0.6277710E+00  0.2553006E+02
 0.5500000E+00  0.2365044E+02  0.1216338E+01  0.6396975E+00  0.2550648E+02
 0.6000000E+00  0.2340309E+02  0.1421471E+01  0.6517569E+00  0.2547632E+02
 0.6500000E+00  0.2308289E+02  0.1692270E+01  0.6635460E+00  0.2543871E+02
 0.7000000E+00  0.2267384E+02  0.2044732E+01  0.6744991E+00  0.2539307E+02
 0.7500000E+00  0.2215989E+02  0.2495445E+01  0.6842405E+00  0.2533958E+02
 0.8000000E+00  0.2152746E+02  0.3059654E+01  0.6926044E+00  0.2527972E+02
 0.8500000E+00  0.2076845E+02  0.3748604E+01  0.6994361E+00  0.2521650E+02
 0.9000000E+00  0.1988312E+02  0.4566518E+01  0.7046479E+00  0.2515429E+02
 0.9500000E+00  0.1888233E+02  0.5507809E+01  0.7083784E+00  0.2509852E+02
 0.1000000E+01  0.1778827E+02  0.6555304E+01  0.7098283E+00  0.2505340E+02
 0.1050000E+01  0.1663518E+02  0.7679994E+01  0.7124388E+00  0.2502761E+02
 0.1100000E+01  0.1546533E+02  0.8843075E+01  0.7149702E+00  0.2502337E+02
 0.1150000E+01  0.1432537E+02  0.9999254E+01  0.7178379E+00  0.2504247E+02
 0.1200000E+01  0.1326177E+02  0.1110120E+02  0.7214151E+00  0.2508439E+02
 0.1250000E+01  0.1231646E+02  0.1210414E+02  0.7259982E+00  0.2514659E+02
 0.1300000E+01  0.1152355E+02  0.1296966E+02  0.7317779E+00  0.2522499E+02
 0.1350000E+01  0.1090747E+02  0.1366841E+02  0.7388165E+00  0.2531469E+02
 0.1400000E+01  0.1048234E+02  0.1418126E+02  0.7470316E+00  0.2541063E+02
 0.1450000E+01  0.1025252E+02  0.1449932E+02  0.7561880E+00  0.2550803E+02
 0.1500000E+01  0.1021371E+02  0.1462310E+02  0.7659011E+00  0.2560271E+02
 0.1550000E+01  0.1035446E+02  0.1456111E+02  0.7756557E+00  0.2569122E+02
 0.1600000E+01  0.1065766E+02  0.1432835E+02  0.7848457E+00  0.2577086E+02
 0.1650000E+01  0.1131350E+02  0.1394469E+02  0.1071920E+01  0.2633011E+02
 0.1700000E+01  0.1195729E+02  0.1345603E+02  0.8244134E+00  0.2623773E+02
 0.1750000E+01  0.1260718E+02  0.1288417E+02  0.7546376E+00  0.2624599E+02
 0.1800000E+01  0.1329383E+02  0.1225118E+02  0.7199744E+00  0.2626498E+02
 0.1850000E+01  0.1401360E+02  0.1157454E+02  0.6931838E+00  0.2628132E+02
 0.1900000E+01  0.1475688E+02  0.1086743E+02  0.6683118E+00  0.2629262E+02
 0.1950000E+01  0.1551309E+02  0.1013948E+02  0.6459353E+00  0.2629851E+02
 0.2000000E+01  0.1627161E+02  0.9398099E+01  0.6291572E+00  0.2629887E+02
 0.2050000E+01  0.1702119E+02  0.8649966E+01  0.6221393E+00  0.2629330E+02
 0.2100000E+01  0.1774941E+02  0.7902488E+01  0.6292151E+00  0.2628111E+02
 0.2150000E+01  0.1844171E+02  0.7164790E+01  0.6547068E+00  0.2626120E+02
 0.2200000E+01  0.1908152E+02  0.6448157E+01  0.7030720E+00  0.2623275E+02
 0.2250000E+01  0.1965298E+02  0.5765823E+01  0.7778711E+00  0.2619668E+02
 0.2300000E+01  0.2014742E+02  0.5132156E+01  0.8780429E+00  0.2615762E+02
 0.2350000E+01  0.2057218E+02  0.4561309E+01  0.9910418E+00  0.2612453E+02
 0.2400000E+01  0.2095240E+02  0.4065504E+01  0.1087610E+01  0.2610551E+02
 0.2450000E+01  0.2131288E+02  0.3653064E+01  0.1131191E+01  0.2609713E+02
 0.2500000E+01  0.2165339E+02  0.3326510E+01  0.1105287E+01  0.2608519E+02
 0.2550000E+01  0.2195328E+02  0.3081447E+01  0.1027277E+01  0.2606201E+02
 0.2600000E+01  0.2219644E+02  0.2906811E+01  0.9292657E+00  0.2603252E+02
 0.2650000E+01  0.2238336E+02  0.2786206E+01  0.8357526E+00  0.2600532E+02
 0.2700000E+01  0.2244317E+02  0.2699950E+01  0.1463534E+01  0.2660666E+02
 0.2750000E+01  0.2270409E+02  0.2685393E+01  0.1295862E+01  0.2668534E+02
 0.2800000E+01  0.2293589E+02  0.2727051E+01  0.9794206E+00  0.2664236E+02
 0.2850000E+01  0.2305599E+02  0.2793155E+01  0.7377162E+00  0.2658686E+02
 0.2900000E+01  0.2311917E+02  0.2850092E+01  0.5952023E+00  0.2656446E+02
 0.2950000E+01  0.2317559E+02  0.2869461E+01  0.5203329E+00  0.2656539E+02
 0.3000000E+01  0.2325568E+02  0.2831659E+01  0.4919585E+00  0.2657930E+02
 0.3050000E+01  0.2336839E+02  0.2728233E+01  0.4986651E+00  0.2659529E+02
 0.3100000E+01  0.2350520E+02  0.2562756E+01  0.5373813E+00  0.2660534E+02
 0.3150000E+01  0.2364546E+02  0.2350177E+01  0.6079354E+00  0.2660358E+02
 0.3200000E+01  0.2377060E+02  0.2114614E+01  0.7107801E+00  0.2659599E+02
 0.3250000E+01  0.2388967E+02  0.1885998E+01  0.8173072E+00  0.2659297E+02
 0.3300000E+01  0.2401711E+02  0.1694154E+01  0.8871490E+00  0.2659841E+02
 0.3350000E+01  0.2414902E+02  0.1563463E+01  0.8847284E+00  0.2659721E+02
 0.3400000E+01  0.2424126E+02  0.1508585E+01  0.8222189E+00  0.2657207E+02
 0.3450000E+01  0.2426269E+02  0.1532852E+01  0.7396730E+00  0.2653522E+02
 0.3500000E+01  0.2421475E+02  0.1628256E+01  0.6593548E+00  0.2650236E+02
 0.3550000E+01  0.2411685E+02  0.1776469E+01  0.5874042E+00  0.2648072E+02
 0.3600000E+01  0.2399462E+02  0.1951787E+01  0.5259867E+00  0.2647239E+02
 0.3650000E+01  0.2387564E+02  0.2125161E+01  0.4770298E+00  0.2647783E+02
 0.3700000E+01  0.2378536E+02  0.2268350E+01  0.4415944E+00  0.2649531E+02
 0.3750000E+01  0.2374269E+02  0.2357851E+01  0.4206811E+00  0.2652123E+02
 0.3800000E+01  0.2375898E+02  0.2378328E+01  0.4141182E+00  0.2655143E+02
 0.3850000E+01  0.2383579E+02  0.2324823E+01  0.4174198E+00  0.2657803E+02
 0.3900000E+01  0.2395970E+02  0.2203020E+01  0.4366075E+00  0.2659933E+02
 0.3950000E+01  0.2410962E+02  0.2029159E+01  0.4702510E+00  0.2660903E+02
 0.4000000E+01  0.2425967E+02  0.1827145E+01  0.5185614E+00  0.2660538E+02
