 0.5000000E-01 -0.2582502E+00 -0.2859361E+01  0.4375051E+00 -0.2699846E+01  0.7233951E+00 -0.3104033E+01  0.2434947E-01 -0.2728926E+01 -0.5794970E+00 -0.2778166E+01  0.4119542E+00 -0.3014691E+01  0.1569330E+00 -0.2857539E+01 -0.8009394E-01 -0.2940285E+01 -0.1397325E+00 -0.2807544E+01 -0.1054483E+01
-0.2849289E+01
 0.1000000E+00 -0.2578820E+00 -0.2747791E+01  0.4367151E+00 -0.2579801E+01  0.7222335E+00 -0.3005358E+01  0.2434996E-01 -0.2610431E+01 -0.5784426E+00 -0.2662356E+01  0.4111981E+00 -0.2911289E+01  0.1566157E+00 -0.2745835E+01 -0.8009730E-01 -0.2832974E+01 -0.1395047E+00 -0.2693220E+01 -0.1052771E+01
-0.2737347E+01
 0.1500000E+00 -0.2572416E+00 -0.2636262E+01  0.4353311E+00 -0.2459788E+01  0.7202693E+00 -0.2906689E+01  0.2434535E-01 -0.2491970E+01 -0.5766143E+00 -0.2546630E+01  0.4099145E+00 -0.2807894E+01  0.1560713E+00 -0.2634149E+01 -0.8009440E-01 -0.2725687E+01 -0.1391093E+00 -0.2578933E+01 -0.1049807E+01
-0.2625562E+01
 0.2000000E+00 -0.2563237E+00 -0.2524784E+01  0.4333245E+00 -0.2339825E+01  0.7175317E+00 -0.2808036E+01  0.2433166E-01 -0.2373557E+01 -0.5739925E+00 -0.2431001E+01  0.4081143E+00 -0.2704512E+01  0.1552974E+00 -0.2522492E+01 -0.8008243E-01 -0.2618431E+01 -0.1385430E+00 -0.2464692E+01 -0.1045570E+01
-0.2513944E+01
 0.2500000E+00 -0.2551356E+00 -0.2413366E+01  0.4306858E+00 -0.2219938E+01  0.7140918E+00 -0.2709409E+01  0.2430521E-01 -0.2255210E+01 -0.5705858E+00 -0.2315482E+01  0.4058317E+00 -0.2601154E+01  0.1543002E+00 -0.2410875E+01 -0.8006166E-01 -0.2511213E+01 -0.1378091E+00 -0.2350511E+01 -0.1040092E+01
-0.2402510E+01
 0.3000000E+00 -0.2536973E+00 -0.2302023E+01  0.4274246E+00 -0.2100158E+01  0.7100626E+00 -0.2610823E+01  0.2426277E-01 -0.2136955E+01 -0.5664306E+00 -0.2200096E+01  0.4031243E+00 -0.2497831E+01  0.1530936E+00 -0.2299316E+01 -0.8003556E-01 -0.2404045E+01 -0.1369179E+00 -0.2236408E+01 -0.1033458E+01
-0.2291276E+01
 0.3500000E+00 -0.2520404E+00 -0.2190777E+01  0.4235684E+00 -0.1980529E+01  0.7055981E+00 -0.2512291E+01  0.2420163E-01 -0.2018827E+01 -0.5615899E+00 -0.2084870E+01  0.4000725E+00 -0.2394559E+01  0.1516995E+00 -0.2187838E+01 -0.8001063E-01 -0.2296942E+01 -0.1358862E+00 -0.2122409E+01 -0.1025800E+01
-0.2180269E+01
 0.4000000E+00 -0.2502071E+00 -0.2079654E+01  0.4191607E+00 -0.1861107E+01  0.7008896E+00 -0.2413831E+01  0.2411957E-01 -0.1900873E+01 -0.5561504E+00 -0.1969843E+01  0.3967772E+00 -0.2291356E+01  0.1501469E+00 -0.2076469E+01 -0.7999612E-01 -0.2189924E+01 -0.1347362E+00 -0.2008548E+01 -0.1017297E+01
-0.2069521E+01
 0.4500000E+00 -0.2482488E+00 -0.1968692E+01  0.4142584E+00 -0.1741969E+01  0.6961619E+00 -0.2315466E+01  0.2401482E-01 -0.1783159E+01 -0.5502184E+00 -0.1855068E+01  0.3933575E+00 -0.2188247E+01  0.1484708E+00 -0.1965251E+01 -0.8000349E-01 -0.2083020E+01 -0.1334949E+00 -0.1894872E+01 -0.1008167E+01
-0.1959073E+01
 0.5000000E+00 -0.2462227E+00 -0.1857943E+01  0.4089272E+00 -0.1623219E+01  0.6916662E+00 -0.2217219E+01  0.2388594E-01 -0.1665773E+01 -0.5439137E+00 -0.1740615E+01  0.3899463E+00 -0.2085260E+01  0.1467108E+00 -0.1854235E+01 -0.8004571E-01 -0.1976264E+01 -0.1321926E+00 -0.1781444E+01 -0.9986536E+00
-0.1848981E+01
 0.5500000E+00 -0.2441543E+00 -0.1747477E+01  0.4033639E+00 -0.1505005E+01  0.6875454E+00 -0.2119119E+01  0.2373340E-01 -0.1548863E+01 -0.5373640E+00 -0.1626569E+01  0.3866201E+00 -0.1982435E+01  0.1448998E+00 -0.1743499E+01 -0.8011930E-01 -0.1869709E+01 -0.1308483E+00 -0.1668360E+01 -0.9888988E+00
-0.1739294E+01
 0.6000000E+00 -0.2420731E+00 -0.1637393E+01  0.3977851E+00 -0.1387521E+01  0.6839568E+00 -0.2021196E+01  0.2356736E-01 -0.1432605E+01 -0.5307503E+00 -0.1513040E+01  0.3834674E+00 -0.1879816E+01  0.1430946E+00 -0.1633143E+01 -0.8021868E-01 -0.1763421E+01 -0.1294804E+00 -0.1555745E+01 -0.9791063E+00
-0.1630071E+01
 0.6500000E+00 -0.2400098E+00 -0.1527824E+01  0.3924014E+00 -0.1271014E+01  0.6809613E+00 -0.1923484E+01  0.2338392E-01 -0.1317211E+01 -0.5243605E+00 -0.1400172E+01  0.3805359E+00 -0.1777460E+01  0.1413754E+00 -0.1523309E+01 -0.8032121E-01 -0.1657495E+01 -0.1281238E+00 -0.1443771E+01 -0.9695330E+00
-0.1521348E+01
 0.7000000E+00 -0.2380456E+00 -0.1418943E+01  0.3873295E+00 -0.1155784E+01  0.6784999E+00 -0.1826024E+01  0.2316387E-01 -0.1202929E+01 -0.5185373E+00 -0.1288171E+01  0.3778343E+00 -0.1675445E+01  0.1398446E+00 -0.1414185E+01 -0.8039298E-01 -0.1552065E+01 -0.1268546E+00 -0.1332635E+01 -0.9606287E+00
-0.1413160E+01
 0.7500000E+00 -0.2363121E+00 -0.1310943E+01  0.3825641E+00 -0.1042198E+01  0.6764379E+00 -0.1728868E+01  0.2289019E-01 -0.1090079E+01 -0.5134734E+00 -0.1177328E+01  0.3753889E+00 -0.1573874E+01  0.1385869E+00 -0.1305978E+01 -0.8041644E-01 -0.1447304E+01 -0.1257455E+00 -0.1222567E+01 -0.9529393E+00
-0.1305705E+01
 0.8000000E+00 -0.2349051E+00 -0.1204061E+01  0.3780313E+00 -0.9306975E+00  0.6746159E+00 -0.1632070E+01  0.2255511E-01 -0.9790606E+00 -0.5091785E+00 -0.1068004E+01  0.3733105E+00 -0.1472892E+01  0.1376319E+00 -0.1198928E+01 -0.8041227E-01 -0.1343402E+01 -0.1248256E+00 -0.1113864E+01 -0.9467886E+00
-0.1199338E+01
 0.8500000E+00 -0.2338490E+00 -0.1098604E+01  0.3736265E+00 -0.8217851E+00  0.6729464E+00 -0.1535685E+01  0.2215766E-01 -0.8703486E+00 -0.5055551E+00 -0.9606231E+00  0.3718079E+00 -0.1372687E+01  0.1369656E+00 -0.1093336E+01 -0.8041991E-01 -0.1240568E+01 -0.1240862E+00 -0.1006897E+01 -0.9422122E+00
-0.1094470E+01
 0.9000000E+00 -0.2331076E+00 -0.9949457E+00  0.3692154E+00 -0.7159916E+00  0.6716162E+00 -0.1439793E+01  0.2169895E-01 -0.7644615E+00 -0.5024330E+00 -0.8556673E+00  0.3710874E+00 -0.1273482E+01  0.1365493E+00 -0.9895756E+00 -0.8046358E-01 -0.1139059E+01 -0.1234926E+00 -0.9021077E+00 -0.9390273E+00
-0.9915397E+00
 0.9500000E+00 -0.2325988E+00 -0.8935231E+00  0.3646289E+00 -0.6138201E+00  0.6711135E+00 -0.1344580E+01  0.2117739E-01 -0.6619184E+00 -0.4995835E+00 -0.7536499E+00  0.3712416E+00 -0.1175534E+01  0.1363295E+00 -0.8880844E+00 -0.8053869E-01 -0.1039202E+01 -0.1229905E+00 -0.7999851E+00 -0.9368927E+00
-0.8910158E+00
 0.1000000E+01 -0.2322106E+00 -0.7948145E+00  0.3596725E+00 -0.5156702E+00  0.6719024E+00 -0.1250345E+01  0.2058680E-01 -0.5631728E+00 -0.4967408E+00 -0.6550725E+00  0.3722439E+00 -0.1079148E+01  0.1362439E+00 -0.7893412E+00 -0.8061552E-01 -0.9413850E+00 -0.1225136E+00 -0.7010321E+00 -0.9353658E+00
-0.7933926E+00
 0.1050000E+01 -0.2317492E+00 -0.6993086E+00  0.3540615E+00 -0.4217491E+00  0.6742859E+00 -0.1157496E+01  0.1993644E-01 -0.4685322E+00 -0.4934560E+00 -0.5603711E+00  0.3738709E+00 -0.9846770E+00  0.1361798E+00 -0.6938299E+00 -0.8065218E-01 -0.8460455E+00 -0.1219449E+00 -0.6057135E+00 -0.9336718E+00
-0.6991765E+00
 0.1100000E+01 -0.2311224E+00 -0.6074517E+00  0.3476663E+00 -0.3320094E+00  0.6781006E+00 -0.1066344E+01  0.1922431E-01 -0.3780841E+00 -0.4895330E+00 -0.4698344E+00  0.3760173E+00 -0.8925299E+00  0.1360926E+00 -0.6019935E+00 -0.8061414E-01 -0.7536481E+00 -0.1212319E+00 -0.5143883E+00 -0.9314633E+00
-0.6088136E+00
 0.1150000E+01 -0.2302391E+00 -0.5195904E+00  0.3403690E+00 -0.2461073E+00  0.6831686E+00 -0.9772461E+00  0.1845048E-01 -0.2916418E+00 -0.4847820E+00 -0.3835448E+00  0.3785693E+00 -0.8031457E+00  0.1359369E+00 -0.5141713E+00 -0.8046826E-01 -0.6646443E+00 -0.1203228E+00 -0.4272440E+00 -0.9283967E+00
-0.5226515E+00
 0.1200000E+01 -0.2290160E+00 -0.4359128E+00  0.3320728E+00 -0.1634068E+00  0.6893139E+00 -0.8905970E+00  0.1761745E-01 -0.2087294E+00 -0.4790341E+00 -0.3013359E+00  0.3814149E+00 -0.7169669E+00  0.1356711E+00 -0.4305396E+00 -0.8018508E-01 -0.5794255E+00 -0.1191709E+00 -0.3442437E+00 -0.9241597E+00
-0.4408838E+00
 0.1250000E+01 -0.2273845E+00 -0.3564025E+00  0.3227093E+00 -0.8302312E-01  0.6963793E+00 -0.8068147E+00  0.1673034E-01 -0.1286045E+00 -0.4721537E+00 -0.2227804E+00  0.3844539E+00 -0.6344035E+00  0.1352606E+00 -0.3510670E+00 -0.7974114E-01 -0.4982726E+00 -0.1177370E+00 -0.2650993E+00 -0.9184973E+00
-0.3635087E+00
 0.1300000E+01 -0.2252951E+00 -0.2808160E+00  0.3122423E+00 -0.3892784E-02  0.7042418E+00 -0.7263181E+00  0.1579679E-01 -0.5031375E-01 -0.4640469E+00 -0.1472125E+00  0.3876070E+00 -0.5557915E+00  0.1346810E+00 -0.2754929E+00 -0.7912084E-01 -0.4213112E+00 -0.1159927E+00 -0.1892774E+00 -0.9112309E+00
-0.2903098E+00
 0.1350000E+01 -0.2227212E+00 -0.2086877E+00  0.3006689E+00  0.7514173E-01  0.7128251E+00 -0.6494962E+00  0.1482680E-01  0.2723412E-01 -0.4546665E+00 -0.7377299E-01  0.3908226E+00 -0.4813523E+00  0.1339192E+00 -0.2033339E+00 -0.7831774E-01 -0.3484813E+00 -0.1139212E+00 -0.1160318E+00 -0.9022709E+00
-0.2208623E+00
 0.1400000E+01 -0.2196593E+00 -0.1393568E+00  0.2880177E+00  0.1552423E+00  0.7221083E+00 -0.5766758E+00  0.1383230E-01  0.1051853E+00 -0.4440109E+00 -0.1469734E-02  0.3940814E+00 -0.4111611E+00  0.1329742E+00 -0.1339127E+00 -0.7733530E-01 -0.2795284E+00 -0.1115179E+00 -0.4445471E-01 -0.8916200E+00
-0.1545606E+00
 0.1450000E+01 -0.2161283E+00 -0.7201041E-01  0.2743438E+00  0.2374855E+00  0.7321290E+00 -0.5080898E+00  0.1282654E-01  0.1846560E+00 -0.4321194E+00  0.7075680E-01  0.3973968E+00 -0.3451307E+00  0.1318554E+00 -0.6640167E-01 -0.7618670E-01 -0.2140140E+00 -0.1087894E+00  0.2646324E-01 -0.8793669E+00
-0.9065664E-01
 0.1500000E+01 -0.2121649E+00 -0.5732236E-02  0.2597203E+00  0.3227779E+00  0.7429811E+00 -0.4438539E+00  0.1182336E-01  0.2666490E+00 -0.4190619E+00  0.1439670E+00  0.4008123E+00 -0.2830119E+00  0.1305801E+00  0.1272571E-03 -0.7489387E-01 -0.1513430E+00 -0.1057513E+00  0.9777082E-01 -0.8656696E+00
-0.2830440E-01
 0.1550000E+01 -0.2078182E+00  0.6044763E-01  0.2442301E+00  0.4117845E+00  0.7548033E+00 -0.3839553E+00  0.1083628E-01  0.3519762E+00 -0.4049254E+00  0.2191560E+00  0.4043931E+00 -0.2244087E+00  0.1291691E+00  0.6665219E-01 -0.7348551E-01 -0.9079787E-01 -0.1024254E+00  0.1704933E+00 -0.8507297E+00
 0.3339783E-01
 0.1600000E+01 -0.2031408E+00  0.1275033E+00  0.2279547E+00  0.5048833E+00  0.7677614E+00 -0.3282538E+00  0.9877516E-02  0.4411970E+00 -0.3897980E+00  0.2971888E+00  0.4082149E+00 -0.1688033E+00  0.1276416E+00  0.1341510E+00 -0.7199433E-01 -0.3157559E-01 -0.9883541E-01  0.2455700E+00 -0.8347599E+00
 0.9536733E-01
 0.1650000E+01 -0.1981804E+00  0.1963638E+00  0.2109654E+00  0.6021564E+00  0.7820223E+00 -0.2764948E+00  0.8956963E-02  0.5345840E+00 -0.3737520E+00  0.3787416E+00  0.4123480E+00 -0.1155845E+00  0.1260098E+00  0.2035514E+00 -0.7045358E-01  0.2717690E-01 -0.9500298E-01  0.3237933E+00 -0.8179457E+00
 0.1584988E+00
 0.1700000E+01 -0.1929704E+00  0.2678747E+00  0.2109933E+00  0.7045546E+00  0.7966464E+00 -0.2283329E+00  0.8933173E-02  0.6316851E+00 -0.3594924E+00  0.4647304E+00  0.4162912E+00 -0.6407411E-01  0.1242815E+00  0.2756762E+00 -0.6880984E-01  0.8632818E-01 -0.9126097E-01  0.4057170E+00 -0.8000370E+00
 0.2239389E+00
 0.1750000E+01 -0.1870416E+00  0.3427155E+00  0.2116320E+00  0.8104373E+00  0.8106556E+00 -0.1833534E+00  0.8980517E-02  0.7325236E+00 -0.3436971E+00  0.5548822E+00  0.4194872E+00 -0.1355955E-01  0.1220810E+00  0.3512000E+00 -0.6698419E-01  0.1467358E+00 -0.8712728E-01  0.4917146E+00 -0.7793243E+00
 0.2921437E+00
 0.1800000E+01 -0.1802015E+00  0.4213926E+00  0.2109789E+00  0.9193759E+00  0.8231956E+00 -0.1410880E+00  0.8965216E-02  0.8368049E+00 -0.3258069E+00  0.6491179E+00  0.4214665E+00  0.3669733E-01  0.1192266E+00  0.4306076E+00 -0.6492656E-01  0.2092086E+00 -0.8251517E-01  0.5818990E+00 -0.7549475E+00
 0.3636999E+00
 0.1850000E+01 -0.1723333E+00  0.5041947E+00  0.2079692E+00  0.1031016E+01  0.8336184E+00 -0.1010345E+00  0.8816850E-02  0.9441729E+00 -0.3055229E+00  0.7471778E+00  0.4218708E+00  0.8743867E-01  0.1155823E+00  0.5141620E+00 -0.6260772E-01  0.2744730E+00 -0.7738958E-01  0.6761521E+00 -0.7263328E+00
 0.4390338E+00
 0.1900000E+01 -0.1633372E+00  0.5911853E+00  0.2015073E+00  0.1144964E+01  0.8413085E+00 -0.6266873E-01  0.8494600E-02  0.1054287E+01 -0.2825244E+00  0.8486815E+00  0.4203631E+00  0.1393945E+00  0.1110293E+00  0.6019008E+00 -0.6000328E-01  0.3431357E+00 -0.7171259E-01  0.7741858E+00 -0.6929905E+00
 0.5183736E+00
 0.1950000E+01 -0.1531068E+00  0.6822241E+00  0.1908269E+00  0.1260694E+01  0.8455799E+00 -0.2545474E-01  0.7986901E-02  0.1166684E+01 -0.2563353E+00  0.9532139E+00  0.4165758E+00  0.1932643E+00  0.1054482E+00  0.6936626E+00 -0.5708651E-01  0.4156493E+00 -0.6541867E-01  0.8756259E+00 -0.6544248E+00
 0.6017435E+00
 0.2000000E+01 -0.1415319E+00  0.7770162E+00  0.1757601E+00  0.1377726E+01  0.8456900E+00  0.1114742E-01  0.7304960E-02  0.1280793E+01 -0.2263547E+00  0.1060356E+01  0.4101202E+00  0.2496944E+00  0.9871196E-01  0.7891389E+00 -0.5383183E-01  0.4922854E+00 -0.5840546E-01  0.9800807E+00 -0.6101536E+00
 0.6889806E+00
 0.2050000E+01 -0.1285056E+00  0.8751759E+00  0.1565986E+00  0.1495707E+01  0.8409088E+00  0.4767704E-01  0.6473343E-02  0.1396142E+01 -0.1922342E+00  0.1169618E+01  0.4006231E+00  0.3092537E+00  0.9068809E-01  0.8879411E+00 -0.5022341E-01  0.5731224E+00 -0.5055884E-01  0.1087107E+01 -0.5597638E+00
 0.7797724E+00
 0.2100000E+01 -0.1139418E+00  0.9762727E+00  0.1339160E+00  0.1614382E+01  0.8306208E+00  0.8466967E-01  0.5522160E-02  0.1512396E+01 -0.1542840E+00  0.1280491E+01  0.3877773E+00  0.3724059E+00  0.8126664E-01  0.9896413E+00 -0.4626566E-01  0.6580539E+00 -0.4184996E-01  0.1196154E+01 -0.5029884E+00
 0.8737116E+00
 0.2150000E+01 -0.9784334E-01  0.1079815E+01  0.1084656E+00  0.1733566E+01  0.8144103E+00  0.1226558E+00  0.4481696E-02  0.1629318E+01 -0.1133677E+00  0.1392562E+01  0.3713839E+00  0.4394841E+00  0.7045819E-01  0.1093744E+01 -0.4198730E-01  0.7468159E+00 -0.3240417E-01  0.1306701E+01 -0.4398450E+00
 0.9703570E+00
 0.2200000E+01 -0.8044828E-01  0.1185260E+01  0.8110586E-01  0.1853123E+01  0.7920941E+00  0.1621580E+00  0.3379435E-02  0.1746730E+01 -0.7058133E-01  0.1505529E+01  0.3513698E+00  0.5106708E+00  0.5850186E-01  0.1199705E+01 -0.3744297E-01  0.8390203E+00 -0.2245861E-01  0.1418364E+01 -0.3710087E+00
 0.1069274E+01
 0.2250000E+01 -0.6226798E-01  0.1292145E+01  0.5270558E-01  0.1972953E+01  0.7637119E+00  0.2036847E+00  0.2236216E-02  0.1864503E+01 -0.2697839E-01  0.1619168E+01  0.3277858E+00  0.5859882E+00  0.4582803E-01  0.1307067E+01 -0.3272526E-01  0.9341673E+00 -0.1228060E-01  0.1530863E+01 -0.2982891E+00
 0.1170029E+01
 0.2300000E+01 -0.4392812E-01  0.1400134E+01  0.2399259E-01  0.2092980E+01  0.7294964E+00  0.2477201E+00  0.1057595E-02  0.1982541E+01  0.1671073E-01  0.1733309E+01  0.3008141E+00  0.6653018E+00  0.3291045E-01  0.1415500E+01 -0.2799300E-01  0.1031637E+01 -0.2091937E-02  0.1643990E+01 -0.2244087E+00
 0.1272225E+01
 0.2350000E+01 -0.2595595E-01  0.1508975E+01 -0.4672318E-02  0.2213150E+01  0.6898363E+00  0.2947134E+00 -0.1791559E-03  0.2100771E+01  0.6042266E-01  0.1847823E+01  0.2708254E+00  0.7483352E+00  0.2011573E-01  0.1524757E+01 -0.2349517E-01  0.1130806E+01  0.8012224E-02  0.1757588E+01 -0.1519884E+00
 0.1375547E+01
 0.2400000E+01 -0.8571874E-02  0.1618472E+01 -0.3352999E-01  0.2333424E+01  0.6452422E+00  0.3450637E+00 -0.1535164E-02  0.2219142E+01  0.1050575E+00  0.1962612E+01  0.2385377E+00  0.8346829E+00  0.7567544E-02  0.1634646E+01 -0.1951067E-01  0.1231279E+01  0.1814111E-01  0.1871535E+01 -0.8244651E-01
 0.1479758E+01
 0.2450000E+01  0.8428756E-02  0.1728469E+01 -0.6342747E-01  0.2453774E+01  0.5963138E+00  0.3991022E+00 -0.3100675E-02  0.2337615E+01  0.1523366E+00  0.2077603E+01  0.2052208E+00  0.9238083E+00 -0.4918482E-02  0.1745014E+01 -0.1619957E-01  0.1332862E+01  0.2860328E-01  0.1985741E+01 -0.1535024E-01
 0.1584669E+01
 0.2500000E+01  0.2553168E-01  0.1838842E+01 -0.9532508E-01  0.2574178E+01  0.5437170E+00  0.4570726E+00 -0.4954778E-02  0.2456163E+01  0.2038585E+00  0.2192740E+01  0.1725123E+00  0.1015099E+01 -0.1770347E-01  0.1855743E+01 -0.1351084E-01  0.1435393E+01  0.3973111E-01  0.2100138E+01  0.5113970E-01
 0.1690122E+01
 0.2550000E+01  0.4312229E-01  0.1949498E+01 -0.1295416E+00  0.2694621E+01  0.4881545E+00  0.5191121E+00 -0.7117014E-02  0.2574764E+01  0.2598711E+00  0.2307978E+01  0.1414321E+00  0.1108092E+01 -0.3102865E-01  0.1966742E+01 -0.1122982E-01  0.1538702E+01  0.5162277E-01  0.2214675E+01  0.1187662E+00
 0.1795991E+01
 0.2600000E+01  0.6119769E-01  0.2060363E+01 -0.1654122E+00  0.2815093E+01  0.4302991E+00  0.5852379E+00 -0.9530979E-02  0.2693404E+01  0.3188723E+00  0.2423286E+01  0.1117051E+00  0.1202582E+01 -0.4482245E-01  0.2077943E+01 -0.9111665E-02  0.1642623E+01  0.6403187E-01  0.2329315E+01  0.1879253E+00
 0.1902173E+01
 0.2650000E+01  0.7936842E-01  0.2171384E+01 -0.2015304E+00  0.2935587E+01  0.3707070E+00  0.6553471E+00 -0.1208531E-01  0.2812073E+01  0.3781646E+00  0.2538638E+01  0.8243677E-01  0.1298406E+01 -0.5873152E-01  0.2189294E+01 -0.6978017E-02  0.1747018E+01  0.7645730E-01  0.2444029E+01  0.2575360E+00
 0.2008585E+01
 0.2700000E+01  0.9702057E-01  0.2282519E+01 -0.2361807E+00  0.3056096E+01  0.3097514E+00  0.7292315E+00 -0.1464562E-01  0.2930763E+01  0.4346392E+00  0.2654015E+01  0.5296904E-01  0.1395348E+01 -0.7225157E-01  0.2300757E+01 -0.4735550E-02  0.1851773E+01  0.8829668E-01  0.2558797E+01  0.3255853E+00
 0.2115165E+01
 0.2750000E+01  0.1215965E+00  0.2393739E+01 -0.2861886E+00  0.3176669E+01  0.2491631E+00  0.8065835E+00 -0.1789734E-01  0.3049493E+01  0.5209479E+00  0.2769411E+01  0.2740686E-01  0.1493108E+01 -0.9047130E-01  0.2412300E+01 -0.2587618E-02  0.1956800E+01  0.1064293E+00  0.2673605E+01  0.4163715E+00
 0.2221869E+01
 0.2800000E+01  0.1520575E+00  0.2505023E+01 -0.3477271E+00  0.3297374E+01  0.1893012E+00  0.8869145E+00 -0.2155394E-01  0.3168308E+01  0.6311218E+00  0.2884813E+01  0.3377457E-02  0.1591543E+01 -0.1125128E+00  0.2523903E+01 -0.2907209E-03  0.2062035E+01  0.1297290E+00  0.2788446E+01  0.5266722E+00
 0.2328659E+01
 0.2850000E+01  0.1842820E+00  0.2616353E+01 -0.4104424E+00  0.3418312E+01  0.1295028E+00  0.9698011E+00 -0.2516597E-01  0.3287297E+01  0.7475666E+00  0.3000200E+01 -0.2042794E-01  0.1690515E+01 -0.1355012E+00  0.2635549E+01  0.2195422E-02  0.2167425E+01  0.1545084E+00  0.2903311E+01  0.6427510E+00
 0.2435499E+01
 0.2900000E+01  0.2147701E+00  0.2727714E+01 -0.4654747E+00  0.3539530E+01  0.6911447E-01  0.1054996E+01 -0.2837717E-01  0.3406618E+01  0.8561510E+00  0.3115540E+01 -0.4394151E-01  0.1789906E+01 -0.1570447E+00  0.2747228E+01  0.4775014E-02  0.2272933E+01  0.1777639E+00  0.3018199E+01  0.7527465E+00
 0.2542355E+01
 0.2950000E+01  0.2412226E+00  0.2839099E+01 -0.5067847E+00  0.3660928E+01  0.8081035E-02  0.1142254E+01 -0.3085178E-01  0.3526441E+01  0.9477599E+00  0.3230781E+01 -0.6662213E-01  0.1889619E+01 -0.1755184E+00  0.2858931E+01  0.7341880E-02  0.2378529E+01  0.1975983E+00  0.3133113E+01  0.8486576E+00
 0.2649204E+01
 0.3000000E+01  0.2621701E+00  0.2950501E+01 -0.5311412E+00  0.3782381E+01 -0.5292932E-01  0.1231235E+01 -0.3234949E-01  0.3646725E+01  0.1016473E+01  0.3345791E+01 -0.8783553E-01  0.1989578E+01 -0.1898734E+00  0.2970652E+01  0.9804637E-02  0.2484191E+01  0.2128157E+00  0.3248074E+01  0.9252829E+00
 0.2756030E+01
 0.3050000E+01  0.2768291E+00  0.3061919E+01 -0.5372411E+00  0.3903843E+01 -0.1128199E+00  0.1321584E+01 -0.3274654E-01  0.3767257E+01  0.1058465E+01  0.3460243E+01 -0.1070338E+00  0.2089726E+01 -0.1995512E+00  0.3082392E+01  0.1209298E-01  0.2589903E+01  0.2227310E+00  0.3363135E+01  0.9798035E+00
 0.2862820E+01
 0.3100000E+01  0.2850966E+00  0.3173359E+01 -0.5248343E+00  0.4025305E+01 -0.1705127E+00  0.1413009E+01 -0.3200619E-01  0.3887889E+01  0.1071004E+01  0.3573591E+01 -0.1238832E+00  0.2190017E+01 -0.2044941E+00  0.3194160E+01  0.1416295E-01  0.2695653E+01  0.2270000E+00  0.3478420E+01  0.1011865E+01
 0.2969563E+01
 0.3150000E+01  0.2876660E+00  0.3284851E+01 -0.4944449E+00  0.4146763E+01 -0.2254564E+00  0.1505276E+01 -0.3015162E-01  0.4008560E+01  0.1051985E+01  0.3685553E+01 -0.1384323E+00  0.2290417E+01 -0.2051989E+00  0.3306003E+01  0.1602050E-01  0.2801432E+01  0.2253780E+00  0.3594090E+01  0.1024184E+01
 0.3076237E+01
 0.3200000E+01  0.2861208E+00  0.3396491E+01 -0.4473470E+00  0.4268217E+01 -0.2783769E+00  0.1598204E+01 -0.2725920E-01  0.4129247E+01  0.1000651E+01  0.3796414E+01 -0.1513794E+00  0.2390897E+01 -0.2026477E+00  0.3418069E+01  0.1778247E-01  0.2907234E+01  0.2175797E+00  0.3710139E+01  0.1023612E+01
 0.3182756E+01
 0.3250000E+01  0.2825224E+00  0.3508470E+01 -0.3855427E+00  0.4389666E+01 -0.3325973E+00  0.1691635E+01 -0.2345112E-01  0.4249940E+01  0.9183146E+00  0.3906612E+01 -0.1645427E+00  0.2491433E+01 -0.1978217E+00  0.3530680E+01  0.1978583E-01  0.3013062E+01  0.2035353E+00  0.3826410E+01  0.1022495E+01
 0.3288721E+01
 0.3300000E+01  0.2770838E+00  0.3620884E+01 -0.3116669E+00  0.4511112E+01 -0.3940808E+00  0.1785437E+01 -0.1888659E-01  0.4370636E+01  0.8082329E+00  0.4016510E+01 -0.1806295E+00  0.2592002E+01 -0.1905199E+00  0.3644043E+01  0.2259943E-01  0.3118932E+01  0.1835792E+00  0.3942777E+01  0.1034157E+01
 0.3392625E+01
 0.3350000E+01  0.2677469E+00  0.3733578E+01 -0.2287775E+00  0.4632554E+01 -0.4691846E+00  0.1879494E+01 -0.1374925E-01  0.4491332E+01  0.6752972E+00  0.4126310E+01 -0.2021221E+00  0.2692585E+01 -0.1796884E+00  0.3757920E+01  0.2679732E-01  0.3224902E+01  0.1585121E+00  0.4059178E+01  0.1062103E+01
 0.3491259E+01
 0.3400000E+01  0.2529630E+00  0.3846383E+01 -0.1399828E+00  0.4753991E+01 -0.5591581E+00  0.1973715E+01 -0.8228174E-02  0.4612029E+01  0.5252426E+00  0.4236094E+01 -0.2290948E+00  0.2793171E+01 -0.1649419E+00  0.3871994E+01  0.3250280E-01  0.3331086E+01  0.1294287E+00  0.4175592E+01  0.1093195E+01
 0.3583068E+01
 0.3450000E+01  0.2327694E+00  0.3959222E+01 -0.4799545E-01  0.4875427E+01 -0.6575656E+00  0.2068034E+01 -0.2495823E-02  0.4732726E+01  0.3634555E+00  0.4345881E+01 -0.2585970E+00  0.2893753E+01 -0.1467617E+00  0.3986117E+01  0.3915505E-01  0.3437596E+01  0.9741327E-01  0.4292010E+01  0.1111727E+01
 0.3670832E+01
 0.3500000E+01  0.2077309E+00  0.4072071E+01  0.4502354E-01  0.4996861E+01 -0.7540454E+00  0.2162404E+01  0.3298945E-02  0.4853423E+01  0.1941626E+00  0.4455674E+01 -0.2864944E+00  0.2994331E+01 -0.1257714E+00  0.4100246E+01  0.4578788E-01  0.3544371E+01  0.6331806E-01  0.4408432E+01  0.1110312E+01
 0.3757405E+01
 0.3550000E+01  0.1782466E+00  0.4184923E+01  0.1371283E+00  0.5118296E+01 -0.8386805E+00  0.2256793E+01  0.9014806E-02  0.4974120E+01  0.2075767E-01  0.4565472E+01 -0.3091572E+00  0.3094907E+01 -0.1023739E+00  0.4214373E+01  0.5157455E-01  0.3651197E+01  0.2780541E-01  0.4524854E+01  0.1086278E+01
 0.3843816E+01
 0.3600000E+01  0.1446039E+00  0.4297778E+01  0.2261344E+00  0.5239734E+01 -0.9038100E+00  0.2351175E+01  0.1449814E-01  0.5094817E+01 -0.1532182E+00  0.4675270E+01 -0.3240076E+00  0.3195480E+01 -0.7685556E-01  0.4328499E+01  0.5604636E-01  0.3757973E+01 -0.8443664E-02  0.4641278E+01  0.1037813E+01
 0.3930236E+01
 0.3650000E+01  0.1072422E+00  0.4410635E+01  0.3094967E+00  0.5361174E+01 -0.9440935E+00  0.2445528E+01  0.1957996E-01  0.5215514E+01 -0.3234993E+00  0.4785065E+01 -0.3294596E+00  0.3296042E+01 -0.4958934E-01  0.4442623E+01  0.5894158E-01  0.3864712E+01 -0.4458844E-01  0.4757701E+01  0.9636449E+00
 0.4016663E+01
 0.3700000E+01  0.6688605E-01  0.4523493E+01  0.3845008E+00  0.5482617E+01 -0.9561953E+00  0.2539840E+01  0.2408725E-01  0.5336212E+01 -0.4852002E+00  0.4894857E+01 -0.3247752E+00  0.3396572E+01 -0.2112421E-01  0.4556746E+01  0.6009465E-01  0.3971436E+01 -0.7963269E-01  0.4874124E+01  0.8636779E+00
 0.4103087E+01
 0.3750000E+01  0.2453154E-01  0.4636351E+01  0.4485411E+00  0.5604062E+01 -0.9385705E+00  0.2634102E+01  0.2785834E-01  0.5456910E+01 -0.6332424E+00  0.5004642E+01 -0.3099680E+00  0.3497036E+01  0.7830499E-02  0.4670869E+01  0.5941541E-01  0.4078154E+01 -0.1125067E+00  0.4990546E+01  0.7392930E+00
 0.4189504E+01
 0.3800000E+01 -0.1863522E-01  0.4749209E+01  0.4993643E+00  0.5725509E+01 -0.8913444E+00  0.2728312E+01  0.3075735E-01  0.5577607E+01 -0.7628160E+00  0.5114421E+01 -0.2856473E+00  0.3597419E+01  0.3646253E-01  0.4784993E+01  0.5688804E-01  0.4184871E+01 -0.1421639E+00  0.5106967E+01  0.5932889E+00
 0.4275915E+01
 0.3850000E+01 -0.6133784E-01  0.4862068E+01  0.5352556E+00  0.5846956E+01 -0.8160648E+00  0.2822472E+01  0.3268476E-01  0.5698305E+01 -0.8697813E+00  0.5224193E+01 -0.2527692E+00  0.3697747E+01  0.6392513E-01  0.4899117E+01  0.5257073E-01  0.4291589E+01 -0.1676683E+00  0.5223388E+01  0.4296496E+00
 0.4362323E+01
 0.3900000E+01 -0.1023104E+00  0.4974926E+01  0.5551720E+00  0.5968404E+01 -0.7145386E+00  0.2916606E+01  0.3358365E-01  0.5819003E+01 -0.9509984E+00  0.5333957E+01 -0.2124899E+00  0.3798031E+01  0.8940713E-01  0.5013240E+01  0.4659494E-01  0.4398306E+01 -0.1882690E+00  0.5339808E+01  0.2532264E+00
 0.4448729E+01
 0.3950000E+01 -0.1403981E+00  0.5087784E+01  0.5588324E+00  0.6089853E+01 -0.5903119E+00  0.3010722E+01  0.3344341E-01  0.5939701E+01 -0.1004592E+01  0.5443711E+01 -0.1661918E+00  0.3898296E+01  0.1122004E+00  0.5127365E+01  0.3915981E-01  0.4505024E+01 -0.2034626E+00  0.5456227E+01  0.6936123E-01
 0.4535136E+01
 0.4000000E+01 -0.1746594E+00  0.5200641E+01  0.5467708E+00  0.6211304E+01 -0.4478331E+00  0.3104832E+01  0.3230179E-01  0.6060400E+01 -0.1030163E+01  0.5553457E+01 -0.1154289E+00  0.3998552E+01  0.1317655E+00  0.5241489E+01  0.3051936E-01  0.4611742E+01 -0.2130453E+00  0.5572645E+01 -0.1165487E+00
 0.4621543E+01
