 0.5000000E-01 -0.3955739E+00  0.8846762E-01 -0.8354605E-01 -0.2582502E+00  0.4375051E+00  0.7233951E+00  0.2434947E-01 -0.5794970E+00  0.4119542E+00  0.1569330E+00 -0.8009394E-01 -0.1397325E+00 -0.1054483E+01 -0.4159035E-01  0.1355411E+00  0.5217248E+00 -0.7453679E-01  0.3118254E+00  0.5506564E+00
 0.3864876E+00
 0.1000000E+00 -0.3950664E+00  0.8840425E-01 -0.8339653E-01 -0.2578820E+00  0.4367151E+00  0.7222335E+00  0.2434996E-01 -0.5784426E+00  0.4111981E+00  0.1566157E+00 -0.8009730E-01 -0.1395047E+00 -0.1052771E+01 -0.4183533E-01  0.1352676E+00  0.5207877E+00 -0.7458976E-01  0.3112422E+00  0.5497099E+00
 0.3857453E+00
 0.1500000E+00 -0.3941846E+00  0.8827982E-01 -0.8313805E-01 -0.2572416E+00  0.4353311E+00  0.7202693E+00  0.2434535E-01 -0.5766143E+00  0.4099145E+00  0.1560713E+00 -0.8009440E-01 -0.1391093E+00 -0.1049807E+01 -0.4223629E-01  0.1347975E+00  0.5191588E+00 -0.7466995E-01  0.3102424E+00  0.5481058E+00
 0.3844963E+00
 0.2000000E+00 -0.3929243E+00  0.8808232E-01 -0.8276898E-01 -0.2563237E+00  0.4333245E+00  0.7175317E+00  0.2433166E-01 -0.5739925E+00  0.4081143E+00  0.1552974E+00 -0.8008243E-01 -0.1385430E+00 -0.1045570E+01 -0.4278663E-01  0.1341281E+00  0.5168167E+00 -0.7477406E-01  0.3088246E+00  0.5458620E+00
 0.3827600E+00
 0.2500000E+00 -0.3913009E+00  0.8780200E-01 -0.8229197E-01 -0.2551356E+00  0.4306858E+00  0.7140918E+00  0.2430521E-01 -0.5705858E+00  0.4058317E+00  0.1543002E+00 -0.8006166E-01 -0.1378091E+00 -0.1040092E+01 -0.4347933E-01  0.1332637E+00  0.5137643E+00 -0.7490130E-01  0.3070038E+00  0.5430282E+00
 0.3805797E+00
 0.3000000E+00 -0.3893491E+00  0.8743146E-01 -0.8171388E-01 -0.2536973E+00  0.4274246E+00  0.7100626E+00  0.2426277E-01 -0.5664306E+00  0.4031243E+00  0.1530936E+00 -0.8003556E-01 -0.1369179E+00 -0.1033458E+01 -0.4430729E-01  0.1322154E+00  0.5100291E+00 -0.7505354E-01  0.3048115E+00  0.5396853E+00
 0.3780221E+00
 0.3500000E+00 -0.3871222E+00  0.8696564E-01 -0.8104551E-01 -0.2520404E+00  0.4235684E+00  0.7055981E+00  0.2420163E-01 -0.5615899E+00  0.4000725E+00  0.1516995E+00 -0.8001063E-01 -0.1358862E+00 -0.1025800E+01 -0.4526350E-01  0.1310009E+00  0.5056616E+00 -0.7523521E-01  0.3022948E+00  0.5359452E+00
 0.3751769E+00
 0.4000000E+00 -0.3846907E+00  0.8640161E-01 -0.8030110E-01 -0.2502071E+00  0.4191607E+00  0.7008896E+00  0.2411957E-01 -0.5561504E+00  0.3967772E+00  0.1501469E+00 -0.7999612E-01 -0.1347362E+00 -0.1017297E+01 -0.4634108E-01  0.1296441E+00  0.5007335E+00 -0.7545308E-01  0.2995150E+00  0.5319477E+00
 0.3721545E+00
 0.4500000E+00 -0.3821388E+00  0.8573807E-01 -0.7949767E-01 -0.2482488E+00  0.4142584E+00  0.6961619E+00  0.2401482E-01 -0.5502184E+00  0.3933575E+00  0.1484708E+00 -0.8000349E-01 -0.1334949E+00 -0.1008167E+01 -0.4753333E-01  0.1281740E+00  0.4953337E+00 -0.7571585E-01  0.2965457E+00  0.5278571E+00
 0.3690841E+00
 0.5000000E+00 -0.3795615E+00  0.8497468E-01 -0.7865413E-01 -0.2462227E+00  0.4089272E+00  0.6916662E+00  0.2388594E-01 -0.5439137E+00  0.3899463E+00  0.1467108E+00 -0.8004571E-01 -0.1321926E+00 -0.9986536E+00 -0.4883351E-01  0.1266232E+00  0.4895631E+00 -0.7603347E-01  0.2934696E+00  0.5238572E+00
 0.3661096E+00
 0.5500000E+00 -0.3769973E+00  0.8415515E-01 -0.7778482E-01 -0.2441543E+00  0.4033639E+00  0.6875454E+00  0.2373340E-01 -0.5373640E+00  0.3866201E+00  0.1448998E+00 -0.8011930E-01 -0.1308483E+00 -0.9888988E+00 -0.5023624E-01  0.1250216E+00  0.4835467E+00 -0.7640188E-01  0.2903406E+00  0.5200519E+00
 0.3633149E+00
 0.6000000E+00 -0.3744949E+00  0.8327480E-01 -0.7689941E-01 -0.2420731E+00  0.3977851E+00  0.6839568E+00  0.2356736E-01 -0.5307503E+00  0.3834674E+00  0.1430946E+00 -0.8021868E-01 -0.1294804E+00 -0.9791063E+00 -0.5175449E-01  0.1234235E+00  0.4774848E+00 -0.7681908E-01  0.2872390E+00  0.5165575E+00
 0.3607849E+00
 0.6500000E+00 -0.3720743E+00  0.8229945E-01 -0.7602358E-01 -0.2400098E+00  0.3924014E+00  0.6809613E+00  0.2338392E-01 -0.5243605E+00  0.3805359E+00  0.1413754E+00 -0.8032121E-01 -0.1281238E+00 -0.9695330E+00 -0.5340867E-01  0.1219076E+00  0.4716668E+00 -0.7726877E-01  0.2842582E+00  0.5134244E+00
 0.3585486E+00
 0.7000000E+00 -0.3697677E+00  0.8119685E-01 -0.7521268E-01 -0.2380456E+00  0.3873295E+00  0.6784999E+00  0.2316387E-01 -0.5185373E+00  0.3778343E+00  0.1398446E+00 -0.8039298E-01 -0.1268546E+00 -0.9606287E+00 -0.5520796E-01  0.1205664E+00  0.4663735E+00 -0.7771657E-01  0.2815320E+00  0.5106264E+00
 0.3565725E+00
 0.7500000E+00 -0.3677001E+00  0.7994447E-01 -0.7451351E-01 -0.2363121E+00  0.3825641E+00  0.6764379E+00  0.2289019E-01 -0.5134734E+00  0.3753889E+00  0.1385869E+00 -0.8041644E-01 -0.1257455E+00 -0.9529393E+00 -0.5713687E-01  0.1194638E+00  0.4617232E+00 -0.7812364E-01  0.2792357E+00  0.5081140E+00
 0.3547888E+00
 0.8000000E+00 -0.3660593E+00  0.7852968E-01 -0.7394143E-01 -0.2349051E+00  0.3780313E+00  0.6746159E+00  0.2255511E-01 -0.5091785E+00  0.3733105E+00  0.1376319E+00 -0.8041227E-01 -0.1248256E+00 -0.9467886E+00 -0.5914806E-01  0.1186125E+00  0.4576891E+00 -0.7847378E-01  0.2775008E+00  0.5058895E+00
 0.3531222E+00
 0.8500000E+00 -0.3649754E+00  0.7694526E-01 -0.7348782E-01 -0.2338490E+00  0.3736265E+00  0.6729464E+00  0.2215766E-01 -0.5055551E+00  0.3718079E+00  0.1369656E+00 -0.8041991E-01 -0.1240862E+00 -0.9422122E+00 -0.6116301E-01  0.1179931E+00  0.4541709E+00 -0.7878779E-01  0.2763642E+00  0.5040996E+00
 0.3515365E+00
 0.9000000E+00 -0.3644674E+00  0.7518132E-01 -0.7312786E-01 -0.2331076E+00  0.3692154E+00  0.6716162E+00  0.2169895E-01 -0.5024330E+00  0.3710874E+00  0.1365493E+00 -0.8046358E-01 -0.1234926E+00 -0.9390273E+00 -0.6309368E-01  0.1175693E+00  0.4510167E+00 -0.7909796E-01  0.2757859E+00  0.5030530E+00
 0.3501387E+00
 0.9500000E+00 -0.3644559E+00  0.7321724E-01 -0.7282567E-01 -0.2325988E+00  0.3646289E+00  0.6711135E+00  0.2117739E-01 -0.4995835E+00  0.3712416E+00  0.1363295E+00 -0.8053869E-01 -0.1229905E+00 -0.9368927E+00 -0.6488246E-01  0.1172935E+00  0.4480275E+00 -0.7941449E-01  0.2756759E+00  0.5030396E+00
 0.3492071E+00
 0.1000000E+01 -0.3647948E+00  0.7102022E-01 -0.7253919E-01 -0.2322106E+00  0.3596725E+00  0.6719024E+00  0.2058680E-01 -0.4967408E+00  0.3722439E+00  0.1362439E+00 -0.8061552E-01 -0.1225136E+00 -0.9353658E+00 -0.6651370E-01  0.1171113E+00  0.4449720E+00 -0.7971786E-01  0.2759165E+00  0.5041751E+00
 0.3490254E+00
 0.1050000E+01 -0.3652148E+00  0.6857406E-01 -0.7218968E-01 -0.2317492E+00  0.3540615E+00  0.6742859E+00  0.1993644E-01 -0.4934560E+00  0.3738709E+00  0.1361798E+00 -0.8065218E-01 -0.1219449E+00 -0.9336718E+00 -0.6808847E-01  0.1169280E+00  0.4414807E+00 -0.7998636E-01  0.2762792E+00  0.5063151E+00
 0.3497902E+00
 0.1100000E+01 -0.3655816E+00  0.6586014E-01 -0.7174355E-01 -0.2311224E+00  0.3476663E+00  0.6781006E+00  0.1922431E-01 -0.4895330E+00  0.3760173E+00  0.1360926E+00 -0.8061414E-01 -0.1212319E+00 -0.9314633E+00 -0.6958421E-01  0.1167056E+00  0.4373895E+00 -0.8018696E-01  0.2766711E+00  0.5093255E+00
 0.3514221E+00
 0.1150000E+01 -0.3657601E+00  0.6286562E-01 -0.7116759E-01 -0.2302391E+00  0.3403690E+00  0.6831686E+00  0.1845048E-01 -0.4847820E+00  0.3785693E+00  0.1359369E+00 -0.8046826E-01 -0.1203228E+00 -0.9283967E+00 -0.7098157E-01  0.1164057E+00  0.4325415E+00 -0.8028825E-01  0.2769972E+00  0.5130608E+00
 0.3538325E+00
 0.1200000E+01 -0.3656255E+00  0.5958486E-01 -0.7043118E-01 -0.2290160E+00  0.3320728E+00  0.6893139E+00  0.1761745E-01 -0.4790341E+00  0.3814149E+00  0.1356711E+00 -0.8018508E-01 -0.1191709E+00 -0.9241597E+00 -0.7226630E-01  0.1159935E+00  0.4268003E+00 -0.8026279E-01  0.2771679E+00  0.5173776E+00
 0.3569312E+00
 0.1250000E+01 -0.3650732E+00  0.5602017E-01 -0.6950827E-01 -0.2273845E+00  0.3227093E+00  0.6963793E+00  0.1673034E-01 -0.4721537E+00  0.3844539E+00  0.1352606E+00 -0.7974114E-01 -0.1177370E+00 -0.9184973E+00 -0.7343122E-01  0.1154410E+00  0.4200605E+00 -0.8008929E-01  0.2771076E+00  0.5221472E+00
 0.3606358E+00
 0.1300000E+01 -0.3640277E+00  0.5218226E-01 -0.6837886E-01 -0.2252951E+00  0.3122423E+00  0.7042418E+00  0.1579679E-01 -0.4640469E+00  0.3876070E+00  0.1346810E+00 -0.7912084E-01 -0.1159927E+00 -0.9112309E+00 -0.7447792E-01  0.1147285E+00  0.4122543E+00 -0.7975452E-01  0.2767602E+00  0.5272677E+00
 0.3648786E+00
 0.1350000E+01 -0.3624480E+00  0.4809008E-01 -0.6702992E-01 -0.2227212E+00  0.3006689E+00  0.7128251E+00  0.1482680E-01 -0.4546665E+00  0.3908226E+00  0.1339192E+00 -0.7831774E-01 -0.1139212E+00 -0.9022709E+00 -0.7541818E-01  0.1138467E+00  0.4033555E+00 -0.7925475E-01  0.2760934E+00  0.5326740E+00
 0.3696135E+00
 0.1400000E+01 -0.3603304E+00  0.4377037E-01 -0.6545556E-01 -0.2196593E+00  0.2880177E+00  0.7221083E+00  0.1383230E-01 -0.4440109E+00  0.3940814E+00  0.1329742E+00 -0.7733530E-01 -0.1115179E+00 -0.8916200E+00 -0.7627471E-01  0.1127961E+00  0.3933776E+00 -0.7859644E-01  0.2751001E+00  0.5383434E+00
 0.3748206E+00
 0.1450000E+01 -0.3577075E+00  0.3925661E-01 -0.6365659E-01 -0.2161283E+00  0.2743438E+00  0.7321290E+00  0.1282654E-01 -0.4321194E+00  0.3973968E+00  0.1318554E+00 -0.7618670E-01 -0.1087894E+00 -0.8793669E+00 -0.7708111E-01  0.1115863E+00  0.3823684E+00 -0.7779627E-01  0.2737967E+00  0.5442984E+00
 0.3805079E+00
 0.1500000E+01 -0.3546426E+00  0.3458759E-01 -0.6163944E-01 -0.2121649E+00  0.2597203E+00  0.7429811E+00  0.1182336E-01 -0.4190619E+00  0.4008123E+00  0.1305801E+00 -0.7489387E-01 -0.1057513E+00 -0.8656696E+00 -0.7788082E-01  0.1102328E+00  0.3704006E+00 -0.7688012E-01  0.2722187E+00  0.5506027E+00
 0.3867103E+00
 0.1550000E+01 -0.3512206E+00  0.2980540E-01 -0.5941442E-01 -0.2078182E+00  0.2442301E+00  0.7548033E+00  0.1083628E-01 -0.4049254E+00  0.4043931E+00  0.1291691E+00 -0.7348551E-01 -0.1024254E+00 -0.8507297E+00 -0.7872508E-01  0.1087540E+00  0.3575584E+00 -0.7588119E-01  0.2704125E+00  0.5573523E+00
 0.3934846E+00
 0.1600000E+01 -0.3475353E+00  0.2495311E-01 -0.5699367E-01 -0.2031408E+00  0.2279547E+00  0.7677614E+00  0.9877516E-02 -0.3897980E+00  0.4082149E+00  0.1276416E+00 -0.7199433E-01 -0.9883541E-01 -0.8347599E+00 -0.7966982E-01  0.1071661E+00  0.3439230E+00 -0.7483712E-01  0.2684259E+00  0.5646609E+00
 0.4009003E+00
 0.1650000E+01 -0.3436735E+00  0.2007225E-01 -0.5438891E-01 -0.1981804E+00  0.2109654E+00  0.7820223E+00  0.8956963E-02 -0.3737520E+00  0.4123480E+00  0.1260098E+00 -0.7045358E-01 -0.9500298E-01 -0.8179457E+00 -0.8077189E-01  0.1054790E+00  0.3295575E+00 -0.7378647E-01  0.2662958E+00  0.5726388E+00
 0.4090270E+00
 0.1700000E+01 -0.3393409E+00  0.3571689E-01 -0.5193460E-01 -0.1929704E+00  0.2109933E+00  0.7966464E+00  0.8933173E-02 -0.3594924E+00  0.4162912E+00  0.1242815E+00 -0.6880984E-01 -0.9126097E-01 -0.8000370E+00 -0.8193348E-01  0.1037681E+00  0.3174975E+00 -0.7265928E-01  0.2638232E+00  0.5805911E+00
 0.4173699E+00
 0.1750000E+01 -0.3340115E+00  0.5410304E-01 -0.4924795E-01 -0.1870416E+00  0.2116320E+00  0.8106556E+00  0.8980517E-02 -0.3436971E+00  0.4194872E+00  0.1220810E+00 -0.6698419E-01 -0.8712728E-01 -0.7793243E+00 -0.8307283E-01  0.1016455E+00  0.3041236E+00 -0.7137981E-01  0.2604824E+00  0.5877785E+00
 0.4254056E+00
 0.1800000E+01 -0.3273353E+00  0.7267970E-01 -0.4628935E-01 -0.1802015E+00  0.2109789E+00  0.8231956E+00  0.8965216E-02 -0.3258069E+00  0.4214665E+00  0.1192266E+00 -0.6492656E-01 -0.8251517E-01 -0.7549475E+00 -0.8411143E-01  0.9894798E-01  0.2888105E+00 -0.6989075E-01  0.2559444E+00  0.5935646E+00
 0.4326776E+00
 0.1850000E+01 -0.3190662E+00  0.9025665E-01 -0.4305285E-01 -0.1723333E+00  0.2079692E+00  0.8336184E+00  0.8816850E-02 -0.3055229E+00  0.4218708E+00  0.1155823E+00 -0.6260772E-01 -0.7738958E-01 -0.7263328E+00 -0.8498640E-01  0.9555403E-01  0.2711938E+00 -0.6815420E-01  0.2499644E+00  0.5974652E+00
 0.4388376E+00
 0.1900000E+01 -0.3089853E+00  0.1059801E+00 -0.3951880E-01 -0.1633372E+00  0.2015073E+00  0.8413085E+00  0.8494600E-02 -0.2825244E+00  0.4203631E+00  0.1110293E+00 -0.6000328E-01 -0.7171259E-01 -0.6929905E+00 -0.8564281E-01  0.9135825E-01  0.2509021E+00 -0.6613768E-01  0.2423240E+00  0.5990228E+00
 0.4435520E+00
 0.1950000E+01 -0.2968638E+00  0.1192379E+00 -0.3563201E-01 -0.1531068E+00  0.1908269E+00  0.8455799E+00  0.7986901E-02 -0.2563353E+00  0.4165758E+00  0.1054482E+00 -0.5708651E-01 -0.6541867E-01 -0.6544248E+00 -0.8602042E-01  0.8625372E-01  0.2274386E+00 -0.6380551E-01  0.2328007E+00  0.5977319E+00
 0.4464479E+00
 0.2000000E+01 -0.2824741E+00  0.1296136E+00 -0.3130325E-01 -0.1415319E+00  0.1757601E+00  0.8456900E+00  0.7304960E-02 -0.2263547E+00  0.4101202E+00  0.9871196E-01 -0.5383183E-01 -0.5840546E-01 -0.6101536E+00 -0.8604704E-01  0.8012240E-01  0.2002573E+00 -0.6111992E-01  0.2211701E+00  0.5930513E+00
 0.4471233E+00
 0.2050000E+01 -0.2656234E+00  0.1368717E+00 -0.2645990E-01 -0.1285056E+00  0.1565986E+00  0.8409088E+00  0.6473343E-02 -0.1922342E+00  0.4006231E+00  0.9068809E-01 -0.5022341E-01 -0.5055884E-01 -0.5597638E+00 -0.8564107E-01  0.7283896E-01  0.1691641E+00 -0.5804831E-01  0.2072221E+00  0.5844548E+00
 0.4451852E+00
 0.2100000E+01 -0.2461927E+00  0.1409655E+00 -0.2111649E-01 -0.1139418E+00  0.1339160E+00  0.8306208E+00  0.5522160E-02 -0.1542840E+00  0.3877773E+00  0.8126664E-01 -0.4626566E-01 -0.4184996E-01 -0.5029884E+00 -0.8471877E-01  0.6431871E-01  0.1345879E+00 -0.5457337E-01  0.1907855E+00  0.5715030E+00
 0.4403042E+00
 0.2150000E+01 -0.2241689E+00  0.1420617E+00 -0.1537613E-01 -0.9784334E-01  0.1084656E+00  0.8144103E+00  0.4481696E-02 -0.1133677E+00  0.3713839E+00  0.7045819E-01 -0.4198730E-01 -0.3240417E-01 -0.4398450E+00 -0.8320826E-01  0.5462823E-01  0.9738515E-01 -0.5070052E-01  0.1717805E+00  0.5539039E+00
 0.4322579E+00
 0.2200000E+01 -0.1996938E+00  0.1405756E+00 -0.9388183E-02 -0.8044828E-01  0.8110586E-01  0.7920941E+00  0.3379435E-02 -0.7058133E-01  0.3513698E+00  0.5850186E-01 -0.3744297E-01 -0.2245861E-01 -0.3710087E+00 -0.8105955E-01  0.4402898E-01  0.5855465E-01 -0.4646186E-01  0.1503483E+00  0.5315344E+00
 0.4209463E+00
 0.2250000E+01 -0.1732230E+00  0.1372137E+00 -0.3305096E-02 -0.6226798E-01  0.5270558E-01  0.7637119E+00  0.2236216E-02 -0.2697839E-01  0.3277858E+00  0.4582803E-01 -0.3272526E-01 -0.1228060E-01 -0.2982891E+00 -0.7824357E-01  0.3288840E-01  0.1901445E-01 -0.4192196E-01  0.1270785E+00  0.5044331E+00
 0.4063871E+00
 0.2300000E+01 -0.1457939E+00  0.1330074E+00  0.2757483E-02 -0.4392812E-01  0.2399259E-01  0.7294964E+00  0.1057595E-02  0.1671073E-01  0.3008141E+00  0.3291045E-01 -0.2799300E-01 -0.2091937E-02 -0.2244087E+00 -0.7474884E-01  0.2156413E-01 -0.2064745E-01 -0.3718914E-01  0.1030528E+00  0.4727814E+00
 0.3886994E+00
 0.2350000E+01 -0.1189846E+00  0.1292875E+00  0.8765822E-02 -0.2595595E-01 -0.4672318E-02  0.6898363E+00 -0.1791559E-03  0.6042266E-01  0.2708254E+00  0.2011573E-01 -0.2349517E-01  0.8012224E-02 -0.1519884E+00 -0.7058297E-01  0.1029435E-01 -0.6049048E-01 -0.3244012E-01  0.7947543E-01  0.4368918E+00
 0.3680840E+00
 0.2400000E+01 -0.9426061E-01  0.1274981E+00  0.1480941E-01 -0.8571874E-02 -0.3352999E-01  0.6452422E+00 -0.1535164E-02  0.1050575E+00  0.2385377E+00  0.7567544E-02 -0.1951067E-01  0.1814111E-01 -0.8244651E-01 -0.6577567E-01 -0.9068179E-03 -0.1014833E+00 -0.2795294E-01  0.5718888E-01  0.3972147E+00
 0.3448039E+00
 0.2450000E+01 -0.7225826E-01  0.1287717E+00  0.2108877E-01  0.8428756E-02 -0.6342747E-01  0.5963138E+00 -0.3100675E-02  0.1523366E+00  0.2052208E+00 -0.4918482E-02 -0.1619957E-01  0.2860328E-01 -0.1535024E-01 -0.6038062E-01 -0.1228194E-01 -0.1453363E+00 -0.2404816E-01  0.3635236E-01  0.3543656E+00
 0.3191682E+00
 0.2500000E+01 -0.5259172E-01  0.1334122E+00  0.2780064E-01  0.2553168E-01 -0.9532508E-01  0.5437170E+00 -0.4954778E-02  0.2038585E+00  0.1725123E+00 -0.1770347E-01 -0.1351084E-01  0.3973111E-01  0.5113970E-01 -0.5447732E-01 -0.2417967E-01 -0.1935787E+00 -0.2086058E-01  0.1648512E-01  0.3091372E+00
 0.2915219E+00
 0.2550000E+01 -0.3430069E-01  0.1407248E+00  0.3498227E-01  0.4312229E-01 -0.1295416E+00  0.4881545E+00 -0.7117014E-02  0.2598711E+00  0.1414321E+00 -0.3102865E-01 -0.1122982E-01  0.5162277E-01  0.1187662E+00 -0.4816890E-01 -0.3677549E-01 -0.2463957E+00 -0.1822179E-01 -0.3077344E-02  0.2624103E+00
 0.2622308E+00
 0.2600000E+01 -0.1650054E-01  0.1493737E+00  0.4245488E-01  0.6119769E-01 -0.1654122E+00  0.4302991E+00 -0.9530979E-02  0.3188723E+00  0.1117051E+00 -0.4482245E-01 -0.9111665E-02  0.6403187E-01  0.1879253E+00 -0.4157224E-01 -0.4991840E-01 -0.3022830E+00 -0.1582545E-01 -0.2271966E-01  0.2149128E+00
 0.2316454E+00
 0.2650000E+01  0.1281419E-02  0.1578883E+00  0.4988868E-01  0.7936842E-01 -0.2015304E+00  0.3707070E+00 -0.1208531E-01  0.3781646E+00  0.8243677E-01 -0.5873152E-01 -0.6978017E-02  0.7645730E-01  0.2575360E+00 -0.3480432E-01 -0.6319029E-01 -0.3586046E+00 -0.1341284E-01 -0.4241170E-01  0.1669469E+00
 0.2000522E+00
 0.2700000E+01  0.1911246E-01  0.1649806E+00  0.5690063E-01  0.9702057E-01 -0.2361807E+00  0.3097514E+00 -0.1464562E-01  0.4346392E+00  0.5296904E-01 -0.7225157E-01 -0.4735550E-02  0.8829668E-01  0.3255853E+00 -0.2796650E-01 -0.7604533E-01 -0.4123485E+00 -0.1083060E-01 -0.6181090E-01  0.1183634E+00
 0.1676381E+00
 0.2750000E+01  0.3851269E-01  0.1823680E+00  0.6806110E-01  0.1215965E+00 -0.2861886E+00  0.2491631E+00 -0.1789734E-01  0.5209479E+00  0.2740686E-01 -0.9047130E-01 -0.2587618E-02  0.1064293E+00  0.4163715E+00 -0.2115738E-01 -0.9384411E-01 -0.4938262E+00 -0.8789586E-02 -0.8523499E-01  0.7627636E-01
 0.1359321E+00
 0.2800000E+01  0.5998591E-01  0.2055184E+00  0.8264866E-01  0.1520575E+00 -0.3477271E+00  0.1893012E+00 -0.2155394E-01  0.6311218E+00  0.3377457E-02 -0.1125128E+00 -0.2907209E-03  0.1297290E+00  0.5266722E+00 -0.1439930E-01 -0.1155968E+00 -0.5971980E+00 -0.6923507E-02 -0.1123032E+00  0.3766288E-01
 0.1052503E+00
 0.2850000E+01  0.8231166E-01  0.2267134E+00  0.9824021E-01  0.1842820E+00 -0.4104424E+00  0.1295028E+00 -0.2516597E-01  0.7475666E+00 -0.2042794E-01 -0.1355012E+00  0.2195422E-02  0.1545084E+00  0.6427510E+00 -0.7635964E-02 -0.1383099E+00 -0.7060434E+00 -0.4953672E-02 -0.1403688E+00 -0.2923956E-03
 0.7494971E-01
 0.2900000E+01  0.1039827E+00  0.2413800E+00  0.1128639E+00  0.2147701E+00 -0.4654747E+00  0.6911447E-01 -0.2837717E-01  0.8561510E+00 -0.4394151E-01 -0.1570447E+00  0.4775014E-02  0.1777639E+00  0.7527465E+00 -0.7618337E-03 -0.1595357E+00 -0.8072402E+00 -0.2817961E-02 -0.1669868E+00 -0.3809250E-01
 0.4440441E-01
 0.2950000E+01  0.1238039E+00  0.2478136E+00  0.1252949E+00  0.2412226E+00 -0.5067847E+00  0.8081035E-02 -0.3085178E-01  0.9477599E+00 -0.6662213E-01 -0.1755184E+00  0.7341880E-02  0.1975983E+00  0.8486576E+00  0.6302246E-02 -0.1776257E+00 -0.8921857E+00 -0.5528990E-03 -0.1904015E+00 -0.7518860E-01
 0.1344423E-01
 0.3000000E+01  0.1408987E+00  0.2455804E+00  0.1347415E+00  0.2621701E+00 -0.5311412E+00 -0.5292932E-01 -0.3234949E-01  0.1016473E+01 -0.8783553E-01 -0.1898734E+00  0.9804637E-02  0.2128157E+00  0.9252829E+00  0.1353150E-01 -0.1915252E+00 -0.9551853E+00  0.1782506E-02 -0.2094209E+00 -0.1107092E+00
-0.1763853E-01
 0.3050000E+01  0.1547138E+00  0.2347894E+00  0.1406773E+00  0.2768291E+00 -0.5372411E+00 -0.1128199E+00 -0.3274654E-01  0.1058465E+01 -0.1070338E+00 -0.1995512E+00  0.1209298E-01  0.2227310E+00  0.9798035E+00  0.2076938E-01 -0.2006745E+00 -0.9923762E+00  0.4126525E-02 -0.2233669E+00 -0.1438096E+00
-0.4830380E-01
 0.3100000E+01  0.1650692E+00  0.2158754E+00  0.1426929E+00  0.2850966E+00 -0.5248343E+00 -0.1705127E+00 -0.3200619E-01  0.1071004E+01 -0.1238832E+00 -0.2044941E+00  0.1416295E-01  0.2270000E+00  0.1011865E+01  0.2781241E-01 -0.2050002E+00 -0.1000881E+01  0.6426273E-02 -0.2321226E+00 -0.1739005E+00
-0.7799442E-01
 0.3150000E+01  0.1722999E+00  0.1895628E+00  0.1404636E+00  0.2876660E+00 -0.4944449E+00 -0.2254564E+00 -0.3015162E-01  0.1051985E+01 -0.1384323E+00 -0.2051989E+00  0.1602050E-01  0.2253780E+00  0.1024184E+01  0.3453958E-01 -0.2049001E+00 -0.9787511E+00  0.8656718E-02 -0.2362745E+00 -0.2009298E+00
-0.1063909E+00
 0.3200000E+01  0.1775244E+00  0.1568614E+00  0.1338766E+00  0.2861208E+00 -0.4473470E+00 -0.2783769E+00 -0.2725920E-01  0.1000651E+01 -0.1513794E+00 -0.2026477E+00  0.1778247E-01  0.2175797E+00  0.1023612E+01  0.4096994E-01 -0.2009857E+00 -0.9256919E+00  0.1085713E-01 -0.2373138E+00 -0.2258389E+00
-0.1338123E+00
 0.3250000E+01  0.1830888E+00  0.1190358E+00  0.1231124E+00  0.2825224E+00 -0.3855427E+00 -0.3325973E+00 -0.2345112E-01  0.9183146E+00 -0.1645427E+00 -0.1978217E+00  0.1978583E-01  0.2035353E+00  0.1022495E+01  0.4720349E-01 -0.1934784E+00 -0.8434076E+00  0.1318264E-01 -0.2378604E+00 -0.2513712E+00
-0.1619497E+00
 0.3300000E+01  0.1921656E+00  0.7753142E-01  0.1086119E+00  0.2770838E+00 -0.3116669E+00 -0.3940808E+00 -0.1888659E-01  0.8082329E+00 -0.1806295E+00 -0.1905199E+00  0.2259943E-01  0.1835792E+00  0.1034157E+01  0.5362094E-01 -0.1818915E+00 -0.7353617E+00  0.1597623E-01 -0.2406964E+00 -0.2818302E+00
-0.1938338E+00
 0.3350000E+01  0.2071374E+00  0.3384996E-01  0.9103170E-01  0.2677469E+00 -0.2287775E+00 -0.4691846E+00 -0.1374925E-01  0.6752972E+00 -0.2021221E+00 -0.1796884E+00  0.2679732E-01  0.1585121E+00  0.1062103E+01  0.6077129E-01 -0.1659352E+00 -0.6064122E+00  0.1966033E-01 -0.2464395E+00 -0.3213584E+00
-0.2326802E+00
 0.3400000E+01  0.2269875E+00 -0.1062414E-01  0.7113123E-01  0.2529630E+00 -0.1399828E+00 -0.5591581E+00 -0.8228174E-02  0.5252426E+00 -0.2290948E+00 -0.1649419E+00  0.3250280E-01  0.1294287E+00  0.1093195E+01  0.6882336E-01 -0.1460413E+00 -0.4620819E+00  0.2444001E-01 -0.2519542E+00 -0.3703449E+00
-0.2791038E+00
 0.3450000E+01  0.2474152E+00 -0.5477301E-01  0.4961141E-01  0.2327694E+00 -0.4799545E-01 -0.6575656E+00 -0.2495823E-02  0.3634555E+00 -0.2585970E+00 -0.1467617E+00  0.3915505E-01  0.9741327E-01  0.1111727E+01  0.7718803E-01 -0.1230430E+00 -0.3074974E+00  0.3009759E-01 -0.2539038E+00 -0.4241848E+00
-0.3298309E+00
 0.3500000E+01  0.2644258E+00 -0.9771262E-01  0.2701411E-01  0.2077309E+00  0.4502354E-01 -0.7540454E+00  0.3298945E-02  0.1941626E+00 -0.2864944E+00 -0.1257714E+00  0.4578788E-01  0.6331806E-01  0.1110312E+01  0.8495715E-01 -0.9768390E-01 -0.1466921E+00  0.3610260E-01 -0.2512128E+00 -0.4760845E+00
-0.3795736E+00
 0.3550000E+01  0.2760582E+00 -0.1385622E+00  0.3776114E-02  0.1782466E+00  0.1371283E+00 -0.8386805E+00  0.9014806E-02  0.2075767E-01 -0.3091572E+00 -0.1023739E+00  0.5157455E-01  0.2780541E-01  0.1086278E+01  0.9126910E-01 -0.7047084E-01  0.1705892E-01  0.4184110E-01 -0.2436202E+00 -0.5198608E+00
-0.4232688E+00
 0.3600000E+01  0.2813146E+00 -0.1762545E+00 -0.1963548E-01  0.1446039E+00  0.2261344E+00 -0.9038100E+00  0.1449814E-01 -0.1532182E+00 -0.3240076E+00 -0.7685556E-01  0.5604636E-01 -0.8443664E-02  0.1037813E+01  0.9544965E-01 -0.4183084E-01  0.1803314E+00  0.4678038E-01 -0.2308098E+00 -0.5509474E+00
-0.4570091E+00
 0.3650000E+01  0.2794525E+00 -0.2095603E+00 -0.4264724E-01  0.1072422E+00  0.3094967E+00 -0.9440935E+00  0.1957996E-01 -0.3234993E+00 -0.3294596E+00 -0.4958934E-01  0.5894158E-01 -0.4458844E-01  0.9636449E+00  0.9704594E-01 -0.1229243E-01  0.3390432E+00  0.5051862E-01 -0.2125091E+00 -0.5663314E+00
-0.4780677E+00
 0.3700000E+01  0.2699890E+00 -0.2372440E+00 -0.6459638E-01  0.6688605E-01  0.3845008E+00 -0.9561953E+00  0.2408725E-01 -0.4852002E+00 -0.3247752E+00 -0.2112421E-01  0.6009465E-01 -0.7963269E-01  0.8636779E+00  0.9580144E-01  0.1745834E-01  0.4885764E+00  0.5279015E-01 -0.1887020E+00 -0.5642984E+00
-0.4847379E+00
 0.3750000E+01  0.2527979E+00 -0.2582169E+00 -0.8479046E-01  0.2453154E-01  0.4485411E+00 -0.9385705E+00  0.2785834E-01 -0.6332424E+00 -0.3099680E+00  0.7830499E-02  0.5941541E-01 -0.1125067E+00  0.7392930E+00  0.9163460E-01  0.4661528E-01  0.6241874E+00  0.5344933E-01 -0.1597068E+00 -0.5442637E+00
-0.4762250E+00
 0.3800000E+01  0.2281366E+00 -0.2716443E+00 -0.1025710E+00 -0.1863522E-01  0.4993643E+00 -0.8913444E+00  0.3075735E-01 -0.7628160E+00 -0.2856473E+00  0.3646253E-01  0.5688804E-01 -0.1421639E+00  0.5932889E+00  0.8462399E-01  0.7432015E-01  0.7414377E+00  0.5243982E-01 -0.1261650E+00 -0.5066665E+00
-0.4525826E+00
 0.3850000E+01  0.1966269E+00 -0.2770161E+00 -0.1173688E+00 -0.6133784E-01  0.5352556E+00 -0.8160648E+00  0.3268476E-01 -0.8697813E+00 -0.2527692E+00  0.6392513E-01  0.5257073E-01 -0.1676683E+00  0.4296496E+00  0.7500550E-01  0.9973466E-01  0.8365633E+00  0.4977370E-01 -0.8898680E-01 -0.4528106E+00
-0.4145806E+00
 0.3900000E+01  0.1592083E+00 -0.2741895E+00 -0.1287492E+00 -0.1023104E+00  0.5551720E+00 -0.7145386E+00  0.3358365E-01 -0.9509984E+00 -0.2124899E+00  0.8940713E-01  0.4659494E-01 -0.1882690E+00  0.2532264E+00  0.6312948E-01  0.1221092E+00  0.9067742E+00  0.4552694E-01 -0.4927382E-01 -0.3843789E+00
-0.3631272E+00
 0.3950000E+01  0.1170697E+00 -0.2634072E+00 -0.1364493E+00 -0.1403981E+00  0.5588324E+00 -0.5903119E+00  0.3344341E-01 -0.1004592E+01 -0.1661918E+00  0.1122004E+00  0.3915981E-01 -0.2034626E+00  0.6936123E-01  0.4943771E-01  0.1408458E+00  0.9504918E+00  0.3984551E-01 -0.8229952E-02 -0.3040286E+00
-0.3000173E+00
 0.4000000E+01  0.7155982E-01 -0.2452936E+00 -0.1404068E+00 -0.1746594E+00  0.5467708E+00 -0.4478331E+00  0.3230179E-01 -0.1030163E+01 -0.1154289E+00  0.1317655E+00  0.3051936E-01 -0.2130453E+00 -0.1165487E+00  0.3445855E-01  0.1555555E+00  0.9675308E+00  0.3293186E-01  0.3293877E-01 -0.2148774E+00
-0.2275081E+00
