 0.7729708E+00  0.1411900E+00 -0.6096073E+00  0.1937831E+01 -0.3869429E+00
 0.9320698E+00  0.6585488E-01 -0.3539683E+00  0.1312333E+01  0.2845221E+00
 0.1091169E+01  0.2412958E-01 -0.1821661E+00  0.8734402E+00  0.6390421E-01
 0.1250268E+01  0.4791986E-02 -0.6901964E-01  0.5674497E+00  0.9952767E-01
 0.1409367E+01  0.1591316E-04  0.3381547E-02  0.3558402E+00  0.1413583E-01
 0.1568466E+01  0.4387108E-02  0.4773628E-01  0.2110191E+00 -0.2323597E-01
 0.1727565E+01  0.1419840E-01  0.7301320E-01  0.1132564E+00 -0.5096397E-01
 0.1886664E+01  0.2694564E-01  0.8551615E-01  0.4847290E-01 -0.8180642E-01
 0.2045763E+01  0.4096797E-01  0.8964960E-01  0.6646867E-02  0.9688365E-01
 0.2204862E+01  0.5519175E-01  0.8846786E-01 -0.1933385E-01 -0.6117781E-01
