           1  0.59380468135439113     
           2   1.2336280396456201     
           3   2.6322038314332050     
           4   4.2287628248809757     
           5   6.0677298136881719     
           6   8.0942885685776869     
           7   10.283134420394944     
           8   12.615262650545368     
           9   15.076409114217164     
          10   17.655356272360237     
          11   20.343017539624380     
          12   23.131858071261206     
          13   26.015512288913786     
          14   28.988520709204082     
          15   32.046144078864344     
          16   35.184232005502722     
          17   38.399136269184332     
          18   41.687670810734431     
          19   45.047133985185830     
          20   48.475424457531048     
          21   51.971295153863210     
          22   55.534785734135106     
          23   59.167829389202588     
          24   62.874925967789089     
          25   66.663632558283410     
          26   70.544540842432255     
          27   74.530515821219609     
          28   78.635288570831491     
          29   82.871837749382507     
          30   87.251100592172122     
          31   91.781339902720660     
          32   96.468161019376666     
          33   101.31494197503211     
          34   106.32341356459438     
          35   111.49420056878954     
          36   116.82724982279922     
          37   122.32212730441346     
          38   127.97821444593143     
          39   133.79482322179916     
          40   139.77126638885537     
          41   145.90688972567995     
          42   152.20109222592103     
          43   158.65332783814540     
          44   165.26310944834995     
          45   172.03000098483932     
          46   178.95361769347465     
          47   186.03361581940879     
          48   193.26969326379032     
          49   200.66157899972094     
          50   208.20903523058908     
          51   215.91184698697995     
          52   223.76982594792804     
          53   231.78280014410419     
          54   239.95061933790689     
          55   248.27314463550613     
          56   256.75025528067749     
          57   265.38183797857755     
          58   274.16779498113272     
          59   283.10803295612789     
          60   292.20247227655136     
          61   301.45103530101949     
          62   310.85365681040321     
          63   320.41027159214445     
          64   330.12082599163494     
          65   339.98526471301903     
          66   350.00354347080236     
          67   360.17561493411819     
          68   370.50144247730401     
          69   380.98098520485763     
          70   391.61421280930006     
          71   402.40108962143466     
          72   413.34159059076205     
          73   424.43568431074669     
          74   435.68335014234970     
          75   447.08456016759180     
          76   458.63929748064481     
          77   470.34753702548414     
          78   482.20926508197903     
          79   494.22445894515522     
          80   506.39310763602253     
          81   518.71519038113138     
          82   531.19069857979184     
          83   543.81961304327194     
          84   556.60192725155139     
          85   569.53762331202438     
          86   582.62669654020090     
          87   595.86913009791772     
          88   609.26492093351465     
          89   622.81405305955798     
          90   636.51652488908564     
          91   650.37232111269532     
          92   664.38144146823026     
          93   678.54387117697956     
          94   692.85961118498778     
          95   707.32864711775630     
          96   721.95098103220221     
          97   736.72659884882398     
          98   751.65550365406261     
          99   766.73768156854442     
         100   781.97313664027081     
         101   797.36185510704559     
         102   812.90384192170382     
         103   828.59908336629599     
         104   844.44758525122040     
         105   860.44933383821103     
         106   876.60433575597756     
         107   892.91257718845418     
         108   909.37406555026485     
         109   925.98878689599997     
         110   942.75674939958731     
         111   959.67793893982218     
         112   976.75236442835057     
         113   993.98001152597340     
         114   1011.3608898647848     
         115   1028.8949848490377     
         116   1046.5823068177408     
         117   1064.4228408831418     
         118   1082.4165980808714     
         119   1100.5635631983762     
         120   1118.8637479604379     
         121   1137.3171367991345     
         122   1155.9237421234520     
         123   1174.6835479814433     
         124   1193.5965674635211     
         125   1212.6627842067164     
         126   1231.8822119820406     
         127   1251.2548339898690     
         128   1270.7806646827121     
         129   1290.4596867998621     
         130   1310.2919154777705     
         131   1330.2773329711999     
         132   1350.4159551043851     
         133   1370.7077636249751     
         134   1391.1527750500672     
         135   1411.7509705982820     
         136   1432.5023674858560     
         137   1453.4069463810586     
         138   1474.4647252065415     
         139   1495.6756840593976     
         140   1517.0398415769407     
         141   1538.5571772646351     
         142   1560.2277104836044     
         143   1582.0514201275355     
         144   1604.0283262913345     
         145   1626.1584072369692     
         146   1648.4416838039110     
         147   1670.8781336026477     
         148   1693.4677782286878     
         149   1716.2105946213774     
         150   1739.1066051444702     
         151   1762.1557860465543     
         152   1785.3581604724670     
         153   1808.7137039604515     
         154   1832.2224404499229     
         155   1855.8843447491092     
         156   1879.6994416061161     
         157   1903.6677050794401     
         158   1927.7891607405902     
         159   1952.0637818784598     
         160   1976.4915949032547     
         161   2001.0725723142737     
         162   2025.8067413762849     
         163   2050.6940737787932     
         164   2075.7345976575557     
         165   2100.9282838718873     
         166   2126.2751614455165     
         167   2151.7752003869168     
         168   2177.4284306253380     
         169   2203.2348212974780     
         170   2229.1944032562019     
         171   2255.3071447452194     
         172   2281.5730775596721     
         173   2307.9921690287069     
         174   2334.5644519089619     
         175   2361.2898925931472     
         176   2388.1685248191434     
         177   2415.2003140209581     
         178   2442.3852949380603     
         179   2469.7234320230787     
         180   2497.2147610379825     
         181   2524.8592454309401     
         182   2552.6569220079236     
         183   2580.6077531891256     
         184   2608.7117768465605     
         185   2636.9689543484724     
         186   2665.3793246556247     
         187   2693.9428480598222     
         188   2722.6595646338742     
         189   2751.5294335681592     
         190   2780.5524960714488     
         191   2809.7287102071964     
         192   2839.0581183446852     
         193   2868.5406773943614     
         194   2898.1764309112596     
         195   2927.9653346261725     
         196   2957.9074333057542     
         197   2988.0026814738817     
         198   3018.2511251354344     
         199   3048.6527175794931     
         200   3079.2075060764214     
         201   3109.9154426519999     
         202   3140.7765758700793     
         203   3171.7908564639247     
         204   3202.9583343196473     
         205   3234.2789588480678     
         206   3265.7527812871131     
         207   3297.3797496945085     
         208   3329.1599166903056     
         209   3361.0932289477455     
         210   3393.1797405001548     
         211   3425.4193966040939     
         212   3457.8122527381402     
         213   3490.3582527092040     
         214   3523.0574534739367     
         215   3555.9097973557423     
         216   3588.9153428231348     
         217   3622.0740306812577     
         218   3655.3859209451712     
         219   3688.8509528661293     
         220   3722.4691880413620     
         221   3756.2405641316627     
         222   3790.1651443530664     
         223   3824.2428647383249     
         224   3858.4737901599310     
         225   3892.8578549840381     
         226   3927.3951257782787     
         227   3962.0855352025928     
         228   3996.9291515595573     
         229   4031.9259057621725     
         230   4067.0758678888942     
         231   4102.3789670639326     
         232   4137.8352751837192     
         233   4173.4447195406574     
         234   4209.2073738924728     
         235   4245.1231636555303     
         236   4281.1921644934109     
         237   4317.4142999009036     
         238   4353.7896474933787     
         239   4390.3181287972038     
         240   4426.9998234267414     
         241   4463.8346508918203     
         242   4500.8226928543763     
         243   4537.9638667580921     
         244   4575.2582563625874     
         245   4612.7057769943431     
         246   4650.3065145622331     
         247   4688.0603822229350     
         248   4725.9674680877479     
         249   4764.0276830893981     
         250   4802.2411175963416     
         251   4840.6076802615389     
         252   4879.1274637671022     
         253   4917.8003744286652     
         254   4956.6265073002160     
         255   4995.6057663007678     
         256   5034.7382489161937     
         257   5074.0238566077560     
         258   5113.4626893551376     
         259   5153.0546460987553     
         260   5192.7998293759883     
         261   5232.6981355413582     
         262   5272.7496697558499     
         263   5312.9543257209425     
         264   5353.3122112892943     
         265   5393.8232174400082     
         266   5434.4874547876962     
         267   5475.3048115175152     
         268   5516.2754010786048     
         269   5557.3991087882341     
         270   5598.6760510050599     
         271   5640.1061101021114     
         272   5681.6894054250242     
         273   5723.4258163236564     
         274   5765.3154652106996     
         275   5807.3582283313044     
         276   5849.5542312479865     
         277   5891.9033470168333     
         278   5934.4057044358287     
         279   5977.0611732847374     
         280   6019.8698856856154     
         281   6062.8317080516372     
         282   6105.9467759205863     
         283   6149.2149522456639     
         284   6192.6363760752383     
         285   6236.2109068058489     
         286   6279.9386870946983     
         287   6323.8195726815302     
         288   6367.8537099341347     
         289   6412.0409508317280     
         290   6456.3814455581078     
         291   6500.8750422245139     
         292   6545.5218949399778     
         293   6590.3218478363897     
         294   6635.2750590612686     
         295   6680.3813686516478     
         296   6725.6409389109922     
         297   6771.0536056617011     
         298   6816.6195354850151     
         299   6862.3385598644218     
         300   6908.2108497853678     
         301   6954.2362322634526     
         302   7000.4148828195730     
         303   7046.7466238675024     
         304   7093.2316355998828     
         305   7139.8697356895982     
         306   7186.6611091426057     
         307   7233.6055687463768     
         308   7280.7033044672989     
         309   7327.9541240572453     
         310   7375.3582225960054     
         311   7422.9154026436499     
         312   7470.6258645524194     
         313   7518.4894055281711     
         314   7566.5062313610588     
         315   7614.6761337336911     
         316   7662.9993240463682     
         317   7711.4755882824975     
         318   7760.1051436318103     
         319   7808.8877701953152     
         320   7857.8236911389067     
         321   7906.9126804903153     
         322   7956.1549675862298     
         323   8005.5503201821193     
         324   8055.0989739883462     
         325   8104.8006902806892     
         326   8154.6557113547397     
         327   8204.6637917902117     
         328   8254.8251806886565     
         329   8305.1396257079123     
         330   8355.6073829858906     
         331   8406.2281930227637     
         332   8457.0023192334866     
         333   8507.9294947142716     
         334   8559.0099904084382     
         335   8610.2435317509771     
         336   8661.6303974763250     
         337   8713.1703050891119     
         338   8764.8635413897082     
         339   8816.7098156709326     
         340   8868.7094230866642     
         341   8920.8620644232997     
         342   8973.1680434891277     
         343   9025.6270522557261     
         344   9078.2394035010984     
         345   9131.0047800587945     
         346   9183.9235040068452     
         347   9236.9952487020892     
         348   9290.2203458689455     
         349   9343.5984590322514     
         350   9397.1299299262137     
         351   9450.8144118708315     
         352   9504.6522569915251     
         353   9558.6431080119837     
         354   9612.7873278494826     
         355   9667.0845482201239     
         356   9721.5351432539956     
         357   9776.1387332272989     
         358   9830.8957039256293     
         359   9885.8056637305108     
         360   9940.8690105488822     
         361   9996.0853403888595     
         362   10051.455063769188     
         363   10106.977763820440     
         364   10162.653864189835     
         365   10218.482934599064     
         366   10274.465412368636     
         367   10330.600853250869     
         368   10386.889708814319     
         369   10443.331520250489     
         370   10499.926753982852     
         371   10556.674936017273     
         372   10613.576548273282     
         373   10670.631100910929     
         374   10727.839092023587     
         375   10785.200015227045     
         376   10842.714385505955     
         377   10900.381679192404     
         378   10958.202428921953     
         379   11016.176092959719     
         380   11074.303222397270     
         381   11132.583256602205     
         382   11191.016765976095     
         383   11249.603170107644     
         384   11308.343059615105     
         385   11367.235833372122     
         386   11426.282103177058     
         387   11485.481246193214     
         388   11544.833896423852     
         389   11604.339408262778     
         390   11663.998439009107     
         391   11723.810319159074     
         392   11783.775730470208     
         393   11843.893978338465     
         394   11904.165770219768     
         395   11964.590385126225     
         396   12025.168557536381     
         397   12085.899538706946     
         398   12146.784091554668     
         399   12207.821438113931     
         400   12269.012371254606     
         401   12330.356082217972     
         402   12391.853395449933     
         403   12453.503469714866     
         404   12515.307162775667     
         405   12577.263599112377     
         406   12639.373671674563     
         407   12701.636468715697     
         408   12764.052920382572     
         409   12826.622076611917     
         410   12889.344906912791     
         411   12952.220420653062     
         412   13015.249629038412     
         413   13078.431498437656     
         414   13141.767084273828     
         415   13205.255307290685     
         416   13268.897269854328     
         417   13332.691844241661     
         418   13396.640182713945     
         419   13460.741106000733     
         420   13524.995819461003     
         421   13589.403088932508     
         422   13653.964176351721     
         423   13718.677789027444     
         424   13783.545249261220     
         425   13848.565201870284     
         426   13913.739033651507     
         427   13979.065322605478     
         428   14044.545524536677     
         429   14110.178145899059     
         430   14175.964716444269     
         431   14241.903665896483     
         432   14307.996603372840     
         433   14374.241876176042     
         434   14440.641178745127     
         435   14507.192769697147     
         436   14573.898435355910     
         437   14640.756338742844     
         438   14707.768365314629     
         439   14774.932574855797     
         440   14842.250959981066     
         441   14909.721468766606     
         442   14977.346209893973     
         443   15045.123010313599     
         444   15113.054104691108     
         445   15181.137188352637     
         446   15249.374633019825     
         447   15317.763990655238     
         448   15386.307782436224     
         449   15455.003403793486     
         450   15523.853539291769     
         451   15592.855413008989     
         452   15662.011888604828     
         453   15731.320002063678     
         454   15800.782813914910     
         455   15870.397153068521     
         456   15940.166297116617     
         457   16010.086846286622     
         458   16080.162318269513     
         459   16150.389059905114     
         460   16220.770855379758     
         461   16291.303769769804     
         462   16361.991884148270     
         463   16432.830949074298     
         464   16503.825377677997     
         465   16574.970567993547     
         466   16646.271306133076     
         467   16717.722593248465     
         468   16789.329636338105     
         469   16861.086987584215     
         470   16933.000331305506     
         471   17005.063709139213     
         472   17077.283349672223     
         473   17149.652710674065     
         474   17222.178645024036     
         475   17294.853938617725     
         476   17367.686165076913     
         477   17440.667331871340     
         478   17513.805850674573     
         479   17587.092820284859     
         480   17660.537634545399     
         481   17734.130322681947     
         482   17807.881439737899     
         483   17881.779744244959     
         484   17955.837177617421     
         485   18030.040972968742     
         486   18104.404745243035     
         487   18178.913874714075     
         488   18253.584021843668     
         489   18328.398286076037     
         490   18403.374863918925     
         491   18478.494003699303     
         492   18553.777098137667     
         493   18629.200767528419     
         494   18704.790510477611     
         495   18780.518233133309     
         496   18856.414828469875     
         497   18932.445923104555     
         498   19008.649689714774     
         499   19084.983135516257     
         500   19161.494580529852     
         501   19238.128757758910     
         502   19314.948703943104     
         503   19391.880859307585     
         504   19469.010675190460     
         505   19546.235798277947     
         506   19623.677926951092     
         507   19701.187323419475     
         508   19778.948106987715     
         509   19856.731850309268     
         510   19934.645136322306     
         511   20009.309782750544     
         512   20081.634024858817     
