  0.10000000000000001        323.81849669473331     
  0.11154598825831703        209.42243727447422     
  0.12309197651663406        141.45396426385147     
  0.13463796477495107        99.022987379914511     
  0.14618395303326812        71.428885804044427     
  0.15772994129158513        52.855740248402952     
  0.16927592954990217        39.982123430621634     
  0.18082191780821918        30.829862537681311     
  0.19236790606653620        24.177522655362441     
  0.20391389432485324        19.246911150734110     
  0.21545988258317028        15.528413996438690     
  0.22700587084148729        12.680089012003373     
  0.23855185909980431        10.467476321307831     
  0.25009784735812135        8.7266617019932600     
  0.26164383561643834        7.3410262139706832     
  0.27318982387475543        6.2262722806760991     
  0.28473581213307242        5.3205783580571104     
  0.29628180039138940        4.5780026403494292     
  0.30782778864970650        3.9639869512723478     
  0.31937377690802349        3.4522434390598162     
  0.33091976516634053        3.0225672685085692     
  0.34246575342465757        2.6592791504418707     
  0.35401174168297456        2.3501024881514834     
  0.36555772994129165        2.0853444652124695     
  0.37710371819960864        1.8572923477663090     
  0.38864970645792563        1.6597639521328809     
  0.40019569471624272        1.4877697490370378     
  0.41174168297455971        1.3372566324228972     
  0.42328767123287669        1.2049119994775601     
  0.43483365949119379        1.0880127727818620     
  0.44637964774951078       0.98430819596196584     
  0.45792563600782776       0.89192821283883927     
  0.46947162426614486       0.80931137272401976     
  0.48101761252446185       0.73514774542836159     
  0.49256360078277883       0.66833345256047139     
  0.50410958904109593       0.60793424684986896     
  0.51565557729941291       0.55315618225739605     
  0.52720156555773001       0.50332187344947843     
  0.53874755381604700       0.45785118563664368     
  0.55029354207436398       0.41624545474453323     
  0.56183953033268108       0.37807453499186827     
  0.57338551859099807       0.34296612188922948     
  0.58493150684931505       0.31059691493422137     
  0.59647749510763215       0.28068527433077006     
  0.60802348336594914       0.25298509618523923     
  0.61956947162426612       0.22728068552001290     
  0.63111545988258322       0.20338244961873661     
  0.64266144814090020       0.18112326833746942     
  0.65420743639921719       0.16035542510384848     
  0.66575342465753429       0.14094800392552495     
  0.67729941291585127       0.12278467502430704     
  0.68884540117416826       0.10576180561754642     
  0.70039138943248536        8.9786843591573823E-002
  0.71193737769080234        7.4776930904867644E-002
  0.72348336594911933        6.0657710952370117E-002
  0.73502935420743643        4.7362300155638845E-002
  0.74657534246575341        3.4830398983393712E-002
  0.75812133072407040        2.3007521664969249E-002
  0.76966731898238749        1.1844327203276023E-002
  0.78121330724070448        1.2960370581659025E-003
  0.79275929549902158       -8.6780728370469407E-003
  0.80430528375733856       -1.8115116157505315E-002
  0.81585127201565555       -2.7048985209798676E-002
  0.82739726027397265       -3.5510692410123432E-002
  0.83894324853228963       -4.3528670618022486E-002
  0.85048923679060662       -5.1129037790106142E-002
  0.86203522504892371       -5.8335830629538718E-002
  0.87358121330724070       -6.5171211241022098E-002
  0.88512720156555769       -7.1655650237155533E-002
  0.89667318982387478       -7.7808089263613711E-002
  0.90821917808219177       -8.3646085503733897E-002
  0.91976516634050887       -8.9185940376368081E-002
  0.93131115459882585       -9.4442814344729897E-002
  0.94285714285714284       -9.9430829500553125E-002
  0.95440313111545994      -0.10416316137057136     
  0.96594911937377692      -0.10865212120562491     
  0.97749510763209391      -0.11290922985198865     
  0.98904109589041100      -0.11694528416591117     
   1.0005870841487281      -0.12077041681260953     
   1.0121330724070450      -0.12439415018732441     
   1.0236790606653621      -0.12782544510618543     
   1.0352250489236792      -0.13107274483660203     
   1.0467710371819960      -0.13414401496901787     
   1.0583170254403131      -0.13704677957272124     
   1.0698630136986302      -0.13978815402679742     
   1.0814090019569473      -0.14237487487219946     
   1.0929549902152642      -0.14481332699143432     
   1.1045009784735813      -0.14710956838775130     
   1.1160469667318984      -0.14926935280533621     
   1.1275929549902153      -0.15129815040531014     
   1.1391389432485324      -0.15320116668881620     
   1.1506849315068495      -0.15498335983775591     
   1.1622309197651666      -0.15664945662544194     
   1.1737769080234834      -0.15820396703326717     
   1.1853228962818005      -0.15965119769518277     
   1.1968688845401176      -0.16099526427910205     
   1.2084148727984345      -0.16224010290310031     
   1.2199608610567516      -0.16338948067429462     
   1.2315068493150687      -0.16444700542940408     
   1.2430528375733856      -0.16541613474808609     
   1.2545988258317027      -0.16630018430309615     
   1.2661448140900198      -0.16710233560503082     
   1.2776908023483367      -0.16782564319379845     
   1.2892367906066537      -0.16847304132393895     
   1.3007827788649708      -0.16904735018641862     
   1.3123287671232877      -0.16955128170549899     
   1.3238747553816048      -0.16998744494566359     
   1.3354207436399219      -0.17035835116034431     
   1.3469667318982388      -0.17066641851127168     
   1.3585127201565559      -0.17091397648465106     
   1.3700587084148730      -0.17110327002800441     
   1.3816046966731899      -0.17123646342938798     
   1.3931506849315070      -0.17131564395877535     
   1.4046966731898241      -0.17134282528966122     
   1.4162426614481409      -0.17131995071737244     
   1.4277886497064580      -0.17124889618915570     
   1.4393346379647751      -0.17113147315982635     
   1.4508806262230922      -0.17096943128559927     
   1.4624266144814091      -0.17076446096766748     
   1.4739726027397262      -0.17051819575613567     
   1.4855185909980433      -0.17023221462404595     
   1.4970645792563602      -0.16990804412044078     
   1.5086105675146773      -0.16954716041068860     
   1.5201565557729944      -0.16915099121164173     
   1.5317025440313112      -0.16872091762859723     
   1.5432485322896283      -0.16825827590048767     
   1.5547945205479454      -0.16776435905922937     
   1.5663405088062623      -0.16724041850870222     
   1.5778864970645794      -0.16668766552841810     
   1.5894324853228965      -0.16610727270655545     
   1.6009784735812134      -0.16550037530668898     
   1.6125244618395305      -0.16486807257222347     
   1.6240704500978476      -0.16421142897224938     
   1.6356164383561644      -0.16353147539226787     
   1.6471624266144815      -0.16282921027298691     
   1.6587084148727986      -0.16210560070016375     
   1.6702544031311155      -0.16136158344825971     
   1.6818003913894326      -0.16059806598048174     
   1.6933463796477497      -0.15981592740760925     
   1.7048923679060666      -0.15901601940784021     
   1.7164383561643837      -0.15819916710974191     
   1.7279843444227008      -0.15736616994025279     
   1.7395303326810179      -0.15651780243955254     
   1.7510763209393347      -0.15565481504450185     
   1.7626223091976518      -0.15477793484224081     
   1.7741682974559689      -0.15388786629543666     
   1.7857142857142858      -0.15298529194057556     
   1.7972602739726029      -0.15207087306060726     
   1.8088062622309200      -0.15114525033317147     
   1.8203522504892369      -0.15020904445555869     
   1.8318982387475540      -0.14926285674749001     
   1.8434442270058711      -0.14830726973273547     
   1.8549902152641879      -0.14734284770053060     
   1.8665362035225050      -0.14637013724769526     
   1.8780821917808221      -0.14538966780230692     
   1.8896281800391390      -0.14440195212973142     
   1.9011741682974561      -0.14340748682177124     
   1.9127201565557732      -0.14240675276964640     
   1.9242661448140901      -0.14140021562148652     
   1.9358121330724072      -0.14038832622497388     
   1.9473581213307243      -0.13937152105574505     
   1.9589041095890412      -0.13835022263212432     
   1.9704500978473583      -0.13732483991673450     
   1.9819960861056753      -0.13629576870550097     
   1.9935420743639922      -0.13526339200453963     
   2.0050880626223093      -0.13422808039539302     
   2.0166340508806262      -0.13319019238905927     
   2.0281800391389435      -0.13215007476923182     
   2.0397260273972604      -0.13110806292515273     
   2.0512720156555773      -0.13006448117445868     
   2.0628180039138946      -0.12901964307638403     
   2.0743639921722115      -0.12797385173566689     
   2.0859099804305283      -0.12692740009748735     
   2.0974559686888457      -0.12588057123375443     
   2.1090019569471625      -0.12483363862104190     
   2.1205479452054794      -0.12378686641045987     
   2.1320939334637967      -0.12274050968973846     
   2.1436399217221136      -0.12169481473778530     
   2.1551859099804305      -0.12065001927196882     
   2.1667318982387478      -0.11960635268836829     
   2.1782778864970647      -0.11856403629522209     
   2.1898238747553820      -0.11752328353979398     
   2.2013698630136989      -0.11648430022887138     
   2.2129158512720157      -0.11544728474309783     
   2.2244618395303331      -0.11441242824533612     
   2.2360078277886499      -0.11337991488324928     
   2.2475538160469668      -0.11234992198627999     
   2.2590998043052841      -0.11132262025720177     
   2.2706457925636010      -0.11029817395840889     
   2.2821917808219179      -0.10927674109310526     
   2.2937377690802352      -0.10825847358154680     
   2.3052837573385521      -0.10724351743248642     
   2.3168297455968689      -0.10623201290996369     
   2.3283757338551863      -0.10522409469557924     
   2.3399217221135031      -0.10421989204638503     
   2.3514677103718200      -0.10321952894852002     
   2.3630136986301373      -0.10222312426671480     
   2.3745596868884542      -0.10123079188978490     
   2.3861056751467711      -0.10024264087222763     
   2.3976516634050884       -9.9258775572034677E-002
   2.4091976516634053       -9.8279295784827803E-002
   2.4207436399217221       -9.7304296874421464E-002
   2.4322896281800395       -9.6333869899913466E-002
   2.4438356164383563       -9.5368101739400593E-002
   2.4553816046966732       -9.4407075210413277E-002
   2.4669275929549905       -9.3450869187161126E-002
   2.4784735812133074       -9.2499558714676106E-002
   2.4900195694716243       -9.1553215119939871E-002
   2.5015655577299416       -9.0611906120077634E-002
   2.5131115459882585       -8.9675695927697946E-002
   2.5246575342465754       -8.8744645353456775E-002
   2.5362035225048927       -8.7818811905920655E-002
   2.5477495107632095       -8.6898249888801793E-002
   2.5592954990215264       -8.5983010495635462E-002
   2.5708414872798437       -8.5073141901968893E-002
   2.5823874755381606       -8.4168689355127557E-002
   2.5939334637964775       -8.3269695261622825E-002
   2.6054794520547948       -8.2376199272265263E-002
   2.6170254403131117       -8.1488238365042071E-002
   2.6285714285714286       -8.0605846925819138E-002
   2.6401174168297459       -7.9729056826924272E-002
   2.6516634050880628       -7.8857897503667909E-002
   2.6632093933463796       -7.7992396028853619E-002
   2.6747553816046969       -7.7132577185332826E-002
   2.6863013698630138       -7.6278463536653754E-002
   2.6978473581213307       -7.5430075495853191E-002
   2.7093933463796480       -7.4587431392441242E-002
   2.7209393346379649       -7.3750547537624070E-002
   2.7324853228962818       -7.2919438287810709E-002
   2.7440313111545991       -7.2094116106448253E-002
   2.7555772994129160       -7.1274591624228570E-002
   2.7671232876712333       -7.0460873697707330E-002
   2.7786692759295502       -6.9652969466377584E-002
   2.7902152641878670       -6.8850884408236335E-002
   2.8017612524461843       -6.8054622393882436E-002
   2.8133072407045012       -6.7264185739184454E-002
   2.8248532289628181       -6.6479575256553861E-002
   2.8363992172211354       -6.5700790304859008E-002
   2.8479452054794523       -6.4927828838015622E-002
   2.8594911937377692       -6.4160687452285758E-002
   2.8710371819960865       -6.3399361432319112E-002
   2.8825831702544034       -6.2643844795968490E-002
   2.8941291585127202       -6.1894130337909525E-002
   2.9056751467710376       -6.1150209672095945E-002
   2.9172211350293544       -6.0412073273079521E-002
   2.9287671232876713       -5.9679710516222347E-002
   2.9403131115459886       -5.8953109716831410E-002
   2.9518590998043055       -5.8232258168240486E-002
   2.9634050880626224       -5.7517142178867220E-002
   2.9749510763209397       -5.6807747108270905E-002
   2.9864970645792566       -5.6104057402235549E-002
   2.9980430528375734       -5.5406056626903614E-002
   3.0095890410958908       -5.4713727501983708E-002
   3.0211350293542076       -5.4027051933055764E-002
   3.0326810176125245       -5.3346011042995842E-002
   3.0442270058708418       -5.2670585202543717E-002
   3.0557729941291587       -5.2000754060033891E-002
   3.0673189823874756       -5.1336496570311099E-002
   3.0788649706457929       -5.0677791022851415E-002
   3.0904109589041098       -5.0024615069108179E-002
   3.1019569471624266       -4.9376945749102653E-002
   3.1135029354207440       -4.8734759517278181E-002
   3.1250489236790608       -4.8098032267636377E-002
   3.1365949119373777       -4.7466739358173610E-002
   3.1481409001956950       -4.6840855634634686E-002
   3.1596868884540119       -4.6220355453601952E-002
   3.1712328767123288       -4.5605212704935290E-002
   3.1827788649706461       -4.4995400833580425E-002
   3.1943248532289630       -4.4390892860760839E-002
   3.2058708414872799       -4.3791661404568576E-002
   3.2174168297455972       -4.3197678699969926E-002
   3.2289628180039140       -4.2608916618239845E-002
   3.2405088062622309       -4.2025346685840022E-002
   3.2520547945205482       -4.1446940102754161E-002
   3.2636007827788651       -4.0873667760294934E-002
   3.2751467710371820       -4.0305500258395140E-002
   3.2866927592954993       -3.9742407922396430E-002
   3.2982387475538162       -3.9184360819348417E-002
   3.3097847358121331       -3.8631328773830312E-002
   3.3213307240704504       -3.8083281383307410E-002
   3.3328767123287673       -3.7540188033033980E-002
   3.3444227005870841       -3.7002017910514128E-002
   3.3559686888454014       -3.6468740019532167E-002
   3.3675146771037183       -3.5940323193762794E-002
   3.3790606653620356       -3.5416736109972279E-002
   3.3906066536203525       -3.4897947300821110E-002
   3.4021526418786694       -3.4383925167277701E-002
   3.4136986301369867       -3.3874637990653662E-002
   3.4252446183953036       -3.3370053944270194E-002
   3.4367906066536205       -3.2870141104764550E-002
   3.4483365949119378       -3.2374867463046540E-002
   3.4598825831702547       -3.1884200934913544E-002
   3.4714285714285715       -3.1398109371332611E-002
   3.4829745596868888       -3.0916560568399188E-002
   3.4945205479452057       -3.0439522276979568E-002
   3.5060665362035226       -2.9966962212045770E-002
   3.5176125244618399       -2.9498848061710999E-002
   3.5291585127201568       -2.9035147495973589E-002
   3.5407045009784737       -2.8575828175175521E-002
   3.5522504892367910       -2.8120857758185132E-002
   3.5637964774951079       -2.7670203910309464E-002
   3.5753424657534247       -2.7223834310943957E-002
   3.5868884540117421       -2.6781716660966345E-002
   3.5984344422700589       -2.6343818689881317E-002
   3.6099804305283758       -2.5910108162722351E-002
   3.6215264187866931       -2.5480552886717522E-002
   3.6330724070450100       -2.5055120717724873E-002
   3.6446183953033269       -2.4633779566443914E-002
   3.6561643835616442       -2.4216497404408743E-002
   3.6677103718199611       -2.3803242269769254E-002
   3.6792563600782779       -2.3393982272864908E-002
   3.6908023483365953       -2.2988685601597739E-002
   3.7023483365949121       -2.2587320526609254E-002
   3.7138943248532290       -2.2189855406266473E-002
   3.7254403131115463       -2.1796258691462574E-002
   3.7369863013698632       -2.1406498930236943E-002
   3.7485322896281801       -2.1020544772218985E-002
   3.7600782778864974       -2.0638364972901356E-002
   3.7716242661448143       -2.0259928397746600E-002
   3.7831702544031311       -1.9885204026131576E-002
   3.7947162426614485       -1.9514160955134682E-002
   3.8062622309197653       -1.9146768403169610E-002
   3.8178082191780822       -1.8782995713469964E-002
   3.8293542074363995       -1.8422812357429048E-002
   3.8409001956947164       -1.8066187937798274E-002
   3.8524461839530333       -1.7713092191748780E-002
   3.8639921722113506       -1.7363494993799453E-002
   3.8755381604696675       -1.7017366358615144E-002
   3.8870841487279844       -1.6674676443679145E-002
   3.8986301369863017       -1.6335395551842557E-002
   3.9101761252446186       -1.5999494133755138E-002
   3.9217221135029354       -1.5666942790179727E-002
   3.9332681017612527       -1.5337712274194377E-002
   3.9448140900195696       -1.5011773493285191E-002
   3.9563600782778869       -1.4689097511332690E-002
   3.9679060665362038       -1.4369655550494874E-002
   3.9794520547945207       -1.4053418992990223E-002
   3.9909980430528380       -1.3740359382782922E-002
   4.0025440313111549       -1.3430448427173744E-002
   4.0140900195694718       -1.3123657998298540E-002
   4.0256360078277886       -1.2819960134538207E-002
   4.0371819960861055       -1.2519327041841416E-002
   4.0487279843444224       -1.2221731094963073E-002
   4.0602739726027401       -1.1927144838622008E-002
   4.0718199608610570       -1.1635540988578467E-002
   4.0833659491193739       -1.1346892432634984E-002
   4.0949119373776908       -1.1061172231563198E-002
   4.1064579256360076       -1.0778353619957388E-002
   4.1180039138943245       -1.0498410007018476E-002
   4.1295499021526414       -1.0221314977269530E-002
   4.1410958904109583       -9.9470422912058109E-003
   4.1526418786692760       -9.6755658858799342E-003
   4.1641878669275929       -9.4068598754259436E-003
   4.1757338551859098       -9.1408985515226485E-003
   4.1872798434442267       -8.8776563837987682E-003
   4.1988258317025435       -8.6171080201818216E-003
   4.2103718199608604       -8.3592282871923600E-003
   4.2219178082191782       -8.1039921901849606E-003
   4.2334637964774950       -7.8513749135383695E-003
   4.2450097847358119       -7.6013518207955670E-003
   4.2565557729941288       -7.3538984547562953E-003
   4.2681017612524457       -7.1089905375226739E-003
   4.2796477495107634       -6.8666039705001401E-003
   4.2911937377690803       -6.6267148343548445E-003
   4.3027397260273972       -6.3892993889289266E-003
   4.3142857142857141       -6.1543340731154209E-003
   4.3258317025440309       -5.9217955046934039E-003
   4.3373776908023478       -5.6916604801257355E-003
   4.3489236790606656       -5.4639059743199188E-003
   4.3604696673189824       -5.2385091403533588E-003
   4.3720156555772993       -5.0154473091650513E-003
   4.3835616438356162       -4.7946979892136768E-003
   4.3951076320939331       -4.5762388661042819E-003
   4.4066536203522499       -4.3600478021841365E-003
   4.4181996086105677       -4.1461028361093792E-003
   4.4297455968688846       -3.9343821823825710E-003
   4.4412915851272015       -3.7248642308634781E-003
   4.4528375733855183       -3.5175275462529737E-003
   4.4643835616438352       -3.3123508675515240E-003
   4.4759295499021521       -3.1093131074939554E-003
   4.4874755381604698       -2.9083933519595579E-003
   4.4990215264187867       -2.7095708593604007E-003
   4.5105675146771036       -2.5128250600078717E-003
   4.5221135029354205       -2.3181355554579139E-003
   4.5336594911937373       -2.1254821178368897E-003
   4.5452054794520542       -1.9348446891477118E-003
   4.5567514677103720       -1.7462033805579473E-003
   4.5682974559686889       -1.5595384716701702E-003
   4.5798434442270057       -1.3748304097755968E-003
   4.5913894324853226       -1.1920598090913394E-003
   4.6029354207436395       -1.0112074499823375E-003
   4.6144814090019564       -8.3225427816909924E-004
   4.6260273972602741       -6.5518140392040278E-004
   4.6375733855185910       -4.7997010123361310E-004
   4.6491193737769079       -3.0660180700164779E-004
   4.6606653620352247       -1.3505812016797460E-004
   4.6722113502935416        3.4679199129915083E-005
   4.6837573385518585        2.0262823042775747E-004
   4.6953033268101763        3.6880689381249370E-004
   4.7068493150684931        5.3323295080984136E-004
   4.7183953033268100        6.9592400528124224E-004
   4.7299412915851269        8.5689750432930371E-004
   4.7414872798434438        1.0161707392120738E-003
   4.7530332681017606        1.1737608462642959E-003
   4.7645792563600784        1.3296848078265958E-003
   4.7761252446183953        1.4839594531812744E-003
   4.7876712328767121        1.6366014594941885E-003
   4.7992172211350290        1.7876273527630353E-003
   4.8107632093933459        1.9370535087709082E-003
   4.8223091976516628        2.0848961540447493E-003
   4.8338551859099805        2.2311713668190110E-003
   4.8454011741682974        2.3758950780030136E-003
   4.8569471624266143        2.5190830721527569E-003
   4.8684931506849312        2.6607509884459517E-003
   4.8800391389432480        2.8009143216606398E-003
   4.8915851272015658        2.9395884231561719E-003
   4.9031311154598827        3.0767885018571318E-003
   4.9146771037181995        3.2125296252393950E-003
   4.9262230919765164        3.3468267203181057E-003
   4.9377690802348333        3.4796945746370408E-003
   4.9493150684931502        3.6111478372596968E-003
   4.9608610567514679        3.7412010197610691E-003
   4.9724070450097848        3.8698684972203268E-003
   4.9839530332681017        3.9971645092139610E-003
   4.9954990215264186        4.1231031608092456E-003
   5.0070450097847354        4.2476984235575123E-003
   5.0185909980430523        4.3709641364874322E-003
   5.0301369863013701        4.4929140070975723E-003
   5.0416829745596869        4.6135616123483417E-003
   5.0532289628180038        4.7329203996530839E-003
   5.0647749510763207        4.8510036878679080E-003
   5.0763209393346376        4.9678246682802983E-003
   5.0878669275929544        5.0833964055962012E-003
   5.0994129158512722        5.1977318389252857E-003
   5.1109589041095891        5.3108437827642544E-003
   5.1225048923679060        5.4227449279783766E-003
   5.1340508806262228        5.5334478427805922E-003
   5.1455968688845397        5.6429649737079904E-003
   5.1571428571428566        5.7513086465961405E-003
   5.1686888454011743        5.8584910675504205E-003
   5.1802348336594912        5.9645243239146578E-003
   5.1917808219178081        6.0694203852364442E-003
   5.2033268101761250        6.1731911042298589E-003
   5.2148727984344418        6.2758482177343797E-003
   5.2264187866927587        6.3774033476707657E-003
   5.2379647749510765        6.4778680019932618E-003
   5.2495107632093934        6.5772535756380857E-003
   5.2610567514677102        6.6755713514684793E-003
   5.2726027397260271        6.7728325012157203E-003
   5.2841487279843440        6.8690480864160167E-003
   5.2956947162426609        6.9642290593438533E-003
   5.3072407045009786        7.0583862639405689E-003
   5.3187866927592955        7.1515304367392911E-003
   5.3303326810176124        7.2436722077852192E-003
   5.3418786692759292        7.3348221015515462E-003
   5.3534246575342461        7.4249905378511536E-003
   5.3649706457925630        7.5141878327431811E-003
   5.3765166340508808        7.6024241994360059E-003
   5.3880626223091976        7.6897097491841907E-003
   5.3996086105675145        7.7760544921820583E-003
   5.4111545988258314        7.8614683384514977E-003
   5.4227005870841483        7.9459610987251926E-003
   5.4342465753424660        8.0295424853250256E-003
   5.4457925636007829        8.1122221130356092E-003
   5.4573385518590998        8.1940094999724510E-003
   5.4688845401174166        8.2749140684452455E-003
   5.4804305283757335        8.3549451458164049E-003
   5.4919765166340504        8.4341119653536453E-003
   5.5035225048923682        8.5124236670781357E-003
   5.5150684931506850        8.5898892986071215E-003
   5.5266144814090019        8.6665178159913651E-003
   5.5381604696673188        8.7423180845470350E-003
   5.5497064579256357        8.8172988796828885E-003
   5.5612524461839525        8.8914688877214498E-003
   5.5727984344422703        8.9648367067153290E-003
   5.5843444227005872        9.0374108472577267E-003
   5.5958904109589040        9.1091997332880779E-003
   5.6074363992172209        9.1802117028917368E-003
   5.6189823874755378        9.2504550090945804E-003
   5.6305283757338547        9.3199378206520345E-003
   5.6420743639921724        9.3886682228325000E-003
   5.6536203522504893        9.4566542181957914E-003
   5.6651663405088062        9.5239037273653956E-003
   5.6767123287671231        9.5904245897959258E-003
   5.6882583170254399        9.6562245645345820E-003
   5.6998043052837568        9.7213113309772888E-003
   5.7113502935420746        9.7856924896194773E-003
   5.7228962818003914        9.8493755628011673E-003
   5.7344422700587083        9.9123679954466349E-003
   5.7459882583170252        9.9746771557984656E-003
   5.7575342465753421        1.0036310336146374E-002
   5.7690802348336589        1.0097274753550123E-002
   5.7806262230919767        1.0157577550557649E-002
   5.7921722113502936        1.0217225795916600E-002
   5.8037181996086105        1.0276226485281597E-002
   5.8152641878669273        1.0334586541915233E-002
   5.8268101761252442        1.0392312817383906E-002
   5.8383561643835611        1.0449412092248174E-002
   5.8499021526418788        1.0505891076747690E-002
   5.8614481409001957        1.0561756411480563E-002
   5.8729941291585126        1.0617014668077646E-002
   5.8845401174168295        1.0671672349871056E-002
   5.8960861056751463        1.0725735892557552E-002
   5.9076320939334632        1.0779211664856474E-002
   5.9191780821917810        1.0832105969162205E-002
   5.9307240704500979        1.0884425042191762E-002
   5.9422700587084147        1.0936175055626260E-002
   5.9538160469667316        1.0987362116748113E-002
   5.9653620352250485        1.1037992269071893E-002
   5.9769080234833654        1.1088071492970926E-002
   5.9884540117416831        1.1137605706297874E-002
   6.0000000000000000        1.1186600765000543E-002
