-0.9118903E+01  0.3906367E+00
-0.9458952E+01  0.3050602E+00
-0.8978788E+01  0.2390546E+00
-0.8879486E+01  0.2516236E+00
-0.8787066E+01  0.1375331E+00
-0.8475561E+01  0.6748313E-01
-0.7997715E+01  0.1568027E-01
-0.7429995E+01  0.2049176E-01
-0.8244978E+01  0.5688698E-01
-0.8183198E+01  0.8191908E-01
-0.9022122E+01  0.3634708E+00
-0.9342353E+01  0.2732784E+00
-0.8942266E+01  0.2378065E+00
-0.8763464E+01  0.1126531E+00
-0.8654937E+01  0.2157248E+00
-0.8226305E+01  0.1396292E+00
-0.6913743E+01  0.6719485E-01
-0.6861419E+01  0.1797420E-01
-0.8002333E+01  0.1907904E-01
-0.7922187E+01  0.5688698E-01
-0.5924365E+01  0.9292584E-01
-0.5792994E+01  0.1435777E-01
-0.5748248E+01  0.1324567E+00
-0.5760643E+01  0.2318171E+00
-0.5689340E+01  0.1289845E+00
-0.5210507E+01  0.1300000E+00
-0.5256144E+01  0.4424329E-01
-0.6202942E+01  0.2506882E-01
-0.5353265E+01  0.1797420E-01
-0.5309554E+01  0.2049176E-01
-0.4762390E+01  0.6052716E-01
-0.4711570E+01  0.1752507E-01
-0.4487437E+01  0.1151457E+00
-0.4532809E+01  0.1412156E+00
-0.2383025E+01  0.1559353E+00
-0.2146108E+01  0.2070581E+00
-0.2107855E+01  0.2628151E+00
-0.2666628E+01  0.4424329E-01
-0.4156685E+01  0.6719485E-01
-0.3048755E+01  0.1568027E-01
-0.1943283E+01  0.7798229E-01
-0.1572641E+01  0.1015545E+00
-0.2305171E+01  0.1736556E+00
-0.1524731E+01  0.1458082E+00
-0.1373283E+01  0.1102586E+01
-0.1370855E+01  0.5946628E+00
-0.1476572E+01  0.2070581E+00
-0.1544555E+01  0.1300000E+00
-0.5790906E+00  0.1396292E+00
-0.1241201E+01  0.6748313E-01
-0.7970512E+00  0.1270811E+00
-0.7711243E+00  0.1573180E+00
-0.1601939E+01  0.1746879E+00
-0.6229310E+00  0.1846412E+00
-0.1031073E+01  0.1398594E+01
-0.8943701E+00  0.1102586E+01
-0.4573064E+00  0.1559353E+00
-0.8833511E+00  0.1289845E+00
-0.4807731E+00  0.2157248E+00
-0.5088751E+00  0.1375331E+00
-0.1354955E+00  0.2605614E+00
-0.4895316E-01  0.5865210E-01
 0.1980145E+00  0.2029607E+00
 0.3180078E+00  0.7343706E+00
-0.3902764E+00  0.1846412E+00
-0.2661909E+00  0.1458082E+00
-0.5460831E+00  0.1412156E+00
-0.1318445E+00  0.2318171E+00
 0.5022005E-01  0.1126531E+00
-0.1746328E-01  0.2516236E+00
 0.1033422E+01  0.1937505E+00
 0.1209231E+01  0.1354269E+00
 0.4014775E+00  0.7031578E+00
 0.2860694E+01  0.2029607E+00
 0.1051758E+01  0.1746879E+00
 0.8416484E+00  0.1736556E+00
 0.7237685E+00  0.1151457E+00
 0.3941997E+00  0.1324567E+00
 0.7898016E+00  0.2378065E+00
 0.4948268E+00  0.2390546E+00
 0.2866938E+01  0.2143216E+00
 0.2631301E+01  0.1994385E+00
 0.3791215E+01  0.1354269E+00
 0.4055726E+01  0.5865210E-01
 0.3259043E+01  0.1573180E+00
 0.2824283E+01  0.1015545E+00
 0.1675902E+01  0.1752507E-01
 0.1950821E+01  0.1435777E-01
 0.1823077E+01  0.2732784E+00
 0.1779994E+01  0.3050602E+00
 0.3365065E+01  0.3160837E+00
 0.3402904E+01  0.2143216E+00
 0.4350599E+01  0.1937505E+00
 0.4392496E+01  0.2605614E+00
 0.4129881E+01  0.1270811E+00
 0.3638813E+01  0.7798229E-01
 0.2396817E+01  0.6052716E-01
 0.2940115E+01  0.9292584E-01
 0.2469583E+01  0.3634708E+00
 0.2459989E+01  0.3906367E+00
