 0.1782735E+02 -0.1995356E-03  0.4609021E-03
 0.9198027E+01  0.2683857E-02 -0.1468162E-02
 0.1824349E+01  0.1154033E+00  0.6737303E-01
 0.1900410E+01  0.1367644E+00  0.9215472E-01
 0.1528443E+01 -0.6259326E+01  0.1615567E+01
 0.1463718E+01 -0.2541247E+02  0.3363166E+02
 0.1470419E+01  0.3599825E+02 -0.7541350E+02
 0.1454961E+01 -0.2967815E+01  0.4311627E+02
 0.1377044E+01 -0.2165485E+01 -0.1341463E+01
 0.1225245E+01  0.5231543E+00  0.2461693E+00
 0.1688808E+01 -0.1665122E-01 -0.2728019E+00
 0.3855245E+01  0.6459681E-03 -0.6913938E-02
 0.1516361E+02 -0.1895230E-03  0.5503114E-03
 0.2428665E+02 -0.5038033E-03  0.1307199E-02
 0.3320302E+02 -0.1235404E-02 -0.7167916E-03
 0.4205552E+02  0.3231745E-02  0.5522897E-02
