-0.7939388E+01  0.1534968E-06  0.3837420E-06  0.9593550E-06  0.1175755E+02
-0.7683789E+01  0.2908120E-06  0.7270300E-06  0.1817575E-05  0.1073516E+02
-0.7428190E+01  0.5509667E-06  0.1377417E-05  0.3443542E-05  0.9712760E+01
-0.7172591E+01  0.1043851E-05  0.2609626E-05  0.6524065E-05  0.8690364E+01
-0.6916992E+01  0.1977659E-05  0.4944146E-05  0.1236036E-04  0.7667968E+01
-0.6661393E+01  0.3746833E-05  0.9367081E-05  0.2341770E-04  0.6645572E+01
-0.6405794E+01  0.7098675E-05  0.1774668E-04  0.4436669E-04  0.5623177E+01
-0.6150195E+01  0.1344901E-04  0.3362250E-04  0.8405619E-04  0.4600781E+01
-0.5894596E+01  0.2548021E-04  0.6370048E-04  0.1592510E-03  0.3578385E+01
-0.5638997E+01  0.4827428E-04  0.1206855E-03  0.3017129E-03  0.2555989E+01
-0.5383398E+01  0.9145937E-04  0.2286478E-03  0.5716161E-03  0.1533594E+01
-0.5127799E+01  0.1732767E-03  0.4331893E-03  0.1082962E-02  0.5111979E+00
-0.4872201E+01  0.3282850E-03  0.8207040E-03  0.2051718E-02 -0.5111979E+00
-0.4616602E+01  0.6219565E-03  0.1554861E-02  0.3887002E-02 -0.1533594E+01
-0.4361003E+01  0.1178326E-02  0.2945707E-02  0.7363724E-02 -0.2555989E+01
-0.4105404E+01  0.2232360E-02  0.5580510E-02  0.1394933E-01 -0.3578385E+01
-0.3849805E+01  0.4229121E-02  0.1057140E-01  0.2642153E-01 -0.4600781E+01
-0.3594206E+01  0.8011462E-02  0.2002364E-01  0.5003403E-01 -0.5623177E+01
-0.3338607E+01  0.1517496E-01  0.3791940E-01  0.9470856E-01 -0.6645572E+01
-0.3083008E+01  0.2873798E-01  0.7178040E-01  0.1791285E+00 -0.7667968E+01
-0.2827409E+01  0.5440268E-01  0.1357753E+00  0.3382826E+00 -0.8690364E+01
-0.2571810E+01  0.1029135E+00  0.2564551E+00  0.6370038E+00 -0.9712760E+01
-0.2316211E+01  0.1944173E+00  0.4830812E+00  0.1192961E+01 -0.1073516E+02
-0.2060612E+01  0.3663393E+00  0.9053028E+00  0.2210985E+01 -0.1175755E+02
