 0.5000000E-01 -0.2580817E+00 -0.2877632E+01  0.4365867E+00 -0.2709608E+01  0.7233466E+00 -0.3135363E+01  0.2431241E-01 -0.2740119E+01 -0.5787877E+00 -0.2792189E+01  0.4118933E+00 -0.3041269E+01  0.1568419E+00 -0.2875700E+01 -0.8006523E-01 -0.2962883E+01 -0.1395898E+00 -0.2823005E+01 -0.1053760E+01
-0.2867337E+01
 0.1000000E+00 -0.2568144E+00 -0.2783924E+01  0.4315743E+00 -0.2598961E+01  0.7219942E+00 -0.3068008E+01  0.2413290E-01 -0.2632112E+01 -0.5741144E+00 -0.2690223E+01  0.4108472E+00 -0.2964349E+01  0.1560414E+00 -0.2781694E+01 -0.7991891E-01 -0.2877906E+01 -0.1386150E+00 -0.2723545E+01 -0.1048209E+01
-0.2774217E+01
 0.1500000E+00 -0.2538934E+00 -0.2689666E+01  0.4214708E+00 -0.2488128E+01  0.7195985E+00 -0.3000644E+01  0.2372493E-01 -0.2523627E+01 -0.5639575E+00 -0.2588152E+01  0.4088181E+00 -0.2887250E+01  0.1542546E+00 -0.2687048E+01 -0.7952245E-01 -0.2792476E+01 -0.1364385E+00 -0.2623447E+01 -0.1035622E+01
-0.2682295E+01
 0.2000000E+00 -0.2485620E+00 -0.2594886E+01  0.4056896E+00 -0.2377256E+01  0.7159552E+00 -0.2933280E+01  0.2302870E-01 -0.2414942E+01 -0.5469749E+00 -0.2486033E+01  0.4053619E+00 -0.2809850E+01  0.1510308E+00 -0.2591812E+01 -0.7867708E-01 -0.2706395E+01 -0.1326938E+00 -0.2522910E+01 -0.1013037E+01
-0.2591448E+01
 0.2500000E+00 -0.2402659E+00 -0.2499788E+01  0.3841139E+00 -0.2266429E+01  0.7106432E+00 -0.2865944E+01  0.2201809E-01 -0.2306222E+01 -0.5225861E+00 -0.2383933E+01  0.3997451E+00 -0.2732031E+01  0.1460253E+00 -0.2496224E+01 -0.7715208E-01 -0.2619659E+01 -0.1271963E+00 -0.2422182E+01 -0.9783524E+00
-0.2501298E+01
 0.3000000E+00 -0.2287553E+00 -0.2404565E+01  0.3568798E+00 -0.2155693E+01  0.7028617E+00 -0.2798675E+01  0.2068988E-01 -0.2197549E+01 -0.4907391E+00 -0.2281897E+01  0.3910134E+00 -0.2653763E+01  0.1390760E+00 -0.2400496E+01 -0.7476115E-01 -0.2532471E+01 -0.1199066E+00 -0.2321414E+01 -0.9306254E+00
-0.2411543E+01
 0.3500000E+00 -0.2140069E+00 -0.2309329E+01  0.3242731E+00 -0.2045087E+01  0.6913628E+00 -0.2731507E+01  0.1905396E-01 -0.2088972E+01 -0.4516833E+00 -0.2179960E+01  0.3782712E+00 -0.2575142E+01  0.1301625E+00 -0.2304751E+01 -0.7140399E-01 -0.2445057E+01 -0.1108701E+00 -0.2220687E+01 -0.8697820E+00
-0.2322031E+01
 0.4000000E+00 -0.1961349E+00 -0.2214147E+01  0.2866888E+00 -0.1934657E+01  0.6746397E+00 -0.2664449E+01  0.1712833E-01 -0.1980536E+01 -0.4058552E+00 -0.2078154E+01  0.3609403E+00 -0.2496315E+01  0.1193510E+00 -0.2209056E+01 -0.6705509E-01 -0.2357570E+01 -0.1001830E+00 -0.2120047E+01 -0.7962943E+00
-0.2232705E+01
 0.4500000E+00 -0.1753402E+00 -0.2119059E+01  0.2446175E+00 -0.1824456E+01  0.6513179E+00 -0.2597484E+01  0.1493706E-01 -0.1872293E+01 -0.3538320E+00 -0.1976516E+01  0.3388051E+00 -0.2417404E+01  0.1067619E+00 -0.2113455E+01 -0.6173845E-01 -0.2270097E+01 -0.8797703E-01 -0.2019537E+01 -0.7109892E+00
-0.2143555E+01
 0.5000000E+00 -0.1518836E+00 -0.2024109E+01  0.1986391E+00 -0.1714559E+01  0.6187262E+00 -0.2530590E+01  0.1250931E-01 -0.1764309E+01 -0.2963094E+00 -0.1875090E+01  0.3117415E+00 -0.2338564E+01  0.9255059E-01 -0.2017991E+01 -0.5550558E-01 -0.2182714E+01 -0.7441367E-01 -0.1919203E+01 -0.6149316E+00
-0.2054590E+01
 0.5500000E+00 -0.1260854E+00 -0.1929334E+01  0.1494200E+00 -0.1605060E+01  0.5772598E+00 -0.2463772E+01  0.9879450E-02 -0.1656670E+01 -0.2340981E+00 -0.1773934E+01  0.2800955E+00 -0.2259807E+01  0.7691090E-01 -0.1922704E+01 -0.4843829E-01 -0.2095443E+01 -0.5968210E-01 -0.1819098E+01 -0.5094411E+00
-0.1965832E+01
 0.6000000E+00 -0.9831129E-01 -0.1834784E+01  0.9770835E-01 -0.1496089E+01  0.5274456E+00 -0.2397037E+01  0.7086532E-02 -0.1549487E+01 -0.1681116E+00 -0.1673123E+01  0.2442865E+00 -0.2181151E+01  0.6006455E-01 -0.1827644E+01 -0.4063288E-01 -0.2008315E+01 -0.4399631E-01 -0.1719292E+01 -0.3960181E+00
-0.1877311E+01
 0.6500000E+00 -0.6896997E-01 -0.1740522E+01  0.4432828E-01 -0.1387810E+01  0.4699387E+00 -0.2330392E+01  0.4174001E-02 -0.1442909E+01 -0.9935961E-01 -0.1572755E+01  0.2048043E+00 -0.2102615E+01  0.4225939E-01 -0.1732876E+01 -0.3219935E-01 -0.1921368E+01 -0.2759342E-01 -0.1619875E+01 -0.2763311E+00
-0.1789067E+01
 0.7000000E+00 -0.3850918E-01 -0.1646627E+01 -0.9827271E-02 -0.1280439E+01  0.4055162E+00 -0.2263845E+01  0.1189353E-02 -0.1337120E+01 -0.2893885E-01 -0.1472956E+01  0.1622048E+00 -0.2024223E+01  0.2376728E-01 -0.1638483E+01 -0.2326053E-01 -0.1834648E+01 -0.1073163E-01 -0.1520960E+01 -0.1522009E+00
-0.1701158E+01
 0.7500000E+00 -0.7411490E-02 -0.1553202E+01 -0.6380655E-01 -0.1174248E+01  0.3350702E+00 -0.2197405E+01 -0.1816345E-02 -0.1232360E+01  0.4197858E-01 -0.1373891E+01  0.1171045E+00 -0.1946007E+01  0.4881427E-02 -0.1544569E+01 -0.1395088E-01 -0.1748214E+01  0.6312414E-02 -0.1422695E+01 -0.2558088E-01
-0.1613660E+01
 0.8000000E+00  0.2381120E-01 -0.1460375E+01 -0.1166116E+00 -0.1069570E+01  0.2595982E+00 -0.2131087E+01 -0.4789088E-02 -0.1128922E+01  0.1121593E+00 -0.1275765E+01  0.7017457E-01 -0.1868007E+01 -0.1408691E-01 -0.1451266E+01 -0.4415138E-02 -0.1662140E+01  0.2324690E-01 -0.1325261E+01  0.1014651E+00
-0.1526674E+01
 0.8500000E+00  0.5462410E-01 -0.1368304E+01 -0.1672143E+00 -0.9668035E+00  0.1801926E+00 -0.2064906E+01 -0.7672710E-02 -0.1027159E+01  0.1803260E+00 -0.1178834E+01  0.2213273E-01 -0.1790268E+01 -0.3281231E-01 -0.1358737E+01  0.5193399E-02 -0.1576517E+01  0.3976878E-01 -0.1228885E+01  0.2267899E+00
-0.1440328E+01
 0.9000000E+00  0.8447712E-01 -0.1277186E+01 -0.2145750E+00 -0.8664034E+00  0.9802749E-01 -0.1998884E+01 -0.1040985E-01 -0.9274846E+00  0.2451780E+00 -0.1083408E+01 -0.2626491E-01 -0.1712852E+01 -0.5095985E-01 -0.1267184E+01  0.1471478E-01 -0.1491457E+01  0.5556849E-01 -0.1133843E+01  0.3481942E+00
-0.1354789E+01
 0.9500000E+00  0.1128137E+00 -0.1187258E+01 -0.2576656E+00 -0.7688575E+00  0.1434467E-01 -0.1933049E+01 -0.1294311E-01 -0.8303544E+00  0.3054154E+00 -0.9898476E+00 -0.7423392E-01 -0.1635831E+01 -0.6819045E-01 -0.1176848E+01  0.2398465E-01 -0.1407096E+01  0.7033538E-01 -0.1040459E+01  0.4634608E+00
-0.1270258E+01
 0.1000000E+01  0.1390809E+00 -0.1098801E+01 -0.2954952E+00 -0.6746513E+00 -0.6956279E-01 -0.1867433E+01 -0.1521635E-01 -0.7362450E+00  0.3597663E+00 -0.8985641E+00 -0.1209724E+00 -0.1559293E+01 -0.8416699E-01 -0.1088017E+01  0.3283676E-01 -0.1323600E+01  0.8376404E-01 -0.9491060E+00  0.5703942E+00
-0.1186982E+01
 0.1050000E+01  0.1627404E+00 -0.1012139E+01 -0.3271382E+00 -0.5842149E+00 -0.1523680E+00 -0.1802080E+01 -0.1717620E-01 -0.6456113E+00  0.4070178E+00 -0.8099983E+00 -0.1656733E+00 -0.1483346E+01 -0.9856120E-01 -0.1001021E+01  0.4110585E-01 -0.1241166E+01  0.9556125E-01 -0.8601969E+00  0.6668638E+00
-0.1105248E+01
 0.1100000E+01  0.1832812E+00 -0.9276382E+00 -0.3517643E+00 -0.4978633E+00 -0.2327292E+00 -0.1737043E+01 -0.1877364E-01 -0.5588360E+00  0.4460486E+00 -0.7245977E+00 -0.2075374E+00 -0.1408118E+01 -0.1110612E+00 -0.9162313E+00  0.4863068E-01 -0.1160028E+01  0.1054537E+00 -0.7741633E+00  0.7508504E+00
-0.1025384E+01
 0.1150000E+01  0.2002324E+00 -0.8456893E+00 -0.3686689E+00 -0.4157399E+00 -0.3093103E+00 -0.1672385E+01 -0.1996566E-01 -0.4761744E+00  0.4758642E+00 -0.6427811E+00 -0.2457875E+00 -0.1333761E+01 -0.1213796E+00 -0.8340432E+00  0.5525747E-01 -0.1080453E+01  0.1131960E+00 -0.6914287E+00  0.8204961E+00
-0.9477520E+00
 0.1200000E+01  0.2131772E+00 -0.7666957E+00 -0.3773011E+00 -0.3377764E+00 -0.3808025E+00 -0.1608182E+01 -0.2071685E-01 -0.3977072E+00  0.4956318E+00 -0.5648971E+00 -0.2796839E+00 -0.1260454E+01 -0.1292620E+00 -0.7548613E+00  0.6084346E-01 -0.1002742E+01  0.1185790E+00 -0.6123732E+00  0.8741557E+00
-0.8727377E+00
 0.1250000E+01  0.2217669E+00 -0.6910465E+00 -0.3772898E+00 -0.2636773E+00 -0.4459463E+00 -0.1544523E+01 -0.2100095E-01 -0.3233115E+00  0.5047133E+00 -0.4911847E+00 -0.3085398E+00 -0.1188400E+01 -0.1344953E+00 -0.6790725E+00  0.6526063E-01 -0.9272283E+00  0.1214376E+00 -0.5372942E+00  0.9104483E+00
-0.8007331E+00
 0.1300000E+01  0.2257338E+00 -0.6190880E+00 -0.3684645E+00 -0.1929314E+00 -0.5035550E+00 -0.1481510E+01 -0.2080210E-01 -0.2526551E+00  0.5026960E+00 -0.4217415E+00 -0.3317374E+00 -0.1117831E+01 -0.1369160E+00 -0.6070159E+00  0.6839954E-01 -0.8542612E+00  0.1216586E+00 -0.4663719E+00  0.9283074E+00
-0.7321167E+00
 0.1350000E+01  0.2249039E+00 -0.5510950E+00 -0.3508705E+00 -0.1248433E+00 -0.5525378E+00 -0.1419262E+01 -0.2011587E-01 -0.1852129E+00  0.4894171E+00 -0.3565062E+00 -0.3487447E+00 -0.1049006E+01 -0.1364179E+00 -0.5389539E+00  0.7017296E-01 -0.7841976E+00  0.1191865E+00 -0.3996445E+00  0.9270264E+00
-0.6672314E+00
 0.1400000E+01  0.2192071E+00 -0.4872454E+00 -0.3247781E+00 -0.5857752E-01 -0.5919233E+00 -0.1357914E+01 -0.1894997E-01 -0.1202997E+00  0.4649818E+00 -0.2952583E+00 -0.3591309E+00 -0.9822042E+00 -0.1329580E+00 -0.4750471E+00  0.7051937E-01 -0.7173828E+00  0.1140284E+00 -0.3369985E+00  0.9062983E+00
-0.6063620E+00
 0.1450000E+01  0.2086848E+00 -0.4276048E+00 -0.2906851E+00  0.6792860E-02 -0.6208824E+00 -0.1297613E+01 -0.1732454E-01 -0.5711034E-01  0.4297739E+00 -0.2376317E+00 -0.3625819E+00 -0.9177224E+00 -0.1265617E+00 -0.4153395E+00  0.6940610E-01 -0.6541313E+00  0.1062576E+00 -0.2781735E+00  0.8662459E+00
-0.5497183E+00
 0.1500000E+01  0.1934946E+00 -0.3721213E+00 -0.2493127E+00  0.7223769E-01 -0.6387499E+00 -0.1238526E+01 -0.1527219E-01  0.5237665E-02  0.3844570E+00 -0.1831385E+00 -0.3589133E+00 -0.8558657E+00 -0.1173253E+00 -0.3597550E+00  0.6683172E-01 -0.5947074E+00  0.9601395E-01 -0.2227792E+00  0.8074407E+00
-0.4974237E+00
 0.1550000E+01  0.1739121E+00 -0.3206312E+00 -0.2015950E+00  0.1387220E+00 -0.6450450E+00 -0.1180830E+01 -0.1283753E-01  0.6766336E-01  0.3299674E+00 -0.1311962E+00 -0.3480826E+00 -0.7969371E+00 -0.1054167E+00 -0.3081043E+00  0.6282788E-01 -0.5393103E+00  0.8350305E-01 -0.1703194E+00  0.7309094E+00
-0.4495127E+00
 0.1600000E+01  0.1503273E+00 -0.2728732E+00 -0.1486629E+00  0.2071585E+00 -0.6394890E+00 -0.1124717E+01 -0.1007650E-01  0.1310824E+00  0.2674988E+00 -0.8115511E-01 -0.3301973E+00 -0.7412263E+00 -0.9107408E-01 -0.2601005E+00  0.5746013E-01 -0.4880635E+00  0.6899325E-01 -0.1202173E+00  0.6381248E+00
-0.4059371E+00
 0.1650000E+01  0.1232390E+00 -0.2285074E+00 -0.9182236E-01  0.2783584E+00 -0.6220203E+00 -0.1070391E+01 -0.7055318E-02  0.1963674E+00  0.1984784E+00 -0.3232202E-01 -0.3055203E+00 -0.6889978E+00 -0.7460185E-01 -0.2153782E+00  0.5082776E-01 -0.4410125E+00  0.5281039E-01 -0.7183936E-01  0.5309842E+00
-0.3665785E+00
 0.1700000E+01  0.9324511E-01 -0.1871347E+00 -0.3252758E-01  0.3529845E+00 -0.5928058E+00 -0.1018061E+01 -0.3849122E-02  0.2643060E+00  0.1245361E+00  0.1602005E-01 -0.2744713E+00 -0.6404811E+00 -0.5636461E-01 -0.1735140E+00  0.4306256E-01 -0.3981283E+00  0.3533097E-01 -0.2451553E-01  0.4117722E+00
-0.3312644E+00
 0.1750000E+01  0.6102879E-01 -0.1483154E+00  0.2765141E-01  0.4315086E+00 -0.5522479E+00 -0.9679453E+00 -0.5403760E-03  0.3355594E+00  0.4746794E-01  0.6459501E-01 -0.2376232E+00 -0.5958627E+00 -0.3677923E-01 -0.1340441E+00  0.3432656E-01 -0.3593172E+00  0.1697370E-01  0.2244441E-01  0.2831106E+00
-0.2997871E+00
 0.1800000E+01  0.2734322E-01 -0.1115837E+00  0.8706567E-01  0.5141837E+00 -0.5009862E+00 -0.9202590E+00  0.2783002E-02  0.4106219E+00 -0.3080608E-01  0.1141186E+00 -0.1956941E+00 -0.5552827E+00 -0.1630513E-01 -0.9647904E-01  0.2480867E-01 -0.3244342E+00 -0.1810302E-02  0.6973712E-01  0.1478978E+00
-0.2719215E+00
 0.1850000E+01 -0.7006888E-02 -0.7645914E-01  0.1440295E+00  0.6010372E+00 -0.4398939E+00 -0.8752158E+00  0.6029761E-02  0.4897914E+00 -0.1082880E+00  0.1652829E+00 -0.1495349E+00 -0.5188345E+00  0.4566770E-02 -0.6031413E-01  0.1472042E-01 -0.2932972E+00 -0.2054825E-01  0.1180530E+00  0.9237393E-02
-0.2474401E+00
 0.1900000E+01 -0.4118517E-01 -0.4245364E-01  0.1968673E+00  0.6918920E+00 -0.3700678E+00 -0.8330219E+00  0.9107679E-02  0.5731552E+00 -0.1829511E+00  0.2187389E+00 -0.1001117E+00 -0.4865691E+00  0.2532622E-01 -0.2503682E-01  0.4290961E-02 -0.2657013E+00 -0.3875736E-01  0.1680626E+00 -0.1296398E+00
-0.2261260E+00
 0.1950000E+01 -0.7434474E-01 -0.9076268E-02  0.2439645E+00  0.7864095E+00 -0.2928125E+00 -0.7938715E+00  0.1192614E-01  0.6606008E+00 -0.2527913E+00  0.2750753E+00 -0.4848419E-01 -0.4585015E+00  0.4545648E-01  0.9869096E-02 -0.6238692E-02 -0.2414319E+00 -0.5595691E-01  0.2204003E+00 -0.2654583E+00
-0.2077822E+00
 0.2000000E+01 -0.1056499E+00  0.2416463E-01  0.2838216E+00  0.8841478E+00 -0.2096179E+00 -0.7579445E+00  0.1439893E-01  0.7518477E+00 -0.3158799E+00  0.3347950E+00  0.4218841E-02 -0.4346200E+00  0.6444753E-01  0.4492087E-01 -0.1662175E-01 -0.2202746E+00 -0.7168077E-01  0.2756447E+00 -0.3949840E+00
-0.1922370E+00
 0.2050000E+01 -0.1342979E+00  0.5776035E-01  0.3151097E+00  0.9846202E+00 -0.1221310E+00 -0.7254032E+00  0.1644710E-01  0.8464973E+00 -0.3704166E+00  0.3982894E+00  0.5682768E-01 -0.4148947E+00  0.8180930E-01  0.8063507E-01 -0.2661205E-01 -0.2020237E+00 -0.8548990E-01  0.3342949E+00 -0.5151081E+00
-0.1793482E+00
 0.2100000E+01 -0.1595399E+00  0.9220108E-01  0.3367236E+00  0.1087345E+01 -0.3212141E-01 -0.6963915E+00  0.1800192E-01  0.9440876E+00 -0.4147827E+00  0.4658156E+00  0.1081611E+00 -0.3992877E+00  0.9708462E-01  0.1175255E+00 -0.3597053E-01 -0.1864885E+00 -0.9698481E-01  0.3967452E+00 -0.6229304E+00
-0.1690031E+00
 0.2150000E+01 -0.1807016E+00  0.1279745E+00  0.3478328E+00  0.1191880E+01  0.5855678E-01 -0.6710343E+00  0.1900772E-01  0.1044143E+01 -0.4475932E+00  0.5374811E+00  0.1570569E+00 -0.3877602E+00  0.1098616E+00  0.1560997E+00 -0.4447156E-01 -0.1734970E+00 -0.1058177E+00  0.4632611E+00 -0.7158359E+00
-0.1611183E+00
 0.2200000E+01 -0.1972014E+00  0.1655631E+00  0.3479237E+00  0.1297840E+01  0.1480078E+00 -0.6494382E+00  0.1942445E-01  0.1146214E+01 -0.4677453E+00  0.6132404E+00  0.2024022E+00 -0.3802798E+00  0.1197851E+00  0.1968535E+00 -0.5190891E-01 -0.1628992E+00 -0.1117042E+00  0.5339623E+00 -0.7915647E+00
-0.1556374E+00
 0.2250000E+01 -0.2085676E+00  0.2054382E+00  0.3368335E+00  0.1404906E+01  0.2343392E+00 -0.6316923E+00  0.1922988E-01  0.1249896E+01 -0.4744653E+00  0.6929072E+00  0.2431628E+00 -0.3768251E+00  0.1265670E+00  0.2402620E+00 -0.5810126E-01 -0.1545688E+00 -0.1144338E+00  0.6088173E+00 -0.8482729E+00
-0.1525288E+00
 0.2300000E+01 -0.2144528E+00  0.2480519E+00  0.3147712E+00  0.1512819E+01  0.3157077E+00 -0.6178702E+00  0.1842126E-01  0.1354847E+01 -0.4673473E+00  0.7761806E+00  0.2784103E+00 -0.3773886E+00  0.1299956E+00  0.2867667E+00 -0.6289710E-01 -0.1484039E+00 -0.1138802E+00  0.6876522E+00 -0.8845813E+00
-0.1517830E+00
 0.2350000E+01 -0.2146458E+00  0.2938243E+00  0.2823256E+00  0.1621376E+01  0.3903652E+00 -0.6080313E+00  0.1701629E-01  0.1460781E+01 -0.4463858E+00  0.8626814E+00  0.3073466E+00 -0.3819781E+00  0.1299430E+00  0.3367593E+00 -0.6617874E-01 -0.1443277E+00 -0.1100085E+00  0.7701749E+00 -0.8996128E+00
-0.1534101E+00
 0.2400000E+01 -0.2090813E+00  0.3431276E+00  0.2404575E+00  0.1730421E+01  0.4567031E+00 -0.6022220E+00  0.1505334E-01  0.1567472E+01 -0.4119968E+00  0.9519910E+00  0.3293241E+00 -0.3906156E+00  0.1263708E+00  0.3905626E+00 -0.6786551E-01 -0.1422892E+00 -0.1028818E+00  0.8560097E+00 -0.8930148E+00
-0.1574387E+00
 0.2450000E+01 -0.1978458E+00  0.3962671E+00  0.1904771E+00  0.1839833E+01  0.5132922E+00 -0.6004760E+00  0.1259083E-01  0.1674739E+01 -0.3650263E+00  0.1043686E+01  0.3438625E+00 -0.4033348E+00  0.1193347E+00  0.4484101E+00 -0.6791589E-01 -0.1422623E+00 -0.9266394E-01  0.9447354E+00 -0.8649683E+00
-0.1639148E+00
 0.2500000E+01 -0.1811804E+00  0.4534618E+00  0.1340066E+00  0.1949522E+01  0.5589195E+00 -0.6028141E+00  0.9705830E-02  0.1782441E+01 -0.3067440E+00  0.1137366E+01  0.3506596E+00 -0.4201772E+00  0.1089863E+00  0.5104288E+00 -0.6632866E-01 -0.1442469E+00 -0.7961970E-01  0.1035921E+01 -0.8161818E+00
-0.1729020E+00
 0.2550000E+01 -0.1594806E+00  0.5148275E+00  0.7292830E-01  0.2059420E+01  0.5926181E+00 -0.6092433E+00  0.6491805E-02  0.1890472E+01 -0.2388208E+00  0.1232669E+01  0.3495977E+00 -0.4411854E+00  0.9557294E-01  0.5766280E+00 -0.6314291E-01 -0.1482680E+00 -0.6411111E-01  0.1129156E+01 -0.7478705E+00
-0.1844819E+00
 0.2600000E+01 -0.1332918E+00  0.5803660E+00  0.9321377E-02  0.2169474E+01  0.6136904E+00 -0.6197550E+00  0.3055629E-02  0.1998750E+01 -0.1632894E+00  0.1329280E+01  0.3407446E+00 -0.4663963E+00  0.7943504E-01  0.6468979E+00 -0.5843699E-01 -0.1543762E+00 -0.4658994E-01  0.1224064E+01 -0.6617224E+00
-0.1987556E+00
 0.2650000E+01 -0.1033002E+00  0.6499633E+00 -0.5461120E-01  0.2279644E+01  0.6217244E+00 -0.6343225E+00 -0.4860166E-03  0.2107213E+01 -0.8248897E-01  0.1426933E+01  0.3243484E+00 -0.4958321E+00  0.6100085E-01  0.7210195E+00 -0.5232641E-01 -0.1626475E+00 -0.2758630E-01  0.1320320E+01 -0.5598505E+00
-0.2158447E+00
 0.2700000E+01 -0.7032072E-01  0.7233997E+00 -0.1166226E+00  0.2389901E+01  0.6166006E+00 -0.6528985E+00 -0.4010754E-02  0.2215814E+01  0.1005581E-02  0.1525408E+01  0.3008286E+00 -0.5294915E+00  0.4077807E-01  0.7986856E+00 -0.4496076E-01 -0.1731831E+00 -0.7693529E-02  0.1417646E+01 -0.4447347E+00
-0.2358917E+00
 0.2750000E+01 -0.3527844E-01  0.8003695E+00 -0.1745054E+00  0.2500222E+01  0.5984922E+00 -0.6754125E+00 -0.7394949E-02  0.2324518E+01  0.8446692E-01  0.1624525E+01  0.2707610E+00 -0.5673409E+00  0.1934245E-01  0.8795279E+00 -0.3651962E-01 -0.1861088E+00  0.1245024E-01  0.1515815E+01 -0.3191531E+00
-0.2590597E+00
 0.2800000E+01  0.8134207E-03  0.8805073E+00 -0.2261751E+00  0.2610587E+01  0.5678561E+00 -0.7017689E+00 -0.1051831E-01  0.2433299E+01  0.1651083E+00  0.1724137E+01  0.2348595E+00 -0.6093067E+00 -0.2676695E-02  0.9631479E+00 -0.2720786E-01 -0.2015739E+00  0.3218317E-01  0.1614642E+01 -0.1861066E+00
-0.2855290E+00
 0.2850000E+01  0.3688074E-01  0.9634181E+00 -0.2697503E+00  0.2720983E+01  0.5254167E+00 -0.7318455E+00 -0.1326844E-01  0.2542137E+01  0.2401828E+00  0.1824129E+01  0.1939543E+00 -0.6552703E+00 -0.2461395E-01  0.1049144E+01 -0.1725006E-01 -0.2197498E+00  0.5084274E-01  0.1713978E+01 -0.4873737E-01
-0.3154928E+00
 0.2900000E+01  0.7181968E-01  0.1048703E+01 -0.3036264E+00  0.2831401E+01  0.4721435E+00 -0.7654938E+00 -0.1554521E-01  0.2651018E+01  0.3070847E+00  0.1924406E+01  0.1489672E+00 -0.7050664E+00 -0.4578779E-01  0.1137133E+01 -0.6884602E-02 -0.2408268E+00  0.6778975E-01  0.1813707E+01  0.8975502E-01
-0.3491484E+00
 0.2950000E+01  0.1045313E+00  0.1135983E+01 -0.3265388E+00  0.2941832E+01  0.4092213E+00 -0.8025403E+00 -0.1726465E-01  0.2759930E+01  0.3634488E+00  0.2024895E+01  0.1008865E+00 -0.7584853E+00 -0.6552258E-01  0.1226768E+01  0.3642656E-02 -0.2650103E+00  0.8243222E-01  0.1913738E+01  0.2261974E+00
-0.3866862E+00
 0.3000000E+01  0.1339581E+00  0.1224909E+01 -0.3376152E+00  0.3052271E+01  0.3380177E+00 -0.8427894E+00 -0.1836237E-01  0.2868866E+01  0.4072431E+00  0.2125539E+01  0.5074022E-01 -0.8152781E+00 -0.8317170E-01  0.1317740E+01  0.1408485E-01 -0.2925144E+00  0.9424843E-01  0.2014000E+01  0.3575249E+00
-0.4282755E+00
 0.3050000E+01  0.1591220E+00  0.1315177E+01 -0.3364119E+00  0.3162714E+01  0.2600457E+00 -0.8860276E+00 -0.1879615E-01  0.2977819E+01  0.4368515E+00  0.2226296E+01 -0.4294557E-03 -0.8751668E+00 -0.9814102E-01  0.1409789E+01  0.2420048E-01 -0.3235541E+00  0.1028077E+00  0.2114438E+01  0.4808568E+00
-0.4740483E+00
 0.3100000E+01  0.1791607E+00  0.1406524E+01 -0.3229346E+00  0.3273160E+01  0.1769253E+00 -0.9320291E+00 -0.1854784E-01  0.3086786E+01  0.4511419E+00  0.2327131E+01 -0.5159060E-01 -0.9378546E+00 -0.1099116E+00  0.1502695E+01  0.3375962E-01 -0.3583345E+00  0.1077886E+00  0.2215011E+01  0.5935659E+00
-0.5240831E+00
 0.3150000E+01  0.1933622E+00  0.1498730E+01 -0.2976419E+00  0.3383607E+01  0.9034372E-01 -0.9805613E+00 -0.1762422E-01  0.3195762E+01  0.4495171E+00  0.2428022E+01 -0.1017440E+00 -0.1003038E+01 -0.1180606E+00  0.1596279E+01  0.4254958E-01 -0.3970385E+00  0.1089925E+00  0.2315685E+01  0.6933368E+00
-0.5783912E+00
 0.3200000E+01  0.2011954E+00  0.1591617E+01 -0.2614317E+00  0.3494055E+01  0.2016742E-02 -0.1031391E+01 -0.1605703E-01  0.3304745E+01  0.4319464E+00  0.2528953E+01 -0.1499431E+00 -0.1070418E+01 -0.1222798E+00  0.1690395E+01  0.5038002E-01 -0.4398123E+00  0.1063540E+00  0.2416437E+01  0.7782130E+00
-0.6369066E+00
 0.3250000E+01  0.2023346E+00  0.1685037E+01 -0.2156106E+00  0.3604503E+01 -0.8634870E-01 -0.1084291E+01 -0.1390191E-01  0.3413734E+01  0.3989752E+00  0.2629912E+01 -0.1953107E+00 -0.1139709E+01 -0.1223894E+00  0.1784927E+01  0.5708726E-01 -0.4867513E+00  0.9994510E-01  0.2517248E+01  0.8466311E+00
-0.6994831E+00
 0.3300000E+01  0.1966775E+00  0.1778875E+01 -0.1618468E+00  0.3714953E+01 -0.1730893E+00 -0.1139040E+01 -0.1123654E-01  0.3522727E+01  0.3517131E+00  0.2730891E+01 -0.2370535E+00 -0.1210644E+01 -0.1183492E+00  0.1879783E+01  0.6253763E-01 -0.5378861E+00  0.8997477E-01  0.2618103E+01  0.8974408E+00
-0.7658992E+00
 0.3350000E+01  0.1843553E+00  0.1873039E+01 -0.1021100E+00  0.3825403E+01 -0.2566169E+00 -0.1195436E+01 -0.8157864E-02  0.3631722E+01  0.2917996E+00  0.2831888E+01 -0.2744726E+00 -0.1282982E+01 -0.1102626E+00  0.1974891E+01  0.6662988E-01 -0.5931735E+00  0.7678330E-01  0.2718993E+01  0.9299121E+00
-0.8358693E+00
 0.3400000E+01  0.1657336E+00  0.1967457E+01 -0.3859855E-01  0.3935854E+01 -0.3354466E+00 -0.1253286E+01 -0.4778523E-02  0.3740720E+01  0.2213495E+00  0.2932898E+01 -0.3069714E+00 -0.1356509E+01 -0.9837710E-01  0.2070195E+01  0.6929640E-01 -0.6524920E+00  0.6083121E-01  0.2819908E+01  0.9437291E+00
-0.9090608E+00
 0.3450000E+01  0.1414051E+00  0.2062071E+01  0.2634188E-01  0.4046307E+01 -0.4082204E+00 -0.1312419E+01 -0.1222757E-02  0.3849719E+01  0.1428785E+00  0.3033920E+01 -0.3340613E+00 -0.1431035E+01 -0.8307798E-01  0.2165650E+01  0.7050349E-01 -0.7156444E+00  0.4268350E-01  0.2920844E+01  0.9389738E+00
-0.9851136E+00
 0.3500000E+01  0.1121728E+00  0.2156840E+01  0.9030581E-01  0.4156760E+01 -0.4737270E+00 -0.1372678E+01  0.2378225E-02  0.3958720E+01  0.5921352E-01  0.3134952E+01 -0.3553642E+00 -0.1506397E+01 -0.6487711E-01  0.2261222E+01  0.7025054E-01 -0.7823678E+00  0.2298972E-01  0.3021794E+01  0.9160991E+00
-0.1063659E+01
 0.3550000E+01  0.7902484E-01  0.2251727E+01  0.1509181E+00  0.4267213E+01 -0.5309175E+00 -0.1433925E+01  0.5891138E-02  0.4067721E+01 -0.2661022E-01  0.3235992E+01 -0.3706127E+00 -0.1582456E+01 -0.4439644E-01  0.2356885E+01  0.6856832E-01 -0.8523489E+00  0.2460527E-02  0.3122756E+01  0.8758962E+00
-0.1144338E+01
 0.3600000E+01  0.4310151E-01  0.2346708E+01  0.2059231E+00  0.4377667E+01 -0.5789166E+00 -0.1496035E+01  0.9185611E-02  0.4176723E+01 -0.1114612E+00  0.3337039E+01 -0.3796493E+00 -0.1659093E+01 -0.2234693E-01  0.2452618E+01  0.6551655E-01 -0.9252430E+00 -0.1815834E-01  0.3223727E+01  0.8194558E+00
-0.1226812E+01
 0.3650000E+01  0.5655984E-02  0.2441760E+01  0.2532698E+00  0.4488120E+01 -0.6170305E+00 -0.1558900E+01  0.1213909E-01  0.4285726E+01 -0.1922281E+00  0.3438090E+01 -0.3824229E+00 -0.1736209E+01  0.4963114E-03  0.2548405E+01  0.6118084E-01 -0.1000694E+01 -0.3811365E-01  0.3324704E+01  0.7481271E+00
-0.1310772E+01
 0.3700000E+01 -0.3199033E-01  0.2536869E+01  0.2911893E+00  0.4598572E+01 -0.6447504E+00 -0.1622421E+01  0.1464148E-01  0.4394729E+01 -0.2659360E+00  0.3539144E+01 -0.3789840E+00 -0.1813720E+01  0.2332184E-01  0.2644234E+01  0.5566922E-01 -0.1078349E+01 -0.5667279E-01  0.3425686E+01  0.6634751E+00
-0.1395944E+01
 0.3750000E+01 -0.6849564E-01  0.2632021E+01  0.3182617E+00  0.4709024E+01 -0.6617534E+00 -0.1686514E+01  0.1659928E-01  0.4503732E+01 -0.3298589E+00  0.3640198E+01 -0.3694796E+00 -0.1891554E+01  0.4531149E-01  0.2740095E+01  0.4910849E-01 -0.1157879E+01 -0.7315134E-01  0.3526672E+01  0.5672378E+00
-0.1482094E+01
 0.3800000E+01 -0.1025473E+00  0.2727205E+01  0.3334704E+00  0.4819474E+01 -0.6678998E+00 -0.1751101E+01  0.1793914E-01  0.4612736E+01 -0.3816230E+00  0.3741250E+01 -0.3541460E+00 -0.1969655E+01  0.6567066E-01  0.2835982E+01  0.4164042E-01 -0.1238979E+01 -0.8693895E-01  0.3627661E+01  0.4612850E+00
-0.1569021E+01
 0.3850000E+01 -0.1329108E+00  0.2822415E+01  0.3362407E+00  0.4929924E+01 -0.6632278E+00 -0.1816116E+01  0.1861070E-01  0.4721740E+01 -0.4192973E+00  0.3842301E+01 -0.3333017E+00 -0.2047971E+01  0.8365815E-01  0.2931887E+01  0.3341802E-01 -0.1321381E+01 -0.9752261E-01  0.3728652E+01  0.3475784E+00
-0.1656559E+01
 0.3900000E+01 -0.1584766E+00  0.2917643E+01  0.3264623E+00  0.5040372E+01 -0.6479457E+00 -0.1881498E+01  0.1858845E-01  0.4830743E+01 -0.4414681E+00  0.3943347E+01 -0.3073390E+00 -0.2126464E+01  0.9861428E-01  0.3027806E+01  0.2460195E-01 -0.1404851E+01 -0.1045064E+00  0.3829644E+01  0.2281349E+00
-0.1744575E+01
 0.3950000E+01 -0.1783027E+00  0.3012886E+01  0.3044941E+00  0.5150820E+01 -0.6224226E+00 -0.1947192E+01  0.1787282E-01  0.4939747E+01 -0.4472937E+00  0.4044391E+01 -0.2767159E+00 -0.2205099E+01  0.1099862E+00  0.3123736E+01  0.1535717E-01 -0.1489192E+01 -0.1076267E+00  0.3930637E+01  0.1049914E+00
-0.1832962E+01
 0.4000000E+01 -0.1916514E+00  0.3108138E+01  0.2711511E+00  0.5261267E+01 -0.5871763E+00 -0.2013152E+01  0.1649014E-01  0.5048751E+01 -0.4365383E+00  0.4145431E+01 -0.2419470E+00 -0.2283849E+01  0.1173496E+00  0.3219675E+01  0.5849759E-02 -0.1574236E+01 -0.1067628E+00  0.4031631E+01 -0.1982639E-01
-0.1921638E+01
 0.4050000E+01 -0.1980180E+00  0.3203398E+01  0.2276750E+00  0.5371714E+01 -0.5428607E+00 -0.2079334E+01  0.1449170E-01  0.5157755E+01 -0.4095828E+00  0.4246467E+01 -0.2035944E+00 -0.2362691E+01  0.1204251E+00  0.3315619E+01 -0.3755868E-02 -0.1659845E+01 -0.1019419E+00  0.4132626E+01 -0.1443331E+00
-0.2010542E+01
 0.4100000E+01 -0.1971522E+00  0.3298663E+01  0.1756874E+00  0.5482160E+01 -0.4902512E+00 -0.2145702E+01  0.1195190E-01  0.5266759E+01 -0.3674125E+00  0.4347501E+01 -0.1622589E+00 -0.2441606E+01  0.1190901E+00  0.3411568E+01 -0.1329954E-01 -0.1745909E+01 -0.9333833E-01  0.4233621E+01 -0.2666095E+00
-0.2099627E+01
 0.4150000E+01 -0.1890688E+00  0.3393931E+01  0.1171297E+00  0.5592606E+01 -0.4302299E+00 -0.2212222E+01  0.8965431E-02  0.5375763E+01 -0.3115816E+00  0.4448534E+01 -0.1185704E+00 -0.2520579E+01  0.1133843E+00  0.3507521E+01 -0.2262758E-01 -0.1832334E+01 -0.8126796E-01  0.4334616E+01 -0.3848258E+00
-0.2188862E+01
 0.4200000E+01 -0.1740488E+00  0.3489203E+01  0.5419056E-01  0.5703053E+01 -0.3637696E+00 -0.2278867E+01  0.5643794E-02  0.5484767E+01 -0.2441564E+00  0.4549565E+01 -0.7317908E-01 -0.2599599E+01  0.1035092E+00  0.3603476E+01 -0.3159473E-01 -0.1919047E+01 -0.6617632E-01  0.4435611E+01 -0.4972625E+00
-0.2278224E+01
 0.4250000E+01 -0.1526309E+00  0.3584476E+01 -0.1077626E-01  0.5813499E+01 -0.2919174E+00 -0.2345613E+01  0.2111097E-02  0.5593771E+01 -0.1676392E+00  0.4650596E+01 -0.2674653E-01 -0.2678656E+01  0.8982097E-01  0.3699433E+01 -0.4006586E-01 -0.2005989E+01 -0.4862245E-01  0.4536606E+01 -0.6023280E+00
-0.2367700E+01
 0.4300000E+01 -0.1255923E+00  0.3679751E+01 -0.7533978E-01  0.5923945E+01 -0.2157784E+00 -0.2412440E+01 -0.1500570E-02  0.5702775E+01 -0.8487518E-01  0.4751626E+01  0.2006332E-01 -0.2757742E+01  0.7281870E-01  0.3795392E+01 -0.4791741E-01 -0.2093112E+01 -0.2925811E-01  0.4637602E+01 -0.6985744E+00
-0.2457279E+01
 0.4350000E+01 -0.9392136E-01  0.3775028E+01 -0.1370831E+00  0.6034391E+01 -0.1444081E+00 -0.2479171E+01 -0.5056090E-02  0.5811779E+01  0.1053474E-02  0.4852656E+01  0.7460279E-01 -0.2829416E+01  0.5312574E-01  0.3891352E+01 -0.5495585E-01 -0.2180339E+01 -0.8803607E-02  0.4738598E+01 -0.8312665E+00
-0.2560874E+01
 0.4400000E+01 -0.5878097E-01  0.3870306E+01 -0.1936939E+00  0.6144837E+01 -0.7137391E-01 -0.2545596E+01 -0.8422384E-02  0.5920783E+01  0.8694283E-01  0.4953687E+01  0.1311762E+00 -0.2899677E+01  0.3146714E-01  0.3987313E+01 -0.6115815E-01 -0.2267657E+01  0.1197912E-01  0.4839593E+01 -0.9593302E+00
-0.2666448E+01
 0.4450000E+01 -0.2146631E-01  0.3965585E+01 -0.2430517E+00  0.6255283E+01  0.2609957E-02 -0.2611769E+01 -0.1147340E-01  0.6029787E+01  0.1695871E+00  0.5054717E+01  0.1872892E+00 -0.2969521E+01  0.8642852E-02  0.4083275E+01 -0.6645338E-01 -0.2355042E+01  0.3231498E-01  0.4940589E+01 -0.1077753E+01
-0.2772835E+01
 0.4500000E+01  0.1664335E-01  0.4060865E+01 -0.2833066E+00  0.6365729E+01  0.7655503E-01 -0.2677698E+01 -0.1409486E-01  0.6138791E+01  0.2458986E+00  0.5155748E+01  0.2416108E+00 -0.3039229E+01 -0.1450196E-01  0.4179238E+01 -0.7078016E-01 -0.2442467E+01  0.5144477E-01  0.5041585E+01 -0.1184047E+01
-0.2879602E+01
 0.4550000E+01  0.5413593E-01  0.4156146E+01 -0.3129497E+00  0.6476175E+01  0.1494554E+00 -0.2743393E+01 -0.1618851E-01  0.6247795E+01  0.3130243E+00  0.5256778E+01  0.2931510E+00 -0.3108898E+01 -0.3710842E-01  0.4275201E+01 -0.7409244E-01 -0.2529897E+01  0.6865364E-01  0.5142581E+01 -0.1276150E+01
-0.2986540E+01
 0.4600000E+01  0.8961929E-01  0.4251427E+01 -0.3308692E+00  0.6586621E+01  0.2203266E+00 -0.2808890E+01 -0.1767588E-01  0.6356799E+01  0.3684521E+00  0.5357807E+01  0.3410839E+00 -0.3178562E+01 -0.5833604E-01  0.4371164E+01 -0.7636120E-01 -0.2617292E+01  0.8329796E-01  0.5243577E+01 -0.1352330E+01
-0.3093581E+01
 0.4650000E+01  0.1217734E+00  0.4346708E+01 -0.3363924E+00  0.6697066E+01  0.2882187E+00 -0.2874247E+01 -0.1850117E-01  0.6465803E+01  0.4101061E+00  0.5458836E+01  0.3846955E+00 -0.3248235E+01 -0.7739426E-01  0.4467128E+01 -0.7757465E-01 -0.2704603E+01  0.9482955E-01  0.5344573E+01 -0.1411259E+01
-0.3200710E+01
 0.4700000E+01  0.1493999E+00  0.4441990E+01 -0.3293114E+00  0.6807511E+01  0.3522263E+00 -0.2939526E+01 -0.1863338E-01  0.6574808E+01  0.4364246E+00  0.5559863E+01  0.4233663E+00 -0.3317921E+01 -0.9357215E-01  0.4563091E+01 -0.7773626E-01 -0.2791798E+01  0.1028163E+00  0.5445569E+01 -0.1451999E+01
-0.3307926E+01
 0.4750000E+01  0.1714674E+00  0.4537271E+01 -0.3098902E+00  0.6917956E+01  0.4133519E+00 -0.3004646E+01 -0.1806749E-01  0.6683812E+01  0.4464191E+00  0.5660890E+01  0.4580937E+00 -0.3387926E+01 -0.1062652E+00  0.4659055E+01 -0.7720243E-01 -0.2878532E+01  0.1069585E+00  0.5546565E+01 -0.1480096E+01
-0.3414008E+01
 0.4800000E+01  0.1871503E+00  0.4632552E+01 -0.2788559E+00  0.7028401E+01  0.4722379E+00 -0.3069687E+01 -0.1682463E-01  0.6792816E+01  0.4397115E+00  0.5761916E+01  0.4885901E+00 -0.3458286E+01 -0.1149983E+00  0.4755019E+01 -0.7625363E-01 -0.2964893E+01  0.1071001E+00  0.5647561E+01 -0.1494446E+01
-0.3518101E+01
 0.4850000E+01  0.1958601E+00  0.4727833E+01 -0.2373706E+00  0.7138846E+01  0.5301313E+00 -0.3134708E+01 -0.1495132E-01  0.6901820E+01  0.4165492E+00  0.5862941E+01  0.5143785E+00 -0.3528935E+01 -0.1194435E+00  0.4850983E+01 -0.7526740E-01 -0.3051055E+01  0.1032349E+00  0.5748557E+01 -0.1493033E+01
-0.3620288E+01
 0.4900000E+01  0.1972680E+00  0.4823113E+01 -0.1869886E+00  0.7249291E+01  0.5884702E+00 -0.3199739E+01 -0.1251771E-01  0.7010824E+01  0.3777959E+00  0.5963966E+01  0.5347821E+00 -0.3599760E+01 -0.1194327E+00  0.4946946E+01 -0.7463096E-01 -0.3137202E+01  0.9550656E-01  0.5849553E+01 -0.1474159E+01
-0.3721320E+01
 0.4950000E+01  0.1913178E+00  0.4918394E+01 -0.1295979E+00  0.7359735E+01  0.6478179E+00 -0.3264749E+01 -0.9614974E-02  0.7119828E+01  0.3248994E+00  0.6064990E+01  0.5490711E+00 -0.3670678E+01 -0.1149643E+00  0.5042910E+01 -0.7453307E-01 -0.3223539E+01  0.8420360E-01  0.5950548E+01 -0.1437012E+01
-0.3821861E+01
 0.5000000E+01  0.1782279E+00  0.5013674E+01 -0.6734929E-01  0.7470180E+01  0.7069309E+00 -0.3329646E+01 -0.6351866E-02  0.7228832E+01  0.2598380E+00  0.6166014E+01  0.5566733E+00 -0.3741647E+01 -0.1062031E+00  0.5138874E+01 -0.7482315E-01 -0.3310308E+01  0.6974847E-01  0.6051544E+01 -0.1381613E+01
-0.3922257E+01
