 0.1500000E-01 -0.1089202E-04 -0.7104564E-05
 0.1512500E-01  0.1231707E-06 -0.1300134E-04
 0.1525000E-01  0.1104036E-04 -0.6903578E-05
 0.1537500E-01  0.1179884E-04  0.5591742E-05
 0.1550000E-01  0.1678357E-05  0.1298463E-04
 0.1562500E-01 -0.1002168E-04  0.8454902E-05
 0.1575000E-01 -0.1253096E-04 -0.3847868E-05
 0.1587500E-01 -0.3526198E-05 -0.1260799E-04
 0.1600000E-01  0.8714718E-05 -0.9754455E-05
 0.1612500E-01  0.1291981E-04  0.2099453E-05
 0.1625000E-01  0.5200693E-05  0.1204537E-04
 0.1637500E-01 -0.7353244E-05  0.1091374E-04
 0.1650000E-01 -0.1318634E-04 -0.2769358E-06
 0.1662500E-01 -0.6913105E-05 -0.1124084E-04
 0.1675000E-01  0.5710668E-05 -0.1188331E-04
 0.1687500E-01  0.1307062E-04 -0.1599303E-05
 0.1700000E-01  0.8381895E-05  0.1015325E-04
 0.1712500E-01 -0.4053126E-05  0.1254826E-04
 0.1725000E-01 -0.1278900E-04  0.3361259E-05
 0.1737500E-01 -0.9767722E-05 -0.8966820E-05
 0.1750000E-01  0.2253018E-05 -0.1308642E-04
 0.1762500E-01  0.1222127E-04 -0.5188590E-05
 0.1775000E-01  0.1095656E-04  0.7473585E-05
 0.1787500E-01 -0.3907482E-06  0.1324688E-04
 0.1800000E-01 -0.1138147E-04  0.6804284E-05
 0.1812500E-01 -0.1188745E-04 -0.5937391E-05
 0.1825000E-01 -0.1421423E-05 -0.1324831E-04
 0.1837500E-01  0.1039738E-04 -0.8380268E-05
 0.1850000E-01  0.1268617E-04  0.4208617E-05
 0.1862500E-01  0.3320715E-05  0.1294083E-04
 0.1875000E-01 -0.9092788E-05  0.9771259E-05
 0.1887500E-01 -0.1312645E-04 -0.2396332E-05
 0.1900000E-01 -0.5052236E-05 -0.1236510E-04
 0.1912500E-01  0.7710740E-05 -0.1094455E-04
 0.1925000E-01  0.1341076E-04  0.5803032E-06
 0.1937500E-01  0.6780889E-05  0.1161412E-04
 0.1950000E-01 -0.6098075E-05  0.1199457E-04
 0.1962500E-01 -0.1337875E-04  0.1353797E-05
 0.1975000E-01 -0.8349883E-05 -0.1052561E-04
 0.1987500E-01  0.4372884E-05 -0.1270383E-04
 0.2000000E-01  0.1307884E-04 -0.3158736E-05
 0.2012500E-01  0.9736980E-05  0.9335778E-05
 0.2025000E-01 -0.2599787E-05  0.1327276E-04
 0.2037500E-01 -0.1258705E-04  0.5006880E-05
 0.2050000E-01 -0.1102386E-04 -0.7873741E-05
 0.2062500E-01  0.6682948E-06 -0.1351718E-04
 0.2075000E-01  0.1173607E-04 -0.6717215E-05
 0.2087500E-01  0.1198305E-04  0.6279368E-05
 0.2100000E-01  0.1163033E-05  0.1350674E-04
 0.2112500E-01 -0.1077551E-04  0.8292156E-05
 0.2125000E-01 -0.1283520E-04 -0.4587963E-05
 0.2137500E-01 -0.3098023E-05 -0.1328718E-04
 0.2150000E-01  0.9491556E-05 -0.9788509E-05
 0.2162500E-01  0.1334618E-04  0.2704088E-05
 0.2175000E-01  0.4904325E-05  0.1269697E-04
 0.2187500E-01 -0.8074794E-05  0.1097929E-04
 0.2200000E-01 -0.1363833E-04 -0.8883769E-06
 0.2212500E-01 -0.6642713E-05 -0.1199214E-04
 0.2225000E-01  0.6495984E-05 -0.1210121E-04
 0.2237500E-01  0.1369115E-04 -0.1093177E-05
 0.2250000E-01  0.8308799E-05  0.1091487E-04
 0.2262500E-01 -0.4711851E-05  0.1286709E-04
 0.2275000E-01 -0.1338723E-04  0.2951126E-05
 0.2287500E-01 -0.9715395E-05 -0.9715793E-05
 0.2300000E-01  0.2945719E-05 -0.1346543E-04
 0.2312500E-01  0.1295071E-04 -0.4822232E-05
 0.2325000E-01  0.1107877E-04  0.8280098E-05
 0.2337500E-01 -0.9681654E-06  0.1378577E-04
 0.2350000E-01 -0.1211315E-04  0.6614458E-05
 0.2362500E-01 -0.1209059E-04 -0.6646345E-05
 0.2375000E-01 -0.9038792E-06 -0.1378814E-04
 0.2387500E-01  0.1115903E-04 -0.8217139E-05
 0.2400000E-01  0.1298357E-04  0.4961416E-05
 0.2412500E-01  0.2865447E-05  0.1362438E-04
 0.2425000E-01 -0.9901998E-05  0.9785037E-05
 0.2437500E-01 -0.1356798E-04 -0.3042305E-05
 0.2450000E-01 -0.4743931E-05 -0.1305828E-04
 0.2462500E-01  0.8459770E-05 -0.1103225E-04
 0.2475000E-01  0.1388356E-04  0.1190115E-05
 0.2487500E-01  0.6512239E-05  0.1236646E-04
 0.2500000E-01 -0.6891864E-05  0.1219639E-04
 0.2512500E-01 -0.1399605E-04  0.8116721E-06
 0.2525000E-01 -0.8247213E-05 -0.1132565E-04
 0.2537500E-01  0.5080935E-05 -0.1304107E-04
 0.2550000E-01  0.1372380E-04 -0.2739754E-05
 0.2562500E-01  0.9710536E-05  0.1010656E-04
 0.2575000E-01 -0.3285395E-05  0.1366402E-04
 0.2587500E-01 -0.1330829E-04  0.4633289E-05
 0.2600000E-01 -0.1111788E-04 -0.8695043E-05
 0.2612500E-01  0.1293666E-05 -0.1405556E-04
 0.2625000E-01  0.1251562E-04 -0.6498962E-05
 0.2637500E-01  0.1221206E-04  0.7035077E-05
 0.2650000E-01  0.6449421E-06  0.1408814E-04
 0.2662500E-01 -0.1154724E-04  0.8149029E-05
 0.2675000E-01 -0.1312981E-04 -0.5336988E-05
 0.2687500E-01 -0.2619994E-05 -0.1396150E-04
 0.2700000E-01  0.1032854E-04 -0.9770040E-05
 0.2712500E-01  0.1379708E-04  0.3401969E-05
 0.2725000E-01  0.4576673E-05  0.1343980E-04
 0.2737500E-01 -0.8859330E-05  0.1109336E-04
 0.2750000E-01 -0.1413852E-04 -0.1496399E-05
 0.2762500E-01 -0.6379240E-05 -0.1274797E-04
 0.2775000E-01  0.7298099E-05 -0.1228995E-04
 0.2787500E-01  0.1430711E-04 -0.5173732E-06
 0.2800000E-01  0.8179223E-05  0.1175133E-04
 0.2812500E-01 -0.5465794E-05  0.1321993E-04
 0.2825000E-01 -0.1407337E-04  0.2519247E-05
 0.2837500E-01 -0.9705789E-05 -0.1051253E-04
 0.2850000E-01  0.3636840E-05 -0.1387103E-04
 0.2862500E-01  0.1367832E-04 -0.4439891E-05
 0.2875000E-01  0.1115907E-04  0.9121208E-05
 0.2887500E-01 -0.1628170E-05  0.1433074E-04
 0.2900000E-01 -0.1292779E-04  0.6375696E-05
 0.2912500E-01 -0.1233194E-04 -0.7439876E-05
 0.2925000E-01 -0.3706630E-06 -0.1439966E-04
 0.2937500E-01  0.1195514E-04 -0.8078680E-05
 0.2950000E-01  0.1328727E-04  0.5725751E-05
 0.2962500E-01  0.2372722E-05  0.1431056E-04
 0.2975000E-01 -0.1076211E-04  0.9755398E-05
 0.2987500E-01 -0.1402545E-04 -0.3771737E-05
 0.3000000E-01 -0.4394891E-05 -0.1383017E-04
 0.3012500E-01  0.9280573E-05 -0.1115049E-04
 0.3025000E-01  0.1440883E-04  0.1820312E-05
 0.3037500E-01  0.6247143E-05  0.1314992E-04
 0.3050000E-01 -0.7713258E-05  0.1239406E-04
 0.3062500E-01 -0.1462382E-04  0.2208469E-06
 0.3075000E-01 -0.8104151E-05 -0.1218252E-04
 0.3087500E-01  0.5867435E-05 -0.1339437E-04
 0.3100000E-01  0.1443646E-04 -0.2279736E-05
 0.3112500E-01  0.9700113E-05  0.1094360E-04
 0.3125000E-01 -0.4002748E-05  0.1409512E-04
 0.3137500E-01 -0.1406405E-04  0.4248440E-05
 0.3150000E-01 -0.1120456E-04 -0.9554205E-05
 0.3162500E-01  0.1971306E-05 -0.1460757E-04
 0.3175000E-01  0.1335063E-04 -0.6240051E-05
 0.3187500E-01  0.1245119E-04  0.7866662E-05
 0.3200000E-01  0.8089034E-07  0.1472910E-04
 0.3212500E-01 -0.1238387E-04  0.8011716E-05
 0.3225000E-01 -0.1345693E-04 -0.6123418E-05
 0.3237500E-01 -0.2123364E-05 -0.1466794E-04
 0.3250000E-01  0.1120429E-04 -0.9736839E-05
 0.3262500E-01  0.1425496E-04  0.4157314E-05
 0.3275000E-01  0.4199524E-05  0.1423615E-04
 0.3287500E-01 -0.9723754E-05  0.1121024E-04
 0.3300000E-01 -0.1469505E-04 -0.2156220E-05
 0.3312500E-01 -0.6115570E-05 -0.1356723E-04
 0.3325000E-01  0.8139014E-05 -0.1250280E-04
 0.3337500E-01  0.1494808E-04  0.8604113E-07
 0.3350000E-01  0.8022185E-05  0.1262957E-04
 0.3362500E-01 -0.6288820E-05  0.1357547E-04
 0.3375000E-01 -0.1481915E-04  0.2030938E-05
 0.3387500E-01 -0.9701309E-05 -0.1139296E-04
 0.3400000E-01  0.4375503E-05 -0.1433251E-04
 0.3412500E-01  0.1445933E-04 -0.4057316E-05
 0.3425000E-01  0.1125001E-04  0.9994605E-05
 0.3437500E-01 -0.2325728E-05  0.1488617E-04
 0.3450000E-01 -0.1378499E-04  0.6092025E-05
 0.3462500E-01 -0.1256839E-04 -0.8314951E-05
 0.3475000E-01  0.2282462E-06 -0.1507410E-04
 0.3487500E-01  0.1283873E-04 -0.7942119E-05
 0.3500000E-01  0.1364314E-04  0.6540583E-05
 0.3512500E-01  0.1872468E-05  0.1504786E-04
 0.3525000E-01 -0.1166002E-04  0.9729395E-05
 0.3537500E-01 -0.1449536E-04 -0.4546277E-05
 0.3550000E-01 -0.4002249E-05 -0.1464997E-04
 0.3562500E-01  0.1017877E-04 -0.1126891E-04
 0.3575000E-01  0.1499057E-04  0.2506738E-05
 0.3587500E-01  0.5980470E-05  0.1400485E-04
 0.3600000E-01 -0.8580112E-05  0.1262503E-04
 0.3612500E-01 -0.1528874E-04 -0.3919189E-06
 0.3625000E-01 -0.7947583E-05 -0.1308209E-04
 0.3637500E-01  0.6711946E-05 -0.1375700E-04
 0.3650000E-01  0.1520280E-04 -0.1771455E-05
 0.3662500E-01  0.9692034E-05  0.1185887E-04
 0.3675000E-01 -0.4771917E-05  0.1458027E-04
 0.3687500E-01 -0.1488268E-04  0.3861673E-05
 0.3700000E-01 -0.1131585E-04 -0.1045289E-04
 0.3712500E-01  0.2673733E-05 -0.1518622E-04
 0.3725000E-01  0.1422401E-04 -0.5958589E-05
 0.3737500E-01  0.1269287E-04  0.8760311E-05
 0.3750000E-01 -0.5359830E-06  0.1542652E-04
 0.3762500E-01 -0.1330455E-04  0.7885500E-05
 0.3775000E-01 -0.1385781E-04 -0.6947061E-05
 0.3787500E-01 -0.1669494E-05 -0.1543264E-04
 0.3800000E-01  0.1205651E-04 -0.9760443E-05
 0.3812500E-01  0.1468994E-04  0.4849717E-05
 0.3825000E-01  0.3809467E-05  0.1493849E-04
 0.3837500E-01 -0.1054957E-04  0.1119983E-04
 0.3850000E-01 -0.1512528E-04 -0.2930446E-05
 0.3862500E-01 -0.5654255E-05 -0.1441488E-04
 0.3875000E-01  0.9170973E-05 -0.1261581E-04
 0.3887500E-01  0.1568075E-04  0.8836795E-06
 0.3900000E-01  0.7819631E-05  0.1369874E-04
 0.3912500E-01 -0.7243783E-05  0.1402451E-04
 0.3925000E-01 -0.1567885E-04  0.1518514E-05
 0.3937500E-01 -0.9714111E-05 -0.1234654E-04
 0.3950000E-01  0.5186192E-05 -0.1481414E-04
 0.3962500E-01  0.1531666E-04 -0.3587476E-05
 0.3975000E-01  0.1132776E-04  0.1102860E-04
 0.3987500E-01 -0.3157142E-05  0.1558330E-04
 0.4000000E-01 -0.1484894E-04  0.5852917E-05
 0.4012500E-01 -0.1300434E-04 -0.9255703E-05
 0.4025000E-01  0.6845424E-06 -0.1588219E-04
 0.4037500E-01  0.1363360E-04 -0.7963033E-05
 0.4050000E-01  0.1394203E-04  0.7178798E-05
 0.4062500E-01  0.1355574E-05  0.1556617E-04
 0.4075000E-01 -0.1248362E-04  0.9442501E-05
 0.4087500E-01 -0.1475188E-04 -0.5562524E-05
 0.4100000E-01 -0.3272392E-05 -0.1559242E-04
 0.4112500E-01  0.1144232E-04 -0.1132217E-04
 0.4125000E-01  0.1584111E-04  0.3424759E-05
 0.4137500E-01  0.5814576E-05  0.1515321E-04
 0.4150000E-01 -0.9487859E-05  0.1309536E-04
 0.4162500E-01 -0.1604364E-04 -0.8682287E-06
 0.4175000E-01 -0.7851462E-05 -0.1391086E-04
 0.4187500E-01  0.7531864E-05 -0.1404482E-04
 0.4200000E-01  0.1592791E-04 -0.1157144E-05
 0.4212500E-01  0.9583996E-05  0.1287008E-04
 0.4225000E-01 -0.5674587E-05  0.1508829E-04
 0.4237500E-01 -0.1578859E-04  0.3414562E-05
 0.4250000E-01 -0.1140779E-04 -0.1142421E-04
 0.4262500E-01  0.3476667E-05 -0.1574872E-04
 0.4275000E-01  0.1517526E-04 -0.5529255E-05
 0.4287500E-01  0.1288977E-04  0.9874352E-05
 0.4300000E-01 -0.1331103E-05  0.1630228E-04
 0.4312500E-01 -0.1445121E-04  0.7826879E-05
 0.4325000E-01 -0.1443553E-04 -0.7772821E-05
 0.4337500E-01 -0.1341731E-05 -0.1615854E-04
 0.4350000E-01  0.1271305E-04 -0.9644482E-05
 0.4362500E-01  0.1471001E-04  0.5692890E-05
 0.4375000E-01  0.2753866E-05  0.1558264E-04
 0.4387500E-01 -0.1212319E-04  0.1071185E-04
 0.4400000E-01 -0.1608013E-04 -0.4640112E-05
 0.4412500E-01 -0.5224128E-05 -0.1646482E-04
 0.4425000E-01  0.1074283E-04 -0.1387351E-04
 0.4437500E-01  0.1738221E-04  0.8731565E-06
 0.4450000E-01  0.8767605E-05  0.1440180E-04
 0.4462500E-01 -0.7061287E-05  0.1449279E-04
 0.4475000E-01 -0.1548338E-04  0.1312446E-05
 0.4487500E-01 -0.8755448E-05 -0.1273418E-04
 0.4500000E-01  0.6832884E-05 -0.1442625E-04
 0.4512500E-01  0.1671809E-04 -0.1937041E-05
 0.4525000E-01  0.1147276E-04  0.1341498E-04
 0.4537500E-01 -0.4458812E-05  0.1752410E-04
 0.4550000E-01 -0.1676069E-04  0.6471241E-05
 0.4562500E-01 -0.1434575E-04 -0.9817227E-05
 0.4575000E-01  0.4627082E-06 -0.1662163E-04
 0.4587500E-01  0.1403486E-04 -0.7906780E-05
 0.4600000E-01  0.1391675E-04  0.8147197E-05
 0.4612500E-01  0.2419341E-06  0.1665146E-04
 0.4625000E-01 -0.1440743E-04  0.9668287E-05
 0.4637500E-01 -0.1656349E-04 -0.6520067E-05
 0.4650000E-01 -0.4232725E-05 -0.1720893E-04
 0.4662500E-01  0.1130847E-04 -0.1279760E-04
 0.4675000E-01  0.1592678E-04  0.2403097E-05
 0.4687500E-01  0.5660896E-05  0.1418840E-04
 0.4700000E-01 -0.9640143E-05  0.1160029E-04
 0.4712500E-01 -0.1543220E-04 -0.2921941E-05
 0.4725000E-01 -0.5953493E-05 -0.1575521E-04
 0.4737500E-01  0.1036798E-04 -0.1465964E-04
 0.4750000E-01  0.1859826E-04 -0.1328173E-06
 0.4762500E-01  0.1103482E-04  0.1493212E-04
 0.4775000E-01 -0.5644584E-05  0.1701902E-04
 0.4787500E-01 -0.1643435E-04  0.4391899E-05
 0.4800000E-01 -0.1172910E-04 -0.1128608E-04
 0.4812500E-01  0.3879711E-05 -0.1563573E-04
 0.4825000E-01  0.1583647E-04 -0.4747373E-05
 0.4837500E-01  0.1300765E-04  0.1125226E-04
 0.4850000E-01 -0.2083402E-05  0.1754038E-04
 0.4862500E-01 -0.1559390E-04  0.8258837E-05
 0.4875000E-01 -0.1512927E-04 -0.8080700E-05
 0.4887500E-01 -0.1188700E-05 -0.1643745E-04
 0.4900000E-01  0.1326541E-04 -0.9121941E-05
 0.4912500E-01  0.1474388E-04  0.7071691E-05
 0.4925000E-01  0.1694626E-05  0.1707919E-04
 0.4937500E-01 -0.1400115E-04  0.1143760E-04
 0.4950000E-01 -0.1791976E-04 -0.4950989E-05
 0.4962500E-01 -0.6379168E-05 -0.1726307E-04
 0.4975000E-01  0.1011767E-04 -0.1436168E-04
 0.4987500E-01  0.1649207E-04  0.9311043E-06
 0.5000000E-01  0.6955277E-05  0.1436971E-04
 0.5012500E-01 -0.9613305E-05  0.1334492E-04
 0.5025000E-01 -0.1775212E-04 -0.1504198E-05
 0.5037500E-01 -0.9580123E-05 -0.1680053E-04
 0.5050000E-01  0.7950986E-05 -0.1862250E-04
 0.5062500E-01  0.1937677E-04 -0.5213315E-05
 0.5075000E-01  0.1482298E-04  0.1144330E-04
 0.5087500E-01 -0.1038683E-05  0.1661361E-04
 0.5100000E-01 -0.1337765E-04  0.6272728E-05
 0.5112500E-01 -0.1087230E-04 -0.9315206E-05
 0.5125000E-01  0.3915996E-05 -0.1514666E-04
 0.5137500E-01  0.1698097E-04 -0.5338550E-05
 0.5150000E-01  0.1583654E-04  0.1146252E-04
 0.5162500E-01  0.1041977E-05  0.2007636E-04
 0.5175000E-01 -0.1432844E-04  0.1278877E-04
 0.5187500E-01 -0.1675628E-04 -0.3567704E-05
 0.5200000E-01 -0.4730216E-05 -0.1397449E-04
 0.5212500E-01  0.9924851E-05 -0.9136755E-05
 0.5225000E-01  0.1306436E-04  0.5924789E-05
 0.5237500E-01  0.1393606E-05  0.1655787E-04
 0.5250000E-01 -0.1441213E-04  0.1212248E-04
 0.5262500E-01 -0.1956590E-04 -0.4030610E-05
 0.5275000E-01 -0.8923468E-05 -0.1752482E-04
 0.5287500E-01  0.8102817E-05 -0.1619892E-04
 0.5300000E-01  0.1609318E-04 -0.1424817E-05
 0.5312500E-01  0.7824785E-05  0.1299528E-04
 0.5325000E-01 -0.8956883E-05  0.1343469E-04
 0.5337500E-01 -0.1850799E-04 -0.9952691E-06
 0.5350000E-01 -0.1146942E-04 -0.1750127E-04
 0.5362500E-01  0.6526333E-05 -0.2121303E-04
 0.5375000E-01  0.1995045E-04 -0.8723102E-05
 0.5387500E-01  0.1752106E-04  0.8861050E-05
 0.5400000E-01  0.2413880E-05  0.1615156E-04
 0.5412500E-01 -0.1083169E-04  0.7580919E-05
 0.5425000E-01 -0.9837189E-05 -0.7611389E-05
 0.5437500E-01  0.4147145E-05 -0.1408907E-04
 0.5450000E-01  0.1742936E-04 -0.4771466E-05
 0.5462500E-01  0.1663948E-04  0.1245348E-04
 0.5475000E-01  0.1280922E-05  0.2191009E-04
 0.5487500E-01 -0.1557254E-04  0.1463245E-04
 0.5500000E-01 -0.1916700E-04 -0.3204138E-05
 0.5512500E-01 -0.6640722E-05 -0.1576917E-04
 0.5525000E-01  0.1024918E-04 -0.1201815E-04
 0.5537500E-01  0.1583524E-04  0.4172036E-05
 0.5550000E-01  0.4893210E-05  0.1753709E-04
 0.5562500E-01 -0.1255883E-04  0.1543775E-04
 0.5575000E-01 -0.2046980E-04 -0.5098123E-06
 0.5587500E-01 -0.1153917E-04 -0.1590194E-04
 0.5600000E-01  0.6025005E-05 -0.1680146E-04
 0.5612500E-01  0.1602423E-04 -0.2601755E-05
 0.5625000E-01  0.9179953E-05  0.1335450E-04
 0.5637500E-01 -0.8281013E-05  0.1600934E-04
 0.5650000E-01 -0.2029432E-04  0.2440455E-05
 0.5662500E-01 -0.1569160E-04 -0.1542770E-04
 0.5675000E-01  0.1558945E-05 -0.2177177E-04
 0.5687500E-01  0.1605266E-04 -0.1140267E-04
 0.5700000E-01  0.1519288E-04  0.5524009E-05
 0.5712500E-01  0.8313895E-06  0.1299279E-04
 0.5725000E-01 -0.1248392E-04  0.4066293E-05
 0.5737500E-01 -0.1109422E-04 -0.1255817E-04
 0.5750000E-01  0.4890699E-05 -0.2052877E-04
 0.5762500E-01  0.2140491E-04 -0.1107948E-04
 0.5775000E-01  0.2326399E-04  0.8551420E-05
 0.5787500E-01  0.8291654E-05  0.2144290E-04
 0.5800000E-01 -0.1033909E-04  0.1642338E-04
 0.5812500E-01 -0.1590179E-04 -0.1506638E-05
 0.5825000E-01 -0.3397711E-05 -0.1544143E-04
 0.5837500E-01  0.1565983E-04 -0.1181280E-04
 0.5850000E-01  0.2345719E-04  0.7207978E-05
 0.5862500E-01  0.1190916E-04  0.2548050E-04
 0.5875000E-01 -0.1003370E-04  0.2730112E-04
 0.5887500E-01 -0.2443390E-04  0.1139619E-04
 0.5900000E-01 -0.2043632E-04 -0.8167271E-05
 0.5912500E-01 -0.3750800E-05 -0.1488686E-04
 0.5925000E-01  0.8985592E-05 -0.4703763E-05
 0.5937500E-01  0.5658603E-05  0.1070096E-04
 0.5950000E-01 -0.1028971E-04  0.1505916E-04
 0.5962500E-01 -0.2331330E-04  0.2723632E-05
 0.5975000E-01 -0.2038630E-04 -0.1611641E-04
 0.5987500E-01 -0.3203807E-05 -0.2497413E-04
 0.6000000E-01  0.1335515E-04 -0.1646705E-04
 0.6012500E-01  0.1508531E-04  0.7385994E-06
 0.6025000E-01  0.1779509E-05  0.9949048E-05
 0.6037500E-01 -0.1240696E-04  0.2072546E-05
 0.6050000E-01 -0.1203819E-04 -0.1562368E-04
 0.6062500E-01  0.5060624E-05 -0.2587440E-04
 0.6075000E-01  0.2527322E-04 -0.1722828E-04
 0.6087500E-01  0.3120226E-04  0.5153721E-05
 0.6100000E-01  0.1738152E-04  0.2371729E-04
 0.6112500E-01 -0.4647083E-05  0.2405945E-04
 0.6125000E-01 -0.1659241E-04  0.7714746E-05
 0.6137500E-01 -0.9724100E-05 -0.9437856E-05
 0.6150000E-01  0.7577230E-05 -0.1166826E-04
 0.6162500E-01  0.1782996E-04  0.2445028E-05
 0.6175000E-01  0.1060571E-04  0.1906625E-04
 0.6187500E-01 -0.7987337E-05  0.2211091E-04
 0.6200000E-01 -0.2112039E-04  0.8182146E-05
 0.6212500E-01 -0.1691450E-04 -0.1029963E-04
 0.6225000E-01  0.5100335E-06 -0.1660289E-04
 0.6237500E-01  0.1478459E-04 -0.5180795E-05
 0.6250000E-01  0.1237268E-04  0.1314506E-04
 0.6262500E-01 -0.4929382E-05  0.2110043E-04
 0.6275000E-01 -0.2160284E-04  0.1084372E-04
 0.6287500E-01 -0.2265942E-04 -0.8815607E-05
 0.6300000E-01 -0.7416368E-05 -0.2052715E-04
 0.6312500E-01  0.9899860E-05 -0.1438268E-04
 0.6325000E-01  0.1329609E-04  0.2945372E-05
 0.6337500E-01 -0.1848790E-06  0.1434420E-04
 0.6350000E-01 -0.1763422E-04  0.8058863E-05
 0.6362500E-01 -0.2205673E-04 -0.1136736E-04
 0.6375000E-01 -0.7969141E-05 -0.2707775E-04
 0.6387500E-01  0.1348470E-04 -0.2517820E-04
 0.6400000E-01  0.2457722E-04 -0.7318724E-05
 0.6412500E-01  0.1697589E-04  0.1090011E-04
 0.6425000E-01 -0.9547539E-06  0.1414600E-04
 0.6437500E-01 -0.1209509E-04  0.1102760E-05
 0.6450000E-01 -0.6295848E-05 -0.1479790E-04
 0.6462500E-01  0.1064077E-04 -0.1812161E-04
 0.6475000E-01  0.2287688E-04 -0.5693296E-05
 0.6487500E-01  0.1963499E-04  0.1086294E-04
 0.6500000E-01  0.5265900E-05  0.1653526E-04
 0.6512500E-01 -0.5158925E-05  0.7461722E-05
 0.6525000E-01 -0.5874046E-06 -0.5181298E-05
 0.6537500E-01  0.1485809E-04 -0.5774064E-05
 0.6550000E-01  0.2503246E-04  0.1046265E-04
 0.6562500E-01  0.1664756E-04  0.3190478E-04
 0.6575000E-01 -0.7799322E-05  0.4027593E-04
 0.6587500E-01 -0.3124116E-04  0.2709575E-04
 0.6600000E-01 -0.3671822E-04  0.1758816E-05
 0.6612500E-01 -0.2235380E-04 -0.1640984E-04
 0.6625000E-01 -0.2945549E-05 -0.1516313E-04
 0.6637500E-01  0.3435703E-05 -0.3461761E-07
 0.6650000E-01 -0.8241912E-05  0.1102525E-04
 0.6662500E-01 -0.2556272E-04  0.4237646E-05
 0.6675000E-01 -0.3016212E-04 -0.1728823E-04
 0.6687500E-01 -0.1462509E-04 -0.3628734E-04
 0.6700000E-01  0.1064272E-04 -0.3697979E-04
 0.6712500E-01  0.2679706E-04 -0.1928936E-04
 0.6725000E-01  0.2352115E-04  0.1339021E-05
 0.6737500E-01  0.7991765E-05  0.8243493E-05
 0.6750000E-01 -0.2316521E-05 -0.1281849E-05
 0.6762500E-01  0.3774368E-05 -0.1394714E-04
 0.6775000E-01  0.2059038E-04 -0.1338744E-04
 0.6787500E-01  0.3092996E-04  0.4003285E-05
 0.6800000E-01  0.2238122E-04  0.2512472E-04
 0.6812500E-01 -0.5260212E-06  0.3194804E-04
 0.6825000E-01 -0.1976723E-04  0.1825548E-04
 0.6837500E-01 -0.1994036E-04 -0.4166242E-05
 0.6850000E-01 -0.2334503E-05 -0.1580802E-04
 0.6862500E-01  0.1605968E-04 -0.6962918E-05
 0.6875000E-01  0.1786649E-04  0.1352146E-04
 0.6887500E-01  0.1049091E-05  0.2635444E-04
 0.6900000E-01 -0.1935249E-04  0.1943444E-04
 0.6912500E-01 -0.2509926E-04 -0.1121195E-05
 0.6925000E-01 -0.1154664E-04 -0.1667465E-04
 0.6937500E-01  0.8066982E-05 -0.1328837E-04
 0.6950000E-01  0.1481011E-04  0.5344892E-05
 0.6962500E-01  0.1558052E-05  0.2117849E-04
 0.6975000E-01 -0.2028503E-04  0.1834033E-04
 0.6987500E-01 -0.3106529E-04 -0.2238603E-05
 0.7000000E-01 -0.2076609E-04 -0.2353880E-04
 0.7012500E-01  0.1899247E-05 -0.2787111E-04
 0.7025000E-01  0.1751303E-04 -0.1284339E-04
 0.7037500E-01  0.1366645E-04  0.6773745E-05
 0.7050000E-01 -0.3986479E-05  0.1291144E-04
 0.7062500E-01 -0.1749944E-04  0.8826633E-06
 0.7075000E-01 -0.1377507E-04 -0.1664880E-04
 0.7087500E-01  0.3003040E-05 -0.2212813E-04
 0.7100000E-01  0.1544791E-04 -0.1033992E-04
 0.7112500E-01  0.9990135E-05  0.5922644E-05
 0.7125000E-01 -0.9025511E-05  0.7550842E-05
 0.7137500E-01 -0.2176928E-04 -0.1221925E-04
 0.7150000E-01 -0.1046552E-04 -0.3949937E-04
 0.7162500E-01  0.2350535E-04 -0.5015518E-04
 0.7175000E-01  0.5868310E-04 -0.3036307E-04
 0.7187500E-01  0.7032102E-04  0.1076909E-04
 0.7200000E-01  0.5054459E-04  0.4791452E-04
 0.7212500E-01  0.1433586E-04  0.5992835E-04
 0.7225000E-01 -0.1370705E-04  0.4620423E-04
 0.7237500E-01 -0.1993068E-04  0.2500451E-04
 0.7250000E-01 -0.1142290E-04  0.1593736E-04
 0.7262500E-01 -0.7007917E-05  0.2269570E-04
 0.7275000E-01 -0.1842301E-04  0.3139009E-04
 0.7287500E-01 -0.3918823E-04  0.2524194E-04
 0.7300000E-01 -0.5112998E-04  0.1486581E-05
 0.7312500E-01 -0.4203249E-04 -0.2534122E-04
 0.7325000E-01 -0.1768691E-04 -0.3666204E-04
 0.7337500E-01  0.3004866E-05 -0.2712111E-04
 0.7350000E-01  0.5338266E-05 -0.9631813E-05
 0.7362500E-01 -0.7629244E-05 -0.3354675E-05
 0.7375000E-01 -0.1801075E-04 -0.1569886E-04
 0.7387500E-01 -0.9982888E-05 -0.3511395E-04
 0.7400000E-01  0.1493871E-04 -0.4156536E-04
 0.7412500E-01  0.3850685E-04 -0.2522437E-04
 0.7425000E-01  0.4195071E-04  0.3839030E-05
 0.7437500E-01  0.2307326E-04  0.2407221E-04
 0.7450000E-01 -0.1463255E-05  0.2149499E-04
 0.7462500E-01 -0.1091038E-04  0.2080756E-05
 0.7475000E-01  0.1096595E-05 -0.1385592E-04
 0.7487500E-01  0.2116800E-04 -0.1018149E-04
 0.7500000E-01  0.2874472E-04  0.1050847E-04
 0.7512500E-01  0.1508753E-04  0.2956185E-04
 0.7525000E-01 -0.8720500E-05  0.2963984E-04
 0.7537500E-01 -0.2205737E-04  0.1080353E-04
 0.7550000E-01 -0.1384712E-04 -0.9467040E-05
 0.7562500E-01  0.7117869E-05 -0.1234439E-04
 0.7575000E-01  0.2014126E-04  0.4948710E-05
 0.7587500E-01  0.1160560E-04  0.2642157E-04
 0.7600000E-01 -0.1243124E-04  0.3183103E-04
 0.7612500E-01 -0.3160423E-04  0.1517057E-04
 0.7625000E-01 -0.2969717E-04 -0.9789263E-05
 0.7637500E-01 -0.9318657E-05 -0.2197948E-04
 0.7650000E-01  0.1059877E-04 -0.1210168E-04
 0.7662500E-01  0.1212493E-04  0.9153013E-05
 0.7675000E-01 -0.5441602E-05  0.2119052E-04
 0.7687500E-01 -0.2531886E-04  0.1254696E-04
 0.7700000E-01 -0.2911724E-04 -0.8696859E-05
 0.7712500E-01 -0.1413954E-04 -0.2274365E-04
 0.7725000E-01  0.3963895E-05 -0.1695921E-04
 0.7737500E-01  0.5832723E-05  0.1653410E-05
 0.7750000E-01 -0.1296118E-04  0.1211934E-04
 0.7762500E-01 -0.3641897E-04 -0.1492177E-05
 0.7775000E-01 -0.4114893E-04 -0.3475518E-04
 0.7787500E-01 -0.1659729E-04 -0.6517183E-04
 0.7800000E-01  0.2535840E-04 -0.7025673E-04
 0.7812500E-01  0.5977644E-04 -0.4563418E-04
 0.7825000E-01  0.6851607E-04 -0.7630124E-05
 0.7837500E-01  0.5326007E-04  0.2113916E-04
 0.7850000E-01  0.3113425E-04  0.2981236E-04
 0.7862500E-01  0.1821999E-04  0.2524447E-04
 0.7875000E-01  0.1656224E-04  0.2198354E-04
 0.7887500E-01  0.1590378E-04  0.2704202E-04
 0.7900000E-01  0.6941662E-05  0.3420539E-04
 0.7912500E-01 -0.7808072E-05  0.3259920E-04
 0.7925000E-01 -0.1647646E-04  0.2010211E-04
 0.7937500E-01 -0.1104434E-04  0.7511247E-05
 0.7950000E-01  0.2266897E-05  0.8574130E-05
 0.7962500E-01  0.6678288E-05  0.2523617E-04
 0.7975000E-01 -0.9692544E-05  0.4292849E-04
 0.7987500E-01 -0.4088540E-04  0.4182269E-04
 0.8000000E-01  0.0000000E+00  0.0000000E+00
 0.8012500E-01  0.0000000E+00  0.0000000E+00
 0.8025000E-01  0.0000000E+00  0.0000000E+00
 0.8037500E-01  0.0000000E+00  0.0000000E+00
 0.8050000E-01  0.0000000E+00  0.0000000E+00
 0.8062500E-01  0.0000000E+00  0.0000000E+00
 0.8075000E-01  0.0000000E+00  0.0000000E+00
 0.8087500E-01  0.0000000E+00  0.0000000E+00
 0.8100000E-01  0.0000000E+00  0.0000000E+00
 0.8112500E-01  0.0000000E+00  0.0000000E+00
 0.8125000E-01  0.0000000E+00  0.0000000E+00
 0.8137500E-01  0.0000000E+00  0.0000000E+00
 0.8150000E-01  0.0000000E+00  0.0000000E+00
 0.8162500E-01  0.0000000E+00  0.0000000E+00
 0.8175000E-01  0.0000000E+00  0.0000000E+00
 0.8187500E-01  0.0000000E+00  0.0000000E+00
 0.8200000E-01  0.0000000E+00  0.0000000E+00
 0.8212500E-01  0.0000000E+00  0.0000000E+00
 0.8225000E-01  0.0000000E+00  0.0000000E+00
 0.8237500E-01  0.0000000E+00  0.0000000E+00
 0.8250000E-01  0.0000000E+00  0.0000000E+00
 0.8262500E-01  0.0000000E+00  0.0000000E+00
 0.8275000E-01  0.0000000E+00  0.0000000E+00
 0.8287500E-01  0.0000000E+00  0.0000000E+00
 0.8300000E-01  0.0000000E+00  0.0000000E+00
 0.8312500E-01  0.0000000E+00  0.0000000E+00
 0.8325000E-01  0.0000000E+00  0.0000000E+00
 0.8337500E-01  0.0000000E+00  0.0000000E+00
 0.8350000E-01  0.0000000E+00  0.0000000E+00
 0.8362500E-01  0.0000000E+00  0.0000000E+00
 0.8375000E-01  0.0000000E+00  0.0000000E+00
 0.8387500E-01  0.0000000E+00  0.0000000E+00
 0.8400000E-01  0.0000000E+00  0.0000000E+00
 0.8412500E-01  0.0000000E+00  0.0000000E+00
 0.8425000E-01  0.0000000E+00  0.0000000E+00
 0.8437500E-01  0.0000000E+00  0.0000000E+00
 0.8450000E-01  0.0000000E+00  0.0000000E+00
 0.8462500E-01  0.0000000E+00  0.0000000E+00
 0.8475000E-01  0.0000000E+00  0.0000000E+00
 0.8487500E-01  0.0000000E+00  0.0000000E+00
 0.8500000E-01  0.0000000E+00  0.0000000E+00
 0.8512500E-01  0.0000000E+00  0.0000000E+00
 0.8525000E-01  0.0000000E+00  0.0000000E+00
 0.8537500E-01  0.0000000E+00  0.0000000E+00
 0.8550000E-01  0.0000000E+00  0.0000000E+00
 0.8562500E-01  0.0000000E+00  0.0000000E+00
 0.8575000E-01  0.0000000E+00  0.0000000E+00
 0.8587500E-01  0.0000000E+00  0.0000000E+00
 0.8600000E-01  0.0000000E+00  0.0000000E+00
 0.8612500E-01  0.0000000E+00  0.0000000E+00
 0.8625000E-01  0.0000000E+00  0.0000000E+00
 0.8637500E-01  0.0000000E+00  0.0000000E+00
 0.8650000E-01  0.0000000E+00  0.0000000E+00
 0.8662500E-01  0.0000000E+00  0.0000000E+00
 0.8675000E-01  0.0000000E+00  0.0000000E+00
 0.8687500E-01  0.0000000E+00  0.0000000E+00
 0.8700000E-01  0.0000000E+00  0.0000000E+00
 0.8712500E-01  0.0000000E+00  0.0000000E+00
 0.8725000E-01  0.0000000E+00  0.0000000E+00
 0.8737500E-01  0.0000000E+00  0.0000000E+00
 0.8750000E-01  0.0000000E+00  0.0000000E+00
 0.8762500E-01  0.0000000E+00  0.0000000E+00
 0.8775000E-01  0.0000000E+00  0.0000000E+00
 0.8787500E-01  0.0000000E+00  0.0000000E+00
 0.8800000E-01  0.0000000E+00  0.0000000E+00
 0.8812500E-01  0.0000000E+00  0.0000000E+00
 0.8825000E-01  0.0000000E+00  0.0000000E+00
 0.8837500E-01  0.0000000E+00  0.0000000E+00
 0.8850000E-01  0.0000000E+00  0.0000000E+00
 0.8862500E-01  0.0000000E+00  0.0000000E+00
 0.8875000E-01  0.0000000E+00  0.0000000E+00
 0.8887500E-01  0.0000000E+00  0.0000000E+00
 0.8900000E-01  0.0000000E+00  0.0000000E+00
 0.8912500E-01  0.0000000E+00  0.0000000E+00
 0.8925000E-01  0.0000000E+00  0.0000000E+00
 0.8937500E-01  0.0000000E+00  0.0000000E+00
 0.8950000E-01  0.0000000E+00  0.0000000E+00
 0.8962500E-01  0.0000000E+00  0.0000000E+00
 0.8975000E-01  0.0000000E+00  0.0000000E+00
 0.8987500E-01  0.0000000E+00  0.0000000E+00
 0.9000000E-01  0.0000000E+00  0.0000000E+00
 0.9012500E-01  0.0000000E+00  0.0000000E+00
 0.9025000E-01  0.0000000E+00  0.0000000E+00
 0.9037500E-01  0.0000000E+00  0.0000000E+00
 0.9050000E-01  0.0000000E+00  0.0000000E+00
 0.9062500E-01  0.0000000E+00  0.0000000E+00
 0.9075000E-01  0.0000000E+00  0.0000000E+00
 0.9087500E-01  0.0000000E+00  0.0000000E+00
 0.9100000E-01  0.0000000E+00  0.0000000E+00
 0.9112500E-01  0.0000000E+00  0.0000000E+00
 0.9125000E-01  0.0000000E+00  0.0000000E+00
 0.9137500E-01  0.0000000E+00  0.0000000E+00
 0.9150000E-01  0.0000000E+00  0.0000000E+00
 0.9162500E-01  0.0000000E+00  0.0000000E+00
 0.9175000E-01  0.0000000E+00  0.0000000E+00
 0.9187500E-01  0.0000000E+00  0.0000000E+00
 0.9200000E-01  0.0000000E+00  0.0000000E+00
 0.9212500E-01  0.0000000E+00  0.0000000E+00
 0.9225000E-01  0.0000000E+00  0.0000000E+00
 0.9237500E-01  0.0000000E+00  0.0000000E+00
 0.9250000E-01  0.0000000E+00  0.0000000E+00
 0.9262500E-01  0.0000000E+00  0.0000000E+00
 0.9275000E-01  0.0000000E+00  0.0000000E+00
 0.9287500E-01  0.0000000E+00  0.0000000E+00
 0.9300000E-01  0.0000000E+00  0.0000000E+00
 0.9312500E-01  0.0000000E+00  0.0000000E+00
 0.9325000E-01  0.0000000E+00  0.0000000E+00
 0.9337500E-01  0.0000000E+00  0.0000000E+00
 0.9350000E-01  0.0000000E+00  0.0000000E+00
 0.9362500E-01  0.0000000E+00  0.0000000E+00
 0.9375000E-01  0.0000000E+00  0.0000000E+00
 0.9387500E-01  0.0000000E+00  0.0000000E+00
 0.9400000E-01  0.0000000E+00  0.0000000E+00
 0.9412500E-01  0.0000000E+00  0.0000000E+00
 0.9425000E-01  0.0000000E+00  0.0000000E+00
 0.9437500E-01  0.0000000E+00  0.0000000E+00
 0.9450000E-01  0.0000000E+00  0.0000000E+00
 0.9462500E-01  0.0000000E+00  0.0000000E+00
 0.9475000E-01  0.0000000E+00  0.0000000E+00
 0.9487500E-01  0.0000000E+00  0.0000000E+00
 0.9500000E-01  0.0000000E+00  0.0000000E+00
 0.9512500E-01  0.0000000E+00  0.0000000E+00
 0.9525000E-01  0.0000000E+00  0.0000000E+00
 0.9537500E-01  0.0000000E+00  0.0000000E+00
 0.9550000E-01  0.0000000E+00  0.0000000E+00
 0.9562500E-01  0.0000000E+00  0.0000000E+00
 0.9575000E-01  0.0000000E+00  0.0000000E+00
 0.9587500E-01  0.0000000E+00  0.0000000E+00
 0.9600000E-01  0.0000000E+00  0.0000000E+00
 0.9612500E-01  0.0000000E+00  0.0000000E+00
 0.9625000E-01  0.0000000E+00  0.0000000E+00
 0.9637500E-01  0.0000000E+00  0.0000000E+00
 0.9650000E-01  0.0000000E+00  0.0000000E+00
 0.9662500E-01  0.0000000E+00  0.0000000E+00
 0.9675000E-01  0.0000000E+00  0.0000000E+00
 0.9687500E-01  0.0000000E+00  0.0000000E+00
 0.9700000E-01  0.0000000E+00  0.0000000E+00
 0.9712500E-01  0.0000000E+00  0.0000000E+00
 0.9725000E-01  0.0000000E+00  0.0000000E+00
 0.9737500E-01  0.0000000E+00  0.0000000E+00
 0.9750000E-01  0.0000000E+00  0.0000000E+00
 0.9762500E-01  0.0000000E+00  0.0000000E+00
 0.9775000E-01  0.0000000E+00  0.0000000E+00
 0.9787500E-01  0.0000000E+00  0.0000000E+00
 0.9800000E-01  0.0000000E+00  0.0000000E+00
 0.9812500E-01  0.0000000E+00  0.0000000E+00
 0.9825000E-01  0.0000000E+00  0.0000000E+00
 0.9837500E-01  0.0000000E+00  0.0000000E+00
 0.9850000E-01  0.0000000E+00  0.0000000E+00
 0.9862500E-01  0.0000000E+00  0.0000000E+00
 0.9875000E-01  0.0000000E+00  0.0000000E+00
 0.9887500E-01  0.0000000E+00  0.0000000E+00
 0.9900000E-01  0.0000000E+00  0.0000000E+00
 0.9912500E-01  0.0000000E+00  0.0000000E+00
 0.9925000E-01  0.0000000E+00  0.0000000E+00
 0.9937500E-01  0.0000000E+00  0.0000000E+00
 0.9950000E-01  0.0000000E+00  0.0000000E+00
 0.9962500E-01  0.0000000E+00  0.0000000E+00
 0.9975000E-01  0.0000000E+00  0.0000000E+00
 0.9987500E-01  0.0000000E+00  0.0000000E+00
 0.1000000E+00  0.0000000E+00  0.0000000E+00
 0.1001250E+00  0.0000000E+00  0.0000000E+00
 0.1002500E+00  0.0000000E+00  0.0000000E+00
 0.1003750E+00  0.0000000E+00  0.0000000E+00
 0.1005000E+00  0.0000000E+00  0.0000000E+00
 0.1006250E+00  0.0000000E+00  0.0000000E+00
 0.1007500E+00  0.0000000E+00  0.0000000E+00
 0.1008750E+00  0.0000000E+00  0.0000000E+00
 0.1010000E+00  0.0000000E+00  0.0000000E+00
 0.1011250E+00  0.0000000E+00  0.0000000E+00
 0.1012500E+00  0.0000000E+00  0.0000000E+00
 0.1013750E+00  0.0000000E+00  0.0000000E+00
 0.1015000E+00  0.0000000E+00  0.0000000E+00
 0.1016250E+00  0.0000000E+00  0.0000000E+00
 0.1017500E+00  0.0000000E+00  0.0000000E+00
 0.1018750E+00  0.0000000E+00  0.0000000E+00
 0.1020000E+00  0.0000000E+00  0.0000000E+00
 0.1021250E+00  0.0000000E+00  0.0000000E+00
 0.1022500E+00  0.0000000E+00  0.0000000E+00
 0.1023750E+00  0.0000000E+00  0.0000000E+00
 0.1025000E+00  0.0000000E+00  0.0000000E+00
 0.1026250E+00  0.0000000E+00  0.0000000E+00
 0.1027500E+00  0.0000000E+00  0.0000000E+00
 0.1028750E+00  0.0000000E+00  0.0000000E+00
 0.1030000E+00  0.0000000E+00  0.0000000E+00
 0.1031250E+00  0.0000000E+00  0.0000000E+00
 0.1032500E+00  0.0000000E+00  0.0000000E+00
 0.1033750E+00  0.0000000E+00  0.0000000E+00
 0.1035000E+00  0.0000000E+00  0.0000000E+00
 0.1036250E+00  0.0000000E+00  0.0000000E+00
 0.1037500E+00  0.0000000E+00  0.0000000E+00
 0.1038750E+00  0.0000000E+00  0.0000000E+00
 0.1040000E+00  0.0000000E+00  0.0000000E+00
 0.1041250E+00  0.0000000E+00  0.0000000E+00
 0.1042500E+00  0.0000000E+00  0.0000000E+00
 0.1043750E+00  0.0000000E+00  0.0000000E+00
 0.1045000E+00  0.0000000E+00  0.0000000E+00
 0.1046250E+00  0.0000000E+00  0.0000000E+00
 0.1047500E+00  0.0000000E+00  0.0000000E+00
 0.1048750E+00  0.0000000E+00  0.0000000E+00
 0.1050000E+00  0.0000000E+00  0.0000000E+00
 0.1051250E+00  0.0000000E+00  0.0000000E+00
 0.1052500E+00  0.0000000E+00  0.0000000E+00
 0.1053750E+00  0.0000000E+00  0.0000000E+00
 0.1055000E+00  0.0000000E+00  0.0000000E+00
 0.1056250E+00  0.0000000E+00  0.0000000E+00
 0.1057500E+00  0.0000000E+00  0.0000000E+00
 0.1058750E+00  0.0000000E+00  0.0000000E+00
 0.1060000E+00  0.0000000E+00  0.0000000E+00
 0.1061250E+00  0.0000000E+00  0.0000000E+00
 0.1062500E+00  0.0000000E+00  0.0000000E+00
 0.1063750E+00  0.0000000E+00  0.0000000E+00
 0.1065000E+00  0.0000000E+00  0.0000000E+00
 0.1066250E+00  0.0000000E+00  0.0000000E+00
 0.1067500E+00  0.0000000E+00  0.0000000E+00
 0.1068750E+00  0.0000000E+00  0.0000000E+00
 0.1070000E+00  0.0000000E+00  0.0000000E+00
 0.1071250E+00  0.0000000E+00  0.0000000E+00
 0.1072500E+00  0.0000000E+00  0.0000000E+00
 0.1073750E+00  0.0000000E+00  0.0000000E+00
 0.1075000E+00  0.0000000E+00  0.0000000E+00
 0.1076250E+00  0.0000000E+00  0.0000000E+00
 0.1077500E+00  0.0000000E+00  0.0000000E+00
 0.1078750E+00  0.0000000E+00  0.0000000E+00
 0.1080000E+00  0.0000000E+00  0.0000000E+00
 0.1081250E+00  0.0000000E+00  0.0000000E+00
 0.1082500E+00  0.0000000E+00  0.0000000E+00
 0.1083750E+00  0.0000000E+00  0.0000000E+00
 0.1085000E+00  0.0000000E+00  0.0000000E+00
 0.1086250E+00  0.0000000E+00  0.0000000E+00
 0.1087500E+00  0.0000000E+00  0.0000000E+00
 0.1088750E+00  0.0000000E+00  0.0000000E+00
 0.1090000E+00  0.0000000E+00  0.0000000E+00
 0.1091250E+00  0.0000000E+00  0.0000000E+00
 0.1092500E+00  0.0000000E+00  0.0000000E+00
 0.1093750E+00  0.0000000E+00  0.0000000E+00
 0.1095000E+00  0.0000000E+00  0.0000000E+00
 0.1096250E+00  0.0000000E+00  0.0000000E+00
 0.1097500E+00  0.0000000E+00  0.0000000E+00
 0.1098750E+00  0.0000000E+00  0.0000000E+00
 0.1100000E+00  0.0000000E+00  0.0000000E+00
 0.1101250E+00  0.0000000E+00  0.0000000E+00
 0.1102500E+00  0.0000000E+00  0.0000000E+00
 0.1103750E+00  0.0000000E+00  0.0000000E+00
 0.1105000E+00  0.0000000E+00  0.0000000E+00
 0.1106250E+00  0.0000000E+00  0.0000000E+00
 0.1107500E+00  0.0000000E+00  0.0000000E+00
 0.1108750E+00  0.0000000E+00  0.0000000E+00
 0.1110000E+00  0.0000000E+00  0.0000000E+00
 0.1111250E+00  0.0000000E+00  0.0000000E+00
 0.1112500E+00  0.0000000E+00  0.0000000E+00
 0.1113750E+00  0.0000000E+00  0.0000000E+00
 0.1115000E+00  0.0000000E+00  0.0000000E+00
 0.1116250E+00  0.0000000E+00  0.0000000E+00
 0.1117500E+00  0.0000000E+00  0.0000000E+00
 0.1118750E+00  0.0000000E+00  0.0000000E+00
 0.1120000E+00  0.0000000E+00  0.0000000E+00
 0.1121250E+00  0.0000000E+00  0.0000000E+00
 0.1122500E+00  0.0000000E+00  0.0000000E+00
 0.1123750E+00  0.0000000E+00  0.0000000E+00
 0.1125000E+00  0.0000000E+00  0.0000000E+00
 0.1126250E+00  0.0000000E+00  0.0000000E+00
 0.1127500E+00  0.0000000E+00  0.0000000E+00
 0.1128750E+00  0.0000000E+00  0.0000000E+00
 0.1130000E+00  0.0000000E+00  0.0000000E+00
 0.1131250E+00  0.0000000E+00  0.0000000E+00
 0.1132500E+00  0.0000000E+00  0.0000000E+00
 0.1133750E+00  0.0000000E+00  0.0000000E+00
 0.1135000E+00  0.0000000E+00  0.0000000E+00
 0.1136250E+00  0.0000000E+00  0.0000000E+00
 0.1137500E+00  0.0000000E+00  0.0000000E+00
 0.1138750E+00  0.0000000E+00  0.0000000E+00
 0.1140000E+00  0.0000000E+00  0.0000000E+00
 0.1141250E+00  0.0000000E+00  0.0000000E+00
 0.1142500E+00  0.0000000E+00  0.0000000E+00
 0.1143750E+00  0.0000000E+00  0.0000000E+00
 0.1145000E+00  0.0000000E+00  0.0000000E+00
 0.1146250E+00  0.0000000E+00  0.0000000E+00
 0.1147500E+00  0.0000000E+00  0.0000000E+00
 0.1148750E+00  0.0000000E+00  0.0000000E+00
