 0.0000000E+00  0.2220077E-44  0.2220077E-44  0.1000000E+01
 0.1000000E+02  0.7670664E-24  0.7670665E-24  0.9999998E+00
 0.2000000E+02  0.1799562E-22  0.1799562E-22  0.9999995E+00
 0.3000000E+02  0.1323824E-21  0.1323824E-21  0.9999993E+00
 0.4000000E+02  0.7452499E-21  0.7452499E-21  0.9999991E+00
 0.5000000E+02  0.3331694E-20  0.3331694E-20  0.9999988E+00
 0.6000000E+02  0.9889516E-20  0.9889516E-20  0.9999986E+00
 0.7000000E+02  0.1350655E-18  0.1350655E-18  0.9999984E+00
 0.8000000E+02  0.9375580E-18  0.9375580E-18  0.9999981E+00
 0.9000000E+02  0.3334658E-17  0.3334658E-17  0.9999979E+00
 0.1000000E+03  0.1770951E-16  0.1770951E-16  0.9999977E+00
 0.1100000E+03  0.5390393E-15  0.5390393E-15  0.9999974E+00
 0.1200000E+03  0.1768070E-13  0.1768070E-13  0.9999966E+00
 0.1300000E+03  0.2790878E-12  0.2790878E-12  0.9999956E+00
 0.1400000E+03  0.2943767E-11  0.2943767E-11  0.9999945E+00
 0.1500000E+03  0.2368743E-10  0.2368743E-10  0.9999929E+00
 0.1600000E+03  0.1464342E-09  0.1464342E-09  0.9999898E+00
 0.1700000E+03  0.7173045E-09  0.7173045E-09  0.9999828E+00
 0.1800000E+03  0.2826262E-08  0.2826262E-08  0.9999652E+00
 0.1900000E+03  0.9259743E-08  0.9259743E-08  0.9999195E+00
 0.2000000E+03  0.2593169E-07  0.2593169E-07  0.9998047E+00
 0.2100000E+03  0.6208614E-07  0.6208614E-07  0.9995410E+00
 0.2200000E+03  0.1314188E-06  0.1314188E-06  0.9989900E+00
 0.2300000E+03  0.2477127E-06  0.2477127E-06  0.9979421E+00
 0.2400000E+03  0.4268069E-06  0.4268069E-06  0.9961116E+00
 0.2500000E+03  0.6725871E-06  0.6725871E-06  0.9931495E+00
 0.2600000E+03  0.9903717E-06  0.9903717E-06  0.9886657E+00
 0.2700000E+03  0.1368686E-05  0.1368686E-05  0.9822620E+00
 0.2800000E+03  0.1795433E-05  0.1795433E-05  0.9735648E+00
 0.2900000E+03  0.2246368E-05  0.2246368E-05  0.9622594E+00
 0.3000000E+03  0.2706284E-05  0.2706284E-05  0.9481255E+00
 0.3100000E+03  0.3152528E-05  0.3152528E-05  0.9310688E+00
 0.3200000E+03  0.3575188E-05  0.3575188E-05  0.9111390E+00
 0.3300000E+03  0.3960324E-05  0.3960324E-05  0.8885200E+00
 0.3400000E+03  0.4302944E-05  0.4302944E-05  0.8634856E+00
 0.3500000E+03  0.4594770E-05  0.4594770E-05  0.8363412E+00
 0.3600000E+03  0.4833145E-05  0.4833145E-05  0.8073829E+00
 0.3700000E+03  0.5018970E-05  0.5018970E-05  0.7769032E+00
 0.3800000E+03  0.5148799E-05  0.5148799E-05  0.7452407E+00
 0.3900000E+03  0.5232663E-05  0.5232663E-05  0.7128266E+00
 0.4000000E+03  0.5266908E-05  0.5266908E-05  0.6801767E+00
 0.4100000E+03  0.5258670E-05  0.5258670E-05  0.6478079E+00
 0.4200000E+03  0.5204916E-05  0.5204916E-05  0.6161156E+00
 0.4300000E+03  0.5113058E-05  0.5113058E-05  0.5852975E+00
 0.4400000E+03  0.4990688E-05  0.4990688E-05  0.5553793E+00
 0.4500000E+03  0.4853666E-05  0.4853666E-05  0.5263263E+00
 0.4600000E+03  0.4727447E-05  0.4727447E-05  0.4981704E+00
 0.4700000E+03  0.4639702E-05  0.4639702E-05  0.4710555E+00
 0.4800000E+03  0.4622607E-05  0.4622607E-05  0.4451826E+00
 0.4900000E+03  0.4725278E-05  0.4725278E-05  0.4207066E+00
 0.5000000E+03  0.5093198E-05  0.5093198E-05  0.3976593E+00
 0.5100000E+03  0.6028925E-05  0.6028925E-05  0.3759526E+00
 0.5200000E+03  0.8147154E-05  0.8147154E-05  0.3554440E+00
 0.5300000E+03  0.1258504E-04  0.1258504E-04  0.3360130E+00
 0.5400000E+03  0.2128189E-04  0.2128189E-04  0.3176072E+00
 0.5500000E+03  0.3730557E-04  0.3730557E-04  0.3002394E+00
 0.5600000E+03  0.6503069E-04  0.6503069E-04  0.2839463E+00
 0.5700000E+03  0.1100478E-03  0.1100478E-03  0.2687409E+00
 0.5800000E+03  0.1786012E-03  0.1786012E-03  0.2545854E+00
 0.5900000E+03  0.2769334E-03  0.2769334E-03  0.2414016E+00
 0.6000000E+03  0.4110387E-03  0.4110387E-03  0.2291062E+00
 0.6100000E+03  0.5877906E-03  0.5877906E-03  0.2176336E+00
 0.6200000E+03  0.8177081E-03  0.8177081E-03  0.2069325E+00
 0.6300000E+03  0.1118548E-02  0.1118548E-02  0.1969473E+00
 0.6400000E+03  0.1517082E-02  0.1517082E-02  0.1876109E+00
 0.6500000E+03  0.2046566E-02  0.2046566E-02  0.1788590E+00
 0.6600000E+03  0.2738322E-02  0.2738322E-02  0.1706464E+00
 0.6700000E+03  0.3610967E-02  0.3610967E-02  0.1629469E+00
 0.6800000E+03  0.4662443E-02  0.4662443E-02  0.1557441E+00
 0.6900000E+03  0.5871254E-02  0.5871254E-02  0.1490190E+00
 0.7000000E+03  0.7207173E-02  0.7207173E-02  0.1427449E+00
 0.7100000E+03  0.8645443E-02  0.8645443E-02  0.1368829E+00
 0.7200000E+03  0.1017597E-01  0.1017597E-01  0.1313800E+00
 0.7300000E+03  0.1180093E-01  0.1180093E-01  0.1261838E+00
 0.7400000E+03  0.1352443E-01  0.1352443E-01  0.1212673E+00
 0.7500000E+03  0.1534223E-01  0.1534223E-01  0.1166468E+00
 0.7600000E+03  0.1724031E-01  0.1724031E-01  0.1123738E+00
 0.7700000E+03  0.1920291E-01  0.1920291E-01  0.1085036E+00
 0.7800000E+03  0.2122211E-01  0.2122211E-01  0.1050651E+00
 0.7900000E+03  0.2330003E-01  0.2330003E-01  0.1020424E+00
 0.8000000E+03  0.2544060E-01  0.2544060E-01  0.9936529E-01
 0.8100000E+03  0.2763669E-01  0.2763669E-01  0.9690919E-01
 0.8200000E+03  0.2986409E-01  0.2986409E-01  0.9450862E-01
 0.8300000E+03  0.3208687E-01  0.3208687E-01  0.9198887E-01
 0.8400000E+03  0.3427063E-01  0.3427063E-01  0.8920863E-01
 0.8500000E+03  0.3639383E-01  0.3639383E-01  0.8609224E-01
 0.8600000E+03  0.3844870E-01  0.3844870E-01  0.8264365E-01
 0.8700000E+03  0.4043477E-01  0.4043477E-01  0.7895297E-01
 0.8800000E+03  0.4235146E-01  0.4235146E-01  0.7520484E-01
 0.8900000E+03  0.4419655E-01  0.4419655E-01  0.7168929E-01
 0.9000000E+03  0.4596927E-01  0.4596927E-01  0.6880803E-01
 0.9100000E+03  0.4767053E-01  0.4767053E-01  0.6706701E-01
 0.9200000E+03  0.4929828E-01  0.4929828E-01  0.6705053E-01
 0.9300000E+03  0.5084034E-01  0.5084034E-01  0.6937477E-01
 0.9400000E+03  0.5227292E-01  0.5227292E-01  0.7462228E-01
 0.9500000E+03  0.5356794E-01  0.5356794E-01  0.8327375E-01
 0.9600000E+03  0.5470328E-01  0.5470328E-01  0.9566106E-01
 0.9700000E+03  0.5566895E-01  0.5566895E-01  0.1119526E+00
 0.9800000E+03  0.5646443E-01  0.5646443E-01  0.1321631E+00
 0.9900000E+03  0.5709232E-01  0.5709232E-01  0.1561739E+00
 0.1000000E+04  0.5755468E-01  0.5755468E-01  0.1837499E+00
 0.1010000E+04  0.5785471E-01  0.5785471E-01  0.2145546E+00
 0.1020000E+04  0.5800047E-01  0.5800047E-01  0.2481612E+00
 0.1030000E+04  0.5800562E-01  0.5800562E-01  0.2840645E+00
 0.1040000E+04  0.5788641E-01  0.5788641E-01  0.3216963E+00
 0.1050000E+04  0.5765767E-01  0.5765767E-01  0.3604506E+00
 0.1060000E+04  0.5733076E-01  0.5733076E-01  0.3997118E+00
 0.1070000E+04  0.5691343E-01  0.5691343E-01  0.4388784E+00
 0.1080000E+04  0.5640992E-01  0.5640992E-01  0.4773784E+00
 0.1090000E+04  0.5582091E-01  0.5582091E-01  0.5146835E+00
 0.1100000E+04  0.5514421E-01  0.5514421E-01  0.5503227E+00
 0.1110000E+04  0.5437750E-01  0.5437750E-01  0.5838953E+00
 0.1120000E+04  0.5352150E-01  0.5352150E-01  0.6150841E+00
 0.1130000E+04  0.5258122E-01  0.5258122E-01  0.6436657E+00
 0.1140000E+04  0.5156414E-01  0.5156414E-01  0.6695148E+00
 0.1150000E+04  0.5047683E-01  0.5047683E-01  0.6925948E+00
 0.1160000E+04  0.4932308E-01  0.4932308E-01  0.7129381E+00
 0.1170000E+04  0.4810418E-01  0.4810418E-01  0.7306306E+00
 0.1180000E+04  0.4682050E-01  0.4682050E-01  0.7458023E+00
 0.1190000E+04  0.4547247E-01  0.4547247E-01  0.7586184E+00
 0.1200000E+04  0.4406034E-01  0.4406034E-01  0.7692680E+00
 0.1210000E+04  0.4258395E-01  0.4258395E-01  0.7779564E+00
 0.1220000E+04  0.4104328E-01  0.4104328E-01  0.7849022E+00
 0.1230000E+04  0.3943993E-01  0.3943993E-01  0.7903304E+00
 0.1240000E+04  0.3777840E-01  0.3777840E-01  0.7944606E+00
 0.1250000E+04  0.3606629E-01  0.3606629E-01  0.7974995E+00
 0.1260000E+04  0.3431352E-01  0.3431352E-01  0.7996410E+00
 0.1270000E+04  0.3253097E-01  0.3253097E-01  0.8010670E+00
 0.1280000E+04  0.3072948E-01  0.3072948E-01  0.8019434E+00
 0.1290000E+04  0.2891932E-01  0.2891932E-01  0.8024180E+00
 0.1300000E+04  0.2711014E-01  0.2711014E-01  0.8026215E+00
 0.1310000E+04  0.2531114E-01  0.2531114E-01  0.8026685E+00
 0.1320000E+04  0.2353111E-01  0.2353111E-01  0.8026555E+00
 0.1330000E+04  0.2177862E-01  0.2177862E-01  0.8026583E+00
 0.1340000E+04  0.2006241E-01  0.2006241E-01  0.8027314E+00
 0.1350000E+04  0.1839245E-01  0.1839245E-01  0.8029083E+00
 0.1360000E+04  0.1678138E-01  0.1678138E-01  0.8032016E+00
 0.1370000E+04  0.1524551E-01  0.1524551E-01  0.8036053E+00
 0.1380000E+04  0.1380430E-01  0.1380430E-01  0.8040991E+00
 0.1390000E+04  0.1247796E-01  0.1247796E-01  0.8046539E+00
 0.1400000E+04  0.1128400E-01  0.1128400E-01  0.8052368E+00
 0.1410000E+04  0.1023388E-01  0.1023388E-01  0.8058165E+00
 0.1420000E+04  0.9331340E-02  0.9331340E-02  0.8063682E+00
 0.1430000E+04  0.8572321E-02  0.8572321E-02  0.8068738E+00
 0.1440000E+04  0.7946339E-02  0.7946339E-02  0.8073200E+00
 0.1450000E+04  0.7438342E-02  0.7438342E-02  0.8076969E+00
 0.1460000E+04  0.7030517E-02  0.7030517E-02  0.8079990E+00
 0.1470000E+04  0.6703774E-02  0.6703774E-02  0.8082267E+00
 0.1480000E+04  0.6439031E-02  0.6439031E-02  0.8083862E+00
 0.1490000E+04  0.6218690E-02  0.6218690E-02  0.8084893E+00
 0.1500000E+04  0.6028608E-02  0.6028608E-02  0.8085509E+00
 0.1510000E+04  0.5860224E-02  0.5860224E-02  0.8085860E+00
 0.1520000E+04  0.5711704E-02  0.5711704E-02  0.8086074E+00
 0.1530000E+04  0.5587021E-02  0.5587021E-02  0.8086251E+00
 0.1540000E+04  0.5492823E-02  0.5492823E-02  0.8086459E+00
 0.1550000E+04  0.5434847E-02  0.5434847E-02  0.8086733E+00
 0.1560000E+04  0.5416248E-02  0.5416248E-02  0.8087082E+00
 0.1570000E+04  0.5439302E-02  0.5439302E-02  0.8087493E+00
 0.1580000E+04  0.5509470E-02  0.5509470E-02  0.8087939E+00
 0.1590000E+04  0.5638713E-02  0.5638713E-02  0.8088395E+00
 0.1600000E+04  0.5845065E-02  0.5845065E-02  0.8088837E+00
 0.1610000E+04  0.6147681E-02  0.6147681E-02  0.8089256E+00
 0.1620000E+04  0.6559721E-02  0.6559721E-02  0.8089662E+00
 0.1630000E+04  0.7083210E-02  0.7083210E-02  0.8090102E+00
 0.1640000E+04  0.7708900E-02  0.7708900E-02  0.8090668E+00
 0.1650000E+04  0.8421299E-02  0.8421299E-02  0.8091487E+00
 0.1660000E+04  0.9205744E-02  0.9205744E-02  0.8092710E+00
 0.1670000E+04  0.1005335E-01  0.1005335E-01  0.8094492E+00
 0.1680000E+04  0.1096135E-01  0.1096135E-01  0.8096983E+00
 0.1690000E+04  0.1192923E-01  0.1192923E-01  0.8100323E+00
 0.1700000E+04  0.1295400E-01  0.1295400E-01  0.8104657E+00
 0.1710000E+04  0.1402797E-01  0.1402797E-01  0.8110146E+00
 0.1720000E+04  0.1514048E-01  0.1514048E-01  0.8116981E+00
 0.1730000E+04  0.1628220E-01  0.1628220E-01  0.8125355E+00
 0.1740000E+04  0.1744838E-01  0.1744838E-01  0.8135411E+00
 0.1750000E+04  0.1863903E-01  0.1863903E-01  0.8147165E+00
 0.1760000E+04  0.1985577E-01  0.1985577E-01  0.8160445E+00
 0.1770000E+04  0.2109845E-01  0.2109845E-01  0.8174886E+00
 0.1780000E+04  0.2236410E-01  0.2236410E-01  0.8189975E+00
 0.1790000E+04  0.2364839E-01  0.2364839E-01  0.8205155E+00
 0.1800000E+04  0.2494742E-01  0.2494742E-01  0.8219915E+00
 0.1810000E+04  0.2625671E-01  0.2625671E-01  0.8233872E+00
 0.1820000E+04  0.2756823E-01  0.2756823E-01  0.8246797E+00
 0.1830000E+04  0.2886902E-01  0.2886902E-01  0.8258618E+00
 0.1840000E+04  0.3014457E-01  0.3014457E-01  0.8269391E+00
 0.1850000E+04  0.3138641E-01  0.3138641E-01  0.8279269E+00
 0.1860000E+04  0.3259765E-01  0.3259765E-01  0.8288455E+00
 0.1870000E+04  0.3379147E-01  0.3379147E-01  0.8297148E+00
 0.1880000E+04  0.3498164E-01  0.3498164E-01  0.8305485E+00
 0.1890000E+04  0.3617189E-01  0.3617189E-01  0.8313505E+00
 0.1900000E+04  0.3735182E-01  0.3735182E-01  0.8321155E+00
 0.1910000E+04  0.3850223E-01  0.3850223E-01  0.8328334E+00
 0.1920000E+04  0.3960569E-01  0.3960569E-01  0.8334948E+00
 0.1930000E+04  0.4065369E-01  0.4065369E-01  0.8340962E+00
 0.1940000E+04  0.4164613E-01  0.4164613E-01  0.8346424E+00
 0.1950000E+04  0.4258463E-01  0.4258463E-01  0.8351454E+00
 0.1960000E+04  0.4346599E-01  0.4346599E-01  0.8356206E+00
 0.1970000E+04  0.4428067E-01  0.4428067E-01  0.8360806E+00
 0.1980000E+04  0.4501635E-01  0.4501635E-01  0.8365307E+00
 0.1990000E+04  0.4566345E-01  0.4566345E-01  0.8369671E+00
 0.2000000E+04  0.4621870E-01  0.4621870E-01  0.8373799E+00
 0.2010000E+04  0.4668558E-01  0.4668558E-01  0.8377602E+00
 0.2020000E+04  0.4707203E-01  0.4707203E-01  0.8381063E+00
 0.2030000E+04  0.4738670E-01  0.4738670E-01  0.8384259E+00
 0.2040000E+04  0.4763568E-01  0.4763568E-01  0.8387326E+00
 0.2050000E+04  0.4782113E-01  0.4782113E-01  0.8390385E+00
 0.2060000E+04  0.4794290E-01  0.4794290E-01  0.8393471E+00
 0.2070000E+04  0.4800139E-01  0.4800139E-01  0.8396512E+00
 0.2080000E+04  0.4799889E-01  0.4799889E-01  0.8399376E+00
 0.2090000E+04  0.4793728E-01  0.4793728E-01  0.8401945E+00
 0.2100000E+04  0.4781453E-01  0.4781453E-01  0.8404187E+00
 0.2110000E+04  0.4762399E-01  0.4762399E-01  0.8406173E+00
 0.2120000E+04  0.4735900E-01  0.4735900E-01  0.8408026E+00
 0.2130000E+04  0.4701905E-01  0.4701905E-01  0.8409845E+00
 0.2140000E+04  0.4661160E-01  0.4661160E-01  0.8411654E+00
 0.2150000E+04  0.4614693E-01  0.4614693E-01  0.8413400E+00
 0.2160000E+04  0.4563039E-01  0.4563039E-01  0.8414995E+00
 0.2170000E+04  0.4505960E-01  0.4505960E-01  0.8416387E+00
 0.2180000E+04  0.4442939E-01  0.4442939E-01  0.8417593E+00
 0.2190000E+04  0.4373920E-01  0.4373920E-01  0.8418688E+00
 0.2200000E+04  0.4299521E-01  0.4299521E-01  0.8419759E+00
 0.2210000E+04  0.4220449E-01  0.4220449E-01  0.8420853E+00
 0.2220000E+04  0.4136689E-01  0.4136689E-01  0.8421956E+00
 0.2230000E+04  0.4047254E-01  0.4047254E-01  0.8423016E+00
 0.2240000E+04  0.3950725E-01  0.3950725E-01  0.8423994E+00
 0.2250000E+04  0.3846028E-01  0.3846028E-01  0.8424897E+00
 0.2260000E+04  0.3732705E-01  0.3732705E-01  0.8425773E+00
 0.2270000E+04  0.3610506E-01  0.3610506E-01  0.8426672E+00
 0.2280000E+04  0.3478821E-01  0.3478821E-01  0.8427606E+00
 0.2290000E+04  0.3336627E-01  0.3336627E-01  0.8428543E+00
 0.2300000E+04  0.3183107E-01  0.3183107E-01  0.8429440E+00
 0.2310000E+04  0.3018441E-01  0.3018441E-01  0.8430291E+00
 0.2320000E+04  0.2844096E-01  0.2844096E-01  0.8431136E+00
 0.2330000E+04  0.2662444E-01  0.2662444E-01  0.8432036E+00
 0.2340000E+04  0.2476117E-01  0.2476117E-01  0.8433025E+00
 0.2350000E+04  0.2287723E-01  0.2287723E-01  0.8434090E+00
 0.2360000E+04  0.2100115E-01  0.2100115E-01  0.8435190E+00
 0.2370000E+04  0.1916798E-01  0.1916798E-01  0.8436299E+00
 0.2380000E+04  0.1741880E-01  0.1741880E-01  0.8437431E+00
 0.2390000E+04  0.1579361E-01  0.1579361E-01  0.8438616E+00
 0.2400000E+04  0.1432223E-01  0.1432223E-01  0.8439865E+00
 0.2410000E+04  0.1301989E-01  0.1301989E-01  0.8441140E+00
 0.2420000E+04  0.1188980E-01  0.1188980E-01  0.8442381E+00
 0.2430000E+04  0.1092860E-01  0.1092860E-01  0.8443553E+00
 0.2440000E+04  0.1012884E-01  0.1012884E-01  0.8444666E+00
 0.2450000E+04  0.9477162E-02  0.9477162E-02  0.8445761E+00
 0.2460000E+04  0.8952316E-02  0.8952316E-02  0.8446863E+00
 0.2470000E+04  0.8527699E-02  0.8527699E-02  0.8447950E+00
 0.2480000E+04  0.8177980E-02  0.8177980E-02  0.8448977E+00
 0.2490000E+04  0.7884679E-02  0.7884679E-02  0.8449912E+00
 0.2500000E+04  0.7636592E-02  0.7636592E-02  0.8450765E+00
 0.2510000E+04  0.7426376E-02  0.7426376E-02  0.8451574E+00
 0.2520000E+04  0.7247919E-02  0.7247919E-02  0.8452362E+00
 0.2530000E+04  0.7097169E-02  0.7097169E-02  0.8453119E+00
 0.2540000E+04  0.6974261E-02  0.6974261E-02  0.8453809E+00
 0.2550000E+04  0.6883011E-02  0.6883011E-02  0.8454410E+00
 0.2560000E+04  0.6827035E-02  0.6827035E-02  0.8454924E+00
 0.2570000E+04  0.6805883E-02  0.6805883E-02  0.8455378E+00
 0.2580000E+04  0.6815136E-02  0.6815136E-02  0.8455791E+00
 0.2590000E+04  0.6850687E-02  0.6850687E-02  0.8456166E+00
 0.2600000E+04  0.6913631E-02  0.6913631E-02  0.8456494E+00
 0.2610000E+04  0.7012017E-02  0.7012017E-02  0.8456771E+00
 0.2620000E+04  0.7158785E-02  0.7158785E-02  0.8457007E+00
 0.2630000E+04  0.7367934E-02  0.7367934E-02  0.8457222E+00
 0.2640000E+04  0.7651049E-02  0.7651049E-02  0.8457449E+00
 0.2650000E+04  0.8014727E-02  0.8014727E-02  0.8457726E+00
 0.2660000E+04  0.8458773E-02  0.8458773E-02  0.8458096E+00
 0.2670000E+04  0.8975887E-02  0.8975887E-02  0.8458603E+00
 0.2680000E+04  0.9553935E-02  0.9553935E-02  0.8459288E+00
 0.2690000E+04  0.1018044E-01  0.1018044E-01  0.8460196E+00
 0.2700000E+04  0.1084664E-01  0.1084664E-01  0.8461386E+00
 0.2710000E+04  0.1154815E-01  0.1154815E-01  0.8462932E+00
 0.2720000E+04  0.1228192E-01  0.1228192E-01  0.8464910E+00
 0.2730000E+04  0.1304235E-01  0.1304235E-01  0.8467371E+00
 0.2740000E+04  0.1382005E-01  0.1382005E-01  0.8470329E+00
 0.2750000E+04  0.1460406E-01  0.1460406E-01  0.8473761E+00
 0.2760000E+04  0.1538541E-01  0.1538541E-01  0.8477635E+00
 0.2770000E+04  0.1615907E-01  0.1615907E-01  0.8481931E+00
 0.2780000E+04  0.1692323E-01  0.1692323E-01  0.8486631E+00
 0.2790000E+04  0.1767691E-01  0.1767691E-01  0.8491699E+00
 0.2800000E+04  0.1841748E-01  0.1841748E-01  0.8497071E+00
 0.2810000E+04  0.1913934E-01  0.1913934E-01  0.8502659E+00
 0.2820000E+04  0.1983442E-01  0.1983442E-01  0.8508387E+00
 0.2830000E+04  0.2049510E-01  0.2049510E-01  0.8514213E+00
 0.2840000E+04  0.2111791E-01  0.2111791E-01  0.8520121E+00
 0.2850000E+04  0.2170514E-01  0.2170514E-01  0.8526094E+00
 0.2860000E+04  0.2226167E-01  0.2226167E-01  0.8532080E+00
 0.2870000E+04  0.2278837E-01  0.2278837E-01  0.8537998E+00
 0.2880000E+04  0.2327741E-01  0.2327741E-01  0.8543761E+00
 0.2890000E+04  0.2371465E-01  0.2371465E-01  0.8549295E+00
 0.2900000E+04  0.2408824E-01  0.2408824E-01  0.8554536E+00
 0.2910000E+04  0.2439643E-01  0.2439643E-01  0.8559411E+00
 0.2920000E+04  0.2464784E-01  0.2464784E-01  0.8563848E+00
 0.2930000E+04  0.2485378E-01  0.2485378E-01  0.8567807E+00
 0.2940000E+04  0.2501919E-01  0.2501919E-01  0.8571321E+00
 0.2950000E+04  0.2513972E-01  0.2513972E-01  0.8574487E+00
 0.2960000E+04  0.2520659E-01  0.2520659E-01  0.8577423E+00
 0.2970000E+04  0.2521444E-01  0.2521444E-01  0.8580199E+00
 0.2980000E+04  0.2516598E-01  0.2516598E-01  0.8582822E+00
 0.2990000E+04  0.2507016E-01  0.2507016E-01  0.8585249E+00
 0.3000000E+04  0.2493590E-01  0.2493590E-01  0.8587423E+00
 0.3010000E+04  0.2476611E-01  0.2476611E-01  0.8589295E+00
 0.3020000E+04  0.2455640E-01  0.2455640E-01  0.8590827E+00
 0.3030000E+04  0.2429955E-01  0.2429955E-01  0.8592002E+00
 0.3040000E+04  0.2399284E-01  0.2399284E-01  0.8592838E+00
 0.3050000E+04  0.2364272E-01  0.2364272E-01  0.8593383E+00
 0.3060000E+04  0.2326282E-01  0.2326282E-01  0.8593685E+00
 0.3070000E+04  0.2286678E-01  0.2286678E-01  0.8593748E+00
 0.3080000E+04  0.2246168E-01  0.2246168E-01  0.8593525E+00
 0.3090000E+04  0.2204781E-01  0.2204781E-01  0.8592956E+00
 0.3100000E+04  0.2162469E-01  0.2162469E-01  0.8592020E+00
 0.3110000E+04  0.2119736E-01  0.2119736E-01  0.8590753E+00
 0.3120000E+04  0.2077627E-01  0.2077627E-01  0.8589214E+00
 0.3130000E+04  0.2037049E-01  0.2037049E-01  0.8587428E+00
 0.3140000E+04  0.1998016E-01  0.1998016E-01  0.8585344E+00
 0.3150000E+04  0.1959522E-01  0.1959522E-01  0.8582832E+00
 0.3160000E+04  0.1920189E-01  0.1920189E-01  0.8579706E+00
 0.3170000E+04  0.1879109E-01  0.1879109E-01  0.8575763E+00
 0.3180000E+04  0.1836155E-01  0.1836155E-01  0.8570836E+00
 0.3190000E+04  0.1791533E-01  0.1791533E-01  0.8564852E+00
 0.3200000E+04  0.1745037E-01  0.1745037E-01  0.8557879E+00
 0.3210000E+04  0.1695721E-01  0.1695721E-01  0.8550125E+00
 0.3220000E+04  0.1642291E-01  0.1642291E-01  0.8541891E+00
 0.3230000E+04  0.1583876E-01  0.1583876E-01  0.8533491E+00
 0.3240000E+04  0.1520554E-01  0.1520554E-01  0.8525168E+00
 0.3250000E+04  0.1453199E-01  0.1453199E-01  0.8517026E+00
 0.3260000E+04  0.1382823E-01  0.1382823E-01  0.8508989E+00
 0.3270000E+04  0.1309992E-01  0.1309992E-01  0.8500789E+00
 0.3280000E+04  0.1234789E-01  0.1234789E-01  0.8491996E+00
 0.3290000E+04  0.1157384E-01  0.1157384E-01  0.8482083E+00
 0.3300000E+04  0.1078704E-01  0.1078704E-01  0.8470523E+00
 0.3310000E+04  0.1000640E-01  0.1000640E-01  0.8456881E+00
 0.3320000E+04  0.9255737E-02  0.9255737E-02  0.8440890E+00
 0.3330000E+04  0.8555709E-02  0.8555709E-02  0.8422510E+00
 0.3340000E+04  0.7918491E-02  0.7918491E-02  0.8401955E+00
 0.3350000E+04  0.7348442E-02  0.7348442E-02  0.8379692E+00
 0.3360000E+04  0.6846828E-02  0.6846828E-02  0.8356399E+00
 0.3370000E+04  0.6415454E-02  0.6415454E-02  0.8332869E+00
 0.3380000E+04  0.6055846E-02  0.6055846E-02  0.8309891E+00
 0.3390000E+04  0.5765316E-02  0.5765316E-02  0.8288116E+00
 0.3400000E+04  0.5534233E-02  0.5534233E-02  0.8267948E+00
 0.3410000E+04  0.5347612E-02  0.5347612E-02  0.8249465E+00
 0.3420000E+04  0.5190168E-02  0.5190168E-02  0.8232392E+00
 0.3430000E+04  0.5051108E-02  0.5051108E-02  0.8216108E+00
 0.3440000E+04  0.4925476E-02  0.4925476E-02  0.8199705E+00
 0.3450000E+04  0.4811959E-02  0.4811959E-02  0.8182079E+00
 0.3460000E+04  0.4709720E-02  0.4709720E-02  0.8162047E+00
 0.3470000E+04  0.4616917E-02  0.4616917E-02  0.8138488E+00
 0.3480000E+04  0.4531489E-02  0.4531489E-02  0.8110480E+00
 0.3490000E+04  0.4452651E-02  0.4452651E-02  0.8077413E+00
 0.3500000E+04  0.4381272E-02  0.4381272E-02  0.8039064E+00
 0.3510000E+04  0.4318772E-02  0.4318772E-02  0.7995604E+00
 0.3520000E+04  0.4265690E-02  0.4265690E-02  0.7947569E+00
 0.3530000E+04  0.4221237E-02  0.4221237E-02  0.7895798E+00
 0.3540000E+04  0.4184087E-02  0.4184087E-02  0.7841357E+00
 0.3550000E+04  0.4153609E-02  0.4153609E-02  0.7785435E+00
 0.3560000E+04  0.4130688E-02  0.4130688E-02  0.7729228E+00
 0.3570000E+04  0.4117850E-02  0.4117850E-02  0.7673815E+00
 0.3580000E+04  0.4118863E-02  0.4118863E-02  0.7620059E+00
 0.3590000E+04  0.4138098E-02  0.4138098E-02  0.7568540E+00
 0.3600000E+04  0.4179846E-02  0.4179846E-02  0.7519535E+00
 0.3610000E+04  0.4247834E-02  0.4247834E-02  0.7473033E+00
 0.3620000E+04  0.4345097E-02  0.4345097E-02  0.7428761E+00
 0.3630000E+04  0.4474063E-02  0.4474063E-02  0.7386218E+00
 0.3640000E+04  0.4636524E-02  0.4636524E-02  0.7344719E+00
 0.3650000E+04  0.4833391E-02  0.4833391E-02  0.7303437E+00
 0.3660000E+04  0.5064412E-02  0.5064412E-02  0.7261465E+00
 0.3670000E+04  0.5328149E-02  0.5328149E-02  0.7217874E+00
 0.3680000E+04  0.5622174E-02  0.5622174E-02  0.7171780E+00
 0.3690000E+04  0.5943276E-02  0.5943276E-02  0.7122393E+00
 0.3700000E+04  0.6287673E-02  0.6287673E-02  0.7069060E+00
 0.3710000E+04  0.6651363E-02  0.6651363E-02  0.7011299E+00
 0.3720000E+04  0.7030615E-02  0.7030615E-02  0.6948836E+00
 0.3730000E+04  0.7422217E-02  0.7422217E-02  0.6881628E+00
 0.3740000E+04  0.7823153E-02  0.7823153E-02  0.6809875E+00
 0.3750000E+04  0.8229938E-02  0.8229938E-02  0.6733997E+00
 0.3760000E+04  0.8638198E-02  0.8638198E-02  0.6654599E+00
 0.3770000E+04  0.9042876E-02  0.9042876E-02  0.6572428E+00
 0.3780000E+04  0.9438831E-02  0.9438831E-02  0.6488341E+00
 0.3790000E+04  0.9821409E-02  0.9821409E-02  0.6403274E+00
 0.3800000E+04  0.1018686E-01  0.1018686E-01  0.6318222E+00
 0.3810000E+04  0.1053273E-01  0.1053273E-01  0.6234189E+00
 0.3820000E+04  0.1085808E-01  0.1085808E-01  0.6152142E+00
 0.3830000E+04  0.1116332E-01  0.1116332E-01  0.6072960E+00
 0.3840000E+04  0.1144926E-01  0.1144926E-01  0.5997386E+00
 0.3850000E+04  0.1171625E-01  0.1171625E-01  0.5925994E+00
 0.3860000E+04  0.1196382E-01  0.1196382E-01  0.5859161E+00
 0.3870000E+04  0.1219132E-01  0.1219132E-01  0.5797034E+00
 0.3880000E+04  0.1239870E-01  0.1239870E-01  0.5739521E+00
 0.3890000E+04  0.1258680E-01  0.1258680E-01  0.5686302E+00
 0.3900000E+04  0.1275687E-01  0.1275687E-01  0.5636859E+00
 0.3910000E+04  0.1291012E-01  0.1291012E-01  0.5590529E+00
 0.3920000E+04  0.1304768E-01  0.1304768E-01  0.5546562E+00
 0.3930000E+04  0.1317062E-01  0.1317062E-01  0.5504183E+00
 0.3940000E+04  0.1327980E-01  0.1327980E-01  0.5462637E+00
 0.3950000E+04  0.1337531E-01  0.1337531E-01  0.5421227E+00
 0.3960000E+04  0.1345646E-01  0.1345646E-01  0.5379347E+00
 0.3970000E+04  0.1352248E-01  0.1352248E-01  0.5336501E+00
 0.3980000E+04  0.1357356E-01  0.1357356E-01  0.5292328E+00
 0.3990000E+04  0.1361099E-01  0.1361099E-01  0.5246604E+00
 0.4000000E+04  0.1363638E-01  0.1363638E-01  0.5199237E+00
 0.4010000E+04  0.1365067E-01  0.1365067E-01  0.5150260E+00
 0.4020000E+04  0.1365391E-01  0.1365391E-01  0.5099817E+00
 0.4030000E+04  0.1364605E-01  0.1364605E-01  0.5048147E+00
 0.4040000E+04  0.1362758E-01  0.1362758E-01  0.4995564E+00
 0.4050000E+04  0.1359941E-01  0.1359941E-01  0.4942429E+00
 0.4060000E+04  0.1356209E-01  0.1356209E-01  0.4889119E+00
 0.4070000E+04  0.1351543E-01  0.1351543E-01  0.4836002E+00
 0.4080000E+04  0.1345868E-01  0.1345868E-01  0.4783432E+00
 0.4090000E+04  0.1339098E-01  0.1339098E-01  0.4731735E+00
 0.4100000E+04  0.1331108E-01  0.1331108E-01  0.4681202E+00
 0.4110000E+04  0.1321654E-01  0.1321654E-01  0.4632069E+00
 0.4120000E+04  0.1310362E-01  0.1310362E-01  0.4584505E+00
 0.4130000E+04  0.1296850E-01  0.1296850E-01  0.4538612E+00
 0.4140000E+04  0.1280912E-01  0.1280912E-01  0.4494425E+00
 0.4150000E+04  0.1262585E-01  0.1262585E-01  0.4451923E+00
 0.4160000E+04  0.1242002E-01  0.1242002E-01  0.4411028E+00
 0.4170000E+04  0.1219141E-01  0.1219141E-01  0.4371620E+00
 0.4180000E+04  0.1193745E-01  0.1193745E-01  0.4333540E+00
 0.4190000E+04  0.1165495E-01  0.1165495E-01  0.4296613E+00
 0.4200000E+04  0.1134322E-01  0.1134322E-01  0.4260653E+00
 0.4210000E+04  0.1100564E-01  0.1100564E-01  0.4225476E+00
 0.4220000E+04  0.1064836E-01  0.1064836E-01  0.4190902E+00
 0.4230000E+04  0.1027776E-01  0.1027776E-01  0.4156754E+00
 0.4240000E+04  0.9899122E-02  0.9899122E-02  0.4122861E+00
 0.4250000E+04  0.9517480E-02  0.9517480E-02  0.4089050E+00
 0.4260000E+04  0.9138932E-02  0.9138932E-02  0.4055143E+00
 0.4270000E+04  0.8770453E-02  0.8770453E-02  0.4020946E+00
 0.4280000E+04  0.8418218E-02  0.8418218E-02  0.3986252E+00
 0.4290000E+04  0.8086340E-02  0.8086340E-02  0.3950848E+00
 0.4300000E+04  0.7777416E-02  0.7777416E-02  0.3914544E+00
 0.4310000E+04  0.7494036E-02  0.7494036E-02  0.3877204E+00
 0.4320000E+04  0.7239255E-02  0.7239255E-02  0.3838778E+00
 0.4330000E+04  0.7015374E-02  0.7015374E-02  0.3799309E+00
 0.4340000E+04  0.6822541E-02  0.6822541E-02  0.3758922E+00
 0.4350000E+04  0.6658948E-02  0.6658948E-02  0.3717804E+00
 0.4360000E+04  0.6522339E-02  0.6522339E-02  0.3676179E+00
 0.4370000E+04  0.6410908E-02  0.6410908E-02  0.3634290E+00
 0.4380000E+04  0.6322459E-02  0.6322459E-02  0.3592387E+00
 0.4390000E+04  0.6253106E-02  0.6253106E-02  0.3550708E+00
 0.4400000E+04  0.6197537E-02  0.6197537E-02  0.3509478E+00
 0.4410000E+04  0.6151036E-02  0.6151036E-02  0.3468903E+00
 0.4420000E+04  0.6111306E-02  0.6111306E-02  0.3429174E+00
 0.4430000E+04  0.6078330E-02  0.6078330E-02  0.3390469E+00
 0.4440000E+04  0.6052735E-02  0.6052735E-02  0.3352958E+00
 0.4450000E+04  0.6034629E-02  0.6034629E-02  0.3316811E+00
 0.4460000E+04  0.6023892E-02  0.6023892E-02  0.3282199E+00
 0.4470000E+04  0.6021000E-02  0.6021000E-02  0.3249307E+00
 0.4480000E+04  0.6027020E-02  0.6027020E-02  0.3218316E+00
 0.4490000E+04  0.6042747E-02  0.6042747E-02  0.3189383E+00
 0.4500000E+04  0.6068153E-02  0.6068153E-02  0.3162593E+00
 0.4510000E+04  0.6102853E-02  0.6102853E-02  0.3137913E+00
 0.4520000E+04  0.6146966E-02  0.6146966E-02  0.3115148E+00
 0.4530000E+04  0.6201254E-02  0.6201254E-02  0.3093929E+00
 0.4540000E+04  0.6266362E-02  0.6266362E-02  0.3073715E+00
 0.4550000E+04  0.6342049E-02  0.6342049E-02  0.3053838E+00
 0.4560000E+04  0.6427286E-02  0.6427286E-02  0.3033558E+00
 0.4570000E+04  0.6520981E-02  0.6520981E-02  0.3012138E+00
 0.4580000E+04  0.6622340E-02  0.6622340E-02  0.2988927E+00
 0.4590000E+04  0.6730360E-02  0.6730360E-02  0.2963427E+00
 0.4600000E+04  0.6843029E-02  0.6843029E-02  0.2935358E+00
 0.4610000E+04  0.6957303E-02  0.6957303E-02  0.2904700E+00
 0.4620000E+04  0.7070035E-02  0.7070035E-02  0.2871701E+00
 0.4630000E+04  0.7178953E-02  0.7178953E-02  0.2836861E+00
 0.4640000E+04  0.7282676E-02  0.7282676E-02  0.2800882E+00
 0.4650000E+04  0.7379978E-02  0.7379978E-02  0.2764587E+00
 0.4660000E+04  0.7469436E-02  0.7469436E-02  0.2728819E+00
 0.4670000E+04  0.7550120E-02  0.7550120E-02  0.2694340E+00
 0.4680000E+04  0.7622638E-02  0.7622638E-02  0.2661742E+00
 0.4690000E+04  0.7689257E-02  0.7689257E-02  0.2631386E+00
 0.4700000E+04  0.7752878E-02  0.7752878E-02  0.2603378E+00
 0.4710000E+04  0.7815926E-02  0.7815926E-02  0.2577579E+00
 0.4720000E+04  0.7880221E-02  0.7880221E-02  0.2553643E+00
 0.4730000E+04  0.7947568E-02  0.7947568E-02  0.2531074E+00
 0.4740000E+04  0.8020029E-02  0.8020029E-02  0.2509284E+00
 0.4750000E+04  0.8099408E-02  0.8099408E-02  0.2487671E+00
 0.4760000E+04  0.8186724E-02  0.8186724E-02  0.2465693E+00
 0.4770000E+04  0.8282426E-02  0.8282426E-02  0.2442931E+00
 0.4780000E+04  0.8387094E-02  0.8387094E-02  0.2419139E+00
 0.4790000E+04  0.8501569E-02  0.8501569E-02  0.2394271E+00
 0.4800000E+04  0.8626147E-02  0.8626147E-02  0.2368477E+00
 0.4810000E+04  0.8759630E-02  0.8759630E-02  0.2342071E+00
 0.4820000E+04  0.8899267E-02  0.8899267E-02  0.2315496E+00
 0.4830000E+04  0.9041583E-02  0.9041583E-02  0.2289258E+00
 0.4840000E+04  0.9183254E-02  0.9183254E-02  0.2263869E+00
 0.4850000E+04  0.9321337E-02  0.9321337E-02  0.2239786E+00
 0.4860000E+04  0.9453084E-02  0.9453084E-02  0.2217361E+00
 0.4870000E+04  0.9575908E-02  0.9575908E-02  0.2196806E+00
 0.4880000E+04  0.9687714E-02  0.9687714E-02  0.2178171E+00
 0.4890000E+04  0.9787207E-02  0.9787207E-02  0.2161340E+00
 0.4900000E+04  0.9873844E-02  0.9873844E-02  0.2146040E+00
 0.4910000E+04  0.9947490E-02  0.9947490E-02  0.2131871E+00
 0.4920000E+04  0.1000810E-01  0.1000810E-01  0.2118346E+00
 0.4930000E+04  0.1005562E-01  0.1005562E-01  0.2104939E+00
 0.4940000E+04  0.1009006E-01  0.1009006E-01  0.2091124E+00
 0.4950000E+04  0.1011151E-01  0.1011151E-01  0.2076417E+00
 0.4960000E+04  0.1011993E-01  0.1011993E-01  0.2060402E+00
 0.4970000E+04  0.1011491E-01  0.1011491E-01  0.2042766E+00
 0.4980000E+04  0.1009530E-01  0.1009530E-01  0.2023318E+00
 0.4990000E+04  0.1005930E-01  0.1005930E-01  0.2002009E+00
 0.5000000E+04  0.1000481E-01  0.1000481E-01  0.1978930E+00
 0.5010000E+04  0.9929910E-02  0.9929910E-02  0.1954303E+00
 0.5020000E+04  0.9833115E-02  0.9833115E-02  0.1928467E+00
 0.5030000E+04  0.9713311E-02  0.9713311E-02  0.1901856E+00
 0.5040000E+04  0.9569717E-02  0.9569717E-02  0.1874982E+00
 0.5050000E+04  0.9401985E-02  0.9401985E-02  0.1848404E+00
 0.5060000E+04  0.9210174E-02  0.9210174E-02  0.1822693E+00
 0.5070000E+04  0.8994384E-02  0.8994384E-02  0.1798387E+00
 0.5080000E+04  0.8754327E-02  0.8754327E-02  0.1775948E+00
 0.5090000E+04  0.8489542E-02  0.8489542E-02  0.1755722E+00
 0.5100000E+04  0.8200356E-02  0.8200356E-02  0.1737912E+00
 0.5110000E+04  0.7888803E-02  0.7888803E-02  0.1722563E+00
 0.5120000E+04  0.7558522E-02  0.7558522E-02  0.1709548E+00
 0.5130000E+04  0.7213751E-02  0.7213751E-02  0.1698572E+00
 0.5140000E+04  0.6858520E-02  0.6858520E-02  0.1689197E+00
 0.5150000E+04  0.6496863E-02  0.6496863E-02  0.1680875E+00
 0.5160000E+04  0.6133501E-02  0.6133501E-02  0.1672998E+00
 0.5170000E+04  0.5773822E-02  0.5773822E-02  0.1664956E+00
 0.5180000E+04  0.5422854E-02  0.5422854E-02  0.1656182E+00
 0.5190000E+04  0.5084313E-02  0.5084313E-02  0.1646204E+00
 0.5200000E+04  0.4760826E-02  0.4760826E-02  0.1634683E+00
 0.5210000E+04  0.4455138E-02  0.4455138E-02  0.1621441E+00
 0.5220000E+04  0.4170955E-02  0.4170955E-02  0.1606465E+00
 0.5230000E+04  0.3912474E-02  0.3912474E-02  0.1589885E+00
 0.5240000E+04  0.3683061E-02  0.3683061E-02  0.1571947E+00
 0.5250000E+04  0.3484282E-02  0.3484282E-02  0.1552972E+00
 0.5260000E+04  0.3315925E-02  0.3315925E-02  0.1533334E+00
 0.5270000E+04  0.3176624E-02  0.3176624E-02  0.1513431E+00
 0.5280000E+04  0.3064309E-02  0.3064309E-02  0.1493657E+00
 0.5290000E+04  0.2976281E-02  0.2976281E-02  0.1474374E+00
 0.5300000E+04  0.2909207E-02  0.2909207E-02  0.1455893E+00
 0.5310000E+04  0.2859387E-02  0.2859387E-02  0.1438458E+00
 0.5320000E+04  0.2823223E-02  0.2823223E-02  0.1422241E+00
 0.5330000E+04  0.2797584E-02  0.2797584E-02  0.1407342E+00
 0.5340000E+04  0.2779925E-02  0.2779925E-02  0.1393790E+00
 0.5350000E+04  0.2768237E-02  0.2768237E-02  0.1381549E+00
 0.5360000E+04  0.2761052E-02  0.2761052E-02  0.1370528E+00
 0.5370000E+04  0.2757574E-02  0.2757574E-02  0.1360599E+00
 0.5380000E+04  0.2757833E-02  0.2757833E-02  0.1351602E+00
 0.5390000E+04  0.2762688E-02  0.2762688E-02  0.1343356E+00
 0.5400000E+04  0.2773549E-02  0.2773549E-02  0.1335657E+00
 0.5410000E+04  0.2791880E-02  0.2791880E-02  0.1328281E+00
 0.5420000E+04  0.2818793E-02  0.2818793E-02  0.1320986E+00
 0.5430000E+04  0.2854965E-02  0.2854965E-02  0.1313516E+00
 0.5440000E+04  0.2900908E-02  0.2900908E-02  0.1305617E+00
 0.5450000E+04  0.2957244E-02  0.2957244E-02  0.1297049E+00
 0.5460000E+04  0.3024620E-02  0.3024620E-02  0.1287615E+00
 0.5470000E+04  0.3103231E-02  0.3103231E-02  0.1277183E+00
 0.5480000E+04  0.3192339E-02  0.3192339E-02  0.1265704E+00
 0.5490000E+04  0.3290287E-02  0.3290287E-02  0.1253221E+00
 0.5500000E+04  0.3395084E-02  0.3395084E-02  0.1239875E+00
 0.5510000E+04  0.3505124E-02  0.3505124E-02  0.1225895E+00
 0.5520000E+04  0.3619439E-02  0.3619439E-02  0.1211579E+00
 0.5530000E+04  0.3737295E-02  0.3737295E-02  0.1197262E+00
 0.5540000E+04  0.3857542E-02  0.3857542E-02  0.1183279E+00
 0.5550000E+04  0.3978323E-02  0.3978323E-02  0.1169924E+00
 0.5560000E+04  0.4097424E-02  0.4097424E-02  0.1157430E+00
 0.5570000E+04  0.4212964E-02  0.4212964E-02  0.1145950E+00
 0.5580000E+04  0.4323878E-02  0.4323878E-02  0.1135559E+00
 0.5590000E+04  0.4429864E-02  0.4429864E-02  0.1126258E+00
 0.5600000E+04  0.4530951E-02  0.4530951E-02  0.1117985E+00
 0.5610000E+04  0.4627134E-02  0.4627134E-02  0.1110637E+00
 0.5620000E+04  0.4718381E-02  0.4718381E-02  0.1104093E+00
 0.5630000E+04  0.4804934E-02  0.4804934E-02  0.1098244E+00
 0.5640000E+04  0.4887481E-02  0.4887481E-02  0.1093001E+00
 0.5650000E+04  0.4966905E-02  0.4966905E-02  0.1088302E+00
 0.5660000E+04  0.5043776E-02  0.5043776E-02  0.1084100E+00
 0.5670000E+04  0.5118073E-02  0.5118073E-02  0.1080344E+00
 0.5680000E+04  0.5189442E-02  0.5189442E-02  0.1076977E+00
 0.5690000E+04  0.5257672E-02  0.5257672E-02  0.1073919E+00
 0.5700000E+04  0.5322852E-02  0.5322852E-02  0.1071063E+00
 0.5710000E+04  0.5385066E-02  0.5385066E-02  0.1068271E+00
 0.5720000E+04  0.5444124E-02  0.5444124E-02  0.1065370E+00
 0.5730000E+04  0.5499793E-02  0.5499793E-02  0.1062164E+00
 0.5740000E+04  0.5552299E-02  0.5552299E-02  0.1058440E+00
 0.5750000E+04  0.5602366E-02  0.5602366E-02  0.1054000E+00
 0.5760000E+04  0.5650527E-02  0.5650527E-02  0.1048681E+00
 0.5770000E+04  0.5696335E-02  0.5696335E-02  0.1042371E+00
 0.5780000E+04  0.5738358E-02  0.5738358E-02  0.1035029E+00
 0.5790000E+04  0.5774985E-02  0.5774985E-02  0.1026689E+00
 0.5800000E+04  0.5805219E-02  0.5805219E-02  0.1017465E+00
 0.5810000E+04  0.5828711E-02  0.5828711E-02  0.1007547E+00
 0.5820000E+04  0.5845227E-02  0.5845227E-02  0.9971919E-01
 0.5830000E+04  0.5854333E-02  0.5854333E-02  0.9867015E-01
 0.5840000E+04  0.5855694E-02  0.5855694E-02  0.9763943E-01
 0.5850000E+04  0.5849587E-02  0.5849587E-02  0.9665707E-01
 0.5860000E+04  0.5837043E-02  0.5837043E-02  0.9574781E-01
 0.5870000E+04  0.5819467E-02  0.5819467E-02  0.9492818E-01
 0.5880000E+04  0.5798124E-02  0.5798124E-02  0.9420466E-01
 0.5890000E+04  0.5773879E-02  0.5773879E-02  0.9357332E-01
 0.5900000E+04  0.5747225E-02  0.5747225E-02  0.9302076E-01
 0.5910000E+04  0.5718417E-02  0.5718417E-02  0.9252620E-01
 0.5920000E+04  0.5687576E-02  0.5687576E-02  0.9206436E-01
 0.5930000E+04  0.5654689E-02  0.5654689E-02  0.9160890E-01
 0.5940000E+04  0.5619480E-02  0.5619480E-02  0.9113587E-01
 0.5950000E+04  0.5581153E-02  0.5581153E-02  0.9062663E-01
 0.5960000E+04  0.5538232E-02  0.5538232E-02  0.9006965E-01
 0.5970000E+04  0.5488757E-02  0.5488757E-02  0.8946096E-01
 0.5980000E+04  0.5430858E-02  0.5430858E-02  0.8880328E-01
 0.5990000E+04  0.5363308E-02  0.5363308E-02  0.8810436E-01
 0.6000000E+04  0.5285614E-02  0.5285614E-02  0.8737489E-01
 0.6010000E+04  0.5197592E-02  0.5197592E-02  0.8662644E-01
 0.6020000E+04  0.5098908E-02  0.5098908E-02  0.8586977E-01
 0.6030000E+04  0.4989055E-02  0.4989055E-02  0.8511373E-01
 0.6040000E+04  0.4867786E-02  0.4867786E-02  0.8436508E-01
 0.6050000E+04  0.4735496E-02  0.4735496E-02  0.8362900E-01
 0.6060000E+04  0.4593216E-02  0.4593216E-02  0.8291011E-01
 0.6070000E+04  0.4442329E-02  0.4442329E-02  0.8221332E-01
 0.6080000E+04  0.4284433E-02  0.4284433E-02  0.8154438E-01
 0.6090000E+04  0.4121495E-02  0.4121495E-02  0.8090992E-01
 0.6100000E+04  0.3955982E-02  0.3955982E-02  0.8031700E-01
 0.6110000E+04  0.3790669E-02  0.3790669E-02  0.7977211E-01
 0.6120000E+04  0.3628205E-02  0.3628205E-02  0.7927957E-01
 0.6130000E+04  0.3470873E-02  0.3470873E-02  0.7883975E-01
 0.6140000E+04  0.3320664E-02  0.3320664E-02  0.7844774E-01
 0.6150000E+04  0.3179417E-02  0.3179417E-02  0.7809290E-01
 0.6160000E+04  0.3048678E-02  0.3048678E-02  0.7775960E-01
 0.6170000E+04  0.2929369E-02  0.2929369E-02  0.7742869E-01
 0.6180000E+04  0.2821617E-02  0.2821617E-02  0.7707951E-01
 0.6190000E+04  0.2724898E-02  0.2724898E-02  0.7669221E-01
 0.6200000E+04  0.2638296E-02  0.2638296E-02  0.7625027E-01
 0.6210000E+04  0.2560596E-02  0.2560596E-02  0.7574299E-01
 0.6220000E+04  0.2490248E-02  0.2490248E-02  0.7516724E-01
 0.6230000E+04  0.2425381E-02  0.2425381E-02  0.7452799E-01
 0.6240000E+04  0.2363998E-02  0.2363998E-02  0.7383754E-01
 0.6250000E+04  0.2304231E-02  0.2304231E-02  0.7311378E-01
 0.6260000E+04  0.2244564E-02  0.2244564E-02  0.7237819E-01
 0.6270000E+04  0.2183975E-02  0.2183975E-02  0.7165363E-01
 0.6280000E+04  0.2121939E-02  0.2121939E-02  0.7096212E-01
 0.6290000E+04  0.2058247E-02  0.2058247E-02  0.7032265E-01
 0.6300000E+04  0.1992748E-02  0.1992748E-02  0.6974934E-01
 0.6310000E+04  0.1925316E-02  0.1925316E-02  0.6925022E-01
 0.6320000E+04  0.1856155E-02  0.1856155E-02  0.6882689E-01
 0.6330000E+04  0.1786210E-02  0.1786210E-02  0.6847480E-01
 0.6340000E+04  0.1717225E-02  0.1717225E-02  0.6818394E-01
 0.6350000E+04  0.1651368E-02  0.1651368E-02  0.6793983E-01
 0.6360000E+04  0.1590745E-02  0.1590745E-02  0.6772503E-01
 0.6370000E+04  0.1537155E-02  0.1537155E-02  0.6752103E-01
 0.6380000E+04  0.1492061E-02  0.1492061E-02  0.6731020E-01
 0.6390000E+04  0.1456514E-02  0.1456514E-02  0.6707763E-01
 0.6400000E+04  0.1430983E-02  0.1430983E-02  0.6681215E-01
 0.6410000E+04  0.1415286E-02  0.1415286E-02  0.6650683E-01
 0.6420000E+04  0.1408790E-02  0.1408790E-02  0.6615907E-01
 0.6430000E+04  0.1410738E-02  0.1410738E-02  0.6577039E-01
 0.6440000E+04  0.1420456E-02  0.1420456E-02  0.6534603E-01
 0.6450000E+04  0.1437320E-02  0.1437320E-02  0.6489400E-01
 0.6460000E+04  0.1460594E-02  0.1460594E-02  0.6442387E-01
 0.6470000E+04  0.1489290E-02  0.1489290E-02  0.6394562E-01
 0.6480000E+04  0.1522173E-02  0.1522173E-02  0.6346895E-01
 0.6490000E+04  0.1558006E-02  0.1558006E-02  0.6300312E-01
 0.6500000E+04  0.1595955E-02  0.1595955E-02  0.6255698E-01
 0.6510000E+04  0.1635848E-02  0.1635848E-02  0.6213864E-01
 0.6520000E+04  0.1677942E-02  0.1677942E-02  0.6175483E-01
 0.6530000E+04  0.1722307E-02  0.1722307E-02  0.6141008E-01
 0.6540000E+04  0.1768392E-02  0.1768392E-02  0.6110607E-01
 0.6550000E+04  0.1815290E-02  0.1815290E-02  0.6084111E-01
 0.6560000E+04  0.1862465E-02  0.1862465E-02  0.6060994E-01
 0.6570000E+04  0.1910194E-02  0.1910194E-02  0.6040363E-01
 0.6580000E+04  0.1959226E-02  0.1959226E-02  0.6020992E-01
 0.6590000E+04  0.2010053E-02  0.2010053E-02  0.6001419E-01
 0.6600000E+04  0.2062566E-02  0.2062566E-02  0.5980087E-01
 0.6610000E+04  0.2116389E-02  0.2116389E-02  0.5955523E-01
 0.6620000E+04  0.2171452E-02  0.2171452E-02  0.5926523E-01
 0.6630000E+04  0.2228198E-02  0.2228198E-02  0.5892325E-01
 0.6640000E+04  0.2287352E-02  0.2287352E-02  0.5852730E-01
 0.6650000E+04  0.2349606E-02  0.2349606E-02  0.5808164E-01
 0.6660000E+04  0.2415498E-02  0.2415498E-02  0.5759634E-01
 0.6670000E+04  0.2485378E-02  0.2485378E-02  0.5708606E-01
 0.6680000E+04  0.2559323E-02  0.2559323E-02  0.5656811E-01
 0.6690000E+04  0.2637029E-02  0.2637029E-02  0.5606033E-01
 0.6700000E+04  0.2717856E-02  0.2717856E-02  0.5557886E-01
 0.6710000E+04  0.2801040E-02  0.2801040E-02  0.5513627E-01
 0.6720000E+04  0.2885872E-02  0.2885872E-02  0.5474022E-01
 0.6730000E+04  0.2971753E-02  0.2971753E-02  0.5439316E-01
 0.6740000E+04  0.3058157E-02  0.3058157E-02  0.5409285E-01
 0.6750000E+04  0.3144560E-02  0.3144560E-02  0.5383330E-01
 0.6760000E+04  0.3230333E-02  0.3230333E-02  0.5360591E-01
 0.6770000E+04  0.3314586E-02  0.3314586E-02  0.5340053E-01
 0.6780000E+04  0.3396124E-02  0.3396124E-02  0.5320649E-01
 0.6790000E+04  0.3473603E-02  0.3473603E-02  0.5301375E-01
 0.6800000E+04  0.3545831E-02  0.3545831E-02  0.5281379E-01
 0.6810000E+04  0.3611958E-02  0.3611958E-02  0.5260017E-01
 0.6820000E+04  0.3671416E-02  0.3671416E-02  0.5236857E-01
 0.6830000E+04  0.3723697E-02  0.3723697E-02  0.5211665E-01
 0.6840000E+04  0.3768157E-02  0.3768157E-02  0.5184410E-01
 0.6850000E+04  0.3803948E-02  0.3803948E-02  0.5155265E-01
 0.6860000E+04  0.3830120E-02  0.3830120E-02  0.5124596E-01
 0.6870000E+04  0.3845846E-02  0.3845846E-02  0.5092914E-01
 0.6880000E+04  0.3850669E-02  0.3850669E-02  0.5060832E-01
 0.6890000E+04  0.3844627E-02  0.3844627E-02  0.5029018E-01
 0.6900000E+04  0.3828167E-02  0.3828167E-02  0.4998174E-01
 0.6910000E+04  0.3801995E-02  0.3801995E-02  0.4968989E-01
 0.6920000E+04  0.3766973E-02  0.3766973E-02  0.4942042E-01
 0.6930000E+04  0.3724080E-02  0.3724080E-02  0.4917684E-01
 0.6940000E+04  0.3674270E-02  0.3674270E-02  0.4895946E-01
 0.6950000E+04  0.3618230E-02  0.3618230E-02  0.4876493E-01
 0.6960000E+04  0.3556249E-02  0.3556249E-02  0.4858652E-01
 0.6970000E+04  0.3488353E-02  0.3488353E-02  0.4841477E-01
 0.6980000E+04  0.3414573E-02  0.3414573E-02  0.4823862E-01
 0.6990000E+04  0.3335046E-02  0.3335046E-02  0.4804701E-01
 0.7000000E+04  0.3249901E-02  0.3249901E-02  0.4783068E-01
 0.7010000E+04  0.3159166E-02  0.3159166E-02  0.4758381E-01
 0.7020000E+04  0.3062929E-02  0.3062929E-02  0.4730506E-01
 0.7030000E+04  0.2961638E-02  0.2961638E-02  0.4699782E-01
 0.7040000E+04  0.2856226E-02  0.2856226E-02  0.4666970E-01
 0.7050000E+04  0.2747921E-02  0.2747921E-02  0.4633154E-01
 0.7060000E+04  0.2637895E-02  0.2637895E-02  0.4599584E-01
 0.7070000E+04  0.2527025E-02  0.2527025E-02  0.4567487E-01
 0.7080000E+04  0.2415888E-02  0.2415888E-02  0.4537866E-01
 0.7090000E+04  0.2304941E-02  0.2304941E-02  0.4511336E-01
 0.7100000E+04  0.2194771E-02  0.2194771E-02  0.4488031E-01
 0.7110000E+04  0.2086280E-02  0.2086280E-02  0.4467595E-01
 0.7120000E+04  0.1980692E-02  0.1980692E-02  0.4449253E-01
 0.7130000E+04  0.1879351E-02  0.1879351E-02  0.4431948E-01
 0.7140000E+04  0.1783387E-02  0.1783387E-02  0.4414502E-01
 0.7150000E+04  0.1693441E-02  0.1693441E-02  0.4395799E-01
 0.7160000E+04  0.1609595E-02  0.1609595E-02  0.4374943E-01
 0.7170000E+04  0.1531484E-02  0.1531484E-02  0.4351382E-01
 0.7180000E+04  0.1458475E-02  0.1458475E-02  0.4324969E-01
 0.7190000E+04  0.1389818E-02  0.1389818E-02  0.4295967E-01
 0.7200000E+04  0.1324756E-02  0.1324756E-02  0.4264995E-01
 0.7210000E+04  0.1262652E-02  0.1262652E-02  0.4232926E-01
 0.7220000E+04  0.1203121E-02  0.1203121E-02  0.4200763E-01
 0.7230000E+04  0.1146093E-02  0.1146093E-02  0.4169517E-01
 0.7240000E+04  0.1091755E-02  0.1091755E-02  0.4140084E-01
 0.7250000E+04  0.1040389E-02  0.1040389E-02  0.4113144E-01
 0.7260000E+04  0.9922423E-03  0.9922423E-03  0.4089072E-01
 0.7270000E+04  0.9474646E-03  0.9474646E-03  0.4067891E-01
 0.7280000E+04  0.9061289E-03  0.9061289E-03  0.4049253E-01
 0.7290000E+04  0.8682840E-03  0.8682840E-03  0.4032472E-01
 0.7300000E+04  0.8340413E-03  0.8340413E-03  0.4016587E-01
 0.7310000E+04  0.8036864E-03  0.8036864E-03  0.4000471E-01
 0.7320000E+04  0.7777520E-03  0.7777520E-03  0.3982971E-01
 0.7330000E+04  0.7569525E-03  0.7569525E-03  0.3963065E-01
 0.7340000E+04  0.7419460E-03  0.7419460E-03  0.3940034E-01
 0.7350000E+04  0.7330329E-03  0.7330329E-03  0.3913592E-01
 0.7360000E+04  0.7299741E-03  0.7299741E-03  0.3883963E-01
 0.7370000E+04  0.7320544E-03  0.7320544E-03  0.3851873E-01
 0.7380000E+04  0.7383483E-03  0.7383483E-03  0.3818451E-01
 0.7390000E+04  0.7480236E-03  0.7480236E-03  0.3785051E-01
 0.7400000E+04  0.7605160E-03  0.7605160E-03  0.3753033E-01
 0.7410000E+04  0.7755235E-03  0.7755235E-03  0.3723542E-01
 0.7420000E+04  0.7928996E-03  0.7928996E-03  0.3697322E-01
 0.7430000E+04  0.8125524E-03  0.8125524E-03  0.3674604E-01
 0.7440000E+04  0.8343971E-03  0.8343971E-03  0.3655090E-01
 0.7450000E+04  0.8583241E-03  0.8583241E-03  0.3638053E-01
 0.7460000E+04  0.8841468E-03  0.8841468E-03  0.3622528E-01
 0.7470000E+04  0.9115592E-03  0.9115592E-03  0.3607539E-01
 0.7480000E+04  0.9401644E-03  0.9401644E-03  0.3592301E-01
 0.7490000E+04  0.9695845E-03  0.9695845E-03  0.3576350E-01
 0.7500000E+04  0.9995828E-03  0.9995828E-03  0.3559594E-01
 0.7510000E+04  0.1030119E-02  0.1030119E-02  0.3542288E-01
 0.7520000E+04  0.1061323E-02  0.1061323E-02  0.3524953E-01
 0.7530000E+04  0.1093435E-02  0.1093435E-02  0.3508227E-01
 0.7540000E+04  0.1126737E-02  0.1126737E-02  0.3492667E-01
 0.7550000E+04  0.1161488E-02  0.1161488E-02  0.3478567E-01
 0.7560000E+04  0.1197865E-02  0.1197865E-02  0.3465876E-01
 0.7570000E+04  0.1235908E-02  0.1235908E-02  0.3454219E-01
 0.7580000E+04  0.1275524E-02  0.1275524E-02  0.3443011E-01
 0.7590000E+04  0.1316523E-02  0.1316523E-02  0.3431599E-01
 0.7600000E+04  0.1358705E-02  0.1358705E-02  0.3419383E-01
 0.7610000E+04  0.1401971E-02  0.1401971E-02  0.3405924E-01
 0.7620000E+04  0.1446409E-02  0.1446409E-02  0.3391042E-01
 0.7630000E+04  0.1492251E-02  0.1492251E-02  0.3374877E-01
 0.7640000E+04  0.1539694E-02  0.1539694E-02  0.3357872E-01
 0.7650000E+04  0.1588671E-02  0.1588671E-02  0.3340667E-01
 0.7660000E+04  0.1638771E-02  0.1638771E-02  0.3323942E-01
 0.7670000E+04  0.1689382E-02  0.1689382E-02  0.3308267E-01
 0.7680000E+04  0.1739915E-02  0.1739915E-02  0.3293988E-01
 0.7690000E+04  0.1789921E-02  0.1789921E-02  0.3281157E-01
 0.7700000E+04  0.1839039E-02  0.1839039E-02  0.3269497E-01
 0.7710000E+04  0.1886913E-02  0.1886913E-02  0.3258415E-01
 0.7720000E+04  0.1933207E-02  0.1933207E-02  0.3247074E-01
 0.7730000E+04  0.1977689E-02  0.1977689E-02  0.3234507E-01
 0.7740000E+04  0.2020220E-02  0.2020220E-02  0.3219734E-01
 0.7750000E+04  0.2060596E-02  0.2060596E-02  0.3201882E-01
 0.7760000E+04  0.2098372E-02  0.2098372E-02  0.3180296E-01
 0.7770000E+04  0.2132853E-02  0.2132853E-02  0.3154635E-01
 0.7780000E+04  0.2163266E-02  0.2163266E-02  0.3124941E-01
 0.7790000E+04  0.2188993E-02  0.2188993E-02  0.3091661E-01
 0.7800000E+04  0.2209684E-02  0.2209684E-02  0.3055599E-01
 0.7810000E+04  0.2225217E-02  0.2225217E-02  0.3017844E-01
 0.7820000E+04  0.2235595E-02  0.2235595E-02  0.2979653E-01
 0.7830000E+04  0.2240859E-02  0.2240859E-02  0.2942320E-01
 0.7840000E+04  0.2241050E-02  0.2241050E-02  0.2907010E-01
 0.7850000E+04  0.2236168E-02  0.2236168E-02  0.2874607E-01
 0.7860000E+04  0.2226145E-02  0.2226145E-02  0.2845590E-01
 0.7870000E+04  0.2210858E-02  0.2210858E-02  0.2819979E-01
 0.7880000E+04  0.2190232E-02  0.2190232E-02  0.2797355E-01
 0.7890000E+04  0.2164390E-02  0.2164390E-02  0.2776928E-01
 0.7900000E+04  0.2133738E-02  0.2133738E-02  0.2757660E-01
 0.7910000E+04  0.2098918E-02  0.2098918E-02  0.2738427E-01
 0.7920000E+04  0.2060673E-02  0.2060673E-02  0.2718210E-01
 0.7930000E+04  0.2019754E-02  0.2019754E-02  0.2696273E-01
 0.7940000E+04  0.1976921E-02  0.1976921E-02  0.2672284E-01
 0.7950000E+04  0.1932961E-02  0.1932961E-02  0.2646344E-01
 0.7960000E+04  0.1888647E-02  0.1888647E-02  0.2618937E-01
 0.7970000E+04  0.1844640E-02  0.1844640E-02  0.2590826E-01
 0.7980000E+04  0.1801408E-02  0.1801408E-02  0.2562934E-01
 0.7990000E+04  0.1759217E-02  0.1759217E-02  0.2536229E-01
 0.8000000E+04  0.1718158E-02  0.1718158E-02  0.2511607E-01
