 0.1000000E-02 -0.1021321E-01  0.0000000E+00
 0.2000000E-02 -0.1031050E-01  0.0000000E+00
 0.3000000E-02 -0.1040426E-01  0.0000000E+00
 0.4000000E-02 -0.1049445E-01  0.0000000E+00
 0.5000000E-02 -0.1058103E-01  0.0000000E+00
 0.6000000E-02 -0.1066397E-01  0.0000000E+00
 0.7000000E-02 -0.1074323E-01  0.0000000E+00
 0.8000000E-02 -0.1081877E-01  0.0000000E+00
 0.9000000E-02 -0.1089058E-01  0.0000000E+00
 0.1000000E-01 -0.1095861E-01  0.0000000E+00
 0.1100000E-01 -0.1102285E-01  0.0000000E+00
 0.1200000E-01 -0.1108325E-01  0.0000000E+00
 0.1300000E-01 -0.1113981E-01  0.0000000E+00
 0.1400000E-01 -0.1119249E-01  0.0000000E+00
 0.1500000E-01 -0.1124127E-01  0.0000000E+00
 0.1600000E-01 -0.1128613E-01  0.0000000E+00
 0.1700000E-01 -0.1132706E-01  0.0000000E+00
 0.1800000E-01 -0.1136403E-01  0.0000000E+00
 0.1900000E-01 -0.1139704E-01  0.0000000E+00
 0.2000000E-01 -0.1142606E-01  0.0000000E+00
 0.2100000E-01 -0.1145108E-01  0.0000000E+00
 0.2200000E-01 -0.1147210E-01  0.0000000E+00
 0.2300000E-01 -0.1148910E-01  0.0000000E+00
 0.2400000E-01 -0.1150208E-01  0.0000000E+00
 0.2500000E-01 -0.1151103E-01  0.0000000E+00
 0.2600000E-01 -0.1151595E-01  0.0000000E+00
 0.2700000E-01 -0.1151683E-01  0.0000000E+00
 0.2800000E-01 -0.1151367E-01  0.0000000E+00
 0.2900000E-01 -0.1150648E-01  0.0000000E+00
 0.3000000E-01 -0.1149525E-01  0.0000000E+00
 0.3100000E-01 -0.1148000E-01  0.0000000E+00
 0.3200000E-01 -0.1146072E-01  0.0000000E+00
 0.3300000E-01 -0.1143743E-01  0.0000000E+00
 0.3400000E-01 -0.1141013E-01  0.0000000E+00
 0.3500000E-01 -0.1137883E-01  0.0000000E+00
 0.3600000E-01 -0.1134354E-01  0.0000000E+00
 0.3700000E-01 -0.1130429E-01  0.0000000E+00
 0.3800000E-01 -0.1126108E-01  0.0000000E+00
 0.3900000E-01 -0.1121393E-01  0.0000000E+00
 0.4000000E-01 -0.1116286E-01  0.0000000E+00
 0.4100000E-01 -0.1110790E-01  0.0000000E+00
 0.4200000E-01 -0.1104905E-01  0.0000000E+00
 0.4300000E-01 -0.1098636E-01  0.0000000E+00
 0.4400000E-01 -0.1091983E-01  0.0000000E+00
 0.4500000E-01 -0.1084950E-01  0.0000000E+00
 0.4600000E-01 -0.1077540E-01  0.0000000E+00
 0.4700000E-01 -0.1069755E-01  0.0000000E+00
 0.4800000E-01 -0.1061599E-01  0.0000000E+00
 0.4900000E-01 -0.1053075E-01  0.0000000E+00
 0.5000000E-01 -0.1044186E-01  0.0000000E+00
 0.5100000E-01 -0.1034937E-01  0.0000000E+00
 0.5200000E-01 -0.1025330E-01  0.0000000E+00
 0.5300000E-01 -0.1015369E-01  0.0000000E+00
 0.5400000E-01 -0.1005059E-01  0.0000000E+00
 0.5500000E-01 -0.9944042E-02  0.0000000E+00
 0.5600000E-01 -0.9834081E-02  0.0000000E+00
 0.5700000E-01 -0.9720754E-02  0.0000000E+00
 0.5800000E-01 -0.9604108E-02  0.0000000E+00
 0.5900000E-01 -0.9484190E-02  0.0000000E+00
 0.6000000E-01 -0.9361047E-02  0.0000000E+00
 0.6100000E-01 -0.9234730E-02  0.0000000E+00
 0.6200000E-01 -0.9105290E-02  0.0000000E+00
 0.6300000E-01 -0.8972780E-02  0.0000000E+00
 0.6400000E-01 -0.8837252E-02  0.0000000E+00
 0.6500000E-01 -0.8698761E-02  0.0000000E+00
 0.6600000E-01 -0.8557365E-02  0.0000000E+00
 0.6700000E-01 -0.8413119E-02  0.0000000E+00
 0.6800000E-01 -0.8266083E-02  0.0000000E+00
 0.6900000E-01 -0.8116315E-02  0.0000000E+00
 0.7000000E-01 -0.7963878E-02  0.0000000E+00
 0.7100000E-01 -0.7808831E-02  0.0000000E+00
 0.7200000E-01 -0.7651239E-02  0.0000000E+00
 0.7300000E-01 -0.7491165E-02  0.0000000E+00
 0.7400000E-01 -0.7328674E-02  0.0000000E+00
 0.7500000E-01 -0.7163833E-02  0.0000000E+00
 0.7600000E-01 -0.6996707E-02  0.0000000E+00
 0.7700000E-01 -0.6827365E-02  0.0000000E+00
 0.7800000E-01 -0.6655875E-02  0.0000000E+00
 0.7900000E-01 -0.6482307E-02  0.0000000E+00
 0.8000000E-01 -0.6306732E-02  0.0000000E+00
 0.8100000E-01 -0.6129221E-02  0.0000000E+00
 0.8200000E-01 -0.5949845E-02  0.0000000E+00
 0.8300000E-01 -0.5768679E-02  0.0000000E+00
 0.8400000E-01 -0.5585794E-02  0.0000000E+00
 0.8500000E-01 -0.5401267E-02  0.0000000E+00
 0.8600000E-01 -0.5215171E-02  0.0000000E+00
 0.8700000E-01 -0.5027583E-02  0.0000000E+00
 0.8800000E-01 -0.4838578E-02  0.0000000E+00
 0.8900000E-01 -0.4648233E-02  0.0000000E+00
 0.9000000E-01 -0.4456626E-02  0.0000000E+00
 0.9100000E-01 -0.4263835E-02  0.0000000E+00
 0.9200000E-01 -0.4069938E-02  0.0000000E+00
 0.9300000E-01 -0.3875015E-02  0.0000000E+00
 0.9400000E-01 -0.3679143E-02  0.0000000E+00
 0.9500000E-01 -0.3482403E-02  0.0000000E+00
 0.9600000E-01 -0.3284876E-02  0.0000000E+00
 0.9700000E-01 -0.3086641E-02  0.0000000E+00
 0.9800000E-01 -0.2887779E-02  0.0000000E+00
 0.9900000E-01 -0.2688371E-02  0.0000000E+00
 0.1000000E+00 -0.2488498E-02  0.0000000E+00
 0.1010000E+00 -0.2288241E-02  0.0000000E+00
 0.1020000E+00 -0.2087683E-02  0.0000000E+00
 0.1030000E+00 -0.1886905E-02  0.0000000E+00
 0.1040000E+00 -0.1685988E-02  0.0000000E+00
 0.1050000E+00 -0.1485015E-02  0.0000000E+00
 0.1060000E+00 -0.1284067E-02  0.0000000E+00
 0.1070000E+00 -0.1083225E-02  0.0000000E+00
 0.1080000E+00 -0.8825732E-03  0.0000000E+00
 0.1090000E+00 -0.6821917E-03  0.0000000E+00
 0.1100000E+00 -0.4821624E-03  0.0000000E+00
 0.1110000E+00 -0.2825670E-03  0.0000000E+00
 0.1120000E+00 -0.8348671E-04  0.0000000E+00
 0.1130000E+00  0.1149973E-03  0.0000000E+00
 0.1140000E+00  0.3128040E-03  0.0000000E+00
 0.1150000E+00  0.5098530E-03  0.0000000E+00
 0.1160000E+00  0.7060638E-03  0.0000000E+00
 0.1170000E+00  0.9013564E-03  0.0000000E+00
 0.1180000E+00  0.1095651E-02  0.0000000E+00
 0.1190000E+00  0.1288869E-02  0.0000000E+00
 0.1200000E+00  0.1480931E-02  0.0000000E+00
 0.1210000E+00  0.1671759E-02  0.0000000E+00
 0.1220000E+00  0.1861274E-02  0.0000000E+00
 0.1230000E+00  0.2049401E-02  0.0000000E+00
 0.1240000E+00  0.2236061E-02  0.0000000E+00
 0.1250000E+00  0.2421180E-02  0.0000000E+00
 0.1260000E+00  0.2604680E-02  0.0000000E+00
 0.1270000E+00  0.2786488E-02  0.0000000E+00
 0.1280000E+00  0.2966529E-02  0.0000000E+00
 0.1290000E+00  0.3144730E-02  0.0000000E+00
 0.1300000E+00  0.3321018E-02  0.0000000E+00
 0.1310000E+00  0.3495320E-02  0.0000000E+00
 0.1320000E+00  0.3667567E-02  0.0000000E+00
 0.1330000E+00  0.3837687E-02  0.0000000E+00
 0.1340000E+00  0.4005612E-02  0.0000000E+00
 0.1350000E+00  0.4171272E-02  0.0000000E+00
 0.1360000E+00  0.4334599E-02  0.0000000E+00
 0.1370000E+00  0.4495528E-02  0.0000000E+00
 0.1380000E+00  0.4653993E-02  0.0000000E+00
 0.1390000E+00  0.4809928E-02  0.0000000E+00
 0.1400000E+00  0.4963270E-02  0.0000000E+00
 0.1410000E+00  0.5113956E-02  0.0000000E+00
 0.1420000E+00  0.5261926E-02  0.0000000E+00
 0.1430000E+00  0.5407117E-02  0.0000000E+00
 0.1440000E+00  0.5549472E-02  0.0000000E+00
 0.1450000E+00  0.5688932E-02  0.0000000E+00
 0.1460000E+00  0.5825439E-02  0.0000000E+00
 0.1470000E+00  0.5958939E-02  0.0000000E+00
 0.1480000E+00  0.6089376E-02  0.0000000E+00
 0.1490000E+00  0.6216697E-02  0.0000000E+00
 0.1500000E+00  0.6340850E-02  0.0000000E+00
 0.1510000E+00  0.6461785E-02  0.0000000E+00
 0.1520000E+00  0.6579451E-02  0.0000000E+00
 0.1530000E+00  0.6693801E-02  0.0000000E+00
 0.1540000E+00  0.6804788E-02  0.0000000E+00
 0.1550000E+00  0.6912367E-02  0.0000000E+00
 0.1560000E+00  0.7016494E-02  0.0000000E+00
 0.1570000E+00  0.7117125E-02  0.0000000E+00
 0.1580000E+00  0.7214220E-02  0.0000000E+00
 0.1590000E+00  0.7307739E-02  0.0000000E+00
 0.1600000E+00  0.7397643E-02  0.0000000E+00
 0.1610000E+00  0.7483897E-02  0.0000000E+00
 0.1620000E+00  0.7566464E-02  0.0000000E+00
 0.1630000E+00  0.7645311E-02  0.0000000E+00
 0.1640000E+00  0.7720405E-02  0.0000000E+00
 0.1650000E+00  0.7791716E-02  0.0000000E+00
 0.1660000E+00  0.7859215E-02  0.0000000E+00
 0.1670000E+00  0.7922873E-02  0.0000000E+00
 0.1680000E+00  0.7982665E-02  0.0000000E+00
 0.1690000E+00  0.8038566E-02  0.0000000E+00
 0.1700000E+00  0.8090553E-02  0.0000000E+00
 0.1710000E+00  0.8138605E-02  0.0000000E+00
 0.1720000E+00  0.8182702E-02  0.0000000E+00
 0.1730000E+00  0.8222826E-02  0.0000000E+00
 0.1740000E+00  0.8258961E-02  0.0000000E+00
 0.1750000E+00  0.8291091E-02  0.0000000E+00
 0.1760000E+00  0.8319203E-02  0.0000000E+00
 0.1770000E+00  0.8343286E-02  0.0000000E+00
 0.1780000E+00  0.8363330E-02  0.0000000E+00
 0.1790000E+00  0.8379326E-02  0.0000000E+00
 0.1800000E+00  0.8391268E-02  0.0000000E+00
 0.1810000E+00  0.8399151E-02  0.0000000E+00
 0.1820000E+00  0.8402971E-02  0.0000000E+00
 0.1830000E+00  0.8402727E-02  0.0000000E+00
 0.1840000E+00  0.8398419E-02  0.0000000E+00
 0.1850000E+00  0.8390048E-02  0.0000000E+00
 0.1860000E+00  0.8377617E-02  0.0000000E+00
 0.1870000E+00  0.8361133E-02  0.0000000E+00
 0.1880000E+00  0.8340600E-02  0.0000000E+00
 0.1890000E+00  0.8316028E-02  0.0000000E+00
 0.1900000E+00  0.8287426E-02  0.0000000E+00
 0.1910000E+00  0.8254806E-02  0.0000000E+00
 0.1920000E+00  0.8218181E-02  0.0000000E+00
 0.1930000E+00  0.8177567E-02  0.0000000E+00
 0.1940000E+00  0.8132978E-02  0.0000000E+00
 0.1950000E+00  0.8084434E-02  0.0000000E+00
 0.1960000E+00  0.8031954E-02  0.0000000E+00
 0.1970000E+00  0.7975560E-02  0.0000000E+00
 0.1980000E+00  0.7915274E-02  0.0000000E+00
 0.1990000E+00  0.7851121E-02  0.0000000E+00
 0.2000000E+00  0.7783127E-02  0.0000000E+00
 0.2010000E+00  0.7711320E-02  0.0000000E+00
 0.2020000E+00  0.7635728E-02  0.0000000E+00
 0.2030000E+00  0.7556383E-02  0.0000000E+00
 0.2040000E+00  0.7473317E-02  0.0000000E+00
 0.2050000E+00  0.7386564E-02  0.0000000E+00
 0.2060000E+00  0.7296158E-02  0.0000000E+00
 0.2070000E+00  0.7202138E-02  0.0000000E+00
 0.2080000E+00  0.7104540E-02  0.0000000E+00
 0.2090000E+00  0.7003405E-02  0.0000000E+00
 0.2100000E+00  0.6898775E-02  0.0000000E+00
 0.2110000E+00  0.6790691E-02  0.0000000E+00
 0.2120000E+00  0.6679197E-02  0.0000000E+00
 0.2130000E+00  0.6564340E-02  0.0000000E+00
 0.2140000E+00  0.6446165E-02  0.0000000E+00
 0.2150000E+00  0.6324722E-02  0.0000000E+00
 0.2160000E+00  0.6200059E-02  0.0000000E+00
 0.2170000E+00  0.6072227E-02  0.0000000E+00
 0.2180000E+00  0.5941279E-02  0.0000000E+00
 0.2190000E+00  0.5807267E-02  0.0000000E+00
 0.2200000E+00  0.5670247E-02  0.0000000E+00
 0.2210000E+00  0.5530274E-02  0.0000000E+00
 0.2220000E+00  0.5387406E-02  0.0000000E+00
 0.2230000E+00  0.5241700E-02  0.0000000E+00
 0.2240000E+00  0.5093216E-02  0.0000000E+00
 0.2250000E+00  0.4942014E-02  0.0000000E+00
 0.2260000E+00  0.4788157E-02  0.0000000E+00
 0.2270000E+00  0.4631707E-02  0.0000000E+00
 0.2280000E+00  0.4472727E-02  0.0000000E+00
 0.2290000E+00  0.4311283E-02  0.0000000E+00
 0.2300000E+00  0.4147440E-02  0.0000000E+00
 0.2310000E+00  0.3981265E-02  0.0000000E+00
 0.2320000E+00  0.3812826E-02  0.0000000E+00
 0.2330000E+00  0.3642192E-02  0.0000000E+00
 0.2340000E+00  0.3469431E-02  0.0000000E+00
 0.2350000E+00  0.3294616E-02  0.0000000E+00
 0.2360000E+00  0.3117816E-02  0.0000000E+00
 0.2370000E+00  0.2939104E-02  0.0000000E+00
 0.2380000E+00  0.2758553E-02  0.0000000E+00
 0.2390000E+00  0.2576237E-02  0.0000000E+00
 0.2400000E+00  0.2392229E-02  0.0000000E+00
 0.2410000E+00  0.2206606E-02  0.0000000E+00
 0.2420000E+00  0.2019442E-02  0.0000000E+00
 0.2430000E+00  0.1830813E-02  0.0000000E+00
 0.2440000E+00  0.1640798E-02  0.0000000E+00
 0.2450000E+00  0.1449473E-02  0.0000000E+00
 0.2460000E+00  0.1256916E-02  0.0000000E+00
 0.2470000E+00  0.1063206E-02  0.0000000E+00
 0.2480000E+00  0.8684222E-03  0.0000000E+00
 0.2490000E+00  0.6726433E-03  0.0000000E+00
 0.2500000E+00  0.4759496E-03  0.0000000E+00
 0.2510000E+00  0.2784211E-03  0.0000000E+00
 0.2520000E+00  0.8013838E-04  0.0000000E+00
 0.2530000E+00 -0.1188176E-03  0.0000000E+00
 0.2540000E+00 -0.3183659E-03  0.0000000E+00
 0.2550000E+00 -0.5184250E-03  0.0000000E+00
 0.2560000E+00 -0.7189134E-03  0.0000000E+00
 0.2570000E+00 -0.9197494E-03  0.0000000E+00
 0.2580000E+00 -0.1120851E-02  0.0000000E+00
 0.2590000E+00 -0.1322137E-02  0.0000000E+00
 0.2600000E+00 -0.1523524E-02  0.0000000E+00
 0.2610000E+00 -0.1724930E-02  0.0000000E+00
 0.2620000E+00 -0.1926275E-02  0.0000000E+00
 0.2630000E+00 -0.2127474E-02  0.0000000E+00
 0.2640000E+00 -0.2328448E-02  0.0000000E+00
 0.2650000E+00 -0.2529112E-02  0.0000000E+00
 0.2660000E+00 -0.2729387E-02  0.0000000E+00
 0.2670000E+00 -0.2929189E-02  0.0000000E+00
 0.2680000E+00 -0.3128439E-02  0.0000000E+00
 0.2690000E+00 -0.3327054E-02  0.0000000E+00
 0.2700000E+00 -0.3524954E-02  0.0000000E+00
 0.2710000E+00 -0.3722057E-02  0.0000000E+00
 0.2720000E+00 -0.3918285E-02  0.0000000E+00
 0.2730000E+00 -0.4113556E-02  0.0000000E+00
 0.2740000E+00 -0.4307792E-02  0.0000000E+00
 0.2750000E+00 -0.4500913E-02  0.0000000E+00
 0.2760000E+00 -0.4692841E-02  0.0000000E+00
 0.2770000E+00 -0.4883497E-02  0.0000000E+00
 0.2780000E+00 -0.5072804E-02  0.0000000E+00
 0.2790000E+00 -0.5260684E-02  0.0000000E+00
 0.2800000E+00 -0.5447062E-02  0.0000000E+00
 0.2810000E+00 -0.5631862E-02  0.0000000E+00
 0.2820000E+00 -0.5815007E-02  0.0000000E+00
 0.2830000E+00 -0.5996425E-02  0.0000000E+00
 0.2840000E+00 -0.6176040E-02  0.0000000E+00
 0.2850000E+00 -0.6353780E-02  0.0000000E+00
 0.2860000E+00 -0.6529573E-02  0.0000000E+00
 0.2870000E+00 -0.6703347E-02  0.0000000E+00
 0.2880000E+00 -0.6875031E-02  0.0000000E+00
 0.2890000E+00 -0.7044556E-02  0.0000000E+00
 0.2900000E+00 -0.7211853E-02  0.0000000E+00
 0.2910000E+00 -0.7376853E-02  0.0000000E+00
 0.2920000E+00 -0.7539490E-02  0.0000000E+00
 0.2930000E+00 -0.7699698E-02  0.0000000E+00
 0.2940000E+00 -0.7857411E-02  0.0000000E+00
 0.2950000E+00 -0.8012566E-02  0.0000000E+00
 0.2960000E+00 -0.8165099E-02  0.0000000E+00
 0.2970000E+00 -0.8314949E-02  0.0000000E+00
 0.2980000E+00 -0.8462055E-02  0.0000000E+00
 0.2990000E+00 -0.8606357E-02  0.0000000E+00
 0.3000000E+00 -0.8747796E-02  0.0000000E+00
 0.3010000E+00 -0.8886315E-02  0.0000000E+00
 0.3020000E+00 -0.9021859E-02  0.0000000E+00
 0.3030000E+00 -0.9154372E-02  0.0000000E+00
 0.3040000E+00 -0.9283800E-02  0.0000000E+00
 0.3050000E+00 -0.9410091E-02  0.0000000E+00
 0.3060000E+00 -0.9533194E-02  0.0000000E+00
 0.3070000E+00 -0.9653060E-02  0.0000000E+00
 0.3080000E+00 -0.9769639E-02  0.0000000E+00
 0.3090000E+00 -0.9882884E-02  0.0000000E+00
 0.3100000E+00 -0.9992750E-02  0.0000000E+00
 0.3110000E+00 -0.1009919E-01  0.0000000E+00
 0.3120000E+00 -0.1020217E-01  0.0000000E+00
 0.3130000E+00 -0.1030164E-01  0.0000000E+00
 0.3140000E+00 -0.1039755E-01  0.0000000E+00
 0.3150000E+00 -0.1048989E-01  0.0000000E+00
 0.3160000E+00 -0.1057860E-01  0.0000000E+00
 0.3170000E+00 -0.1066364E-01  0.0000000E+00
 0.3180000E+00 -0.1074500E-01  0.0000000E+00
 0.3190000E+00 -0.1082263E-01  0.0000000E+00
 0.3200000E+00 -0.1089650E-01  0.0000000E+00
 0.3210000E+00 -0.1096658E-01  0.0000000E+00
 0.3220000E+00 -0.1103284E-01  0.0000000E+00
 0.3230000E+00 -0.1109527E-01  0.0000000E+00
 0.3240000E+00 -0.1115383E-01  0.0000000E+00
 0.3250000E+00 -0.1120850E-01  0.0000000E+00
 0.3260000E+00 -0.1125925E-01  0.0000000E+00
 0.3270000E+00 -0.1130608E-01  0.0000000E+00
 0.3280000E+00 -0.1134895E-01  0.0000000E+00
 0.3290000E+00 -0.1138786E-01  0.0000000E+00
 0.3300000E+00 -0.1142278E-01  0.0000000E+00
 0.3310000E+00 -0.1145371E-01  0.0000000E+00
 0.3320000E+00 -0.1148062E-01  0.0000000E+00
 0.3330000E+00 -0.1150352E-01  0.0000000E+00
 0.3340000E+00 -0.1152240E-01  0.0000000E+00
 0.3350000E+00 -0.1153723E-01  0.0000000E+00
 0.3360000E+00 -0.1154803E-01  0.0000000E+00
 0.3370000E+00 -0.1155479E-01  0.0000000E+00
 0.3380000E+00 -0.1155750E-01  0.0000000E+00
 0.3390000E+00 -0.1155616E-01  0.0000000E+00
 0.3400000E+00 -0.1155078E-01  0.0000000E+00
 0.3410000E+00 -0.1154135E-01  0.0000000E+00
 0.3420000E+00 -0.1152789E-01  0.0000000E+00
 0.3430000E+00 -0.1151040E-01  0.0000000E+00
 0.3440000E+00 -0.1148888E-01  0.0000000E+00
 0.3450000E+00 -0.1146335E-01  0.0000000E+00
 0.3460000E+00 -0.1143382E-01  0.0000000E+00
 0.3470000E+00 -0.1140030E-01  0.0000000E+00
 0.3480000E+00 -0.1136280E-01  0.0000000E+00
 0.3490000E+00 -0.1132134E-01  0.0000000E+00
 0.3500000E+00 -0.1127594E-01  0.0000000E+00
 0.3510000E+00 -0.1122662E-01  0.0000000E+00
 0.3520000E+00 -0.1117339E-01  0.0000000E+00
 0.3530000E+00 -0.1111629E-01  0.0000000E+00
 0.3540000E+00 -0.1105533E-01  0.0000000E+00
 0.3550000E+00 -0.1099054E-01  0.0000000E+00
 0.3560000E+00 -0.1092195E-01  0.0000000E+00
 0.3570000E+00 -0.1084958E-01  0.0000000E+00
 0.3580000E+00 -0.1077347E-01  0.0000000E+00
 0.3590000E+00 -0.1069365E-01  0.0000000E+00
 0.3600000E+00 -0.1061014E-01  0.0000000E+00
 0.3610000E+00 -0.1052300E-01  0.0000000E+00
 0.3620000E+00 -0.1043225E-01  0.0000000E+00
 0.3630000E+00 -0.1033792E-01  0.0000000E+00
 0.3640000E+00 -0.1024007E-01  0.0000000E+00
 0.3650000E+00 -0.1013873E-01  0.0000000E+00
 0.3660000E+00 -0.1003393E-01  0.0000000E+00
 0.3670000E+00 -0.9925738E-02  0.0000000E+00
 0.3680000E+00 -0.9814182E-02  0.0000000E+00
 0.3690000E+00 -0.9699313E-02  0.0000000E+00
 0.3700000E+00 -0.9581178E-02  0.0000000E+00
 0.3710000E+00 -0.9459825E-02  0.0000000E+00
 0.3720000E+00 -0.9335306E-02  0.0000000E+00
 0.3730000E+00 -0.9207672E-02  0.0000000E+00
 0.3740000E+00 -0.9076975E-02  0.0000000E+00
 0.3750000E+00 -0.8943269E-02  0.0000000E+00
 0.3760000E+00 -0.8806610E-02  0.0000000E+00
 0.3770000E+00 -0.8667054E-02  0.0000000E+00
 0.3780000E+00 -0.8524658E-02  0.0000000E+00
 0.3790000E+00 -0.8379482E-02  0.0000000E+00
 0.3800000E+00 -0.8231585E-02  0.0000000E+00
 0.3810000E+00 -0.8081028E-02  0.0000000E+00
 0.3820000E+00 -0.7927873E-02  0.0000000E+00
 0.3830000E+00 -0.7772183E-02  0.0000000E+00
 0.3840000E+00 -0.7614022E-02  0.0000000E+00
 0.3850000E+00 -0.7453455E-02  0.0000000E+00
 0.3860000E+00 -0.7290549E-02  0.0000000E+00
 0.3870000E+00 -0.7125371E-02  0.0000000E+00
 0.3880000E+00 -0.6957987E-02  0.0000000E+00
 0.3890000E+00 -0.6788468E-02  0.0000000E+00
 0.3900000E+00 -0.6616882E-02  0.0000000E+00
 0.3910000E+00 -0.6443301E-02  0.0000000E+00
 0.3920000E+00 -0.6267795E-02  0.0000000E+00
 0.3930000E+00 -0.6090437E-02  0.0000000E+00
 0.3940000E+00 -0.5911298E-02  0.0000000E+00
 0.3950000E+00 -0.5730454E-02  0.0000000E+00
 0.3960000E+00 -0.5547978E-02  0.0000000E+00
 0.3970000E+00 -0.5363944E-02  0.0000000E+00
 0.3980000E+00 -0.5178429E-02  0.0000000E+00
 0.3990000E+00 -0.4991507E-02  0.0000000E+00
 0.4000000E+00 -0.4803257E-02  0.0000000E+00
 0.4010000E+00 -0.4613754E-02  0.0000000E+00
 0.4020000E+00 -0.4423077E-02  0.0000000E+00
 0.4030000E+00 -0.4231304E-02  0.0000000E+00
 0.4040000E+00 -0.4038512E-02  0.0000000E+00
 0.4050000E+00 -0.3844781E-02  0.0000000E+00
 0.4060000E+00 -0.3650191E-02  0.0000000E+00
 0.4070000E+00 -0.3454819E-02  0.0000000E+00
 0.4080000E+00 -0.3258748E-02  0.0000000E+00
 0.4090000E+00 -0.3062055E-02  0.0000000E+00
 0.4100000E+00 -0.2864823E-02  0.0000000E+00
 0.4110000E+00 -0.2667131E-02  0.0000000E+00
 0.4120000E+00 -0.2469060E-02  0.0000000E+00
 0.4130000E+00 -0.2270691E-02  0.0000000E+00
 0.4140000E+00 -0.2072105E-02  0.0000000E+00
 0.4150000E+00 -0.1873382E-02  0.0000000E+00
 0.4160000E+00 -0.1674604E-02  0.0000000E+00
 0.4170000E+00 -0.1475852E-02  0.0000000E+00
 0.4180000E+00 -0.1277207E-02  0.0000000E+00
 0.4190000E+00 -0.1078749E-02  0.0000000E+00
 0.4200000E+00 -0.8805591E-03  0.0000000E+00
 0.4210000E+00 -0.6827185E-03  0.0000000E+00
 0.4220000E+00 -0.4853073E-03  0.0000000E+00
 0.4230000E+00 -0.2884058E-03  0.0000000E+00
 0.4240000E+00 -0.9209397E-04  0.0000000E+00
 0.4250000E+00  0.1035484E-03  0.0000000E+00
 0.4260000E+00  0.2984419E-03  0.0000000E+00
 0.4270000E+00  0.4925074E-03  0.0000000E+00
 0.4280000E+00  0.6856662E-03  0.0000000E+00
 0.4290000E+00  0.8778399E-03  0.0000000E+00
 0.4300000E+00  0.1068951E-02  0.0000000E+00
 0.4310000E+00  0.1258921E-02  0.0000000E+00
 0.4320000E+00  0.1447674E-02  0.0000000E+00
 0.4330000E+00  0.1635134E-02  0.0000000E+00
 0.4340000E+00  0.1821223E-02  0.0000000E+00
 0.4350000E+00  0.2005868E-02  0.0000000E+00
 0.4360000E+00  0.2188994E-02  0.0000000E+00
 0.4370000E+00  0.2370526E-02  0.0000000E+00
 0.4380000E+00  0.2550392E-02  0.0000000E+00
 0.4390000E+00  0.2728518E-02  0.0000000E+00
 0.4400000E+00  0.2904833E-02  0.0000000E+00
 0.4410000E+00  0.3079266E-02  0.0000000E+00
 0.4420000E+00  0.3251747E-02  0.0000000E+00
 0.4430000E+00  0.3422206E-02  0.0000000E+00
 0.4440000E+00  0.3590574E-02  0.0000000E+00
 0.4450000E+00  0.3756785E-02  0.0000000E+00
 0.4460000E+00  0.3920771E-02  0.0000000E+00
 0.4470000E+00  0.4082466E-02  0.0000000E+00
 0.4480000E+00  0.4241805E-02  0.0000000E+00
 0.4490000E+00  0.4398726E-02  0.0000000E+00
 0.4500000E+00  0.4553164E-02  0.0000000E+00
 0.4510000E+00  0.4705059E-02  0.0000000E+00
 0.4520000E+00  0.4854348E-02  0.0000000E+00
 0.4530000E+00  0.5000974E-02  0.0000000E+00
 0.4540000E+00  0.5144877E-02  0.0000000E+00
 0.4550000E+00  0.5286000E-02  0.0000000E+00
 0.4560000E+00  0.5424287E-02  0.0000000E+00
 0.4570000E+00  0.5559683E-02  0.0000000E+00
 0.4580000E+00  0.5692133E-02  0.0000000E+00
 0.4590000E+00  0.5821587E-02  0.0000000E+00
 0.4600000E+00  0.5947992E-02  0.0000000E+00
 0.4610000E+00  0.6071298E-02  0.0000000E+00
 0.4620000E+00  0.6191456E-02  0.0000000E+00
 0.4630000E+00  0.6308420E-02  0.0000000E+00
 0.4640000E+00  0.6422143E-02  0.0000000E+00
 0.4650000E+00  0.6532581E-02  0.0000000E+00
 0.4660000E+00  0.6639689E-02  0.0000000E+00
 0.4670000E+00  0.6743427E-02  0.0000000E+00
 0.4680000E+00  0.6843754E-02  0.0000000E+00
 0.4690000E+00  0.6940631E-02  0.0000000E+00
 0.4700000E+00  0.7034019E-02  0.0000000E+00
 0.4710000E+00  0.7123884E-02  0.0000000E+00
 0.4720000E+00  0.7210189E-02  0.0000000E+00
 0.4730000E+00  0.7292902E-02  0.0000000E+00
 0.4740000E+00  0.7371992E-02  0.0000000E+00
 0.4750000E+00  0.7447427E-02  0.0000000E+00
 0.4760000E+00  0.7519179E-02  0.0000000E+00
 0.4770000E+00  0.7587222E-02  0.0000000E+00
 0.4780000E+00  0.7651528E-02  0.0000000E+00
 0.4790000E+00  0.7712075E-02  0.0000000E+00
 0.4800000E+00  0.7768839E-02  0.0000000E+00
 0.4810000E+00  0.7821800E-02  0.0000000E+00
 0.4820000E+00  0.7870938E-02  0.0000000E+00
 0.4830000E+00  0.7916236E-02  0.0000000E+00
 0.4840000E+00  0.7957677E-02  0.0000000E+00
 0.4850000E+00  0.7995246E-02  0.0000000E+00
 0.4860000E+00  0.8028931E-02  0.0000000E+00
 0.4870000E+00  0.8058719E-02  0.0000000E+00
 0.4880000E+00  0.8084603E-02  0.0000000E+00
 0.4890000E+00  0.8106572E-02  0.0000000E+00
 0.4900000E+00  0.8124620E-02  0.0000000E+00
 0.4910000E+00  0.8138743E-02  0.0000000E+00
 0.4920000E+00  0.8148937E-02  0.0000000E+00
 0.4930000E+00  0.8155201E-02  0.0000000E+00
 0.4940000E+00  0.8157534E-02  0.0000000E+00
 0.4950000E+00  0.8155937E-02  0.0000000E+00
 0.4960000E+00  0.8150415E-02  0.0000000E+00
 0.4970000E+00  0.8140971E-02  0.0000000E+00
 0.4980000E+00  0.8127612E-02  0.0000000E+00
 0.4990000E+00  0.8110345E-02  0.0000000E+00
 0.5000000E+00  0.8089182E-02  0.0000000E+00
 0.5010000E+00  0.8064132E-02  0.0000000E+00
 0.5020000E+00  0.8035208E-02  0.0000000E+00
 0.5030000E+00  0.8002424E-02  0.0000000E+00
 0.5040000E+00  0.7965798E-02  0.0000000E+00
 0.5050000E+00  0.7925345E-02  0.0000000E+00
 0.5060000E+00  0.7881086E-02  0.0000000E+00
 0.5070000E+00  0.7833040E-02  0.0000000E+00
 0.5080000E+00  0.7781230E-02  0.0000000E+00
 0.5090000E+00  0.7725679E-02  0.0000000E+00
 0.5100000E+00  0.7666413E-02  0.0000000E+00
 0.5110000E+00  0.7603458E-02  0.0000000E+00
 0.5120000E+00  0.7536843E-02  0.0000000E+00
 0.5130000E+00  0.7466597E-02  0.0000000E+00
 0.5140000E+00  0.7392752E-02  0.0000000E+00
 0.5150000E+00  0.7315340E-02  0.0000000E+00
 0.5160000E+00  0.7234395E-02  0.0000000E+00
 0.5170000E+00  0.7149952E-02  0.0000000E+00
 0.5180000E+00  0.7062049E-02  0.0000000E+00
 0.5190000E+00  0.6970724E-02  0.0000000E+00
 0.5200000E+00  0.6876017E-02  0.0000000E+00
 0.5210000E+00  0.6777968E-02  0.0000000E+00
 0.5220000E+00  0.6676620E-02  0.0000000E+00
 0.5230000E+00  0.6572017E-02  0.0000000E+00
 0.5240000E+00  0.6464204E-02  0.0000000E+00
 0.5250000E+00  0.6353228E-02  0.0000000E+00
 0.5260000E+00  0.6239134E-02  0.0000000E+00
 0.5270000E+00  0.6121974E-02  0.0000000E+00
 0.5280000E+00  0.6001796E-02  0.0000000E+00
 0.5290000E+00  0.5878652E-02  0.0000000E+00
 0.5300000E+00  0.5752594E-02  0.0000000E+00
 0.5310000E+00  0.5623677E-02  0.0000000E+00
 0.5320000E+00  0.5491954E-02  0.0000000E+00
 0.5330000E+00  0.5357482E-02  0.0000000E+00
 0.5340000E+00  0.5220318E-02  0.0000000E+00
 0.5350000E+00  0.5080518E-02  0.0000000E+00
 0.5360000E+00  0.4938144E-02  0.0000000E+00
 0.5370000E+00  0.4793254E-02  0.0000000E+00
 0.5380000E+00  0.4645910E-02  0.0000000E+00
 0.5390000E+00  0.4496174E-02  0.0000000E+00
 0.5400000E+00  0.4344108E-02  0.0000000E+00
 0.5410000E+00  0.4189777E-02  0.0000000E+00
 0.5420000E+00  0.4033245E-02  0.0000000E+00
 0.5430000E+00  0.3874578E-02  0.0000000E+00
 0.5440000E+00  0.3713842E-02  0.0000000E+00
 0.5450000E+00  0.3551104E-02  0.0000000E+00
 0.5460000E+00  0.3386433E-02  0.0000000E+00
 0.5470000E+00  0.3219896E-02  0.0000000E+00
 0.5480000E+00  0.3051564E-02  0.0000000E+00
 0.5490000E+00  0.2881506E-02  0.0000000E+00
 0.5500000E+00  0.2709793E-02  0.0000000E+00
 0.5510000E+00  0.2536497E-02  0.0000000E+00
 0.5520000E+00  0.2361689E-02  0.0000000E+00
 0.5530000E+00  0.2185442E-02  0.0000000E+00
 0.5540000E+00  0.2007829E-02  0.0000000E+00
 0.5550000E+00  0.1828923E-02  0.0000000E+00
 0.5560000E+00  0.1648798E-02  0.0000000E+00
 0.5570000E+00  0.1467529E-02  0.0000000E+00
 0.5580000E+00  0.1285190E-02  0.0000000E+00
 0.5590000E+00  0.1101857E-02  0.0000000E+00
 0.5600000E+00  0.9176042E-03  0.0000000E+00
 0.5610000E+00  0.7325085E-03  0.0000000E+00
 0.5620000E+00  0.5466455E-03  0.0000000E+00
 0.5630000E+00  0.3600916E-03  0.0000000E+00
 0.5640000E+00  0.1729232E-03  0.0000000E+00
 0.5650000E+00 -0.1478300E-04  0.0000000E+00
 0.5660000E+00 -0.2029503E-03  0.0000000E+00
 0.5670000E+00 -0.3915017E-03  0.0000000E+00
 0.5680000E+00 -0.5803602E-03  0.0000000E+00
 0.5690000E+00 -0.7694489E-03  0.0000000E+00
 0.5700000E+00 -0.9586907E-03  0.0000000E+00
 0.5710000E+00 -0.1148009E-02  0.0000000E+00
 0.5720000E+00 -0.1337326E-02  0.0000000E+00
 0.5730000E+00 -0.1526565E-02  0.0000000E+00
 0.5740000E+00 -0.1715650E-02  0.0000000E+00
 0.5750000E+00 -0.1904504E-02  0.0000000E+00
 0.5760000E+00 -0.2093051E-02  0.0000000E+00
 0.5770000E+00 -0.2281213E-02  0.0000000E+00
 0.5780000E+00 -0.2468917E-02  0.0000000E+00
 0.5790000E+00 -0.2656085E-02  0.0000000E+00
 0.5800000E+00 -0.2842643E-02  0.0000000E+00
 0.5810000E+00 -0.3028515E-02  0.0000000E+00
 0.5820000E+00 -0.3213626E-02  0.0000000E+00
 0.5830000E+00 -0.3397904E-02  0.0000000E+00
 0.5840000E+00 -0.3581273E-02  0.0000000E+00
 0.5850000E+00 -0.3763661E-02  0.0000000E+00
 0.5860000E+00 -0.3944995E-02  0.0000000E+00
 0.5870000E+00 -0.4125202E-02  0.0000000E+00
 0.5880000E+00 -0.4304210E-02  0.0000000E+00
 0.5890000E+00 -0.4481950E-02  0.0000000E+00
 0.5900000E+00 -0.4658349E-02  0.0000000E+00
 0.5910000E+00 -0.4833339E-02  0.0000000E+00
 0.5920000E+00 -0.5006849E-02  0.0000000E+00
 0.5930000E+00 -0.5178812E-02  0.0000000E+00
 0.5940000E+00 -0.5349160E-02  0.0000000E+00
 0.5950000E+00 -0.5517826E-02  0.0000000E+00
 0.5960000E+00 -0.5684744E-02  0.0000000E+00
 0.5970000E+00 -0.5849848E-02  0.0000000E+00
 0.5980000E+00 -0.6013073E-02  0.0000000E+00
 0.5990000E+00 -0.6174357E-02  0.0000000E+00
 0.6000000E+00 -0.6333636E-02  0.0000000E+00
 0.6010000E+00 -0.6490848E-02  0.0000000E+00
 0.6020000E+00 -0.6645933E-02  0.0000000E+00
 0.6030000E+00 -0.6798831E-02  0.0000000E+00
 0.6040000E+00 -0.6949483E-02  0.0000000E+00
 0.6050000E+00 -0.7097830E-02  0.0000000E+00
 0.6060000E+00 -0.7243817E-02  0.0000000E+00
 0.6070000E+00 -0.7387387E-02  0.0000000E+00
 0.6080000E+00 -0.7528485E-02  0.0000000E+00
 0.6090000E+00 -0.7667059E-02  0.0000000E+00
 0.6100000E+00 -0.7803055E-02  0.0000000E+00
 0.6110000E+00 -0.7936422E-02  0.0000000E+00
 0.6120000E+00 -0.8067111E-02  0.0000000E+00
 0.6130000E+00 -0.8195072E-02  0.0000000E+00
 0.6140000E+00 -0.8320257E-02  0.0000000E+00
 0.6150000E+00 -0.8442621E-02  0.0000000E+00
 0.6160000E+00 -0.8562117E-02  0.0000000E+00
 0.6170000E+00 -0.8678702E-02  0.0000000E+00
 0.6180000E+00 -0.8792334E-02  0.0000000E+00
 0.6190000E+00 -0.8902971E-02  0.0000000E+00
 0.6200000E+00 -0.9010572E-02  0.0000000E+00
 0.6210000E+00 -0.9115100E-02  0.0000000E+00
 0.6220000E+00 -0.9216517E-02  0.0000000E+00
 0.6230000E+00 -0.9314787E-02  0.0000000E+00
 0.6240000E+00 -0.9409875E-02  0.0000000E+00
 0.6250000E+00 -0.9501748E-02  0.0000000E+00
 0.6260000E+00 -0.9590374E-02  0.0000000E+00
 0.6270000E+00 -0.9675724E-02  0.0000000E+00
 0.6280000E+00 -0.9757767E-02  0.0000000E+00
 0.6290000E+00 -0.9836477E-02  0.0000000E+00
 0.6300000E+00 -0.9911827E-02  0.0000000E+00
 0.6310000E+00 -0.9983793E-02  0.0000000E+00
 0.6320000E+00 -0.1005235E-01  0.0000000E+00
 0.6330000E+00 -0.1011748E-01  0.0000000E+00
 0.6340000E+00 -0.1017916E-01  0.0000000E+00
 0.6350000E+00 -0.1023737E-01  0.0000000E+00
 0.6360000E+00 -0.1029210E-01  0.0000000E+00
 0.6370000E+00 -0.1034333E-01  0.0000000E+00
 0.6380000E+00 -0.1039104E-01  0.0000000E+00
 0.6390000E+00 -0.1043522E-01  0.0000000E+00
 0.6400000E+00 -0.1047587E-01  0.0000000E+00
 0.6410000E+00 -0.1051296E-01  0.0000000E+00
 0.6420000E+00 -0.1054650E-01  0.0000000E+00
 0.6430000E+00 -0.1057648E-01  0.0000000E+00
 0.6440000E+00 -0.1060288E-01  0.0000000E+00
 0.6450000E+00 -0.1062572E-01  0.0000000E+00
 0.6460000E+00 -0.1064498E-01  0.0000000E+00
 0.6470000E+00 -0.1066066E-01  0.0000000E+00
 0.6480000E+00 -0.1067277E-01  0.0000000E+00
 0.6490000E+00 -0.1068131E-01  0.0000000E+00
 0.6500000E+00 -0.1068629E-01  0.0000000E+00
 0.6510000E+00 -0.1068770E-01  0.0000000E+00
 0.6520000E+00 -0.1068555E-01  0.0000000E+00
 0.6530000E+00 -0.1067986E-01  0.0000000E+00
 0.6540000E+00 -0.1067063E-01  0.0000000E+00
 0.6550000E+00 -0.1065787E-01  0.0000000E+00
 0.6560000E+00 -0.1064160E-01  0.0000000E+00
 0.6570000E+00 -0.1062183E-01  0.0000000E+00
 0.6580000E+00 -0.1059859E-01  0.0000000E+00
 0.6590000E+00 -0.1057187E-01  0.0000000E+00
 0.6600000E+00 -0.1054171E-01  0.0000000E+00
 0.6610000E+00 -0.1050812E-01  0.0000000E+00
 0.6620000E+00 -0.1047112E-01  0.0000000E+00
 0.6630000E+00 -0.1043075E-01  0.0000000E+00
 0.6640000E+00 -0.1038701E-01  0.0000000E+00
 0.6650000E+00 -0.1033995E-01  0.0000000E+00
 0.6660000E+00 -0.1028957E-01  0.0000000E+00
 0.6670000E+00 -0.1023592E-01  0.0000000E+00
 0.6680000E+00 -0.1017902E-01  0.0000000E+00
 0.6690000E+00 -0.1011891E-01  0.0000000E+00
 0.6700000E+00 -0.1005561E-01  0.0000000E+00
 0.6710000E+00 -0.9989163E-02  0.0000000E+00
 0.6720000E+00 -0.9919598E-02  0.0000000E+00
 0.6730000E+00 -0.9846954E-02  0.0000000E+00
 0.6740000E+00 -0.9771267E-02  0.0000000E+00
 0.6750000E+00 -0.9692576E-02  0.0000000E+00
 0.6760000E+00 -0.9610921E-02  0.0000000E+00
 0.6770000E+00 -0.9526342E-02  0.0000000E+00
 0.6780000E+00 -0.9438883E-02  0.0000000E+00
 0.6790000E+00 -0.9348585E-02  0.0000000E+00
 0.6800000E+00 -0.9255493E-02  0.0000000E+00
 0.6810000E+00 -0.9159653E-02  0.0000000E+00
 0.6820000E+00 -0.9061111E-02  0.0000000E+00
 0.6830000E+00 -0.8959914E-02  0.0000000E+00
 0.6840000E+00 -0.8856111E-02  0.0000000E+00
 0.6850000E+00 -0.8749751E-02  0.0000000E+00
 0.6860000E+00 -0.8640885E-02  0.0000000E+00
 0.6870000E+00 -0.8529564E-02  0.0000000E+00
 0.6880000E+00 -0.8415840E-02  0.0000000E+00
 0.6890000E+00 -0.8299767E-02  0.0000000E+00
 0.6900000E+00 -0.8181398E-02  0.0000000E+00
 0.6910000E+00 -0.8060789E-02  0.0000000E+00
 0.6920000E+00 -0.7937995E-02  0.0000000E+00
 0.6930000E+00 -0.7813072E-02  0.0000000E+00
 0.6940000E+00 -0.7686078E-02  0.0000000E+00
 0.6950000E+00 -0.7557071E-02  0.0000000E+00
 0.6960000E+00 -0.7426110E-02  0.0000000E+00
 0.6970000E+00 -0.7293253E-02  0.0000000E+00
 0.6980000E+00 -0.7158560E-02  0.0000000E+00
 0.6990000E+00 -0.7022093E-02  0.0000000E+00
 0.7000000E+00 -0.6883913E-02  0.0000000E+00
 0.7010000E+00 -0.6744081E-02  0.0000000E+00
 0.7020000E+00 -0.6602659E-02  0.0000000E+00
 0.7030000E+00 -0.6459710E-02  0.0000000E+00
 0.7040000E+00 -0.6315298E-02  0.0000000E+00
 0.7050000E+00 -0.6169486E-02  0.0000000E+00
 0.7060000E+00 -0.6022337E-02  0.0000000E+00
 0.7070000E+00 -0.5873918E-02  0.0000000E+00
 0.7080000E+00 -0.5724292E-02  0.0000000E+00
 0.7090000E+00 -0.5573524E-02  0.0000000E+00
 0.7100000E+00 -0.5421679E-02  0.0000000E+00
 0.7110000E+00 -0.5268825E-02  0.0000000E+00
 0.7120000E+00 -0.5115025E-02  0.0000000E+00
 0.7130000E+00 -0.4960346E-02  0.0000000E+00
 0.7140000E+00 -0.4804855E-02  0.0000000E+00
 0.7150000E+00 -0.4648617E-02  0.0000000E+00
 0.7160000E+00 -0.4491700E-02  0.0000000E+00
 0.7170000E+00 -0.4334169E-02  0.0000000E+00
 0.7180000E+00 -0.4176090E-02  0.0000000E+00
 0.7190000E+00 -0.4017532E-02  0.0000000E+00
 0.7200000E+00 -0.3858558E-02  0.0000000E+00
 0.7210000E+00 -0.3699237E-02  0.0000000E+00
 0.7220000E+00 -0.3539635E-02  0.0000000E+00
 0.7230000E+00 -0.3379816E-02  0.0000000E+00
 0.7240000E+00 -0.3219849E-02  0.0000000E+00
 0.7250000E+00 -0.3059797E-02  0.0000000E+00
 0.7260000E+00 -0.2899727E-02  0.0000000E+00
 0.7270000E+00 -0.2739704E-02  0.0000000E+00
 0.7280000E+00 -0.2579793E-02  0.0000000E+00
 0.7290000E+00 -0.2420059E-02  0.0000000E+00
 0.7300000E+00 -0.2260566E-02  0.0000000E+00
 0.7310000E+00 -0.2101377E-02  0.0000000E+00
 0.7320000E+00 -0.1942557E-02  0.0000000E+00
 0.7330000E+00 -0.1784168E-02  0.0000000E+00
 0.7340000E+00 -0.1626274E-02  0.0000000E+00
 0.7350000E+00 -0.1468935E-02  0.0000000E+00
 0.7360000E+00 -0.1312214E-02  0.0000000E+00
 0.7370000E+00 -0.1156172E-02  0.0000000E+00
 0.7380000E+00 -0.1000869E-02  0.0000000E+00
 0.7390000E+00 -0.8463652E-03  0.0000000E+00
 0.7400000E+00 -0.6927190E-03  0.0000000E+00
 0.7410000E+00 -0.5399894E-03  0.0000000E+00
 0.7420000E+00 -0.3882339E-03  0.0000000E+00
 0.7430000E+00 -0.2375097E-03  0.0000000E+00
 0.7440000E+00 -0.8787303E-04  0.0000000E+00
 0.7450000E+00  0.6062069E-04  0.0000000E+00
 0.7460000E+00  0.2079168E-03  0.0000000E+00
 0.7470000E+00  0.3539614E-03  0.0000000E+00
 0.7480000E+00  0.4987017E-03  0.0000000E+00
 0.7490000E+00  0.6420855E-03  0.0000000E+00
 0.7500000E+00  0.7840617E-03  0.0000000E+00
 0.7510000E+00  0.9245801E-03  0.0000000E+00
 0.7520000E+00  0.1063591E-02  0.0000000E+00
 0.7530000E+00  0.1201048E-02  0.0000000E+00
 0.7540000E+00  0.1336901E-02  0.0000000E+00
 0.7550000E+00  0.1471106E-02  0.0000000E+00
 0.7560000E+00  0.1603617E-02  0.0000000E+00
 0.7570000E+00  0.1734390E-02  0.0000000E+00
 0.7580000E+00  0.1863382E-02  0.0000000E+00
 0.7590000E+00  0.1990552E-02  0.0000000E+00
 0.7600000E+00  0.2115858E-02  0.0000000E+00
 0.7610000E+00  0.2239261E-02  0.0000000E+00
 0.7620000E+00  0.2360722E-02  0.0000000E+00
 0.7630000E+00  0.2480205E-02  0.0000000E+00
 0.7640000E+00  0.2597674E-02  0.0000000E+00
 0.7650000E+00  0.2713093E-02  0.0000000E+00
 0.7660000E+00  0.2826430E-02  0.0000000E+00
 0.7670000E+00  0.2937652E-02  0.0000000E+00
 0.7680000E+00  0.3046728E-02  0.0000000E+00
 0.7690000E+00  0.3153629E-02  0.0000000E+00
 0.7700000E+00  0.3258325E-02  0.0000000E+00
 0.7710000E+00  0.3360792E-02  0.0000000E+00
 0.7720000E+00  0.3461001E-02  0.0000000E+00
 0.7730000E+00  0.3558931E-02  0.0000000E+00
 0.7740000E+00  0.3654556E-02  0.0000000E+00
 0.7750000E+00  0.3747856E-02  0.0000000E+00
 0.7760000E+00  0.3838811E-02  0.0000000E+00
 0.7770000E+00  0.3927402E-02  0.0000000E+00
 0.7780000E+00  0.4013611E-02  0.0000000E+00
 0.7790000E+00  0.4097423E-02  0.0000000E+00
 0.7800000E+00  0.4178822E-02  0.0000000E+00
 0.7810000E+00  0.4257797E-02  0.0000000E+00
 0.7820000E+00  0.4334334E-02  0.0000000E+00
 0.7830000E+00  0.4408424E-02  0.0000000E+00
 0.7840000E+00  0.4480059E-02  0.0000000E+00
 0.7850000E+00  0.4549230E-02  0.0000000E+00
 0.7860000E+00  0.4615931E-02  0.0000000E+00
 0.7870000E+00  0.4680159E-02  0.0000000E+00
 0.7880000E+00  0.4741911E-02  0.0000000E+00
 0.7890000E+00  0.4801184E-02  0.0000000E+00
 0.7900000E+00  0.4857979E-02  0.0000000E+00
 0.7910000E+00  0.4912297E-02  0.0000000E+00
 0.7920000E+00  0.4964140E-02  0.0000000E+00
 0.7930000E+00  0.5013514E-02  0.0000000E+00
 0.7940000E+00  0.5060424E-02  0.0000000E+00
 0.7950000E+00  0.5104877E-02  0.0000000E+00
 0.7960000E+00  0.5146882E-02  0.0000000E+00
 0.7970000E+00  0.5186449E-02  0.0000000E+00
 0.7980000E+00  0.5223590E-02  0.0000000E+00
 0.7990000E+00  0.5258317E-02  0.0000000E+00
 0.8000000E+00  0.5290645E-02  0.0000000E+00
 0.8010000E+00  0.5320590E-02  0.0000000E+00
 0.8020000E+00  0.5348168E-02  0.0000000E+00
 0.8030000E+00  0.5373400E-02  0.0000000E+00
 0.8040000E+00  0.5396304E-02  0.0000000E+00
 0.8050000E+00  0.5416903E-02  0.0000000E+00
 0.8060000E+00  0.5435219E-02  0.0000000E+00
 0.8070000E+00  0.5451276E-02  0.0000000E+00
 0.8080000E+00  0.5465100E-02  0.0000000E+00
 0.8090000E+00  0.5476717E-02  0.0000000E+00
 0.8100000E+00  0.5486157E-02  0.0000000E+00
 0.8110000E+00  0.5493449E-02  0.0000000E+00
 0.8120000E+00  0.5498623E-02  0.0000000E+00
 0.8130000E+00  0.5501712E-02  0.0000000E+00
 0.8140000E+00  0.5502748E-02  0.0000000E+00
 0.8150000E+00  0.5501768E-02  0.0000000E+00
 0.8160000E+00  0.5498807E-02  0.0000000E+00
 0.8170000E+00  0.5493901E-02  0.0000000E+00
 0.8180000E+00  0.5487089E-02  0.0000000E+00
 0.8190000E+00  0.5478412E-02  0.0000000E+00
 0.8200000E+00  0.5467909E-02  0.0000000E+00
 0.8210000E+00  0.5455622E-02  0.0000000E+00
 0.8220000E+00  0.5441595E-02  0.0000000E+00
 0.8230000E+00  0.5425871E-02  0.0000000E+00
 0.8240000E+00  0.5408496E-02  0.0000000E+00
 0.8250000E+00  0.5389516E-02  0.0000000E+00
 0.8260000E+00  0.5368978E-02  0.0000000E+00
 0.8270000E+00  0.5346931E-02  0.0000000E+00
 0.8280000E+00  0.5323423E-02  0.0000000E+00
 0.8290000E+00  0.5298506E-02  0.0000000E+00
 0.8300000E+00  0.5272230E-02  0.0000000E+00
 0.8310000E+00  0.5244647E-02  0.0000000E+00
 0.8320000E+00  0.5215810E-02  0.0000000E+00
 0.8330000E+00  0.5185774E-02  0.0000000E+00
 0.8340000E+00  0.5154593E-02  0.0000000E+00
 0.8350000E+00  0.5122323E-02  0.0000000E+00
 0.8360000E+00  0.5089019E-02  0.0000000E+00
 0.8370000E+00  0.5054740E-02  0.0000000E+00
 0.8380000E+00  0.5019542E-02  0.0000000E+00
 0.8390000E+00  0.4983484E-02  0.0000000E+00
 0.8400000E+00  0.4946626E-02  0.0000000E+00
 0.8410000E+00  0.4909027E-02  0.0000000E+00
 0.8420000E+00  0.4870748E-02  0.0000000E+00
 0.8430000E+00  0.4831849E-02  0.0000000E+00
 0.8440000E+00  0.4792392E-02  0.0000000E+00
 0.8450000E+00  0.4752440E-02  0.0000000E+00
 0.8460000E+00  0.4712054E-02  0.0000000E+00
 0.8470000E+00  0.4671299E-02  0.0000000E+00
 0.8480000E+00  0.4630236E-02  0.0000000E+00
 0.8490000E+00  0.4588931E-02  0.0000000E+00
 0.8500000E+00  0.4547446E-02  0.0000000E+00
 0.8510000E+00  0.4505847E-02  0.0000000E+00
 0.8520000E+00  0.4464199E-02  0.0000000E+00
 0.8530000E+00  0.4422566E-02  0.0000000E+00
 0.8540000E+00  0.4381014E-02  0.0000000E+00
 0.8550000E+00  0.4339608E-02  0.0000000E+00
 0.8560000E+00  0.4298414E-02  0.0000000E+00
 0.8570000E+00  0.4257497E-02  0.0000000E+00
 0.8580000E+00  0.4216924E-02  0.0000000E+00
 0.8590000E+00  0.4176760E-02  0.0000000E+00
 0.8600000E+00  0.4137071E-02  0.0000000E+00
 0.8610000E+00  0.4097923E-02  0.0000000E+00
 0.8620000E+00  0.4059382E-02  0.0000000E+00
 0.8630000E+00  0.4021514E-02  0.0000000E+00
 0.8640000E+00  0.3984383E-02  0.0000000E+00
 0.8650000E+00  0.3948057E-02  0.0000000E+00
 0.8660000E+00  0.3912599E-02  0.0000000E+00
 0.8670000E+00  0.3878076E-02  0.0000000E+00
 0.8680000E+00  0.3844551E-02  0.0000000E+00
 0.8690000E+00  0.3812090E-02  0.0000000E+00
 0.8700000E+00  0.3780757E-02  0.0000000E+00
 0.8710000E+00  0.3750614E-02  0.0000000E+00
 0.8720000E+00  0.3721727E-02  0.0000000E+00
 0.8730000E+00  0.3694158E-02  0.0000000E+00
 0.8740000E+00  0.3667969E-02  0.0000000E+00
 0.8750000E+00  0.3643223E-02  0.0000000E+00
 0.8760000E+00  0.3619981E-02  0.0000000E+00
 0.8770000E+00  0.3598303E-02  0.0000000E+00
 0.8780000E+00  0.3578251E-02  0.0000000E+00
 0.8790000E+00  0.3559885E-02  0.0000000E+00
 0.8800000E+00  0.3543262E-02  0.0000000E+00
 0.8810000E+00  0.3528442E-02  0.0000000E+00
 0.8820000E+00  0.3515482E-02  0.0000000E+00
 0.8830000E+00  0.3504439E-02  0.0000000E+00
 0.8840000E+00  0.3495370E-02  0.0000000E+00
 0.8850000E+00  0.3488328E-02  0.0000000E+00
 0.8860000E+00  0.3483370E-02  0.0000000E+00
 0.8870000E+00  0.3480548E-02  0.0000000E+00
 0.8880000E+00  0.3479914E-02  0.0000000E+00
 0.8890000E+00  0.3481521E-02  0.0000000E+00
 0.8900000E+00  0.3485420E-02  0.0000000E+00
 0.8910000E+00  0.3491659E-02  0.0000000E+00
 0.8920000E+00  0.3500288E-02  0.0000000E+00
 0.8930000E+00  0.3511353E-02  0.0000000E+00
 0.8940000E+00  0.3524902E-02  0.0000000E+00
 0.8950000E+00  0.3540980E-02  0.0000000E+00
 0.8960000E+00  0.3559631E-02  0.0000000E+00
 0.8970000E+00  0.3580897E-02  0.0000000E+00
 0.8980000E+00  0.3604821E-02  0.0000000E+00
 0.8990000E+00  0.3631443E-02  0.0000000E+00
 0.9000000E+00  0.3660803E-02  0.0000000E+00
 0.9010000E+00  0.3692938E-02  0.0000000E+00
 0.9020000E+00  0.3727884E-02  0.0000000E+00
 0.9030000E+00  0.3765679E-02  0.0000000E+00
 0.9040000E+00  0.3806355E-02  0.0000000E+00
 0.9050000E+00  0.3849944E-02  0.0000000E+00
 0.9060000E+00  0.3896479E-02  0.0000000E+00
 0.9070000E+00  0.3945989E-02  0.0000000E+00
 0.9080000E+00  0.3998502E-02  0.0000000E+00
 0.9090000E+00  0.4054045E-02  0.0000000E+00
 0.9100000E+00  0.4112644E-02  0.0000000E+00
 0.9110000E+00  0.4174321E-02  0.0000000E+00
 0.9120000E+00  0.4239101E-02  0.0000000E+00
 0.9130000E+00  0.4307003E-02  0.0000000E+00
 0.9140000E+00  0.4378047E-02  0.0000000E+00
 0.9150000E+00  0.4452250E-02  0.0000000E+00
 0.9160000E+00  0.4529628E-02  0.0000000E+00
 0.9170000E+00  0.4610196E-02  0.0000000E+00
 0.9180000E+00  0.4693966E-02  0.0000000E+00
 0.9190000E+00  0.4780951E-02  0.0000000E+00
 0.9200000E+00  0.4871158E-02  0.0000000E+00
 0.9210000E+00  0.4964597E-02  0.0000000E+00
 0.9220000E+00  0.5061273E-02  0.0000000E+00
 0.9230000E+00  0.5161190E-02  0.0000000E+00
 0.9240000E+00  0.5264353E-02  0.0000000E+00
 0.9250000E+00  0.5370760E-02  0.0000000E+00
 0.9260000E+00  0.5480413E-02  0.0000000E+00
 0.9270000E+00  0.5593308E-02  0.0000000E+00
 0.9280000E+00  0.5709442E-02  0.0000000E+00
 0.9290000E+00  0.5828809E-02  0.0000000E+00
 0.9300000E+00  0.5951400E-02  0.0000000E+00
 0.9310000E+00  0.6077207E-02  0.0000000E+00
 0.9320000E+00  0.6206219E-02  0.0000000E+00
 0.9330000E+00  0.6338422E-02  0.0000000E+00
 0.9340000E+00  0.6473802E-02  0.0000000E+00
 0.9350000E+00  0.6612343E-02  0.0000000E+00
 0.9360000E+00  0.6754027E-02  0.0000000E+00
 0.9370000E+00  0.6898833E-02  0.0000000E+00
 0.9380000E+00  0.7046740E-02  0.0000000E+00
 0.9390000E+00  0.7197724E-02  0.0000000E+00
 0.9400000E+00  0.7351761E-02  0.0000000E+00
 0.9410000E+00  0.7508823E-02  0.0000000E+00
 0.9420000E+00  0.7668882E-02  0.0000000E+00
 0.9430000E+00  0.7831906E-02  0.0000000E+00
 0.9440000E+00  0.7997865E-02  0.0000000E+00
 0.9450000E+00  0.8166723E-02  0.0000000E+00
 0.9460000E+00  0.8338446E-02  0.0000000E+00
 0.9470000E+00  0.8512995E-02  0.0000000E+00
 0.9480000E+00  0.8690332E-02  0.0000000E+00
 0.9490000E+00  0.8870416E-02  0.0000000E+00
 0.9500000E+00  0.9053204E-02  0.0000000E+00
 0.9510000E+00  0.9238653E-02  0.0000000E+00
 0.9520000E+00  0.9426715E-02  0.0000000E+00
 0.9530000E+00  0.9617344E-02  0.0000000E+00
 0.9540000E+00  0.9810491E-02  0.0000000E+00
 0.9550000E+00  0.1000610E-01  0.0000000E+00
 0.9560000E+00  0.1020413E-01  0.0000000E+00
 0.9570000E+00  0.1040452E-01  0.0000000E+00
 0.9580000E+00  0.1060721E-01  0.0000000E+00
 0.9590000E+00  0.1081215E-01  0.0000000E+00
 0.9600000E+00  0.1101928E-01  0.0000000E+00
 0.9610000E+00  0.1122854E-01  0.0000000E+00
 0.9620000E+00  0.1143986E-01  0.0000000E+00
 0.9630000E+00  0.1165319E-01  0.0000000E+00
 0.9640000E+00  0.1186845E-01  0.0000000E+00
 0.9650000E+00  0.1208559E-01  0.0000000E+00
 0.9660000E+00  0.1230453E-01  0.0000000E+00
 0.9670000E+00  0.1252521E-01  0.0000000E+00
 0.9680000E+00  0.1274756E-01  0.0000000E+00
 0.9690000E+00  0.1297150E-01  0.0000000E+00
 0.9700000E+00  0.1319695E-01  0.0000000E+00
 0.9710000E+00  0.1342386E-01  0.0000000E+00
 0.9720000E+00  0.1365213E-01  0.0000000E+00
 0.9730000E+00  0.1388170E-01  0.0000000E+00
 0.9740000E+00  0.1411249E-01  0.0000000E+00
 0.9750000E+00  0.1434441E-01  0.0000000E+00
 0.9760000E+00  0.1457739E-01  0.0000000E+00
 0.9770000E+00  0.1481134E-01  0.0000000E+00
 0.9780000E+00  0.1504619E-01  0.0000000E+00
 0.9790000E+00  0.1528184E-01  0.0000000E+00
 0.9800000E+00  0.1551821E-01  0.0000000E+00
 0.9810000E+00  0.1575523E-01  0.0000000E+00
 0.9820000E+00  0.1599279E-01  0.0000000E+00
 0.9830000E+00  0.1623082E-01  0.0000000E+00
 0.9840000E+00  0.1646922E-01  0.0000000E+00
 0.9850000E+00  0.1670791E-01  0.0000000E+00
 0.9860000E+00  0.1694679E-01  0.0000000E+00
 0.9870000E+00  0.1718578E-01  0.0000000E+00
 0.9880000E+00  0.1742478E-01  0.0000000E+00
 0.9890000E+00  0.1766370E-01  0.0000000E+00
 0.9900000E+00  0.1790244E-01  0.0000000E+00
 0.9910000E+00  0.1814092E-01  0.0000000E+00
 0.9920000E+00  0.1837904E-01  0.0000000E+00
 0.9930000E+00  0.1861669E-01  0.0000000E+00
 0.9940000E+00  0.1885380E-01  0.0000000E+00
 0.9950000E+00  0.1909026E-01  0.0000000E+00
 0.9960000E+00  0.1932597E-01  0.0000000E+00
 0.9970000E+00  0.1956084E-01  0.0000000E+00
 0.9980000E+00  0.1979477E-01  0.0000000E+00
 0.9990000E+00  0.2002766E-01  0.0000000E+00
 0.1000000E+01  0.2025942E-01  0.0000000E+00
 0.1001000E+01  0.2048995E-01  0.0000000E+00
 0.1002000E+01  0.2071914E-01  0.0000000E+00
 0.1003000E+01  0.2094690E-01  0.0000000E+00
 0.1004000E+01  0.2117314E-01  0.0000000E+00
 0.1005000E+01  0.2139775E-01  0.0000000E+00
 0.1006000E+01  0.2162063E-01  0.0000000E+00
 0.1007000E+01  0.2184168E-01  0.0000000E+00
 0.1008000E+01  0.2206081E-01  0.0000000E+00
 0.1009000E+01  0.2227792E-01  0.0000000E+00
 0.1010000E+01  0.2249291E-01  0.0000000E+00
 0.1011000E+01  0.2270567E-01  0.0000000E+00
 0.1012000E+01  0.2291612E-01  0.0000000E+00
 0.1013000E+01  0.2312416E-01  0.0000000E+00
 0.1014000E+01  0.2332968E-01  0.0000000E+00
 0.1015000E+01  0.2353258E-01  0.0000000E+00
 0.1016000E+01  0.2373279E-01  0.0000000E+00
 0.1017000E+01  0.2393018E-01  0.0000000E+00
 0.1018000E+01  0.2412468E-01  0.0000000E+00
 0.1019000E+01  0.2431618E-01  0.0000000E+00
 0.1020000E+01  0.2450459E-01  0.0000000E+00
 0.1021000E+01  0.2468981E-01  0.0000000E+00
 0.1022000E+01  0.2487176E-01  0.0000000E+00
 0.1023000E+01  0.2505034E-01  0.0000000E+00
 0.1024000E+01  0.2522545E-01  0.0000000E+00
 0.1025000E+01  0.2539700E-01  0.0000000E+00
 0.1026000E+01  0.2556491E-01  0.0000000E+00
 0.1027000E+01  0.2572908E-01  0.0000000E+00
 0.1028000E+01  0.2588943E-01  0.0000000E+00
 0.1029000E+01  0.2604587E-01  0.0000000E+00
 0.1030000E+01  0.2619830E-01  0.0000000E+00
 0.1031000E+01  0.2634665E-01  0.0000000E+00
 0.1032000E+01  0.2649083E-01  0.0000000E+00
 0.1033000E+01  0.2663076E-01  0.0000000E+00
 0.1034000E+01  0.2676634E-01  0.0000000E+00
 0.1035000E+01  0.2689751E-01  0.0000000E+00
 0.1036000E+01  0.2702418E-01  0.0000000E+00
 0.1037000E+01  0.2714627E-01  0.0000000E+00
 0.1038000E+01  0.2726370E-01  0.0000000E+00
 0.1039000E+01  0.2737641E-01  0.0000000E+00
 0.1040000E+01  0.2748430E-01  0.0000000E+00
 0.1041000E+01  0.2758732E-01  0.0000000E+00
 0.1042000E+01  0.2768538E-01  0.0000000E+00
 0.1043000E+01  0.2777842E-01  0.0000000E+00
 0.1044000E+01  0.2786636E-01  0.0000000E+00
 0.1045000E+01  0.2794914E-01  0.0000000E+00
 0.1046000E+01  0.2802670E-01  0.0000000E+00
 0.1047000E+01  0.2809897E-01  0.0000000E+00
 0.1048000E+01  0.2816588E-01  0.0000000E+00
 0.1049000E+01  0.2822738E-01  0.0000000E+00
 0.1050000E+01  0.2828341E-01  0.0000000E+00
 0.1051000E+01  0.2833390E-01  0.0000000E+00
 0.1052000E+01  0.2837881E-01  0.0000000E+00
 0.1053000E+01  0.2841807E-01  0.0000000E+00
 0.1054000E+01  0.2845165E-01  0.0000000E+00
 0.1055000E+01  0.2847948E-01  0.0000000E+00
 0.1056000E+01  0.2850151E-01  0.0000000E+00
 0.1057000E+01  0.2851771E-01  0.0000000E+00
 0.1058000E+01  0.2852803E-01  0.0000000E+00
 0.1059000E+01  0.2853243E-01  0.0000000E+00
 0.1060000E+01  0.2853085E-01  0.0000000E+00
 0.1061000E+01  0.2852328E-01  0.0000000E+00
 0.1062000E+01  0.2850967E-01  0.0000000E+00
 0.1063000E+01  0.2848998E-01  0.0000000E+00
 0.1064000E+01  0.2846418E-01  0.0000000E+00
 0.1065000E+01  0.2843225E-01  0.0000000E+00
 0.1066000E+01  0.2839416E-01  0.0000000E+00
 0.1067000E+01  0.2834988E-01  0.0000000E+00
 0.1068000E+01  0.2829938E-01  0.0000000E+00
 0.1069000E+01  0.2824265E-01  0.0000000E+00
 0.1070000E+01  0.2817967E-01  0.0000000E+00
 0.1071000E+01  0.2811042E-01  0.0000000E+00
 0.1072000E+01  0.2803489E-01  0.0000000E+00
 0.1073000E+01  0.2795306E-01  0.0000000E+00
 0.1074000E+01  0.2786492E-01  0.0000000E+00
 0.1075000E+01  0.2777047E-01  0.0000000E+00
 0.1076000E+01  0.2766970E-01  0.0000000E+00
 0.1077000E+01  0.2756261E-01  0.0000000E+00
 0.1078000E+01  0.2744919E-01  0.0000000E+00
 0.1079000E+01  0.2732946E-01  0.0000000E+00
 0.1080000E+01  0.2720340E-01  0.0000000E+00
 0.1081000E+01  0.2707104E-01  0.0000000E+00
 0.1082000E+01  0.2693238E-01  0.0000000E+00
 0.1083000E+01  0.2678743E-01  0.0000000E+00
 0.1084000E+01  0.2663619E-01  0.0000000E+00
 0.1085000E+01  0.2647870E-01  0.0000000E+00
 0.1086000E+01  0.2631497E-01  0.0000000E+00
 0.1087000E+01  0.2614502E-01  0.0000000E+00
 0.1088000E+01  0.2596886E-01  0.0000000E+00
 0.1089000E+01  0.2578654E-01  0.0000000E+00
 0.1090000E+01  0.2559806E-01  0.0000000E+00
 0.1091000E+01  0.2540348E-01  0.0000000E+00
 0.1092000E+01  0.2520281E-01  0.0000000E+00
 0.1093000E+01  0.2499610E-01  0.0000000E+00
 0.1094000E+01  0.2478337E-01  0.0000000E+00
 0.1095000E+01  0.2456468E-01  0.0000000E+00
 0.1096000E+01  0.2434006E-01  0.0000000E+00
 0.1097000E+01  0.2410955E-01  0.0000000E+00
 0.1098000E+01  0.2387321E-01  0.0000000E+00
 0.1099000E+01  0.2363108E-01  0.0000000E+00
 0.1100000E+01  0.2338322E-01  0.0000000E+00
 0.1101000E+01  0.2312968E-01  0.0000000E+00
 0.1102000E+01  0.2287051E-01  0.0000000E+00
 0.1103000E+01  0.2260577E-01  0.0000000E+00
 0.1104000E+01  0.2233552E-01  0.0000000E+00
 0.1105000E+01  0.2205984E-01  0.0000000E+00
 0.1106000E+01  0.2177877E-01  0.0000000E+00
 0.1107000E+01  0.2149240E-01  0.0000000E+00
 0.1108000E+01  0.2120078E-01  0.0000000E+00
 0.1109000E+01  0.2090399E-01  0.0000000E+00
 0.1110000E+01  0.2060211E-01  0.0000000E+00
 0.1111000E+01  0.2029521E-01  0.0000000E+00
 0.1112000E+01  0.1998336E-01  0.0000000E+00
 0.1113000E+01  0.1966666E-01  0.0000000E+00
 0.1114000E+01  0.1934518E-01  0.0000000E+00
 0.1115000E+01  0.1901900E-01  0.0000000E+00
 0.1116000E+01  0.1868821E-01  0.0000000E+00
 0.1117000E+01  0.1835291E-01  0.0000000E+00
 0.1118000E+01  0.1801317E-01  0.0000000E+00
 0.1119000E+01  0.1766910E-01  0.0000000E+00
 0.1120000E+01  0.1732078E-01  0.0000000E+00
 0.1121000E+01  0.1696832E-01  0.0000000E+00
 0.1122000E+01  0.1661181E-01  0.0000000E+00
 0.1123000E+01  0.1625135E-01  0.0000000E+00
 0.1124000E+01  0.1588704E-01  0.0000000E+00
 0.1125000E+01  0.1551899E-01  0.0000000E+00
 0.1126000E+01  0.1514730E-01  0.0000000E+00
 0.1127000E+01  0.1477207E-01  0.0000000E+00
 0.1128000E+01  0.1439342E-01  0.0000000E+00
 0.1129000E+01  0.1401145E-01  0.0000000E+00
 0.1130000E+01  0.1362628E-01  0.0000000E+00
 0.1131000E+01  0.1323801E-01  0.0000000E+00
 0.1132000E+01  0.1284677E-01  0.0000000E+00
 0.1133000E+01  0.1245267E-01  0.0000000E+00
 0.1134000E+01  0.1205583E-01  0.0000000E+00
 0.1135000E+01  0.1165635E-01  0.0000000E+00
 0.1136000E+01  0.1125438E-01  0.0000000E+00
 0.1137000E+01  0.1085001E-01  0.0000000E+00
 0.1138000E+01  0.1044339E-01  0.0000000E+00
 0.1139000E+01  0.1003462E-01  0.0000000E+00
 0.1140000E+01  0.9623840E-02  0.0000000E+00
 0.1141000E+01  0.9211171E-02  0.0000000E+00
 0.1142000E+01  0.8796739E-02  0.0000000E+00
 0.1143000E+01  0.8380672E-02  0.0000000E+00
 0.1144000E+01  0.7963100E-02  0.0000000E+00
 0.1145000E+01  0.7544150E-02  0.0000000E+00
 0.1146000E+01  0.7123955E-02  0.0000000E+00
 0.1147000E+01  0.6702645E-02  0.0000000E+00
 0.1148000E+01  0.6280352E-02  0.0000000E+00
 0.1149000E+01  0.5857208E-02  0.0000000E+00
 0.1150000E+01  0.5433348E-02  0.0000000E+00
 0.1151000E+01  0.5008904E-02  0.0000000E+00
 0.1152000E+01  0.4584012E-02  0.0000000E+00
 0.1153000E+01  0.4158806E-02  0.0000000E+00
 0.1154000E+01  0.3733422E-02  0.0000000E+00
 0.1155000E+01  0.3307995E-02  0.0000000E+00
 0.1156000E+01  0.2882663E-02  0.0000000E+00
 0.1157000E+01  0.2457560E-02  0.0000000E+00
 0.1158000E+01  0.2032825E-02  0.0000000E+00
 0.1159000E+01  0.1608594E-02  0.0000000E+00
 0.1160000E+01  0.1185003E-02  0.0000000E+00
 0.1161000E+01  0.7621910E-03  0.0000000E+00
 0.1162000E+01  0.3402939E-03  0.0000000E+00
 0.1163000E+01 -0.8055078E-04  0.0000000E+00
 0.1164000E+01 -0.5002060E-03  0.0000000E+00
 0.1165000E+01 -0.9185348E-03  0.0000000E+00
 0.1166000E+01 -0.1335401E-02  0.0000000E+00
 0.1167000E+01 -0.1750667E-02  0.0000000E+00
 0.1168000E+01 -0.2164197E-02  0.0000000E+00
 0.1169000E+01 -0.2575855E-02  0.0000000E+00
 0.1170000E+01 -0.2985506E-02  0.0000000E+00
 0.1171000E+01 -0.3393015E-02  0.0000000E+00
 0.1172000E+01 -0.3798247E-02  0.0000000E+00
 0.1173000E+01 -0.4201069E-02  0.0000000E+00
 0.1174000E+01 -0.4601346E-02  0.0000000E+00
 0.1175000E+01 -0.4998947E-02  0.0000000E+00
 0.1176000E+01 -0.5393739E-02  0.0000000E+00
 0.1177000E+01 -0.5785591E-02  0.0000000E+00
 0.1178000E+01 -0.6174373E-02  0.0000000E+00
 0.1179000E+01 -0.6559956E-02  0.0000000E+00
 0.1180000E+01 -0.6942210E-02  0.0000000E+00
 0.1181000E+01 -0.7321008E-02  0.0000000E+00
 0.1182000E+01 -0.7696225E-02  0.0000000E+00
 0.1183000E+01 -0.8067733E-02  0.0000000E+00
 0.1184000E+01 -0.8435410E-02  0.0000000E+00
 0.1185000E+01 -0.8799132E-02  0.0000000E+00
 0.1186000E+01 -0.9158777E-02  0.0000000E+00
 0.1187000E+01 -0.9514224E-02  0.0000000E+00
 0.1188000E+01 -0.9865355E-02  0.0000000E+00
 0.1189000E+01 -0.1021205E-01  0.0000000E+00
 0.1190000E+01 -0.1055420E-01  0.0000000E+00
 0.1191000E+01 -0.1089168E-01  0.0000000E+00
 0.1192000E+01 -0.1122438E-01  0.0000000E+00
 0.1193000E+01 -0.1155219E-01  0.0000000E+00
 0.1194000E+01 -0.1187500E-01  0.0000000E+00
 0.1195000E+01 -0.1219270E-01  0.0000000E+00
 0.1196000E+01 -0.1250518E-01  0.0000000E+00
 0.1197000E+01 -0.1281235E-01  0.0000000E+00
 0.1198000E+01 -0.1311409E-01  0.0000000E+00
 0.1199000E+01 -0.1341030E-01  0.0000000E+00
 0.1200000E+01 -0.1370089E-01  0.0000000E+00
 0.1201000E+01 -0.1398576E-01  0.0000000E+00
 0.1202000E+01 -0.1426481E-01  0.0000000E+00
 0.1203000E+01 -0.1453795E-01  0.0000000E+00
 0.1204000E+01 -0.1480509E-01  0.0000000E+00
 0.1205000E+01 -0.1506614E-01  0.0000000E+00
 0.1206000E+01 -0.1532101E-01  0.0000000E+00
 0.1207000E+01 -0.1556962E-01  0.0000000E+00
 0.1208000E+01 -0.1581188E-01  0.0000000E+00
 0.1209000E+01 -0.1604771E-01  0.0000000E+00
 0.1210000E+01 -0.1627704E-01  0.0000000E+00
 0.1211000E+01 -0.1649980E-01  0.0000000E+00
 0.1212000E+01 -0.1671589E-01  0.0000000E+00
 0.1213000E+01 -0.1692527E-01  0.0000000E+00
 0.1214000E+01 -0.1712785E-01  0.0000000E+00
 0.1215000E+01 -0.1732358E-01  0.0000000E+00
 0.1216000E+01 -0.1751238E-01  0.0000000E+00
 0.1217000E+01 -0.1769420E-01  0.0000000E+00
 0.1218000E+01 -0.1786897E-01  0.0000000E+00
 0.1219000E+01 -0.1803665E-01  0.0000000E+00
 0.1220000E+01 -0.1819718E-01  0.0000000E+00
 0.1221000E+01 -0.1835051E-01  0.0000000E+00
 0.1222000E+01 -0.1849659E-01  0.0000000E+00
 0.1223000E+01 -0.1863538E-01  0.0000000E+00
 0.1224000E+01 -0.1876683E-01  0.0000000E+00
 0.1225000E+01 -0.1889090E-01  0.0000000E+00
 0.1226000E+01 -0.1900756E-01  0.0000000E+00
 0.1227000E+01 -0.1911677E-01  0.0000000E+00
 0.1228000E+01 -0.1921850E-01  0.0000000E+00
 0.1229000E+01 -0.1931272E-01  0.0000000E+00
 0.1230000E+01 -0.1939941E-01  0.0000000E+00
 0.1231000E+01 -0.1947854E-01  0.0000000E+00
 0.1232000E+01 -0.1955010E-01  0.0000000E+00
 0.1233000E+01 -0.1961406E-01  0.0000000E+00
 0.1234000E+01 -0.1967041E-01  0.0000000E+00
 0.1235000E+01 -0.1971914E-01  0.0000000E+00
 0.1236000E+01 -0.1976024E-01  0.0000000E+00
 0.1237000E+01 -0.1979370E-01  0.0000000E+00
 0.1238000E+01 -0.1981953E-01  0.0000000E+00
 0.1239000E+01 -0.1983772E-01  0.0000000E+00
 0.1240000E+01 -0.1984828E-01  0.0000000E+00
 0.1241000E+01 -0.1985120E-01  0.0000000E+00
 0.1242000E+01 -0.1984651E-01  0.0000000E+00
 0.1243000E+01 -0.1983421E-01  0.0000000E+00
 0.1244000E+01 -0.1981431E-01  0.0000000E+00
 0.1245000E+01 -0.1978684E-01  0.0000000E+00
 0.1246000E+01 -0.1975181E-01  0.0000000E+00
 0.1247000E+01 -0.1970925E-01  0.0000000E+00
 0.1248000E+01 -0.1965918E-01  0.0000000E+00
 0.1249000E+01 -0.1960164E-01  0.0000000E+00
 0.1250000E+01 -0.1953665E-01  0.0000000E+00
 0.1251000E+01 -0.1946426E-01  0.0000000E+00
 0.1252000E+01 -0.1938449E-01  0.0000000E+00
 0.1253000E+01 -0.1929740E-01  0.0000000E+00
 0.1254000E+01 -0.1920301E-01  0.0000000E+00
 0.1255000E+01 -0.1910139E-01  0.0000000E+00
 0.1256000E+01 -0.1899257E-01  0.0000000E+00
 0.1257000E+01 -0.1887662E-01  0.0000000E+00
 0.1258000E+01 -0.1875359E-01  0.0000000E+00
 0.1259000E+01 -0.1862352E-01  0.0000000E+00
 0.1260000E+01 -0.1848650E-01  0.0000000E+00
 0.1261000E+01 -0.1834257E-01  0.0000000E+00
 0.1262000E+01 -0.1819180E-01  0.0000000E+00
 0.1263000E+01 -0.1803427E-01  0.0000000E+00
 0.1264000E+01 -0.1787005E-01  0.0000000E+00
 0.1265000E+01 -0.1769920E-01  0.0000000E+00
 0.1266000E+01 -0.1752180E-01  0.0000000E+00
 0.1267000E+01 -0.1733795E-01  0.0000000E+00
 0.1268000E+01 -0.1714770E-01  0.0000000E+00
 0.1269000E+01 -0.1695116E-01  0.0000000E+00
 0.1270000E+01 -0.1674841E-01  0.0000000E+00
 0.1271000E+01 -0.1653953E-01  0.0000000E+00
 0.1272000E+01 -0.1632462E-01  0.0000000E+00
 0.1273000E+01 -0.1610378E-01  0.0000000E+00
 0.1274000E+01 -0.1587709E-01  0.0000000E+00
 0.1275000E+01 -0.1564467E-01  0.0000000E+00
 0.1276000E+01 -0.1540660E-01  0.0000000E+00
 0.1277000E+01 -0.1516300E-01  0.0000000E+00
 0.1278000E+01 -0.1491396E-01  0.0000000E+00
 0.1279000E+01 -0.1465961E-01  0.0000000E+00
 0.1280000E+01 -0.1440004E-01  0.0000000E+00
 0.1281000E+01 -0.1413537E-01  0.0000000E+00
 0.1282000E+01 -0.1386571E-01  0.0000000E+00
 0.1283000E+01 -0.1359119E-01  0.0000000E+00
 0.1284000E+01 -0.1331191E-01  0.0000000E+00
 0.1285000E+01 -0.1302800E-01  0.0000000E+00
 0.1286000E+01 -0.1273959E-01  0.0000000E+00
 0.1287000E+01 -0.1244679E-01  0.0000000E+00
 0.1288000E+01 -0.1214972E-01  0.0000000E+00
 0.1289000E+01 -0.1184853E-01  0.0000000E+00
 0.1290000E+01 -0.1154333E-01  0.0000000E+00
 0.1291000E+01 -0.1123427E-01  0.0000000E+00
 0.1292000E+01 -0.1092146E-01  0.0000000E+00
 0.1293000E+01 -0.1060504E-01  0.0000000E+00
 0.1294000E+01 -0.1028516E-01  0.0000000E+00
 0.1295000E+01 -0.9961942E-02  0.0000000E+00
 0.1296000E+01 -0.9635529E-02  0.0000000E+00
 0.1297000E+01 -0.9306060E-02  0.0000000E+00
 0.1298000E+01 -0.8973677E-02  0.0000000E+00
 0.1299000E+01 -0.8638521E-02  0.0000000E+00
 0.1300000E+01 -0.8300735E-02  0.0000000E+00
 0.1301000E+01 -0.7960464E-02  0.0000000E+00
 0.1302000E+01 -0.7617853E-02  0.0000000E+00
 0.1303000E+01 -0.7273048E-02  0.0000000E+00
 0.1304000E+01 -0.6926196E-02  0.0000000E+00
 0.1305000E+01 -0.6577446E-02  0.0000000E+00
 0.1306000E+01 -0.6226947E-02  0.0000000E+00
 0.1307000E+01 -0.5874847E-02  0.0000000E+00
 0.1308000E+01 -0.5521298E-02  0.0000000E+00
 0.1309000E+01 -0.5166451E-02  0.0000000E+00
 0.1310000E+01 -0.4810456E-02  0.0000000E+00
 0.1311000E+01 -0.4453466E-02  0.0000000E+00
 0.1312000E+01 -0.4095634E-02  0.0000000E+00
 0.1313000E+01 -0.3737112E-02  0.0000000E+00
 0.1314000E+01 -0.3378053E-02  0.0000000E+00
 0.1315000E+01 -0.3018611E-02  0.0000000E+00
 0.1316000E+01 -0.2658939E-02  0.0000000E+00
 0.1317000E+01 -0.2299191E-02  0.0000000E+00
 0.1318000E+01 -0.1939521E-02  0.0000000E+00
 0.1319000E+01 -0.1580082E-02  0.0000000E+00
 0.1320000E+01 -0.1221029E-02  0.0000000E+00
 0.1321000E+01 -0.8625140E-03  0.0000000E+00
 0.1322000E+01 -0.5046915E-03  0.0000000E+00
 0.1323000E+01 -0.1477143E-03  0.0000000E+00
 0.1324000E+01  0.2082649E-03  0.0000000E+00
 0.1325000E+01  0.5630936E-03  0.0000000E+00
 0.1326000E+01  0.9166198E-03  0.0000000E+00
 0.1327000E+01  0.1268692E-02  0.0000000E+00
 0.1328000E+01  0.1619160E-02  0.0000000E+00
 0.1329000E+01  0.1967872E-02  0.0000000E+00
 0.1330000E+01  0.2314680E-02  0.0000000E+00
 0.1331000E+01  0.2659435E-02  0.0000000E+00
 0.1332000E+01  0.3001988E-02  0.0000000E+00
 0.1333000E+01  0.3342193E-02  0.0000000E+00
 0.1334000E+01  0.3679903E-02  0.0000000E+00
 0.1335000E+01  0.4014974E-02  0.0000000E+00
 0.1336000E+01  0.4347262E-02  0.0000000E+00
 0.1337000E+01  0.4676622E-02  0.0000000E+00
 0.1338000E+01  0.5002915E-02  0.0000000E+00
 0.1339000E+01  0.5325999E-02  0.0000000E+00
 0.1340000E+01  0.5645736E-02  0.0000000E+00
 0.1341000E+01  0.5961987E-02  0.0000000E+00
 0.1342000E+01  0.6274616E-02  0.0000000E+00
 0.1343000E+01  0.6583489E-02  0.0000000E+00
 0.1344000E+01  0.6888472E-02  0.0000000E+00
 0.1345000E+01  0.7189433E-02  0.0000000E+00
 0.1346000E+01  0.7486243E-02  0.0000000E+00
 0.1347000E+01  0.7778774E-02  0.0000000E+00
 0.1348000E+01  0.8066898E-02  0.0000000E+00
 0.1349000E+01  0.8350492E-02  0.0000000E+00
 0.1350000E+01  0.8629433E-02  0.0000000E+00
 0.1351000E+01  0.8903599E-02  0.0000000E+00
 0.1352000E+01  0.9172872E-02  0.0000000E+00
 0.1353000E+01  0.9437136E-02  0.0000000E+00
 0.1354000E+01  0.9696275E-02  0.0000000E+00
 0.1355000E+01  0.9950177E-02  0.0000000E+00
 0.1356000E+01  0.1019873E-01  0.0000000E+00
 0.1357000E+01  0.1044183E-01  0.0000000E+00
 0.1358000E+01  0.1067937E-01  0.0000000E+00
 0.1359000E+01  0.1091125E-01  0.0000000E+00
 0.1360000E+01  0.1113736E-01  0.0000000E+00
 0.1361000E+01  0.1135760E-01  0.0000000E+00
 0.1362000E+01  0.1157189E-01  0.0000000E+00
 0.1363000E+01  0.1178012E-01  0.0000000E+00
 0.1364000E+01  0.1198221E-01  0.0000000E+00
 0.1365000E+01  0.1217806E-01  0.0000000E+00
 0.1366000E+01  0.1236760E-01  0.0000000E+00
 0.1367000E+01  0.1255073E-01  0.0000000E+00
 0.1368000E+01  0.1272739E-01  0.0000000E+00
 0.1369000E+01  0.1289748E-01  0.0000000E+00
 0.1370000E+01  0.1306094E-01  0.0000000E+00
 0.1371000E+01  0.1321770E-01  0.0000000E+00
 0.1372000E+01  0.1336768E-01  0.0000000E+00
 0.1373000E+01  0.1351082E-01  0.0000000E+00
 0.1374000E+01  0.1364705E-01  0.0000000E+00
 0.1375000E+01  0.1377632E-01  0.0000000E+00
 0.1376000E+01  0.1389857E-01  0.0000000E+00
 0.1377000E+01  0.1401374E-01  0.0000000E+00
 0.1378000E+01  0.1412179E-01  0.0000000E+00
 0.1379000E+01  0.1422266E-01  0.0000000E+00
 0.1380000E+01  0.1431631E-01  0.0000000E+00
 0.1381000E+01  0.1440270E-01  0.0000000E+00
 0.1382000E+01  0.1448179E-01  0.0000000E+00
 0.1383000E+01  0.1455355E-01  0.0000000E+00
 0.1384000E+01  0.1461793E-01  0.0000000E+00
 0.1385000E+01  0.1467492E-01  0.0000000E+00
 0.1386000E+01  0.1472449E-01  0.0000000E+00
 0.1387000E+01  0.1476661E-01  0.0000000E+00
 0.1388000E+01  0.1480127E-01  0.0000000E+00
 0.1389000E+01  0.1482844E-01  0.0000000E+00
 0.1390000E+01  0.1484812E-01  0.0000000E+00
 0.1391000E+01  0.1486030E-01  0.0000000E+00
 0.1392000E+01  0.1486497E-01  0.0000000E+00
 0.1393000E+01  0.1486212E-01  0.0000000E+00
 0.1394000E+01  0.1485176E-01  0.0000000E+00
 0.1395000E+01  0.1483389E-01  0.0000000E+00
 0.1396000E+01  0.1480853E-01  0.0000000E+00
 0.1397000E+01  0.1477567E-01  0.0000000E+00
 0.1398000E+01  0.1473533E-01  0.0000000E+00
 0.1399000E+01  0.1468753E-01  0.0000000E+00
 0.1400000E+01  0.1463228E-01  0.0000000E+00
 0.1401000E+01  0.1456963E-01  0.0000000E+00
 0.1402000E+01  0.1449958E-01  0.0000000E+00
 0.1403000E+01  0.1442217E-01  0.0000000E+00
 0.1404000E+01  0.1433743E-01  0.0000000E+00
 0.1405000E+01  0.1424540E-01  0.0000000E+00
 0.1406000E+01  0.1414612E-01  0.0000000E+00
 0.1407000E+01  0.1403963E-01  0.0000000E+00
 0.1408000E+01  0.1392599E-01  0.0000000E+00
 0.1409000E+01  0.1380523E-01  0.0000000E+00
 0.1410000E+01  0.1367741E-01  0.0000000E+00
 0.1411000E+01  0.1354259E-01  0.0000000E+00
 0.1412000E+01  0.1340082E-01  0.0000000E+00
 0.1413000E+01  0.1325217E-01  0.0000000E+00
 0.1414000E+01  0.1309671E-01  0.0000000E+00
 0.1415000E+01  0.1293450E-01  0.0000000E+00
 0.1416000E+01  0.1276561E-01  0.0000000E+00
 0.1417000E+01  0.1259012E-01  0.0000000E+00
 0.1418000E+01  0.1240811E-01  0.0000000E+00
 0.1419000E+01  0.1221966E-01  0.0000000E+00
 0.1420000E+01  0.1202484E-01  0.0000000E+00
 0.1421000E+01  0.1182375E-01  0.0000000E+00
 0.1422000E+01  0.1161648E-01  0.0000000E+00
 0.1423000E+01  0.1140312E-01  0.0000000E+00
 0.1424000E+01  0.1118376E-01  0.0000000E+00
 0.1425000E+01  0.1095850E-01  0.0000000E+00
 0.1426000E+01  0.1072744E-01  0.0000000E+00
 0.1427000E+01  0.1049069E-01  0.0000000E+00
 0.1428000E+01  0.1024835E-01  0.0000000E+00
 0.1429000E+01  0.1000052E-01  0.0000000E+00
 0.1430000E+01  0.9747334E-02  0.0000000E+00
 0.1431000E+01  0.9488887E-02  0.0000000E+00
 0.1432000E+01  0.9225301E-02  0.0000000E+00
 0.1433000E+01  0.8956694E-02  0.0000000E+00
 0.1434000E+01  0.8683186E-02  0.0000000E+00
 0.1435000E+01  0.8404902E-02  0.0000000E+00
 0.1436000E+01  0.8121967E-02  0.0000000E+00
 0.1437000E+01  0.7834508E-02  0.0000000E+00
 0.1438000E+01  0.7542656E-02  0.0000000E+00
 0.1439000E+01  0.7246542E-02  0.0000000E+00
 0.1440000E+01  0.6946302E-02  0.0000000E+00
 0.1441000E+01  0.6642071E-02  0.0000000E+00
 0.1442000E+01  0.6333986E-02  0.0000000E+00
 0.1443000E+01  0.6022190E-02  0.0000000E+00
 0.1444000E+01  0.5706822E-02  0.0000000E+00
 0.1445000E+01  0.5388028E-02  0.0000000E+00
 0.1446000E+01  0.5065952E-02  0.0000000E+00
 0.1447000E+01  0.4740741E-02  0.0000000E+00
 0.1448000E+01  0.4412545E-02  0.0000000E+00
 0.1449000E+01  0.4081514E-02  0.0000000E+00
 0.1450000E+01  0.3747798E-02  0.0000000E+00
 0.1451000E+01  0.3411552E-02  0.0000000E+00
 0.1452000E+01  0.3072929E-02  0.0000000E+00
 0.1453000E+01  0.2732086E-02  0.0000000E+00
 0.1454000E+01  0.2389180E-02  0.0000000E+00
 0.1455000E+01  0.2044368E-02  0.0000000E+00
 0.1456000E+01  0.1697810E-02  0.0000000E+00
 0.1457000E+01  0.1349666E-02  0.0000000E+00
 0.1458000E+01  0.1000096E-02  0.0000000E+00
 0.1459000E+01  0.6492639E-03  0.0000000E+00
 0.1460000E+01  0.2973313E-03  0.0000000E+00
 0.1461000E+01 -0.5553812E-04  0.0000000E+00
 0.1462000E+01 -0.4091801E-03  0.0000000E+00
 0.1463000E+01 -0.7634300E-03  0.0000000E+00
 0.1464000E+01 -0.1118123E-02  0.0000000E+00
 0.1465000E+01 -0.1473092E-02  0.0000000E+00
 0.1466000E+01 -0.1828173E-02  0.0000000E+00
 0.1467000E+01 -0.2183198E-02  0.0000000E+00
 0.1468000E+01 -0.2538001E-02  0.0000000E+00
 0.1469000E+01 -0.2892415E-02  0.0000000E+00
 0.1470000E+01 -0.3246275E-02  0.0000000E+00
 0.1471000E+01 -0.3599412E-02  0.0000000E+00
 0.1472000E+01 -0.3951660E-02  0.0000000E+00
 0.1473000E+01 -0.4302853E-02  0.0000000E+00
 0.1474000E+01 -0.4652825E-02  0.0000000E+00
 0.1475000E+01 -0.5001409E-02  0.0000000E+00
 0.1476000E+01 -0.5348440E-02  0.0000000E+00
 0.1477000E+01 -0.5693753E-02  0.0000000E+00
 0.1478000E+01 -0.6037184E-02  0.0000000E+00
 0.1479000E+01 -0.6378567E-02  0.0000000E+00
 0.1480000E+01 -0.6717741E-02  0.0000000E+00
 0.1481000E+01 -0.7054541E-02  0.0000000E+00
 0.1482000E+01 -0.7388808E-02  0.0000000E+00
 0.1483000E+01 -0.7720379E-02  0.0000000E+00
 0.1484000E+01 -0.8049096E-02  0.0000000E+00
 0.1485000E+01 -0.8374799E-02  0.0000000E+00
 0.1486000E+01 -0.8697330E-02  0.0000000E+00
 0.1487000E+01 -0.9016534E-02  0.0000000E+00
 0.1488000E+01 -0.9332255E-02  0.0000000E+00
 0.1489000E+01 -0.9644338E-02  0.0000000E+00
 0.1490000E+01 -0.9952633E-02  0.0000000E+00
 0.1491000E+01 -0.1025699E-01  0.0000000E+00
 0.1492000E+01 -0.1055725E-01  0.0000000E+00
 0.1493000E+01 -0.1085328E-01  0.0000000E+00
 0.1494000E+01 -0.1114493E-01  0.0000000E+00
 0.1495000E+01 -0.1143204E-01  0.0000000E+00
 0.1496000E+01 -0.1171449E-01  0.0000000E+00
 0.1497000E+01 -0.1199213E-01  0.0000000E+00
 0.1498000E+01 -0.1226482E-01  0.0000000E+00
 0.1499000E+01 -0.1253242E-01  0.0000000E+00
 0.1500000E+01 -0.1279480E-01  0.0000000E+00
 0.1501000E+01 -0.1305183E-01  0.0000000E+00
 0.1502000E+01 -0.1330338E-01  0.0000000E+00
 0.1503000E+01 -0.1354932E-01  0.0000000E+00
 0.1504000E+01 -0.1378953E-01  0.0000000E+00
 0.1505000E+01 -0.1402388E-01  0.0000000E+00
 0.1506000E+01 -0.1425225E-01  0.0000000E+00
 0.1507000E+01 -0.1447452E-01  0.0000000E+00
 0.1508000E+01 -0.1469059E-01  0.0000000E+00
 0.1509000E+01 -0.1490033E-01  0.0000000E+00
 0.1510000E+01 -0.1510363E-01  0.0000000E+00
 0.1511000E+01 -0.1530040E-01  0.0000000E+00
 0.1512000E+01 -0.1549052E-01  0.0000000E+00
 0.1513000E+01 -0.1567390E-01  0.0000000E+00
 0.1514000E+01 -0.1585044E-01  0.0000000E+00
 0.1515000E+01 -0.1602003E-01  0.0000000E+00
 0.1516000E+01 -0.1618260E-01  0.0000000E+00
 0.1517000E+01 -0.1633804E-01  0.0000000E+00
 0.1518000E+01 -0.1648628E-01  0.0000000E+00
 0.1519000E+01 -0.1662723E-01  0.0000000E+00
 0.1520000E+01 -0.1676081E-01  0.0000000E+00
 0.1521000E+01 -0.1688695E-01  0.0000000E+00
 0.1522000E+01 -0.1700557E-01  0.0000000E+00
 0.1523000E+01 -0.1711660E-01  0.0000000E+00
 0.1524000E+01 -0.1721997E-01  0.0000000E+00
 0.1525000E+01 -0.1731564E-01  0.0000000E+00
 0.1526000E+01 -0.1740352E-01  0.0000000E+00
 0.1527000E+01 -0.1748358E-01  0.0000000E+00
 0.1528000E+01 -0.1755575E-01  0.0000000E+00
 0.1529000E+01 -0.1761999E-01  0.0000000E+00
 0.1530000E+01 -0.1767626E-01  0.0000000E+00
 0.1531000E+01 -0.1772451E-01  0.0000000E+00
 0.1532000E+01 -0.1776470E-01  0.0000000E+00
 0.1533000E+01 -0.1779680E-01  0.0000000E+00
 0.1534000E+01 -0.1782079E-01  0.0000000E+00
 0.1535000E+01 -0.1783663E-01  0.0000000E+00
 0.1536000E+01 -0.1784430E-01  0.0000000E+00
 0.1537000E+01 -0.1784379E-01  0.0000000E+00
 0.1538000E+01 -0.1783507E-01  0.0000000E+00
 0.1539000E+01 -0.1781814E-01  0.0000000E+00
 0.1540000E+01 -0.1779300E-01  0.0000000E+00
 0.1541000E+01 -0.1775963E-01  0.0000000E+00
 0.1542000E+01 -0.1771803E-01  0.0000000E+00
 0.1543000E+01 -0.1766823E-01  0.0000000E+00
 0.1544000E+01 -0.1761021E-01  0.0000000E+00
 0.1545000E+01 -0.1754399E-01  0.0000000E+00
 0.1546000E+01 -0.1746960E-01  0.0000000E+00
 0.1547000E+01 -0.1738704E-01  0.0000000E+00
 0.1548000E+01 -0.1729635E-01  0.0000000E+00
 0.1549000E+01 -0.1719755E-01  0.0000000E+00
 0.1550000E+01 -0.1709067E-01  0.0000000E+00
 0.1551000E+01 -0.1697575E-01  0.0000000E+00
 0.1552000E+01 -0.1685284E-01  0.0000000E+00
 0.1553000E+01 -0.1672196E-01  0.0000000E+00
 0.1554000E+01 -0.1658318E-01  0.0000000E+00
 0.1555000E+01 -0.1643654E-01  0.0000000E+00
 0.1556000E+01 -0.1628209E-01  0.0000000E+00
 0.1557000E+01 -0.1611991E-01  0.0000000E+00
 0.1558000E+01 -0.1595004E-01  0.0000000E+00
 0.1559000E+01 -0.1577256E-01  0.0000000E+00
 0.1560000E+01 -0.1558755E-01  0.0000000E+00
 0.1561000E+01 -0.1539506E-01  0.0000000E+00
 0.1562000E+01 -0.1519518E-01  0.0000000E+00
 0.1563000E+01 -0.1498800E-01  0.0000000E+00
 0.1564000E+01 -0.1477360E-01  0.0000000E+00
 0.1565000E+01 -0.1455207E-01  0.0000000E+00
 0.1566000E+01 -0.1432350E-01  0.0000000E+00
 0.1567000E+01 -0.1408799E-01  0.0000000E+00
 0.1568000E+01 -0.1384564E-01  0.0000000E+00
 0.1569000E+01 -0.1359655E-01  0.0000000E+00
 0.1570000E+01 -0.1334084E-01  0.0000000E+00
 0.1571000E+01 -0.1307860E-01  0.0000000E+00
 0.1572000E+01 -0.1280997E-01  0.0000000E+00
 0.1573000E+01 -0.1253505E-01  0.0000000E+00
 0.1574000E+01 -0.1225397E-01  0.0000000E+00
 0.1575000E+01 -0.1196686E-01  0.0000000E+00
 0.1576000E+01 -0.1167383E-01  0.0000000E+00
 0.1577000E+01 -0.1137502E-01  0.0000000E+00
 0.1578000E+01 -0.1107058E-01  0.0000000E+00
 0.1579000E+01 -0.1076062E-01  0.0000000E+00
 0.1580000E+01 -0.1044530E-01  0.0000000E+00
 0.1581000E+01 -0.1012476E-01  0.0000000E+00
 0.1582000E+01 -0.9799146E-02  0.0000000E+00
 0.1583000E+01 -0.9468607E-02  0.0000000E+00
 0.1584000E+01 -0.9133296E-02  0.0000000E+00
 0.1585000E+01 -0.8793369E-02  0.0000000E+00
 0.1586000E+01 -0.8448984E-02  0.0000000E+00
 0.1587000E+01 -0.8100302E-02  0.0000000E+00
 0.1588000E+01 -0.7747486E-02  0.0000000E+00
 0.1589000E+01 -0.7390702E-02  0.0000000E+00
 0.1590000E+01 -0.7030120E-02  0.0000000E+00
 0.1591000E+01 -0.6665909E-02  0.0000000E+00
 0.1592000E+01 -0.6298244E-02  0.0000000E+00
 0.1593000E+01 -0.5927301E-02  0.0000000E+00
 0.1594000E+01 -0.5553256E-02  0.0000000E+00
 0.1595000E+01 -0.5176290E-02  0.0000000E+00
 0.1596000E+01 -0.4796585E-02  0.0000000E+00
 0.1597000E+01 -0.4414326E-02  0.0000000E+00
 0.1598000E+01 -0.4029697E-02  0.0000000E+00
 0.1599000E+01 -0.3642887E-02  0.0000000E+00
 0.1600000E+01 -0.3254085E-02  0.0000000E+00
 0.1601000E+01 -0.2863483E-02  0.0000000E+00
 0.1602000E+01 -0.2471274E-02  0.0000000E+00
 0.1603000E+01 -0.2077650E-02  0.0000000E+00
 0.1604000E+01 -0.1682810E-02  0.0000000E+00
 0.1605000E+01 -0.1286948E-02  0.0000000E+00
 0.1606000E+01 -0.8902648E-03  0.0000000E+00
 0.1607000E+01 -0.4929584E-03  0.0000000E+00
 0.1608000E+01 -0.9522985E-04  0.0000000E+00
 0.1609000E+01  0.3027194E-03  0.0000000E+00
 0.1610000E+01  0.7006869E-03  0.0000000E+00
 0.1611000E+01  0.1098469E-02  0.0000000E+00
 0.1612000E+01  0.1495863E-02  0.0000000E+00
 0.1613000E+01  0.1892663E-02  0.0000000E+00
 0.1614000E+01  0.2288663E-02  0.0000000E+00
 0.1615000E+01  0.2683660E-02  0.0000000E+00
 0.1616000E+01  0.3077446E-02  0.0000000E+00
 0.1617000E+01  0.3469816E-02  0.0000000E+00
 0.1618000E+01  0.3860562E-02  0.0000000E+00
 0.1619000E+01  0.4249479E-02  0.0000000E+00
 0.1620000E+01  0.4636360E-02  0.0000000E+00
 0.1621000E+01  0.5020999E-02  0.0000000E+00
 0.1622000E+01  0.5403190E-02  0.0000000E+00
 0.1623000E+01  0.5782727E-02  0.0000000E+00
 0.1624000E+01  0.6159404E-02  0.0000000E+00
 0.1625000E+01  0.6533017E-02  0.0000000E+00
 0.1626000E+01  0.6903361E-02  0.0000000E+00
 0.1627000E+01  0.7270233E-02  0.0000000E+00
 0.1628000E+01  0.7633429E-02  0.0000000E+00
 0.1629000E+01  0.7992749E-02  0.0000000E+00
 0.1630000E+01  0.8347991E-02  0.0000000E+00
 0.1631000E+01  0.8698955E-02  0.0000000E+00
 0.1632000E+01  0.9045443E-02  0.0000000E+00
 0.1633000E+01  0.9387258E-02  0.0000000E+00
 0.1634000E+01  0.9724202E-02  0.0000000E+00
 0.1635000E+01  0.1005608E-01  0.0000000E+00
 0.1636000E+01  0.1038271E-01  0.0000000E+00
 0.1637000E+01  0.1070388E-01  0.0000000E+00
 0.1638000E+01  0.1101942E-01  0.0000000E+00
 0.1639000E+01  0.1132913E-01  0.0000000E+00
 0.1640000E+01  0.1163283E-01  0.0000000E+00
 0.1641000E+01  0.1193033E-01  0.0000000E+00
 0.1642000E+01  0.1222146E-01  0.0000000E+00
 0.1643000E+01  0.1250603E-01  0.0000000E+00
 0.1644000E+01  0.1278387E-01  0.0000000E+00
 0.1645000E+01  0.1305481E-01  0.0000000E+00
 0.1646000E+01  0.1331866E-01  0.0000000E+00
 0.1647000E+01  0.1357526E-01  0.0000000E+00
 0.1648000E+01  0.1382445E-01  0.0000000E+00
 0.1649000E+01  0.1406606E-01  0.0000000E+00
 0.1650000E+01  0.1429993E-01  0.0000000E+00
 0.1651000E+01  0.1452590E-01  0.0000000E+00
 0.1652000E+01  0.1474382E-01  0.0000000E+00
 0.1653000E+01  0.1495353E-01  0.0000000E+00
 0.1654000E+01  0.1515489E-01  0.0000000E+00
 0.1655000E+01  0.1534775E-01  0.0000000E+00
 0.1656000E+01  0.1553197E-01  0.0000000E+00
 0.1657000E+01  0.1570740E-01  0.0000000E+00
 0.1658000E+01  0.1587393E-01  0.0000000E+00
 0.1659000E+01  0.1603140E-01  0.0000000E+00
 0.1660000E+01  0.1617971E-01  0.0000000E+00
 0.1661000E+01  0.1631871E-01  0.0000000E+00
 0.1662000E+01  0.1644830E-01  0.0000000E+00
 0.1663000E+01  0.1656836E-01  0.0000000E+00
 0.1664000E+01  0.1667877E-01  0.0000000E+00
 0.1665000E+01  0.1677943E-01  0.0000000E+00
 0.1666000E+01  0.1687024E-01  0.0000000E+00
 0.1667000E+01  0.1695109E-01  0.0000000E+00
 0.1668000E+01  0.1702188E-01  0.0000000E+00
 0.1669000E+01  0.1708254E-01  0.0000000E+00
 0.1670000E+01  0.1713297E-01  0.0000000E+00
 0.1671000E+01  0.1717309E-01  0.0000000E+00
 0.1672000E+01  0.1720282E-01  0.0000000E+00
 0.1673000E+01  0.1722210E-01  0.0000000E+00
 0.1674000E+01  0.1723085E-01  0.0000000E+00
 0.1675000E+01  0.1722901E-01  0.0000000E+00
 0.1676000E+01  0.1721652E-01  0.0000000E+00
 0.1677000E+01  0.1719333E-01  0.0000000E+00
 0.1678000E+01  0.1715939E-01  0.0000000E+00
 0.1679000E+01  0.1711466E-01  0.0000000E+00
 0.1680000E+01  0.1705909E-01  0.0000000E+00
 0.1681000E+01  0.1699266E-01  0.0000000E+00
 0.1682000E+01  0.1691534E-01  0.0000000E+00
 0.1683000E+01  0.1682710E-01  0.0000000E+00
 0.1684000E+01  0.1672792E-01  0.0000000E+00
 0.1685000E+01  0.1661780E-01  0.0000000E+00
 0.1686000E+01  0.1649672E-01  0.0000000E+00
 0.1687000E+01  0.1636468E-01  0.0000000E+00
 0.1688000E+01  0.1622170E-01  0.0000000E+00
 0.1689000E+01  0.1606776E-01  0.0000000E+00
 0.1690000E+01  0.1590289E-01  0.0000000E+00
 0.1691000E+01  0.1572712E-01  0.0000000E+00
 0.1692000E+01  0.1554045E-01  0.0000000E+00
 0.1693000E+01  0.1534292E-01  0.0000000E+00
 0.1694000E+01  0.1513458E-01  0.0000000E+00
 0.1695000E+01  0.1491545E-01  0.0000000E+00
 0.1696000E+01  0.1468559E-01  0.0000000E+00
 0.1697000E+01  0.1444505E-01  0.0000000E+00
 0.1698000E+01  0.1419389E-01  0.0000000E+00
 0.1699000E+01  0.1393216E-01  0.0000000E+00
 0.1700000E+01  0.1365995E-01  0.0000000E+00
 0.1701000E+01  0.1337731E-01  0.0000000E+00
 0.1702000E+01  0.1308434E-01  0.0000000E+00
 0.1703000E+01  0.1278112E-01  0.0000000E+00
 0.1704000E+01  0.1246774E-01  0.0000000E+00
 0.1705000E+01  0.1214430E-01  0.0000000E+00
 0.1706000E+01  0.1181090E-01  0.0000000E+00
 0.1707000E+01  0.1146764E-01  0.0000000E+00
 0.1708000E+01  0.1111465E-01  0.0000000E+00
 0.1709000E+01  0.1075203E-01  0.0000000E+00
 0.1710000E+01  0.1037992E-01  0.0000000E+00
 0.1711000E+01  0.9998445E-02  0.0000000E+00
 0.1712000E+01  0.9607740E-02  0.0000000E+00
 0.1713000E+01  0.9207946E-02  0.0000000E+00
 0.1714000E+01  0.8799210E-02  0.0000000E+00
 0.1715000E+01  0.8381682E-02  0.0000000E+00
 0.1716000E+01  0.7955522E-02  0.0000000E+00
 0.1717000E+01  0.7520890E-02  0.0000000E+00
 0.1718000E+01  0.7077955E-02  0.0000000E+00
 0.1719000E+01  0.6626889E-02  0.0000000E+00
 0.1720000E+01  0.6167872E-02  0.0000000E+00
 0.1721000E+01  0.5701086E-02  0.0000000E+00
 0.1722000E+01  0.5226721E-02  0.0000000E+00
 0.1723000E+01  0.4744969E-02  0.0000000E+00
 0.1724000E+01  0.4256031E-02  0.0000000E+00
 0.1725000E+01  0.3760108E-02  0.0000000E+00
 0.1726000E+01  0.3257411E-02  0.0000000E+00
 0.1727000E+01  0.2748152E-02  0.0000000E+00
 0.1728000E+01  0.2232551E-02  0.0000000E+00
 0.1729000E+01  0.1710829E-02  0.0000000E+00
 0.1730000E+01  0.1183216E-02  0.0000000E+00
 0.1731000E+01  0.6499440E-03  0.0000000E+00
 0.1732000E+01  0.1112496E-03  0.0000000E+00
 0.1733000E+01 -0.4326254E-03  0.0000000E+00
 0.1734000E+01 -0.9814349E-03  0.0000000E+00
 0.1735000E+01 -0.1534928E-02  0.0000000E+00
 0.1736000E+01 -0.2092851E-02  0.0000000E+00
 0.1737000E+01 -0.2654944E-02  0.0000000E+00
 0.1738000E+01 -0.3220945E-02  0.0000000E+00
 0.1739000E+01 -0.3790586E-02  0.0000000E+00
 0.1740000E+01 -0.4363595E-02  0.0000000E+00
 0.1741000E+01 -0.4939699E-02  0.0000000E+00
 0.1742000E+01 -0.5518619E-02  0.0000000E+00
 0.1743000E+01 -0.6100071E-02  0.0000000E+00
 0.1744000E+01 -0.6683770E-02  0.0000000E+00
 0.1745000E+01 -0.7269427E-02  0.0000000E+00
 0.1746000E+01 -0.7856748E-02  0.0000000E+00
 0.1747000E+01 -0.8445436E-02  0.0000000E+00
 0.1748000E+01 -0.9035193E-02  0.0000000E+00
 0.1749000E+01 -0.9625715E-02  0.0000000E+00
 0.1750000E+01 -0.1021670E-01  0.0000000E+00
 0.1751000E+01 -0.1080783E-01  0.0000000E+00
 0.1752000E+01 -0.1139880E-01  0.0000000E+00
 0.1753000E+01 -0.1198930E-01  0.0000000E+00
 0.1754000E+01 -0.1257901E-01  0.0000000E+00
 0.1755000E+01 -0.1316761E-01  0.0000000E+00
 0.1756000E+01 -0.1375477E-01  0.0000000E+00
 0.1757000E+01 -0.1434018E-01  0.0000000E+00
 0.1758000E+01 -0.1492350E-01  0.0000000E+00
 0.1759000E+01 -0.1550442E-01  0.0000000E+00
 0.1760000E+01 -0.1608259E-01  0.0000000E+00
 0.1761000E+01 -0.1665769E-01  0.0000000E+00
 0.1762000E+01 -0.1722939E-01  0.0000000E+00
 0.1763000E+01 -0.1779734E-01  0.0000000E+00
 0.1764000E+01 -0.1836122E-01  0.0000000E+00
 0.1765000E+01 -0.1892068E-01  0.0000000E+00
 0.1766000E+01 -0.1947539E-01  0.0000000E+00
 0.1767000E+01 -0.2002501E-01  0.0000000E+00
 0.1768000E+01 -0.2056919E-01  0.0000000E+00
 0.1769000E+01 -0.2110759E-01  0.0000000E+00
 0.1770000E+01 -0.2163987E-01  0.0000000E+00
 0.1771000E+01 -0.2216569E-01  0.0000000E+00
 0.1772000E+01 -0.2268470E-01  0.0000000E+00
 0.1773000E+01 -0.2319657E-01  0.0000000E+00
 0.1774000E+01 -0.2370094E-01  0.0000000E+00
 0.1775000E+01 -0.2419747E-01  0.0000000E+00
 0.1776000E+01 -0.2468583E-01  0.0000000E+00
 0.1777000E+01 -0.2516566E-01  0.0000000E+00
 0.1778000E+01 -0.2563662E-01  0.0000000E+00
 0.1779000E+01 -0.2609837E-01  0.0000000E+00
 0.1780000E+01 -0.2655057E-01  0.0000000E+00
 0.1781000E+01 -0.2699288E-01  0.0000000E+00
 0.1782000E+01 -0.2742496E-01  0.0000000E+00
 0.1783000E+01 -0.2784647E-01  0.0000000E+00
 0.1784000E+01 -0.2825706E-01  0.0000000E+00
 0.1785000E+01 -0.2865641E-01  0.0000000E+00
 0.1786000E+01 -0.2904418E-01  0.0000000E+00
 0.1787000E+01 -0.2942004E-01  0.0000000E+00
 0.1788000E+01 -0.2978365E-01  0.0000000E+00
 0.1789000E+01 -0.3013468E-01  0.0000000E+00
 0.1790000E+01 -0.3047282E-01  0.0000000E+00
 0.1791000E+01 -0.3079772E-01  0.0000000E+00
 0.1792000E+01 -0.3110908E-01  0.0000000E+00
 0.1793000E+01 -0.3140656E-01  0.0000000E+00
 0.1794000E+01 -0.3168986E-01  0.0000000E+00
 0.1795000E+01 -0.3195865E-01  0.0000000E+00
 0.1796000E+01 -0.3221262E-01  0.0000000E+00
 0.1797000E+01 -0.3245146E-01  0.0000000E+00
 0.1798000E+01 -0.3267488E-01  0.0000000E+00
 0.1799000E+01 -0.3288256E-01  0.0000000E+00
 0.1800000E+01 -0.3307420E-01  0.0000000E+00
 0.1801000E+01 -0.3324952E-01  0.0000000E+00
 0.1802000E+01 -0.3340821E-01  0.0000000E+00
 0.1803000E+01 -0.3354999E-01  0.0000000E+00
 0.1804000E+01 -0.3367457E-01  0.0000000E+00
 0.1805000E+01 -0.3378168E-01  0.0000000E+00
 0.1806000E+01 -0.3387104E-01  0.0000000E+00
 0.1807000E+01 -0.3394237E-01  0.0000000E+00
 0.1808000E+01 -0.3399541E-01  0.0000000E+00
 0.1809000E+01 -0.3402990E-01  0.0000000E+00
 0.1810000E+01 -0.3404558E-01  0.0000000E+00
 0.1811000E+01 -0.3404219E-01  0.0000000E+00
 0.1812000E+01 -0.3401949E-01  0.0000000E+00
 0.1813000E+01 -0.3397723E-01  0.0000000E+00
 0.1814000E+01 -0.3391518E-01  0.0000000E+00
 0.1815000E+01 -0.3383310E-01  0.0000000E+00
 0.1816000E+01 -0.3373076E-01  0.0000000E+00
 0.1817000E+01 -0.3360796E-01  0.0000000E+00
 0.1818000E+01 -0.3346446E-01  0.0000000E+00
 0.1819000E+01 -0.3330006E-01  0.0000000E+00
 0.1820000E+01 -0.3311456E-01  0.0000000E+00
 0.1821000E+01 -0.3290775E-01  0.0000000E+00
 0.1822000E+01 -0.3267945E-01  0.0000000E+00
 0.1823000E+01 -0.3242947E-01  0.0000000E+00
 0.1824000E+01 -0.3215763E-01  0.0000000E+00
 0.1825000E+01 -0.3186376E-01  0.0000000E+00
 0.1826000E+01 -0.3154769E-01  0.0000000E+00
 0.1827000E+01 -0.3120926E-01  0.0000000E+00
 0.1828000E+01 -0.3084832E-01  0.0000000E+00
 0.1829000E+01 -0.3046472E-01  0.0000000E+00
 0.1830000E+01 -0.3005833E-01  0.0000000E+00
 0.1831000E+01 -0.2962901E-01  0.0000000E+00
 0.1832000E+01 -0.2917664E-01  0.0000000E+00
 0.1833000E+01 -0.2870109E-01  0.0000000E+00
 0.1834000E+01 -0.2820227E-01  0.0000000E+00
 0.1835000E+01 -0.2768006E-01  0.0000000E+00
 0.1836000E+01 -0.2713437E-01  0.0000000E+00
 0.1837000E+01 -0.2656512E-01  0.0000000E+00
 0.1838000E+01 -0.2597221E-01  0.0000000E+00
 0.1839000E+01 -0.2535559E-01  0.0000000E+00
 0.1840000E+01 -0.2471518E-01  0.0000000E+00
 0.1841000E+01 -0.2405092E-01  0.0000000E+00
 0.1842000E+01 -0.2336278E-01  0.0000000E+00
 0.1843000E+01 -0.2265070E-01  0.0000000E+00
 0.1844000E+01 -0.2191465E-01  0.0000000E+00
 0.1845000E+01 -0.2115461E-01  0.0000000E+00
 0.1846000E+01 -0.2037057E-01  0.0000000E+00
 0.1847000E+01 -0.1956250E-01  0.0000000E+00
 0.1848000E+01 -0.1873041E-01  0.0000000E+00
 0.1849000E+01 -0.1787432E-01  0.0000000E+00
 0.1850000E+01 -0.1699422E-01  0.0000000E+00
 0.1851000E+01 -0.1609016E-01  0.0000000E+00
 0.1852000E+01 -0.1516215E-01  0.0000000E+00
 0.1853000E+01 -0.1421025E-01  0.0000000E+00
 0.1854000E+01 -0.1323450E-01  0.0000000E+00
 0.1855000E+01 -0.1223496E-01  0.0000000E+00
 0.1856000E+01 -0.1121169E-01  0.0000000E+00
 0.1857000E+01 -0.1016478E-01  0.0000000E+00
 0.1858000E+01 -0.9094292E-02  0.0000000E+00
 0.1859000E+01 -0.8000335E-02  0.0000000E+00
 0.1860000E+01 -0.6883003E-02  0.0000000E+00
 0.1861000E+01 -0.5742408E-02  0.0000000E+00
 0.1862000E+01 -0.4578665E-02  0.0000000E+00
 0.1863000E+01 -0.3391902E-02  0.0000000E+00
 0.1864000E+01 -0.2182254E-02  0.0000000E+00
 0.1865000E+01 -0.9498636E-03  0.0000000E+00
 0.1866000E+01  0.3051164E-03  0.0000000E+00
 0.1867000E+01  0.1582525E-02  0.0000000E+00
 0.1868000E+01  0.2882194E-02  0.0000000E+00
 0.1869000E+01  0.4203944E-02  0.0000000E+00
 0.1870000E+01  0.5547589E-02  0.0000000E+00
 0.1871000E+01  0.6912935E-02  0.0000000E+00
 0.1872000E+01  0.8299778E-02  0.0000000E+00
 0.1873000E+01  0.9707905E-02  0.0000000E+00
 0.1874000E+01  0.1113710E-01  0.0000000E+00
 0.1875000E+01  0.1258713E-01  0.0000000E+00
 0.1876000E+01  0.1405775E-01  0.0000000E+00
 0.1877000E+01  0.1554873E-01  0.0000000E+00
 0.1878000E+01  0.1705981E-01  0.0000000E+00
 0.1879000E+01  0.1859073E-01  0.0000000E+00
 0.1880000E+01  0.2014121E-01  0.0000000E+00
 0.1881000E+01  0.2171098E-01  0.0000000E+00
 0.1882000E+01  0.2329975E-01  0.0000000E+00
 0.1883000E+01  0.2490724E-01  0.0000000E+00
 0.1884000E+01  0.2653312E-01  0.0000000E+00
 0.1885000E+01  0.2817710E-01  0.0000000E+00
 0.1886000E+01  0.2983886E-01  0.0000000E+00
 0.1887000E+01  0.3151807E-01  0.0000000E+00
 0.1888000E+01  0.3321440E-01  0.0000000E+00
 0.1889000E+01  0.3492750E-01  0.0000000E+00
 0.1890000E+01  0.3665703E-01  0.0000000E+00
 0.1891000E+01  0.3840263E-01  0.0000000E+00
 0.1892000E+01  0.4016394E-01  0.0000000E+00
 0.1893000E+01  0.4194058E-01  0.0000000E+00
 0.1894000E+01  0.4373219E-01  0.0000000E+00
 0.1895000E+01  0.4553836E-01  0.0000000E+00
 0.1896000E+01  0.4735872E-01  0.0000000E+00
 0.1897000E+01  0.4919286E-01  0.0000000E+00
 0.1898000E+01  0.5104037E-01  0.0000000E+00
 0.1899000E+01  0.5290085E-01  0.0000000E+00
 0.1900000E+01  0.5477388E-01  0.0000000E+00
 0.1901000E+01  0.5665902E-01  0.0000000E+00
 0.1902000E+01  0.5855585E-01  0.0000000E+00
 0.1903000E+01  0.6046393E-01  0.0000000E+00
 0.1904000E+01  0.6238282E-01  0.0000000E+00
 0.1905000E+01  0.6431206E-01  0.0000000E+00
 0.1906000E+01  0.6625120E-01  0.0000000E+00
 0.1907000E+01  0.6819978E-01  0.0000000E+00
 0.1908000E+01  0.7015733E-01  0.0000000E+00
 0.1909000E+01  0.7212338E-01  0.0000000E+00
 0.1910000E+01  0.7409744E-01  0.0000000E+00
 0.1911000E+01  0.7607905E-01  0.0000000E+00
 0.1912000E+01  0.7806770E-01  0.0000000E+00
 0.1913000E+01  0.8006290E-01  0.0000000E+00
 0.1914000E+01  0.8206416E-01  0.0000000E+00
 0.1915000E+01  0.8407098E-01  0.0000000E+00
 0.1916000E+01  0.8608284E-01  0.0000000E+00
 0.1917000E+01  0.8809924E-01  0.0000000E+00
 0.1918000E+01  0.9011966E-01  0.0000000E+00
 0.1919000E+01  0.9214358E-01  0.0000000E+00
 0.1920000E+01  0.9417047E-01  0.0000000E+00
 0.1921000E+01  0.9619982E-01  0.0000000E+00
 0.1922000E+01  0.9823108E-01  0.0000000E+00
 0.1923000E+01  0.1002637E+00  0.0000000E+00
 0.1924000E+01  0.1022972E+00  0.0000000E+00
 0.1925000E+01  0.1043310E+00  0.0000000E+00
 0.1926000E+01  0.1063646E+00  0.0000000E+00
 0.1927000E+01  0.1083974E+00  0.0000000E+00
 0.1928000E+01  0.1104289E+00  0.0000000E+00
 0.1929000E+01  0.1124585E+00  0.0000000E+00
 0.1930000E+01  0.1144856E+00  0.0000000E+00
 0.1931000E+01  0.1165098E+00  0.0000000E+00
 0.1932000E+01  0.1185304E+00  0.0000000E+00
 0.1933000E+01  0.1205469E+00  0.0000000E+00
 0.1934000E+01  0.1225588E+00  0.0000000E+00
 0.1935000E+01  0.1245654E+00  0.0000000E+00
 0.1936000E+01  0.1265663E+00  0.0000000E+00
 0.1937000E+01  0.1285608E+00  0.0000000E+00
 0.1938000E+01  0.1305484E+00  0.0000000E+00
 0.1939000E+01  0.1325285E+00  0.0000000E+00
 0.1940000E+01  0.1345006E+00  0.0000000E+00
 0.1941000E+01  0.1364640E+00  0.0000000E+00
 0.1942000E+01  0.1384183E+00  0.0000000E+00
 0.1943000E+01  0.1403629E+00  0.0000000E+00
 0.1944000E+01  0.1422972E+00  0.0000000E+00
 0.1945000E+01  0.1442206E+00  0.0000000E+00
 0.1946000E+01  0.1461326E+00  0.0000000E+00
 0.1947000E+01  0.1480326E+00  0.0000000E+00
 0.1948000E+01  0.1499200E+00  0.0000000E+00
 0.1949000E+01  0.1517944E+00  0.0000000E+00
 0.1950000E+01  0.1536551E+00  0.0000000E+00
 0.1951000E+01  0.1555015E+00  0.0000000E+00
 0.1952000E+01  0.1573332E+00  0.0000000E+00
 0.1953000E+01  0.1591496E+00  0.0000000E+00
 0.1954000E+01  0.1609501E+00  0.0000000E+00
 0.1955000E+01  0.1627341E+00  0.0000000E+00
 0.1956000E+01  0.1645012E+00  0.0000000E+00
 0.1957000E+01  0.1662508E+00  0.0000000E+00
 0.1958000E+01  0.1679823E+00  0.0000000E+00
 0.1959000E+01  0.1696953E+00  0.0000000E+00
 0.1960000E+01  0.1713891E+00  0.0000000E+00
 0.1961000E+01  0.1730633E+00  0.0000000E+00
 0.1962000E+01  0.1747173E+00  0.0000000E+00
 0.1963000E+01  0.1763506E+00  0.0000000E+00
 0.1964000E+01  0.1779627E+00  0.0000000E+00
 0.1965000E+01  0.1795531E+00  0.0000000E+00
 0.1966000E+01  0.1811213E+00  0.0000000E+00
 0.1967000E+01  0.1826667E+00  0.0000000E+00
 0.1968000E+01  0.1841889E+00  0.0000000E+00
 0.1969000E+01  0.1856874E+00  0.0000000E+00
 0.1970000E+01  0.1871617E+00  0.0000000E+00
 0.1971000E+01  0.1886113E+00  0.0000000E+00
 0.1972000E+01  0.1900357E+00  0.0000000E+00
 0.1973000E+01  0.1914345E+00  0.0000000E+00
 0.1974000E+01  0.1928072E+00  0.0000000E+00
 0.1975000E+01  0.1941533E+00  0.0000000E+00
 0.1976000E+01  0.1954724E+00  0.0000000E+00
 0.1977000E+01  0.1967640E+00  0.0000000E+00
 0.1978000E+01  0.1980278E+00  0.0000000E+00
 0.1979000E+01  0.1992632E+00  0.0000000E+00
 0.1980000E+01  0.2004699E+00  0.0000000E+00
 0.1981000E+01  0.2016473E+00  0.0000000E+00
 0.1982000E+01  0.2027952E+00  0.0000000E+00
 0.1983000E+01  0.2039132E+00  0.0000000E+00
 0.1984000E+01  0.2050007E+00  0.0000000E+00
 0.1985000E+01  0.2060574E+00  0.0000000E+00
 0.1986000E+01  0.2070830E+00  0.0000000E+00
 0.1987000E+01  0.2080771E+00  0.0000000E+00
 0.1988000E+01  0.2090393E+00  0.0000000E+00
 0.1989000E+01  0.2099692E+00  0.0000000E+00
 0.1990000E+01  0.2108665E+00  0.0000000E+00
 0.1991000E+01  0.2117310E+00  0.0000000E+00
 0.1992000E+01  0.2125621E+00  0.0000000E+00
 0.1993000E+01  0.2133597E+00  0.0000000E+00
 0.1994000E+01  0.2141234E+00  0.0000000E+00
 0.1995000E+01  0.2148528E+00  0.0000000E+00
 0.1996000E+01  0.2155478E+00  0.0000000E+00
 0.1997000E+01  0.2162081E+00  0.0000000E+00
 0.1998000E+01  0.2168332E+00  0.0000000E+00
 0.1999000E+01  0.2174231E+00  0.0000000E+00
 0.2000000E+01  0.2179774E+00  0.0000000E+00
