-0.1218814E+01  0.9674937E-01
-0.1220020E+01  0.2372907E+00
-0.1218781E+01  0.4479654E+00
-0.1265898E+01  0.9084339E+00
-0.1253614E+01  0.8865974E+00
-0.1279323E+01  0.3710495E+00
-0.1271104E+01  0.1368676E+00
-0.1280030E+01  0.5198397E-01
-0.1272643E+01  0.2078083E-01
-0.1281631E+01  0.8164348E-02
-0.4034821E+00  0.2372907E+00
-0.4486603E+00  0.1883374E+00
-0.4450225E+00  0.2518488E+00
-0.4453816E+00  0.3757728E+00
-0.4378144E+00  0.3254792E+00
-0.4461910E+00  0.1215741E+00
-0.4464646E+00  0.4806895E-01
-0.4555514E+00  0.1734741E-01
-0.4474587E+00  0.6347732E-02
-0.4436224E+00  0.2443415E-02
 0.2339771E+00  0.4479654E+00
 0.2533766E+00  0.2518488E+00
 0.2425167E+00  0.2077947E+00
 0.2562350E+00  0.2102244E+00
 0.2556632E+00  0.1669505E+00
 0.2690440E+00  0.6070555E-01
 0.2700551E+00  0.2498783E-01
 0.2601770E+00  0.8237078E-02
 0.2693412E+00  0.2120024E-02
 0.2614057E+00  0.9236769E-03
 0.9486562E+00  0.9084339E+00
 0.9479923E+00  0.3757728E+00
 0.9447463E+00  0.2102244E+00
 0.9427121E+00  0.1355687E+00
 0.9520730E+00  0.8484977E-01
 0.9455111E+00  0.3305471E-01
 0.9400663E+00  0.2042168E-01
 0.8918505E+00  0.9736984E-02
 0.9386659E+00  0.2161748E-03
 0.8848251E+00  0.2139510E-03
 0.1656916E+01  0.8865974E+00
 0.1650855E+01  0.3254792E+00
 0.1648818E+01  0.1669505E+00
 0.1652903E+01  0.8484977E-01
 0.1651244E+01  0.4539661E-01
 0.1649320E+01  0.1658153E-01
 0.1645366E+01  0.6272420E-02
 0.1595788E+01  0.9816483E-03
 0.1646635E+01  0.4880909E-03
 0.1645646E+01  0.1825044E-03
 0.2345415E+01  0.3710495E+00
 0.2358901E+01  0.1215741E+00
 0.2365980E+01  0.6070555E-01
 0.2359117E+01  0.3305471E-01
 0.2356448E+01  0.1658153E-01
 0.2357245E+01  0.5987610E-02
 0.2343734E+01  0.2227073E-02
 0.2344126E+01  0.2439229E-03
 0.2454917E+01  0.1079901E-03
 0.2500028E+01  0.3492795E-04
 0.3055666E+01  0.1368676E+00
 0.3058689E+01  0.4806895E-01
 0.3052722E+01  0.2498783E-01
 0.3053845E+01  0.2042168E-01
 0.3046083E+01  0.6272420E-02
 0.3049682E+01  0.2227073E-02
 0.3061822E+01  0.7657168E-03
 0.3067230E+01  0.8897256E-04
 0.3063119E+01  0.4735706E-04
 0.3077481E+01  0.1759073E-04
 0.3755675E+01  0.5198397E-01
 0.3738815E+01  0.1734741E-01
 0.3626980E+01  0.8237078E-02
 0.3227167E+01  0.9736984E-02
 0.3864166E+01  0.9816483E-03
 0.3758140E+01  0.2439229E-03
 0.3752991E+01  0.8897256E-04
 0.3759887E+01  0.3908830E-04
 0.3761276E+01  0.8821159E-05
 0.3746894E+01  0.1690479E-05
 0.4453640E+01  0.2078083E-01
 0.4461703E+01  0.6347732E-02
 0.4452353E+01  0.2120024E-02
 0.4456854E+01  0.2161748E-03
 0.4459297E+01  0.4880909E-03
 0.4432765E+01  0.1079901E-03
 0.4469754E+01  0.4735706E-04
 0.4467304E+01  0.8821159E-05
 0.4457731E+01  0.1263125E-05
 0.4473528E+01  0.1715778E-07
 0.5063414E+01  0.8164348E-02
 0.5170946E+01  0.2443415E-02
 0.5160530E+01  0.9236769E-03
 0.5246128E+01  0.2139510E-03
 0.5159458E+01  0.1825044E-03
 0.5037214E+01  0.3492795E-04
 0.5197478E+01  0.1759073E-04
 0.5181747E+01  0.1690479E-05
 0.5172330E+01  0.1715778E-07
 0.5209286E+01  0.1112529E-06
