 0.2000000E-02  0.9998406E+00 -0.1238134E-01
 0.4000000E-02  0.9995574E+00 -0.2062805E-01
 0.6000000E-02  0.9991332E+00 -0.2886157E-01
 0.8000000E-02  0.9985694E+00 -0.3707553E-01
 0.1000000E-01  0.9978674E+00 -0.4526379E-01
 0.1200000E-01  0.9970294E+00 -0.5342039E-01
 0.1400000E-01  0.9960578E+00 -0.6153958E-01
 0.1600000E-01  0.9949556E+00 -0.6961589E-01
 0.1800000E-01  0.9937261E+00 -0.7764414E-01
 0.2000000E-01  0.9923731E+00 -0.8561950E-01
 0.2200000E-01  0.9909003E+00 -0.9353750E-01
 0.2400000E-01  0.9893122E+00 -0.1013940E+00
 0.2600000E-01  0.9876131E+00 -0.1091855E+00
 0.2800000E-01  0.9858075E+00 -0.1169086E+00
 0.3000000E-01  0.9839004E+00 -0.1245605E+00
 0.3200000E-01  0.9818964E+00 -0.1321389E+00
 0.3400000E-01  0.9798004E+00 -0.1396418E+00
 0.3600000E-01  0.9776173E+00 -0.1470677E+00
 0.3800000E-01  0.9753517E+00 -0.1544154E+00
 0.4000000E-01  0.9730084E+00 -0.1616842E+00
 0.4200000E-01  0.9705918E+00 -0.1688736E+00
 0.4400000E-01  0.9681063E+00 -0.1759837E+00
 0.4600000E-01  0.9655561E+00 -0.1830147E+00
 0.4800000E-01  0.9629451E+00 -0.1899670E+00
 0.5000000E-01  0.9602770E+00 -0.1968414E+00
 0.5200000E-01  0.9575553E+00 -0.2036389E+00
 0.5400000E-01  0.9547832E+00 -0.2103603E+00
 0.5600000E-01  0.9519637E+00 -0.2170071E+00
 0.5800000E-01  0.9490994E+00 -0.2235804E+00
 0.6000000E-01  0.9461928E+00 -0.2300816E+00
 0.6200000E-01  0.9432461E+00 -0.2365120E+00
 0.6400000E-01  0.9402613E+00 -0.2428730E+00
 0.6600000E-01  0.9372401E+00 -0.2491660E+00
 0.6800000E-01  0.9341843E+00 -0.2553920E+00
 0.7000000E-01  0.9310953E+00 -0.2615525E+00
 0.7200000E-01  0.9279743E+00 -0.2676484E+00
 0.7400000E-01  0.9248225E+00 -0.2736808E+00
 0.7600000E-01  0.9216412E+00 -0.2796506E+00
 0.7800000E-01  0.9184312E+00 -0.2855587E+00
 0.8000000E-01  0.9151937E+00 -0.2914058E+00
 0.8200000E-01  0.9119296E+00 -0.2971925E+00
 0.8400000E-01  0.9086399E+00 -0.3029195E+00
 0.8600000E-01  0.9053256E+00 -0.3085872E+00
 0.8800000E-01  0.9019877E+00 -0.3141961E+00
 0.9000000E-01  0.8986273E+00 -0.3197466E+00
 0.9200000E-01  0.8952455E+00 -0.3252392E+00
 0.9400000E-01  0.8918434E+00 -0.3306742E+00
 0.9600000E-01  0.8884223E+00 -0.3360521E+00
 0.9800000E-01  0.8849835E+00 -0.3413733E+00
 0.1000000E+00  0.8815281E+00 -0.3466384E+00
 0.1020000E+00  0.8780577E+00 -0.3518479E+00
 0.1040000E+00  0.8745734E+00 -0.3570025E+00
 0.1060000E+00  0.8710767E+00 -0.3621029E+00
 0.1080000E+00  0.8675690E+00 -0.3671500E+00
 0.1100000E+00  0.8640515E+00 -0.3721447E+00
 0.1120000E+00  0.8605256E+00 -0.3770881E+00
 0.1140000E+00  0.8569925E+00 -0.3819813E+00
 0.1160000E+00  0.8534534E+00 -0.3868255E+00
 0.1180000E+00  0.8499093E+00 -0.3916223E+00
 0.1200000E+00  0.8463613E+00 -0.3963729E+00
 0.1220000E+00  0.8428100E+00 -0.4010788E+00
 0.1240000E+00  0.8392563E+00 -0.4057418E+00
 0.1260000E+00  0.8357007E+00 -0.4103633E+00
 0.1280000E+00  0.8321436E+00 -0.4149450E+00
 0.1300000E+00  0.8285852E+00 -0.4194886E+00
 0.1320000E+00  0.8250255E+00 -0.4239956E+00
 0.1340000E+00  0.8214646E+00 -0.4284678E+00
 0.1360000E+00  0.8179022E+00 -0.4329064E+00
 0.1380000E+00  0.8143377E+00 -0.4373131E+00
 0.1400000E+00  0.8107708E+00 -0.4416892E+00
 0.1420000E+00  0.8072007E+00 -0.4460359E+00
 0.1440000E+00  0.8036266E+00 -0.4503543E+00
 0.1460000E+00  0.8000477E+00 -0.4546452E+00
 0.1480000E+00  0.7964630E+00 -0.4589096E+00
 0.1500000E+00  0.7928713E+00 -0.4631480E+00
 0.1520000E+00  0.7892718E+00 -0.4673608E+00
 0.1540000E+00  0.7856634E+00 -0.4715482E+00
 0.1560000E+00  0.7820449E+00 -0.4757103E+00
 0.1580000E+00  0.7784154E+00 -0.4798469E+00
 0.1600000E+00  0.7747740E+00 -0.4839578E+00
 0.1620000E+00  0.7711197E+00 -0.4880425E+00
 0.1640000E+00  0.7674519E+00 -0.4921004E+00
 0.1660000E+00  0.7637700E+00 -0.4961306E+00
 0.1680000E+00  0.7600736E+00 -0.5001323E+00
 0.1700000E+00  0.7563622E+00 -0.5041046E+00
 0.1720000E+00  0.7526359E+00 -0.5080465E+00
 0.1740000E+00  0.7488947E+00 -0.5119567E+00
 0.1760000E+00  0.7451388E+00 -0.5158342E+00
 0.1780000E+00  0.7413688E+00 -0.5196780E+00
 0.1800000E+00  0.7375853E+00 -0.5234870E+00
 0.1820000E+00  0.7337892E+00 -0.5272601E+00
 0.1840000E+00  0.7299814E+00 -0.5309964E+00
 0.1860000E+00  0.7261633E+00 -0.5346952E+00
 0.1880000E+00  0.7223361E+00 -0.5383558E+00
 0.1900000E+00  0.7185013E+00 -0.5419777E+00
 0.1920000E+00  0.7146605E+00 -0.5455605E+00
 0.1940000E+00  0.7108155E+00 -0.5491042E+00
 0.1960000E+00  0.7069680E+00 -0.5526088E+00
 0.1980000E+00  0.7031196E+00 -0.5560745E+00
 0.2000000E+00  0.6992723E+00 -0.5595020E+00
 0.2020000E+00  0.6954279E+00 -0.5628918E+00
 0.2040000E+00  0.6915879E+00 -0.5662451E+00
 0.2060000E+00  0.6877541E+00 -0.5695628E+00
 0.2080000E+00  0.6839279E+00 -0.5728464E+00
 0.2100000E+00  0.6801108E+00 -0.5760974E+00
 0.2120000E+00  0.6763041E+00 -0.5793175E+00
 0.2140000E+00  0.6725086E+00 -0.5825086E+00
 0.2160000E+00  0.6687254E+00 -0.5856727E+00
 0.2180000E+00  0.6649551E+00 -0.5888118E+00
 0.2200000E+00  0.6611980E+00 -0.5919282E+00
 0.2220000E+00  0.6574544E+00 -0.5950240E+00
 0.2240000E+00  0.6537241E+00 -0.5981015E+00
 0.2260000E+00  0.6500070E+00 -0.6011629E+00
 0.2280000E+00  0.6463023E+00 -0.6042105E+00
 0.2300000E+00  0.6426094E+00 -0.6072462E+00
 0.2320000E+00  0.6389271E+00 -0.6102722E+00
 0.2340000E+00  0.6352544E+00 -0.6132903E+00
 0.2360000E+00  0.6315897E+00 -0.6163023E+00
 0.2380000E+00  0.6279315E+00 -0.6193097E+00
 0.2400000E+00  0.6242780E+00 -0.6223139E+00
 0.2420000E+00  0.6206272E+00 -0.6253161E+00
 0.2440000E+00  0.6169772E+00 -0.6283173E+00
 0.2460000E+00  0.6133260E+00 -0.6313181E+00
 0.2480000E+00  0.6096712E+00 -0.6343190E+00
 0.2500000E+00  0.6060109E+00 -0.6373203E+00
 0.2520000E+00  0.6023428E+00 -0.6403219E+00
 0.2540000E+00  0.5986649E+00 -0.6433235E+00
 0.2560000E+00  0.5949749E+00 -0.6463246E+00
 0.2580000E+00  0.5912711E+00 -0.6493245E+00
 0.2600000E+00  0.5875514E+00 -0.6523223E+00
 0.2620000E+00  0.5838143E+00 -0.6553168E+00
 0.2640000E+00  0.5800580E+00 -0.6583066E+00
 0.2660000E+00  0.5762813E+00 -0.6612903E+00
 0.2680000E+00  0.5724829E+00 -0.6642662E+00
 0.2700000E+00  0.5686618E+00 -0.6672326E+00
 0.2720000E+00  0.5648173E+00 -0.6701877E+00
 0.2740000E+00  0.5609488E+00 -0.6731295E+00
 0.2760000E+00  0.5570559E+00 -0.6760560E+00
 0.2780000E+00  0.5531386E+00 -0.6789654E+00
 0.2800000E+00  0.5491971E+00 -0.6818556E+00
 0.2820000E+00  0.5452316E+00 -0.6847248E+00
 0.2840000E+00  0.5412428E+00 -0.6875711E+00
 0.2860000E+00  0.5372314E+00 -0.6903928E+00
 0.2880000E+00  0.5331985E+00 -0.6931881E+00
 0.2900000E+00  0.5291451E+00 -0.6959556E+00
 0.2920000E+00  0.5250726E+00 -0.6986938E+00
 0.2940000E+00  0.5209826E+00 -0.7014017E+00
 0.2960000E+00  0.5168765E+00 -0.7040780E+00
 0.2980000E+00  0.5127561E+00 -0.7067220E+00
 0.3000000E+00  0.5086232E+00 -0.7093331E+00
 0.3020000E+00  0.5044796E+00 -0.7119108E+00
 0.3040000E+00  0.5003273E+00 -0.7144548E+00
 0.3060000E+00  0.4961680E+00 -0.7169652E+00
 0.3080000E+00  0.4920037E+00 -0.7194422E+00
 0.3100000E+00  0.4878363E+00 -0.7218861E+00
 0.3120000E+00  0.4836675E+00 -0.7242975E+00
 0.3140000E+00  0.4794990E+00 -0.7266774E+00
 0.3160000E+00  0.4753324E+00 -0.7290265E+00
 0.3180000E+00  0.4711693E+00 -0.7313462E+00
 0.3200000E+00  0.4670110E+00 -0.7336376E+00
 0.3220000E+00  0.4628586E+00 -0.7359022E+00
 0.3240000E+00  0.4587133E+00 -0.7381416E+00
 0.3260000E+00  0.4545760E+00 -0.7403574E+00
 0.3280000E+00  0.4504472E+00 -0.7425513E+00
 0.3300000E+00  0.4463275E+00 -0.7447251E+00
 0.3320000E+00  0.4422173E+00 -0.7468808E+00
 0.3340000E+00  0.4381165E+00 -0.7490199E+00
 0.3360000E+00  0.4340252E+00 -0.7511446E+00
 0.3380000E+00  0.4299431E+00 -0.7532564E+00
 0.3400000E+00  0.4258698E+00 -0.7553572E+00
 0.3420000E+00  0.4218046E+00 -0.7574488E+00
 0.3440000E+00  0.4177467E+00 -0.7595326E+00
 0.3460000E+00  0.4136952E+00 -0.7616102E+00
 0.3480000E+00  0.4096491E+00 -0.7636831E+00
 0.3500000E+00  0.4056071E+00 -0.7657524E+00
 0.3520000E+00  0.4015679E+00 -0.7678194E+00
 0.3540000E+00  0.3975301E+00 -0.7698851E+00
 0.3560000E+00  0.3934922E+00 -0.7719503E+00
 0.3580000E+00  0.3894528E+00 -0.7740156E+00
 0.3600000E+00  0.3854101E+00 -0.7760818E+00
 0.3620000E+00  0.3813626E+00 -0.7781490E+00
 0.3640000E+00  0.3773087E+00 -0.7802176E+00
 0.3660000E+00  0.3732468E+00 -0.7822876E+00
 0.3680000E+00  0.3691753E+00 -0.7843590E+00
 0.3700000E+00  0.3650925E+00 -0.7864315E+00
 0.3720000E+00  0.3609972E+00 -0.7885047E+00
 0.3740000E+00  0.3568877E+00 -0.7905782E+00
 0.3760000E+00  0.3527627E+00 -0.7926514E+00
 0.3780000E+00  0.3486210E+00 -0.7947236E+00
 0.3800000E+00  0.3444614E+00 -0.7967939E+00
 0.3820000E+00  0.3402828E+00 -0.7988615E+00
 0.3840000E+00  0.3360842E+00 -0.8009255E+00
 0.3860000E+00  0.3318647E+00 -0.8029848E+00
 0.3880000E+00  0.3276235E+00 -0.8050384E+00
 0.3900000E+00  0.3233600E+00 -0.8070853E+00
 0.3920000E+00  0.3190735E+00 -0.8091242E+00
 0.3940000E+00  0.3147638E+00 -0.8111541E+00
 0.3960000E+00  0.3104303E+00 -0.8131739E+00
 0.3980000E+00  0.3060728E+00 -0.8151825E+00
 0.4000000E+00  0.3016911E+00 -0.8171788E+00
 0.4020000E+00  0.2972852E+00 -0.8191617E+00
 0.4040000E+00  0.2928550E+00 -0.8211303E+00
 0.4060000E+00  0.2884006E+00 -0.8230834E+00
 0.4080000E+00  0.2839220E+00 -0.8250202E+00
 0.4100000E+00  0.2794195E+00 -0.8269398E+00
 0.4120000E+00  0.2748933E+00 -0.8288413E+00
 0.4140000E+00  0.2703437E+00 -0.8307239E+00
 0.4160000E+00  0.2657709E+00 -0.8325868E+00
 0.4180000E+00  0.2611753E+00 -0.8344294E+00
 0.4200000E+00  0.2565572E+00 -0.8362510E+00
 0.4220000E+00  0.2519170E+00 -0.8380509E+00
 0.4240000E+00  0.2472551E+00 -0.8398286E+00
 0.4260000E+00  0.2425719E+00 -0.8415836E+00
 0.4280000E+00  0.2378677E+00 -0.8433153E+00
 0.4300000E+00  0.2331429E+00 -0.8450234E+00
 0.4320000E+00  0.2283980E+00 -0.8467074E+00
 0.4340000E+00  0.2236334E+00 -0.8483669E+00
 0.4360000E+00  0.2188494E+00 -0.8500015E+00
 0.4380000E+00  0.2140464E+00 -0.8516110E+00
 0.4400000E+00  0.2092248E+00 -0.8531950E+00
 0.4420000E+00  0.2043850E+00 -0.8547532E+00
 0.4440000E+00  0.1995274E+00 -0.8562854E+00
 0.4460000E+00  0.1946523E+00 -0.8577912E+00
 0.4480000E+00  0.1897601E+00 -0.8592706E+00
 0.4500000E+00  0.1848511E+00 -0.8607232E+00
 0.4520000E+00  0.1799258E+00 -0.8621488E+00
 0.4540000E+00  0.1749844E+00 -0.8635473E+00
 0.4560000E+00  0.1700274E+00 -0.8649185E+00
 0.4580000E+00  0.1650551E+00 -0.8662622E+00
 0.4600000E+00  0.1600678E+00 -0.8675784E+00
 0.4620000E+00  0.1550659E+00 -0.8688668E+00
 0.4640000E+00  0.1500498E+00 -0.8701275E+00
 0.4660000E+00  0.1450197E+00 -0.8713602E+00
 0.4680000E+00  0.1399760E+00 -0.8725650E+00
 0.4700000E+00  0.1349191E+00 -0.8737418E+00
 0.4720000E+00  0.1298492E+00 -0.8748906E+00
 0.4740000E+00  0.1247666E+00 -0.8760114E+00
 0.4760000E+00  0.1196718E+00 -0.8771042E+00
 0.4780000E+00  0.1145649E+00 -0.8781691E+00
 0.4800000E+00  0.1094462E+00 -0.8792061E+00
 0.4820000E+00  0.1043160E+00 -0.8802154E+00
 0.4840000E+00  0.9917447E-01 -0.8811969E+00
 0.4860000E+00  0.9402186E-01 -0.8821509E+00
 0.4880000E+00  0.8885836E-01 -0.8830775E+00
 0.4900000E+00  0.8368411E-01 -0.8839768E+00
 0.4920000E+00  0.7849924E-01 -0.8848490E+00
 0.4940000E+00  0.7330386E-01 -0.8856944E+00
 0.4960000E+00  0.6809802E-01 -0.8865131E+00
 0.4980000E+00  0.6288175E-01 -0.8873053E+00
 0.5000000E+00  0.5765503E-01 -0.8880712E+00
 0.5020000E+00  0.5241780E-01 -0.8888111E+00
 0.5040000E+00  0.4716996E-01 -0.8895251E+00
 0.5060000E+00  0.4191136E-01 -0.8902135E+00
 0.5080000E+00  0.3664180E-01 -0.8908764E+00
 0.5100000E+00  0.3136104E-01 -0.8915141E+00
 0.5120000E+00  0.2606878E-01 -0.8921266E+00
 0.5140000E+00  0.2076467E-01 -0.8927141E+00
 0.5160000E+00  0.1544832E-01 -0.8932766E+00
 0.5180000E+00  0.1011930E-01 -0.8938142E+00
 0.5200000E+00  0.4777124E-02 -0.8943268E+00
 0.5220000E+00 -0.5787279E-03 -0.8948144E+00
 0.5240000E+00 -0.5948812E-02 -0.8952769E+00
 0.5260000E+00 -0.1133371E-01 -0.8957140E+00
 0.5280000E+00 -0.1673404E-01 -0.8961254E+00
 0.5300000E+00 -0.2215042E-01 -0.8965108E+00
 0.5320000E+00 -0.2758348E-01 -0.8968698E+00
 0.5340000E+00 -0.3303387E-01 -0.8972018E+00
 0.5360000E+00 -0.3850220E-01 -0.8975061E+00
 0.5380000E+00 -0.4398908E-01 -0.8977821E+00
 0.5400000E+00 -0.4949509E-01 -0.8980289E+00
 0.5420000E+00 -0.5502076E-01 -0.8982456E+00
 0.5440000E+00 -0.6056658E-01 -0.8984313E+00
 0.5460000E+00 -0.6613298E-01 -0.8985849E+00
 0.5480000E+00 -0.7172029E-01 -0.8987051E+00
 0.5500000E+00 -0.7732880E-01 -0.8987908E+00
 0.5520000E+00 -0.8295867E-01 -0.8988406E+00
 0.5540000E+00 -0.8860997E-01 -0.8988532E+00
 0.5560000E+00 -0.9428266E-01 -0.8988270E+00
 0.5580000E+00 -0.9997657E-01 -0.8987607E+00
 0.5600000E+00 -0.1056914E+00 -0.8986526E+00
 0.5620000E+00 -0.1114268E+00 -0.8985013E+00
 0.5640000E+00 -0.1171821E+00 -0.8983053E+00
 0.5660000E+00 -0.1229566E+00 -0.8980629E+00
 0.5680000E+00 -0.1287496E+00 -0.8977726E+00
 0.5700000E+00 -0.1345599E+00 -0.8974331E+00
 0.5720000E+00 -0.1403865E+00 -0.8970428E+00
 0.5740000E+00 -0.1462281E+00 -0.8966004E+00
 0.5760000E+00 -0.1520833E+00 -0.8961047E+00
 0.5780000E+00 -0.1579505E+00 -0.8955543E+00
 0.5800000E+00 -0.1638281E+00 -0.8949484E+00
 0.5820000E+00 -0.1697143E+00 -0.8942858E+00
 0.5840000E+00 -0.1756072E+00 -0.8935660E+00
 0.5860000E+00 -0.1815050E+00 -0.8927880E+00
 0.5880000E+00 -0.1874056E+00 -0.8919516E+00
 0.5900000E+00 -0.1933069E+00 -0.8910563E+00
 0.5920000E+00 -0.1992068E+00 -0.8901020E+00
 0.5940000E+00 -0.2051032E+00 -0.8890888E+00
 0.5960000E+00 -0.2109939E+00 -0.8880168E+00
 0.5980000E+00 -0.2168769E+00 -0.8868865E+00
 0.6000000E+00 -0.2227500E+00 -0.8856985E+00
 0.6020000E+00 -0.2302053E+00 -0.8862370E+00
 0.6040000E+00 -0.2360899E+00 -0.8850664E+00
 0.6060000E+00 -0.2419745E+00 -0.8838360E+00
 0.6080000E+00 -0.2478528E+00 -0.8825469E+00
 0.6100000E+00 -0.2537229E+00 -0.8811999E+00
 0.6120000E+00 -0.2595825E+00 -0.8797957E+00
 0.6140000E+00 -0.2654300E+00 -0.8783355E+00
 0.6160000E+00 -0.2712634E+00 -0.8768203E+00
 0.6180000E+00 -0.2770812E+00 -0.8752515E+00
 0.6200000E+00 -0.2828821E+00 -0.8736306E+00
 0.6220000E+00 -0.2886647E+00 -0.8719591E+00
 0.6240000E+00 -0.2944282E+00 -0.8702387E+00
 0.6260000E+00 -0.3001716E+00 -0.8684709E+00
 0.6280000E+00 -0.3058943E+00 -0.8666576E+00
 0.6300000E+00 -0.3115960E+00 -0.8648003E+00
 0.6320000E+00 -0.3172765E+00 -0.8629008E+00
 0.6340000E+00 -0.3229358E+00 -0.8609607E+00
 0.6360000E+00 -0.3285741E+00 -0.8589814E+00
 0.6380000E+00 -0.3341916E+00 -0.8569646E+00
 0.6400000E+00 -0.3397890E+00 -0.8549114E+00
 0.6420000E+00 -0.3453669E+00 -0.8528232E+00
 0.6440000E+00 -0.3509261E+00 -0.8507010E+00
 0.6460000E+00 -0.3564675E+00 -0.8485457E+00
 0.6480000E+00 -0.3619920E+00 -0.8463580E+00
 0.6500000E+00 -0.3675008E+00 -0.8441386E+00
 0.6520000E+00 -0.3729950E+00 -0.8418878E+00
 0.6540000E+00 -0.3784755E+00 -0.8396057E+00
 0.6560000E+00 -0.3839436E+00 -0.8372925E+00
 0.6580000E+00 -0.3894003E+00 -0.8349480E+00
 0.6600000E+00 -0.3948466E+00 -0.8325719E+00
 0.6620000E+00 -0.4002836E+00 -0.8301637E+00
 0.6640000E+00 -0.4057121E+00 -0.8277226E+00
 0.6660000E+00 -0.4111329E+00 -0.8252481E+00
 0.6680000E+00 -0.4165467E+00 -0.8227390E+00
 0.6700000E+00 -0.4219541E+00 -0.8201945E+00
 0.6720000E+00 -0.4273554E+00 -0.8176133E+00
 0.6740000E+00 -0.4327508E+00 -0.8149943E+00
 0.6760000E+00 -0.4381406E+00 -0.8123362E+00
 0.6780000E+00 -0.4435246E+00 -0.8096377E+00
 0.6800000E+00 -0.4489027E+00 -0.8068975E+00
 0.6820000E+00 -0.4542744E+00 -0.8041142E+00
 0.6840000E+00 -0.4596391E+00 -0.8012865E+00
 0.6860000E+00 -0.4649963E+00 -0.7984131E+00
 0.6880000E+00 -0.4703449E+00 -0.7954928E+00
 0.6900000E+00 -0.4756841E+00 -0.7925243E+00
 0.6920000E+00 -0.4810126E+00 -0.7895066E+00
 0.6940000E+00 -0.4863292E+00 -0.7864386E+00
 0.6960000E+00 -0.4916326E+00 -0.7833195E+00
 0.6980000E+00 -0.4969211E+00 -0.7801485E+00
 0.7000000E+00 -0.5021933E+00 -0.7769248E+00
 0.7020000E+00 -0.5074474E+00 -0.7736481E+00
 0.7040000E+00 -0.5126818E+00 -0.7703178E+00
 0.7060000E+00 -0.5178946E+00 -0.7669338E+00
 0.7080000E+00 -0.5230842E+00 -0.7634960E+00
 0.7100000E+00 -0.5282486E+00 -0.7600045E+00
 0.7120000E+00 -0.5333860E+00 -0.7564594E+00
 0.7140000E+00 -0.5384947E+00 -0.7528612E+00
 0.7160000E+00 -0.5435729E+00 -0.7492104E+00
 0.7180000E+00 -0.5486189E+00 -0.7455077E+00
 0.7200000E+00 -0.5536311E+00 -0.7417537E+00
 0.7220000E+00 -0.5586078E+00 -0.7379495E+00
 0.7240000E+00 -0.5635476E+00 -0.7340962E+00
 0.7260000E+00 -0.5684491E+00 -0.7301947E+00
 0.7280000E+00 -0.5733110E+00 -0.7262464E+00
 0.7300000E+00 -0.5781321E+00 -0.7222525E+00
 0.7320000E+00 -0.5829113E+00 -0.7182145E+00
 0.7340000E+00 -0.5876478E+00 -0.7141337E+00
 0.7360000E+00 -0.5923407E+00 -0.7100116E+00
 0.7380000E+00 -0.5969894E+00 -0.7058496E+00
 0.7400000E+00 -0.6015933E+00 -0.7016493E+00
 0.7420000E+00 -0.6061519E+00 -0.6974121E+00
 0.7440000E+00 -0.6106649E+00 -0.6931394E+00
 0.7460000E+00 -0.6151322E+00 -0.6888327E+00
 0.7480000E+00 -0.6195536E+00 -0.6844933E+00
 0.7500000E+00 -0.6239290E+00 -0.6801226E+00
 0.7520000E+00 -0.6282587E+00 -0.6757218E+00
 0.7540000E+00 -0.6325426E+00 -0.6712921E+00
 0.7560000E+00 -0.6367811E+00 -0.6668346E+00
 0.7580000E+00 -0.6409743E+00 -0.6623503E+00
 0.7600000E+00 -0.6451226E+00 -0.6578401E+00
 0.7620000E+00 -0.6492263E+00 -0.6533050E+00
 0.7640000E+00 -0.6532857E+00 -0.6487457E+00
 0.7660000E+00 -0.6573011E+00 -0.6441629E+00
 0.7680000E+00 -0.6612729E+00 -0.6395573E+00
 0.7700000E+00 -0.6652014E+00 -0.6349293E+00
 0.7720000E+00 -0.6690868E+00 -0.6302796E+00
 0.7740000E+00 -0.6729294E+00 -0.6256085E+00
 0.7760000E+00 -0.6767294E+00 -0.6209164E+00
 0.7780000E+00 -0.6804869E+00 -0.6162037E+00
 0.7800000E+00 -0.6842019E+00 -0.6114708E+00
 0.7820000E+00 -0.6878746E+00 -0.6067179E+00
 0.7840000E+00 -0.6915049E+00 -0.6019455E+00
 0.7860000E+00 -0.6950927E+00 -0.5971538E+00
 0.7880000E+00 -0.6986379E+00 -0.5923432E+00
 0.7900000E+00 -0.7021403E+00 -0.5875141E+00
 0.7920000E+00 -0.7055998E+00 -0.5826670E+00
 0.7940000E+00 -0.7090160E+00 -0.5778024E+00
 0.7960000E+00 -0.7123887E+00 -0.5729207E+00
 0.7980000E+00 -0.7157176E+00 -0.5680226E+00
 0.8000000E+00 -0.7190024E+00 -0.5631089E+00
 0.8020000E+00 -0.7222430E+00 -0.5581801E+00
 0.8040000E+00 -0.7254389E+00 -0.5532373E+00
 0.8060000E+00 -0.7285901E+00 -0.5482812E+00
 0.8080000E+00 -0.7316964E+00 -0.5433129E+00
 0.8100000E+00 -0.7347576E+00 -0.5383333E+00
 0.8120000E+00 -0.7377738E+00 -0.5333436E+00
 0.8140000E+00 -0.7407451E+00 -0.5283449E+00
 0.8160000E+00 -0.7436715E+00 -0.5233384E+00
 0.8180000E+00 -0.7465535E+00 -0.5183253E+00
 0.8200000E+00 -0.7493913E+00 -0.5133068E+00
 0.8220000E+00 -0.7521854E+00 -0.5082842E+00
 0.8240000E+00 -0.7549366E+00 -0.5032587E+00
 0.8260000E+00 -0.7576455E+00 -0.4982314E+00
 0.8280000E+00 -0.7603131E+00 -0.4932034E+00
 0.8300000E+00 -0.7629403E+00 -0.4881760E+00
 0.8320000E+00 -0.7655282E+00 -0.4831500E+00
 0.8340000E+00 -0.7680782E+00 -0.4781263E+00
 0.8360000E+00 -0.7705914E+00 -0.4731058E+00
 0.8380000E+00 -0.7730695E+00 -0.4680891E+00
 0.8400000E+00 -0.7755138E+00 -0.4630767E+00
 0.8420000E+00 -0.7779259E+00 -0.4580690E+00
 0.8440000E+00 -0.7803076E+00 -0.4530663E+00
 0.8460000E+00 -0.7826604E+00 -0.4480684E+00
 0.8480000E+00 -0.7849861E+00 -0.4430754E+00
 0.8500000E+00 -0.7872863E+00 -0.4380868E+00
 0.8520000E+00 -0.7895626E+00 -0.4331021E+00
 0.8540000E+00 -0.7918167E+00 -0.4281207E+00
 0.8560000E+00 -0.7940500E+00 -0.4231416E+00
 0.8580000E+00 -0.7962641E+00 -0.4181638E+00
 0.8600000E+00 -0.7984602E+00 -0.4131860E+00
 0.8620000E+00 -0.8006395E+00 -0.4082069E+00
 0.8640000E+00 -0.8028030E+00 -0.4032248E+00
 0.8660000E+00 -0.8049517E+00 -0.3982382E+00
 0.8680000E+00 -0.8070861E+00 -0.3932451E+00
 0.8700000E+00 -0.8092068E+00 -0.3882438E+00
 0.8720000E+00 -0.8113140E+00 -0.3832322E+00
 0.8740000E+00 -0.8134078E+00 -0.3782084E+00
 0.8760000E+00 -0.8154879E+00 -0.3731702E+00
 0.8780000E+00 -0.8175538E+00 -0.3681157E+00
 0.8800000E+00 -0.8196050E+00 -0.3630427E+00
 0.8820000E+00 -0.8216404E+00 -0.3579494E+00
 0.8840000E+00 -0.8236589E+00 -0.3528338E+00
 0.8860000E+00 -0.8256592E+00 -0.3476941E+00
 0.8880000E+00 -0.8276396E+00 -0.3425287E+00
 0.8900000E+00 -0.8295982E+00 -0.3373360E+00
 0.8920000E+00 -0.8315332E+00 -0.3321146E+00
 0.8940000E+00 -0.8334422E+00 -0.3268634E+00
 0.8960000E+00 -0.8353229E+00 -0.3215815E+00
 0.8980000E+00 -0.8371728E+00 -0.3162681E+00
 0.9000000E+00 -0.8389893E+00 -0.3109227E+00
 0.9020000E+00 -0.8407698E+00 -0.3055453E+00
 0.9040000E+00 -0.8425115E+00 -0.3001358E+00
 0.9060000E+00 -0.8442115E+00 -0.2946946E+00
 0.9080000E+00 -0.8458672E+00 -0.2892223E+00
 0.9100000E+00 -0.8474757E+00 -0.2837199E+00
 0.9120000E+00 -0.8490344E+00 -0.2781885E+00
 0.9140000E+00 -0.8505406E+00 -0.2726297E+00
 0.9160000E+00 -0.8519919E+00 -0.2670450E+00
 0.9180000E+00 -0.8533857E+00 -0.2614367E+00
 0.9200000E+00 -0.8547201E+00 -0.2558069E+00
 0.9220000E+00 -0.8559929E+00 -0.2501580E+00
 0.9240000E+00 -0.8572024E+00 -0.2444928E+00
 0.9260000E+00 -0.8583470E+00 -0.2388142E+00
 0.9280000E+00 -0.8594254E+00 -0.2331251E+00
 0.9300000E+00 -0.8604366E+00 -0.2274287E+00
 0.9320000E+00 -0.8613798E+00 -0.2217283E+00
 0.9340000E+00 -0.8622547E+00 -0.2160273E+00
 0.9360000E+00 -0.8630610E+00 -0.2103290E+00
 0.9380000E+00 -0.8637990E+00 -0.2046368E+00
 0.9400000E+00 -0.8644691E+00 -0.1989543E+00
 0.9420000E+00 -0.8650721E+00 -0.1932846E+00
 0.9440000E+00 -0.8656090E+00 -0.1876311E+00
 0.9460000E+00 -0.8660813E+00 -0.1819970E+00
 0.9480000E+00 -0.8664906E+00 -0.1763853E+00
 0.9500000E+00 -0.8668388E+00 -0.1707990E+00
 0.9520000E+00 -0.8671281E+00 -0.1652406E+00
 0.9540000E+00 -0.8673607E+00 -0.1597127E+00
 0.9560000E+00 -0.8675395E+00 -0.1542176E+00
 0.9580000E+00 -0.8676670E+00 -0.1487572E+00
 0.9600000E+00 -0.8677462E+00 -0.1433334E+00
 0.9620000E+00 -0.8677802E+00 -0.1379476E+00
 0.9640000E+00 -0.8677721E+00 -0.1326009E+00
 0.9660000E+00 -0.8677252E+00 -0.1272944E+00
 0.9680000E+00 -0.8676426E+00 -0.1220286E+00
 0.9700000E+00 -0.8675277E+00 -0.1168040E+00
 0.9720000E+00 -0.8673838E+00 -0.1116205E+00
 0.9740000E+00 -0.8672140E+00 -0.1064779E+00
 0.9760000E+00 -0.8670217E+00 -0.1013759E+00
 0.9780000E+00 -0.8668099E+00 -0.9631364E-01
 0.9800000E+00 -0.8665815E+00 -0.9129019E-01
 0.9820000E+00 -0.8663395E+00 -0.8630434E-01
 0.9840000E+00 -0.8660864E+00 -0.8135461E-01
 0.9860000E+00 -0.8658247E+00 -0.7643929E-01
 0.9880000E+00 -0.8655564E+00 -0.7155646E-01
 0.9900000E+00 -0.8652834E+00 -0.6670403E-01
 0.9920000E+00 -0.8650072E+00 -0.6187976E-01
 0.9940000E+00 -0.8647293E+00 -0.5708135E-01
 0.9960000E+00 -0.8644506E+00 -0.5230646E-01
 0.9980000E+00 -0.8641723E+00 -0.4755274E-01
 0.1000000E+01 -0.8638949E+00 -0.4281784E-01
 0.1002000E+01 -0.8636191E+00 -0.3809946E-01
 0.1004000E+01 -0.8633452E+00 -0.3339530E-01
 0.1006000E+01 -0.8630735E+00 -0.2870312E-01
 0.1008000E+01 -0.8628041E+00 -0.2402073E-01
 0.1010000E+01 -0.8625369E+00 -0.1934599E-01
 0.1012000E+01 -0.8622717E+00 -0.1467683E-01
 0.1014000E+01 -0.8620084E+00 -0.1001124E-01
 0.1016000E+01 -0.8617464E+00 -0.5347274E-02
 0.1018000E+01 -0.8614853E+00 -0.6830759E-03
 0.1020000E+01 -0.8612242E+00  0.3983120E-02
 0.1022000E+01 -0.8609624E+00  0.8652953E-02
 0.1024000E+01 -0.8606984E+00  0.1332790E-01
 0.1026000E+01 -0.8604308E+00  0.1800924E-01
 0.1028000E+01 -0.8601576E+00  0.2269801E-01
 0.1030000E+01 -0.8598769E+00  0.2739501E-01
 0.1032000E+01 -0.8595867E+00  0.3210078E-01
 0.1034000E+01 -0.8592850E+00  0.3681569E-01
 0.1036000E+01 -0.8589702E+00  0.4153991E-01
 0.1038000E+01 -0.8586406E+00  0.4627346E-01
 0.1040000E+01 -0.8582947E+00  0.5101619E-01
 0.1042000E+01 -0.8579314E+00  0.5576782E-01
 0.1044000E+01 -0.8575494E+00  0.6052785E-01
 0.1046000E+01 -0.8571480E+00  0.6529561E-01
 0.1048000E+01 -0.8567265E+00  0.7007030E-01
 0.1050000E+01 -0.8562849E+00  0.7485131E-01
 0.1052000E+01 -0.8558234E+00  0.7963866E-01
 0.1054000E+01 -0.8553423E+00  0.8443356E-01
 0.1056000E+01 -0.8548414E+00  0.8923826E-01
 0.1058000E+01 -0.8543198E+00  0.9405505E-01
 0.1060000E+01 -0.8537757E+00  0.9888505E-01
 0.1062000E+01 -0.8532074E+00  0.1037281E+00
 0.1064000E+01 -0.8526132E+00  0.1085830E+00
 0.1066000E+01 -0.8519917E+00  0.1134485E+00
 0.1068000E+01 -0.8513419E+00  0.1183231E+00
 0.1070000E+01 -0.8506627E+00  0.1232052E+00
 0.1072000E+01 -0.8499531E+00  0.1280936E+00
 0.1074000E+01 -0.8492124E+00  0.1329870E+00
 0.1076000E+01 -0.8484396E+00  0.1378842E+00
 0.1078000E+01 -0.8476343E+00  0.1427844E+00
 0.1080000E+01 -0.8467956E+00  0.1476868E+00
 0.1082000E+01 -0.8459228E+00  0.1525908E+00
 0.1084000E+01 -0.8450149E+00  0.1574964E+00
 0.1086000E+01 -0.8440706E+00  0.1624039E+00
 0.1088000E+01 -0.8430875E+00  0.1673142E+00
 0.1090000E+01 -0.8420614E+00  0.1722297E+00
 0.1092000E+01 -0.8409850E+00  0.1771552E+00
 0.1094000E+01 -0.8398433E+00  0.1821003E+00
 0.1096000E+01 -0.8386057E+00  0.1870871E+00
 0.1098000E+01 -0.8372165E+00  0.1921621E+00
 0.1100000E+01 -0.8357644E+00  0.1973072E+00
 0.1102000E+01 -0.8349421E+00  0.2019984E+00
 0.1104000E+01 -0.8340437E+00  0.2066603E+00
 0.1106000E+01 -0.8329602E+00  0.2114538E+00
 0.1108000E+01 -0.8318107E+00  0.2162868E+00
 0.1110000E+01 -0.8306199E+00  0.2211367E+00
 0.1112000E+01 -0.8293953E+00  0.2259957E+00
 0.1114000E+01 -0.8281396E+00  0.2308605E+00
 0.1116000E+01 -0.8268539E+00  0.2357293E+00
 0.1118000E+01 -0.8255385E+00  0.2406013E+00
 0.1120000E+01 -0.8241934E+00  0.2454758E+00
 0.1122000E+01 -0.8228185E+00  0.2503524E+00
 0.1124000E+01 -0.8214134E+00  0.2552310E+00
 0.1126000E+01 -0.8199778E+00  0.2601111E+00
 0.1128000E+01 -0.8185111E+00  0.2649926E+00
 0.1130000E+01 -0.8170130E+00  0.2698753E+00
 0.1132000E+01 -0.8154829E+00  0.2747590E+00
 0.1134000E+01 -0.8139204E+00  0.2796433E+00
 0.1136000E+01 -0.8123249E+00  0.2845281E+00
 0.1138000E+01 -0.8106958E+00  0.2894131E+00
 0.1140000E+01 -0.8090326E+00  0.2942979E+00
 0.1142000E+01 -0.8073346E+00  0.2991823E+00
 0.1144000E+01 -0.8056014E+00  0.3040659E+00
 0.1146000E+01 -0.8038321E+00  0.3089482E+00
 0.1148000E+01 -0.8020262E+00  0.3138290E+00
 0.1150000E+01 -0.8001830E+00  0.3187077E+00
 0.1152000E+01 -0.7983018E+00  0.3235836E+00
 0.1154000E+01 -0.7963818E+00  0.3284561E+00
 0.1156000E+01 -0.7944223E+00  0.3333246E+00
 0.1158000E+01 -0.7924228E+00  0.3381882E+00
 0.1160000E+01 -0.7903824E+00  0.3430459E+00
 0.1162000E+01 -0.7883007E+00  0.3478969E+00
 0.1164000E+01 -0.7861770E+00  0.3527401E+00
 0.1166000E+01 -0.7840108E+00  0.3575745E+00
 0.1168000E+01 -0.7818016E+00  0.3623990E+00
 0.1170000E+01 -0.7795489E+00  0.3672124E+00
 0.1172000E+01 -0.7772524E+00  0.3720135E+00
 0.1174000E+01 -0.7749116E+00  0.3768010E+00
 0.1176000E+01 -0.7725262E+00  0.3815736E+00
 0.1178000E+01 -0.7700961E+00  0.3863299E+00
 0.1180000E+01 -0.7676209E+00  0.3910682E+00
 0.1182000E+01 -0.7651007E+00  0.3957871E+00
 0.1184000E+01 -0.7625356E+00  0.4004849E+00
 0.1186000E+01 -0.7599258E+00  0.4051598E+00
 0.1188000E+01 -0.7572715E+00  0.4098102E+00
 0.1190000E+01 -0.7545733E+00  0.4144345E+00
 0.1192000E+01 -0.7518318E+00  0.4190309E+00
 0.1194000E+01 -0.7490475E+00  0.4235979E+00
 0.1196000E+01 -0.7462213E+00  0.4281339E+00
 0.1198000E+01 -0.7433541E+00  0.4326372E+00
 0.1200000E+01 -0.7404468E+00  0.4371063E+00
 0.1202000E+01 -0.7365422E+00  0.4437113E+00
 0.1204000E+01 -0.7335991E+00  0.4481051E+00
 0.1206000E+01 -0.7306202E+00  0.4524661E+00
 0.1208000E+01 -0.7276078E+00  0.4567918E+00
 0.1210000E+01 -0.7245636E+00  0.4610803E+00
 0.1212000E+01 -0.7214897E+00  0.4653302E+00
 0.1214000E+01 -0.7183883E+00  0.4695402E+00
 0.1216000E+01 -0.7152615E+00  0.4737095E+00
 0.1218000E+01 -0.7121115E+00  0.4778377E+00
 0.1220000E+01 -0.7089405E+00  0.4819248E+00
 0.1222000E+01 -0.7057510E+00  0.4859711E+00
 0.1224000E+01 -0.7025453E+00  0.4899768E+00
 0.1226000E+01 -0.6993252E+00  0.4939425E+00
 0.1228000E+01 -0.6960929E+00  0.4978684E+00
 0.1230000E+01 -0.6928508E+00  0.5017552E+00
 0.1232000E+01 -0.6896012E+00  0.5056039E+00
 0.1234000E+01 -0.6863466E+00  0.5094161E+00
 0.1236000E+01 -0.6830888E+00  0.5131934E+00
 0.1238000E+01 -0.6798295E+00  0.5169380E+00
 0.1240000E+01 -0.6765701E+00  0.5206521E+00
 0.1242000E+01 -0.6733116E+00  0.5243380E+00
 0.1244000E+01 -0.6700547E+00  0.5279984E+00
 0.1246000E+01 -0.6667997E+00  0.5316357E+00
 0.1248000E+01 -0.6635467E+00  0.5352523E+00
 0.1250000E+01 -0.6602953E+00  0.5388509E+00
 0.1252000E+01 -0.6570450E+00  0.5424338E+00
 0.1254000E+01 -0.6537946E+00  0.5460031E+00
 0.1256000E+01 -0.6505431E+00  0.5495610E+00
 0.1258000E+01 -0.6472888E+00  0.5531093E+00
 0.1260000E+01 -0.6440301E+00  0.5566494E+00
 0.1262000E+01 -0.6407648E+00  0.5601827E+00
 0.1264000E+01 -0.6374911E+00  0.5637099E+00
 0.1266000E+01 -0.6342067E+00  0.5672318E+00
 0.1268000E+01 -0.6309093E+00  0.5707484E+00
 0.1270000E+01 -0.6275969E+00  0.5742596E+00
 0.1272000E+01 -0.6242672E+00  0.5777648E+00
 0.1274000E+01 -0.6209183E+00  0.5812633E+00
 0.1276000E+01 -0.6175483E+00  0.5847536E+00
 0.1278000E+01 -0.6141558E+00  0.5882345E+00
 0.1280000E+01 -0.6107394E+00  0.5917041E+00
 0.1282000E+01 -0.6072982E+00  0.5951605E+00
 0.1284000E+01 -0.6038315E+00  0.5986016E+00
 0.1286000E+01 -0.6003390E+00  0.6020251E+00
 0.1288000E+01 -0.5968210E+00  0.6054290E+00
 0.1290000E+01 -0.5932779E+00  0.6088109E+00
 0.1292000E+01 -0.5897105E+00  0.6121687E+00
 0.1294000E+01 -0.5861203E+00  0.6155006E+00
 0.1296000E+01 -0.5825088E+00  0.6188046E+00
 0.1298000E+01 -0.5788780E+00  0.6220795E+00
 0.1300000E+01 -0.5752300E+00  0.6253239E+00
 0.1302000E+01 -0.5715673E+00  0.6285371E+00
 0.1304000E+01 -0.5678925E+00  0.6317187E+00
 0.1306000E+01 -0.5642082E+00  0.6348687E+00
 0.1308000E+01 -0.5605172E+00  0.6379875E+00
 0.1310000E+01 -0.5568223E+00  0.6410759E+00
 0.1312000E+01 -0.5531259E+00  0.6441354E+00
 0.1314000E+01 -0.5494306E+00  0.6471675E+00
 0.1316000E+01 -0.5457386E+00  0.6501745E+00
 0.1318000E+01 -0.5420517E+00  0.6531587E+00
 0.1320000E+01 -0.5383716E+00  0.6561231E+00
 0.1322000E+01 -0.5346993E+00  0.6590706E+00
 0.1324000E+01 -0.5310357E+00  0.6620045E+00
 0.1326000E+01 -0.5273811E+00  0.6649283E+00
 0.1328000E+01 -0.5237350E+00  0.6678455E+00
 0.1330000E+01 -0.5200968E+00  0.6707595E+00
 0.1332000E+01 -0.5164652E+00  0.6736740E+00
 0.1334000E+01 -0.5128384E+00  0.6765921E+00
 0.1336000E+01 -0.5092141E+00  0.6795170E+00
 0.1338000E+01 -0.5055894E+00  0.6824516E+00
 0.1340000E+01 -0.5019613E+00  0.6853983E+00
 0.1342000E+01 -0.4983262E+00  0.6883592E+00
 0.1344000E+01 -0.4946801E+00  0.6913359E+00
 0.1346000E+01 -0.4910191E+00  0.6943294E+00
 0.1348000E+01 -0.4873387E+00  0.6973404E+00
 0.1350000E+01 -0.4836347E+00  0.7003689E+00
 0.1352000E+01 -0.4799025E+00  0.7034143E+00
 0.1354000E+01 -0.4761378E+00  0.7064754E+00
 0.1356000E+01 -0.4723364E+00  0.7095506E+00
 0.1358000E+01 -0.4684942E+00  0.7126376E+00
 0.1360000E+01 -0.4646077E+00  0.7157333E+00
 0.1362000E+01 -0.4606739E+00  0.7188341E+00
 0.1364000E+01 -0.4566910E+00  0.7219356E+00
 0.1366000E+01 -0.4526579E+00  0.7250328E+00
 0.1368000E+01 -0.4485748E+00  0.7281210E+00
 0.1370000E+01 -0.4444411E+00  0.7311962E+00
 0.1372000E+01 -0.4402555E+00  0.7342554E+00
 0.1374000E+01 -0.4360167E+00  0.7372955E+00
 0.1376000E+01 -0.4317245E+00  0.7403130E+00
 0.1378000E+01 -0.4273800E+00  0.7433037E+00
 0.1380000E+01 -0.4229849E+00  0.7462638E+00
 0.1382000E+01 -0.4185415E+00  0.7491900E+00
 0.1384000E+01 -0.4140519E+00  0.7520795E+00
 0.1386000E+01 -0.4095180E+00  0.7549302E+00
 0.1388000E+01 -0.4049413E+00  0.7577400E+00
 0.1390000E+01 -0.4003235E+00  0.7605068E+00
 0.1392000E+01 -0.3956665E+00  0.7632285E+00
 0.1394000E+01 -0.3909727E+00  0.7659029E+00
 0.1396000E+01 -0.3862450E+00  0.7685280E+00
 0.1398000E+01 -0.3814872E+00  0.7711020E+00
 0.1400000E+01 -0.3767032E+00  0.7736236E+00
 0.1402000E+01 -0.3718978E+00  0.7760920E+00
 0.1404000E+01 -0.3670759E+00  0.7785068E+00
 0.1406000E+01 -0.3622438E+00  0.7808683E+00
 0.1408000E+01 -0.3574101E+00  0.7831760E+00
 0.1410000E+01 -0.3525954E+00  0.7854168E+00
 0.1412000E+01 -0.3476504E+00  0.7876642E+00
 0.1414000E+01 -0.3427613E+00  0.7898425E+00
 0.1416000E+01 -0.3378715E+00  0.7919730E+00
 0.1418000E+01 -0.3329921E+00  0.7940596E+00
 0.1420000E+01 -0.3281421E+00  0.7961055E+00
 0.1422000E+01 -0.3233060E+00  0.7981143E+00
 0.1424000E+01 -0.3184723E+00  0.8000900E+00
 0.1426000E+01 -0.3136456E+00  0.8020369E+00
 0.1428000E+01 -0.3088290E+00  0.8039605E+00
 0.1430000E+01 -0.3040207E+00  0.8058680E+00
 0.1432000E+01 -0.2992164E+00  0.8077653E+00
 0.1434000E+01 -0.2944118E+00  0.8096550E+00
 0.1436000E+01 -0.2896046E+00  0.8115382E+00
 0.1438000E+01 -0.2847925E+00  0.8134164E+00
 0.1440000E+01 -0.2799723E+00  0.8152913E+00
 0.1442000E+01 -0.2751404E+00  0.8171646E+00
 0.1444000E+01 -0.2702924E+00  0.8190372E+00
 0.1446000E+01 -0.2654238E+00  0.8209096E+00
 0.1448000E+01 -0.2605299E+00  0.8227815E+00
 0.1450000E+01 -0.2556058E+00  0.8246520E+00
 0.1452000E+01 -0.2506467E+00  0.8265193E+00
 0.1454000E+01 -0.2456479E+00  0.8283808E+00
 0.1456000E+01 -0.2406051E+00  0.8302332E+00
 0.1458000E+01 -0.2355143E+00  0.8320726E+00
 0.1460000E+01 -0.2303722E+00  0.8338943E+00
 0.1462000E+01 -0.2251758E+00  0.8356931E+00
 0.1464000E+01 -0.2199231E+00  0.8374632E+00
 0.1466000E+01 -0.2146126E+00  0.8391985E+00
 0.1468000E+01 -0.2092438E+00  0.8408925E+00
 0.1470000E+01 -0.2038171E+00  0.8425386E+00
 0.1472000E+01 -0.1983338E+00  0.8441301E+00
 0.1474000E+01 -0.1927962E+00  0.8456604E+00
 0.1476000E+01 -0.1872073E+00  0.8471233E+00
 0.1478000E+01 -0.1815711E+00  0.8485125E+00
 0.1480000E+01 -0.1758927E+00  0.8498228E+00
 0.1482000E+01 -0.1701776E+00  0.8510489E+00
 0.1484000E+01 -0.1644323E+00  0.8521869E+00
 0.1486000E+01 -0.1586638E+00  0.8532333E+00
 0.1488000E+01 -0.1528795E+00  0.8541855E+00
 0.1490000E+01 -0.1470872E+00  0.8550421E+00
 0.1492000E+01 -0.1412951E+00  0.8558027E+00
 0.1494000E+01 -0.1355113E+00  0.8564677E+00
 0.1496000E+01 -0.1297438E+00  0.8570389E+00
 0.1498000E+01 -0.1240005E+00  0.8575190E+00
 0.1500000E+01 -0.1182889E+00  0.8579118E+00
 0.1502000E+01 -0.1126161E+00  0.8582220E+00
 0.1504000E+01 -0.1069882E+00  0.8584553E+00
 0.1506000E+01 -0.1014108E+00  0.8586181E+00
 0.1508000E+01 -0.9588862E-01  0.8587176E+00
 0.1510000E+01 -0.9042530E-01  0.8587616E+00
 0.1512000E+01 -0.8502345E-01  0.8587583E+00
 0.1514000E+01 -0.7968454E-01  0.8587161E+00
 0.1516000E+01 -0.7440892E-01  0.8586438E+00
 0.1518000E+01 -0.6919574E-01  0.8585498E+00
 0.1520000E+01 -0.6404302E-01  0.8584426E+00
 0.1522000E+01 -0.5894764E-01  0.8583302E+00
 0.1524000E+01 -0.5390542E-01  0.8582202E+00
 0.1526000E+01 -0.4891118E-01  0.8581195E+00
 0.1528000E+01 -0.4395885E-01  0.8580342E+00
 0.1530000E+01 -0.3904160E-01  0.8579695E+00
 0.1532000E+01 -0.3415193E-01  0.8579296E+00
 0.1534000E+01 -0.2928186E-01  0.8579177E+00
 0.1536000E+01 -0.2442306E-01  0.8579358E+00
 0.1538000E+01 -0.1956703E-01  0.8579847E+00
 0.1540000E+01 -0.1470523E-01  0.8580640E+00
 0.1542000E+01 -0.9829274E-02  0.8581723E+00
 0.1544000E+01 -0.4931103E-02  0.8583069E+00
 0.1546000E+01 -0.3099450E-05  0.8584640E+00
 0.1548000E+01  0.4961750E-02  0.8586390E+00
 0.1550000E+01  0.9969733E-02  0.8588262E+00
 0.1552000E+01  0.1502630E-01  0.8590193E+00
 0.1554000E+01  0.2013600E-01  0.8592111E+00
 0.1556000E+01  0.2530236E-01  0.8593941E+00
 0.1558000E+01  0.3052792E-01  0.8595604E+00
 0.1560000E+01  0.3581414E-01  0.8597018E+00
 0.1562000E+01  0.4116142E-01  0.8598100E+00
 0.1564000E+01  0.4656913E-01  0.8598766E+00
 0.1566000E+01  0.5203559E-01  0.8598936E+00
 0.1568000E+01  0.5755812E-01  0.8598531E+00
 0.1570000E+01  0.6313304E-01  0.8597476E+00
 0.1572000E+01  0.6875570E-01  0.8595701E+00
 0.1574000E+01  0.7442054E-01  0.8593142E+00
 0.1576000E+01  0.8012109E-01  0.8589744E+00
 0.1578000E+01  0.8585011E-01  0.8585460E+00
 0.1580000E+01  0.9159957E-01  0.8580252E+00
 0.1582000E+01  0.9736075E-01  0.8574094E+00
 0.1584000E+01  0.1031242E+00  0.8566973E+00
 0.1586000E+01  0.1088795E+00  0.8558886E+00
 0.1588000E+01  0.1146144E+00  0.8549847E+00
 0.1590000E+01  0.1203146E+00  0.8539893E+00
 0.1592000E+01  0.1259747E+00  0.8529126E+00
 0.1594000E+01  0.1316397E+00  0.8517659E+00
 0.1596000E+01  0.1373226E+00  0.8505319E+00
 0.1598000E+01  0.1429848E+00  0.8491993E+00
 0.1600000E+01  0.1486151E+00  0.8477692E+00
 0.1602000E+01  0.1542054E+00  0.8462429E+00
 0.1604000E+01  0.1597460E+00  0.8446233E+00
 0.1606000E+01  0.1652236E+00  0.8429171E+00
 0.1608000E+01  0.1706200E+00  0.8411380E+00
 0.1610000E+01  0.1759160E+00  0.8393065E+00
 0.1612000E+01  0.1811040E+00  0.8374406E+00
 0.1614000E+01  0.1861917E+00  0.8355466E+00
 0.1616000E+01  0.1911898E+00  0.8336265E+00
 0.1618000E+01  0.1961037E+00  0.8316851E+00
 0.1620000E+01  0.2009354E+00  0.8297304E+00
 0.1622000E+01  0.2056869E+00  0.8277716E+00
 0.1624000E+01  0.2103609E+00  0.8258179E+00
 0.1626000E+01  0.2149618E+00  0.8238781E+00
 0.1628000E+01  0.2194950E+00  0.8219605E+00
 0.1630000E+01  0.2239671E+00  0.8200724E+00
 0.1632000E+01  0.2283858E+00  0.8182202E+00
 0.1634000E+01  0.2327597E+00  0.8164091E+00
 0.1636000E+01  0.2370981E+00  0.8146432E+00
 0.1638000E+01  0.2414109E+00  0.8129255E+00
 0.1640000E+01  0.2457083E+00  0.8112572E+00
 0.1642000E+01  0.2500008E+00  0.8096385E+00
 0.1644000E+01  0.2542989E+00  0.8080679E+00
 0.1646000E+01  0.2586128E+00  0.8065429E+00
 0.1648000E+01  0.2629524E+00  0.8050593E+00
 0.1650000E+01  0.2673270E+00  0.8036119E+00
 0.1652000E+01  0.2717451E+00  0.8021942E+00
 0.1654000E+01  0.2762141E+00  0.8007985E+00
 0.1656000E+01  0.2807403E+00  0.7994163E+00
 0.1658000E+01  0.2853285E+00  0.7980379E+00
 0.1660000E+01  0.2899823E+00  0.7966528E+00
 0.1662000E+01  0.2947034E+00  0.7952502E+00
 0.1664000E+01  0.2994923E+00  0.7938184E+00
 0.1666000E+01  0.3043477E+00  0.7923462E+00
 0.1668000E+01  0.3092671E+00  0.7908221E+00
 0.1670000E+01  0.3142463E+00  0.7892354E+00
 0.1672000E+01  0.3192800E+00  0.7875759E+00
 0.1674000E+01  0.3243613E+00  0.7858343E+00
 0.1676000E+01  0.3294822E+00  0.7840020E+00
 0.1678000E+01  0.3346339E+00  0.7820720E+00
 0.1680000E+01  0.3398062E+00  0.7800383E+00
 0.1682000E+01  0.3449885E+00  0.7778962E+00
 0.1684000E+01  0.3501694E+00  0.7756426E+00
 0.1686000E+01  0.3553372E+00  0.7732758E+00
 0.1688000E+01  0.3604800E+00  0.7707958E+00
 0.1690000E+01  0.3655859E+00  0.7682042E+00
 0.1692000E+01  0.3706433E+00  0.7655039E+00
 0.1694000E+01  0.3756409E+00  0.7626997E+00
 0.1696000E+01  0.3805682E+00  0.7597975E+00
 0.1698000E+01  0.3854154E+00  0.7568049E+00
 0.1700000E+01  0.3901739E+00  0.7537304E+00
 0.1702000E+01  0.3948359E+00  0.7505840E+00
 0.1704000E+01  0.3993953E+00  0.7473763E+00
 0.1706000E+01  0.4038472E+00  0.7441188E+00
 0.1708000E+01  0.4081883E+00  0.7408236E+00
 0.1710000E+01  0.4124168E+00  0.7375031E+00
 0.1712000E+01  0.4165326E+00  0.7341700E+00
 0.1714000E+01  0.4205372E+00  0.7308369E+00
 0.1716000E+01  0.4244336E+00  0.7275159E+00
 0.1718000E+01  0.4282267E+00  0.7242190E+00
 0.1720000E+01  0.4319224E+00  0.7209574E+00
 0.1722000E+01  0.4355284E+00  0.7177413E+00
 0.1724000E+01  0.4390535E+00  0.7145801E+00
 0.1726000E+01  0.4425078E+00  0.7114818E+00
 0.1728000E+01  0.4459020E+00  0.7084532E+00
 0.1730000E+01  0.4492480E+00  0.7054997E+00
 0.1732000E+01  0.4525582E+00  0.7026252E+00
 0.1734000E+01  0.4558452E+00  0.6998318E+00
 0.1736000E+01  0.4591221E+00  0.6971201E+00
 0.1738000E+01  0.4624018E+00  0.6944892E+00
 0.1740000E+01  0.4656972E+00  0.6919363E+00
 0.1742000E+01  0.4690204E+00  0.6894573E+00
 0.1744000E+01  0.4723834E+00  0.6870463E+00
 0.1746000E+01  0.4757969E+00  0.6846961E+00
 0.1748000E+01  0.4792710E+00  0.6823982E+00
 0.1750000E+01  0.4828145E+00  0.6801428E+00
 0.1752000E+01  0.4864350E+00  0.6779193E+00
 0.1754000E+01  0.4901387E+00  0.6757160E+00
 0.1756000E+01  0.4939302E+00  0.6735206E+00
 0.1758000E+01  0.4978127E+00  0.6713203E+00
 0.1760000E+01  0.5017879E+00  0.6691019E+00
 0.1762000E+01  0.5058556E+00  0.6668523E+00
 0.1764000E+01  0.5100141E+00  0.6645584E+00
 0.1766000E+01  0.5142603E+00  0.6622074E+00
 0.1768000E+01  0.5185894E+00  0.6597872E+00
 0.1770000E+01  0.5229956E+00  0.6572861E+00
 0.1772000E+01  0.5274719E+00  0.6546932E+00
 0.1774000E+01  0.5320107E+00  0.6519982E+00
 0.1776000E+01  0.5366034E+00  0.6491911E+00
 0.1778000E+01  0.5412408E+00  0.6462624E+00
 0.1780000E+01  0.5459121E+00  0.6432032E+00
 0.1782000E+01  0.5506047E+00  0.6400060E+00
 0.1784000E+01  0.5553048E+00  0.6366649E+00
 0.1786000E+01  0.5599971E+00  0.6331760E+00
 0.1788000E+01  0.5646660E+00  0.6295378E+00
 0.1790000E+01  0.5692952E+00  0.6257508E+00
 0.1792000E+01  0.5738687E+00  0.6218176E+00
 0.1794000E+01  0.5783710E+00  0.6177429E+00
 0.1796000E+01  0.5827868E+00  0.6135331E+00
 0.1798000E+01  0.5871022E+00  0.6091966E+00
 0.1800000E+01  0.5913039E+00  0.6047434E+00
 0.1802000E+01  0.5981489E+00  0.5993330E+00
 0.1804000E+01  0.6020429E+00  0.5946631E+00
 0.1806000E+01  0.6057811E+00  0.5899214E+00
 0.1808000E+01  0.6093511E+00  0.5851325E+00
 0.1810000E+01  0.6127394E+00  0.5803290E+00
 0.1812000E+01  0.6159460E+00  0.5755397E+00
 0.1814000E+01  0.6189905E+00  0.5707663E+00
 0.1816000E+01  0.6218850E+00  0.5660113E+00
 0.1818000E+01  0.6246342E+00  0.5612872E+00
 0.1820000E+01  0.6272434E+00  0.5566100E+00
 0.1822000E+01  0.6297204E+00  0.5519969E+00
 0.1824000E+01  0.6320767E+00  0.5474633E+00
 0.1826000E+01  0.6343270E+00  0.5430202E+00
 0.1828000E+01  0.6364881E+00  0.5386724E+00
 0.1830000E+01  0.6385751E+00  0.5344250E+00
 0.1832000E+01  0.6405971E+00  0.5302970E+00
 0.1834000E+01  0.6425719E+00  0.5263074E+00
 0.1836000E+01  0.6445252E+00  0.5224602E+00
 0.1838000E+01  0.6464820E+00  0.5187519E+00
 0.1840000E+01  0.6484656E+00  0.5151749E+00
 0.1842000E+01  0.6504975E+00  0.5117174E+00
 0.1844000E+01  0.6525975E+00  0.5083634E+00
 0.1846000E+01  0.6547823E+00  0.5050930E+00
 0.1848000E+01  0.6570633E+00  0.5018860E+00
 0.1850000E+01  0.6594474E+00  0.4987241E+00
 0.1852000E+01  0.6619389E+00  0.4955903E+00
 0.1854000E+01  0.6645405E+00  0.4924668E+00
 0.1856000E+01  0.6672529E+00  0.4893359E+00
 0.1858000E+01  0.6700754E+00  0.4861799E+00
 0.1860000E+01  0.6730060E+00  0.4829825E+00
 0.1862000E+01  0.6760413E+00  0.4797285E+00
 0.1864000E+01  0.6791493E+00  0.4763855E+00
 0.1866000E+01  0.6822965E+00  0.4729303E+00
 0.1868000E+01  0.6855004E+00  0.4693834E+00
 0.1870000E+01  0.6887477E+00  0.4657349E+00
 0.1872000E+01  0.6920258E+00  0.4619773E+00
 0.1874000E+01  0.6953239E+00  0.4581035E+00
 0.1876000E+01  0.6986279E+00  0.4541069E+00
 0.1878000E+01  0.7019185E+00  0.4499851E+00
 0.1880000E+01  0.7051759E+00  0.4457410E+00
 0.1882000E+01  0.7083830E+00  0.4413810E+00
 0.1884000E+01  0.7115256E+00  0.4369131E+00
 0.1886000E+01  0.7145913E+00  0.4323471E+00
 0.1888000E+01  0.7175701E+00  0.4276941E+00
 0.1890000E+01  0.7204536E+00  0.4229664E+00
 0.1892000E+01  0.7232359E+00  0.4181769E+00
 0.1894000E+01  0.7259131E+00  0.4133392E+00
 0.1896000E+01  0.7284834E+00  0.4084668E+00
 0.1898000E+01  0.7309475E+00  0.4035730E+00
 0.1900000E+01  0.7333079E+00  0.3986707E+00
 0.1902000E+01  0.7355690E+00  0.3937716E+00
 0.1904000E+01  0.7377369E+00  0.3888865E+00
 0.1906000E+01  0.7398193E+00  0.3840245E+00
 0.1908000E+01  0.7418250E+00  0.3791935E+00
 0.1910000E+01  0.7437637E+00  0.3743991E+00
 0.1912000E+01  0.7456456E+00  0.3696457E+00
 0.1914000E+01  0.7474812E+00  0.3649352E+00
 0.1916000E+01  0.7492810E+00  0.3602681E+00
 0.1918000E+01  0.7510552E+00  0.3556429E+00
 0.1920000E+01  0.7528133E+00  0.3510565E+00
 0.1922000E+01  0.7545637E+00  0.3465042E+00
 0.1924000E+01  0.7563141E+00  0.3419801E+00
 0.1926000E+01  0.7580704E+00  0.3374772E+00
 0.1928000E+01  0.7598375E+00  0.3329874E+00
 0.1930000E+01  0.7616184E+00  0.3285023E+00
 0.1932000E+01  0.7634146E+00  0.3240129E+00
 0.1934000E+01  0.7652259E+00  0.3195102E+00
 0.1936000E+01  0.7670505E+00  0.3149857E+00
 0.1938000E+01  0.7688852E+00  0.3104311E+00
 0.1940000E+01  0.7707252E+00  0.3058390E+00
 0.1942000E+01  0.7725645E+00  0.3012029E+00
 0.1944000E+01  0.7743960E+00  0.2965174E+00
 0.1946000E+01  0.7762117E+00  0.2917785E+00
 0.1948000E+01  0.7780032E+00  0.2869835E+00
 0.1950000E+01  0.7797615E+00  0.2821315E+00
 0.1952000E+01  0.7814774E+00  0.2772226E+00
 0.1954000E+01  0.7831419E+00  0.2722590E+00
 0.1956000E+01  0.7847464E+00  0.2672439E+00
 0.1958000E+01  0.7862827E+00  0.2621823E+00
 0.1960000E+01  0.7877436E+00  0.2570802E+00
 0.1962000E+01  0.7891226E+00  0.2519449E+00
 0.1964000E+01  0.7904145E+00  0.2467846E+00
 0.1966000E+01  0.7916152E+00  0.2416081E+00
 0.1968000E+01  0.7927221E+00  0.2364252E+00
 0.1970000E+01  0.7937337E+00  0.2312455E+00
 0.1972000E+01  0.7946501E+00  0.2260791E+00
 0.1974000E+01  0.7954730E+00  0.2209361E+00
 0.1976000E+01  0.7962052E+00  0.2158260E+00
 0.1978000E+01  0.7968511E+00  0.2107582E+00
 0.1980000E+01  0.7974166E+00  0.2057415E+00
 0.1982000E+01  0.7979086E+00  0.2007837E+00
 0.1984000E+01  0.7983354E+00  0.1958918E+00
 0.1986000E+01  0.7987062E+00  0.1910717E+00
 0.1988000E+01  0.7990309E+00  0.1863281E+00
 0.1990000E+01  0.7993199E+00  0.1816642E+00
 0.1992000E+01  0.7995842E+00  0.1770819E+00
 0.1994000E+01  0.7998346E+00  0.1725818E+00
 0.1996000E+01  0.8000820E+00  0.1681628E+00
 0.1998000E+01  0.8003371E+00  0.1638226E+00
 0.2000000E+01  0.8006102E+00  0.1595577E+00
 0.2002000E+01  0.8009108E+00  0.1553632E+00
 0.2004000E+01  0.8012480E+00  0.1512332E+00
 0.2006000E+01  0.8016300E+00  0.1471608E+00
 0.2008000E+01  0.8020643E+00  0.1431381E+00
 0.2010000E+01  0.8025575E+00  0.1391564E+00
 0.2012000E+01  0.8031153E+00  0.1352064E+00
 0.2014000E+01  0.8037425E+00  0.1312780E+00
 0.2016000E+01  0.8044430E+00  0.1273604E+00
 0.2018000E+01  0.8052196E+00  0.1234423E+00
 0.2020000E+01  0.8060743E+00  0.1195121E+00
 0.2022000E+01  0.8070082E+00  0.1155572E+00
 0.2024000E+01  0.8080210E+00  0.1115649E+00
 0.2026000E+01  0.8091115E+00  0.1075217E+00
 0.2028000E+01  0.8102764E+00  0.1034138E+00
 0.2030000E+01  0.8115104E+00  0.9922702E-01
 0.2032000E+01  0.8128041E+00  0.9494688E-01
 0.2034000E+01  0.8141419E+00  0.9055954E-01
 0.2036000E+01  0.8154982E+00  0.8605376E-01
 0.2038000E+01  0.8168370E+00  0.8142527E-01
 0.2040000E+01  0.8181257E+00  0.7668062E-01
 0.2042000E+01  0.8193536E+00  0.7183325E-01
 0.2044000E+01  0.8205304E+00  0.6689382E-01
 0.2046000E+01  0.8216676E+00  0.6186604E-01
 0.2048000E+01  0.8227684E+00  0.5674925E-01
 0.2050000E+01  0.8238293E+00  0.5154165E-01
 0.2052000E+01  0.8248425E+00  0.4624188E-01
 0.2054000E+01  0.8257984E+00  0.4084975E-01
 0.2056000E+01  0.8266862E+00  0.3536653E-01
 0.2058000E+01  0.8274950E+00  0.2979509E-01
 0.2060000E+01  0.8282141E+00  0.2413995E-01
 0.2062000E+01  0.8288332E+00  0.1840718E-01
 0.2064000E+01  0.8293425E+00  0.1260430E-01
 0.2066000E+01  0.8297336E+00  0.6740089E-02
 0.2068000E+01  0.8299987E+00  0.8244554E-03
 0.2070000E+01  0.8301314E+00 -0.5131775E-02
 0.2072000E+01  0.8301265E+00 -0.1111701E-01
 0.2074000E+01  0.8299800E+00 -0.1711908E-01
 0.2076000E+01  0.8296890E+00 -0.2312553E-01
 0.2078000E+01  0.8292518E+00 -0.2912363E-01
 0.2080000E+01  0.8286683E+00 -0.3510045E-01
 0.2082000E+01  0.8279394E+00 -0.4104279E-01
 0.2084000E+01  0.8270680E+00 -0.4693736E-01
 0.2086000E+01  0.8260587E+00 -0.5277089E-01
 0.2088000E+01  0.8249180E+00 -0.5853048E-01
 0.2090000E+01  0.8236545E+00 -0.6420396E-01
 0.2092000E+01  0.8222788E+00 -0.6978032E-01
 0.2094000E+01  0.8208029E+00 -0.7525007E-01
 0.2096000E+01  0.8192406E+00 -0.8060554E-01
 0.2098000E+01  0.8176066E+00 -0.8584113E-01
 0.2100000E+01  0.8159164E+00 -0.9095350E-01
 0.2102000E+01  0.8141865E+00 -0.9594183E-01
 0.2104000E+01  0.8124336E+00 -0.1008082E+00
 0.2106000E+01  0.8106741E+00 -0.1055584E+00
 0.2108000E+01  0.8089195E+00 -0.1102026E+00
 0.2110000E+01  0.8071552E+00 -0.1147478E+00
 0.2112000E+01  0.8054056E+00 -0.1191333E+00
 0.2114000E+01  0.8036165E+00 -0.1233973E+00
 0.2116000E+01  0.8018447E+00 -0.1275238E+00
 0.2118000E+01  0.8001262E+00 -0.1315354E+00
 0.2120000E+01  0.7984771E+00 -0.1354485E+00
 0.2122000E+01  0.7969058E+00 -0.1392745E+00
 0.2124000E+01  0.7954182E+00 -0.1430226E+00
 0.2126000E+01  0.7940249E+00 -0.1467089E+00
 0.2128000E+01  0.7927682E+00 -0.1503994E+00
 0.2130000E+01  0.7917256E+00 -0.1542428E+00
 0.2132000E+01  0.7907425E+00 -0.1581668E+00
 0.2134000E+01  0.7897983E+00 -0.1620480E+00
 0.2136000E+01  0.7888839E+00 -0.1659166E+00
 0.2138000E+01  0.7880140E+00 -0.1698005E+00
 0.2140000E+01  0.7871915E+00 -0.1737163E+00
 0.2142000E+01  0.7864137E+00 -0.1776755E+00
 0.2144000E+01  0.7856759E+00 -0.1816867E+00
 0.2146000E+01  0.7849723E+00 -0.1857567E+00
 0.2148000E+01  0.7842964E+00 -0.1898912E+00
 0.2150000E+01  0.7836414E+00 -0.1940948E+00
 0.2152000E+01  0.7830003E+00 -0.1983713E+00
 0.2154000E+01  0.7823664E+00 -0.2027237E+00
 0.2156000E+01  0.7817323E+00 -0.2071542E+00
 0.2158000E+01  0.7810899E+00 -0.2116643E+00
 0.2160000E+01  0.7804299E+00 -0.2162547E+00
 0.2162000E+01  0.7797407E+00 -0.2209252E+00
 0.2164000E+01  0.7790086E+00 -0.2256745E+00
 0.2166000E+01  0.7782188E+00 -0.2305003E+00
 0.2168000E+01  0.7773554E+00 -0.2354003E+00
 0.2170000E+01  0.7763996E+00 -0.2403733E+00
 0.2172000E+01  0.7753251E+00 -0.2454189E+00
 0.2174000E+01  0.7740994E+00 -0.2505283E+00
 0.2176000E+01  0.7727070E+00 -0.2556728E+00
 0.2178000E+01  0.7711635E+00 -0.2608157E+00
 0.2180000E+01  0.7694914E+00 -0.2659319E+00
 0.2182000E+01  0.7677073E+00 -0.2710061E+00
 0.2184000E+01  0.7658276E+00 -0.2760278E+00
 0.2186000E+01  0.7638767E+00 -0.2809923E+00
 0.2188000E+01  0.7618919E+00 -0.2859055E+00
 0.2190000E+01  0.7599045E+00 -0.2907808E+00
 0.2192000E+01  0.7578943E+00 -0.2956166E+00
 0.2194000E+01  0.7558101E+00 -0.3003941E+00
 0.2196000E+01  0.7536366E+00 -0.3051012E+00
 0.2198000E+01  0.7513881E+00 -0.3097343E+00
 0.2200000E+01  0.7490829E+00 -0.3142921E+00
 0.2202000E+01  0.7467367E+00 -0.3187748E+00
 0.2204000E+01  0.7443623E+00 -0.3231834E+00
 0.2206000E+01  0.7419707E+00 -0.3275203E+00
 0.2208000E+01  0.7395719E+00 -0.3317888E+00
 0.2210000E+01  0.7371745E+00 -0.3359939E+00
 0.2212000E+01  0.7347862E+00 -0.3401412E+00
 0.2214000E+01  0.7324137E+00 -0.3442375E+00
 0.2216000E+01  0.7300620E+00 -0.3482907E+00
 0.2218000E+01  0.7277352E+00 -0.3523093E+00
 0.2220000E+01  0.7254357E+00 -0.3563021E+00
 0.2222000E+01  0.7231642E+00 -0.3602787E+00
 0.2224000E+01  0.7209199E+00 -0.3642482E+00
 0.2226000E+01  0.7187001E+00 -0.3682199E+00
 0.2228000E+01  0.7165008E+00 -0.3722022E+00
 0.2230000E+01  0.7143160E+00 -0.3762030E+00
 0.2232000E+01  0.7121387E+00 -0.3802288E+00
 0.2234000E+01  0.7099605E+00 -0.3842849E+00
 0.2236000E+01  0.7077721E+00 -0.3883748E+00
 0.2238000E+01  0.7055637E+00 -0.3925005E+00
 0.2240000E+01  0.7033248E+00 -0.3966619E+00
 0.2242000E+01  0.7010453E+00 -0.4008572E+00
 0.2244000E+01  0.6987153E+00 -0.4050823E+00
 0.2246000E+01  0.6963257E+00 -0.4093315E+00
 0.2248000E+01  0.6938682E+00 -0.4135974E+00
 0.2250000E+01  0.6913362E+00 -0.4178707E+00
 0.2252000E+01  0.6887246E+00 -0.4221412E+00
 0.2254000E+01  0.6860304E+00 -0.4263973E+00
 0.2256000E+01  0.6832523E+00 -0.4306271E+00
 0.2258000E+01  0.6803916E+00 -0.4348181E+00
 0.2260000E+01  0.6774519E+00 -0.4389582E+00
 0.2262000E+01  0.6744387E+00 -0.4430355E+00
 0.2264000E+01  0.6713600E+00 -0.4470393E+00
 0.2266000E+01  0.6682257E+00 -0.4509602E+00
 0.2268000E+01  0.6650476E+00 -0.4547904E+00
 0.2270000E+01  0.6618389E+00 -0.4585242E+00
 0.2272000E+01  0.6586139E+00 -0.4621582E+00
 0.2274000E+01  0.6553877E+00 -0.4656914E+00
 0.2276000E+01  0.6521757E+00 -0.4691256E+00
 0.2278000E+01  0.6489930E+00 -0.4724651E+00
 0.2280000E+01  0.6458542E+00 -0.4757170E+00
 0.2282000E+01  0.6427728E+00 -0.4788909E+00
 0.2284000E+01  0.6397607E+00 -0.4819987E+00
 0.2286000E+01  0.6368280E+00 -0.4850546E+00
 0.2288000E+01  0.6339824E+00 -0.4880744E+00
 0.2290000E+01  0.6312292E+00 -0.4910755E+00
 0.2292000E+01  0.6285707E+00 -0.4940763E+00
 0.2294000E+01  0.6260062E+00 -0.4970957E+00
 0.2296000E+01  0.6235317E+00 -0.5001526E+00
 0.2298000E+01  0.6211402E+00 -0.5032652E+00
 0.2300000E+01  0.6188214E+00 -0.5064504E+00
 0.2302000E+01  0.6165622E+00 -0.5097234E+00
 0.2304000E+01  0.6143471E+00 -0.5130973E+00
 0.2306000E+01  0.6121586E+00 -0.5165823E+00
 0.2308000E+01  0.6099776E+00 -0.5201863E+00
 0.2310000E+01  0.6077838E+00 -0.5239138E+00
 0.2312000E+01  0.6055566E+00 -0.5277667E+00
 0.2314000E+01  0.6032749E+00 -0.5317432E+00
 0.2316000E+01  0.6009181E+00 -0.5358389E+00
 0.2318000E+01  0.5984664E+00 -0.5400460E+00
 0.2320000E+01  0.5959013E+00 -0.5443539E+00
 0.2322000E+01  0.5932058E+00 -0.5487493E+00
 0.2324000E+01  0.5903652E+00 -0.5532165E+00
 0.2326000E+01  0.5873672E+00 -0.5577380E+00
 0.2328000E+01  0.5842022E+00 -0.5622945E+00
 0.2330000E+01  0.5808634E+00 -0.5668654E+00
 0.2332000E+01  0.5773470E+00 -0.5714295E+00
 0.2334000E+01  0.5736523E+00 -0.5759655E+00
 0.2336000E+01  0.5697816E+00 -0.5804519E+00
 0.2338000E+01  0.5657401E+00 -0.5848682E+00
 0.2340000E+01  0.5615357E+00 -0.5891947E+00
 0.2342000E+01  0.5571790E+00 -0.5934130E+00
 0.2344000E+01  0.5526828E+00 -0.5975067E+00
 0.2346000E+01  0.5480621E+00 -0.6014613E+00
 0.2348000E+01  0.5433333E+00 -0.6052643E+00
 0.2350000E+01  0.5385144E+00 -0.6089060E+00
 0.2352000E+01  0.5336243E+00 -0.6123788E+00
 0.2354000E+01  0.5286829E+00 -0.6156782E+00
 0.2356000E+01  0.5237100E+00 -0.6188020E+00
 0.2358000E+01  0.5187260E+00 -0.6217507E+00
 0.2360000E+01  0.5137507E+00 -0.6245274E+00
 0.2362000E+01  0.5088037E+00 -0.6271380E+00
 0.2364000E+01  0.5039029E+00 -0.6295906E+00
 0.2366000E+01  0.4990646E+00 -0.6318961E+00
 0.2368000E+01  0.4943030E+00 -0.6340668E+00
 0.2370000E+01  0.4896304E+00 -0.6361168E+00
 0.2372000E+01  0.4850574E+00 -0.6380614E+00
 0.2374000E+01  0.4805922E+00 -0.6399171E+00
 0.2376000E+01  0.4762414E+00 -0.6417010E+00
 0.2378000E+01  0.4720091E+00 -0.6434307E+00
 0.2380000E+01  0.4678982E+00 -0.6451242E+00
 0.2382000E+01  0.4639108E+00 -0.6467997E+00
 0.2384000E+01  0.4600502E+00 -0.6484757E+00
 0.2386000E+01  0.4563257E+00 -0.6501719E+00
 0.2388000E+01  0.4527610E+00 -0.6519090E+00
 0.2390000E+01  0.4493689E+00 -0.6536903E+00
 0.2392000E+01  0.4457512E+00 -0.6553915E+00
 0.2394000E+01  0.4416040E+00 -0.6569774E+00
 0.2396000E+01  0.4377532E+00 -0.6586399E+00
 0.2398000E+01  0.4341354E+00 -0.6603786E+00
 0.2400000E+01  0.4306927E+00 -0.6622133E+00
 0.2402000E+01  0.4292983E+00 -0.6676072E+00
 0.2404000E+01  0.4261315E+00 -0.6698934E+00
 0.2406000E+01  0.4229340E+00 -0.6722654E+00
 0.2408000E+01  0.4196809E+00 -0.6746982E+00
 0.2410000E+01  0.4164482E+00 -0.6772888E+00
 0.2412000E+01  0.4131883E+00 -0.6800126E+00
 0.2414000E+01  0.4098234E+00 -0.6827933E+00
 0.2416000E+01  0.4063278E+00 -0.6856062E+00
 0.2418000E+01  0.4027134E+00 -0.6884523E+00
 0.2420000E+01  0.3989814E+00 -0.6913207E+00
 0.2422000E+01  0.3951313E+00 -0.6941963E+00
 0.2424000E+01  0.3911633E+00 -0.6970632E+00
 0.2426000E+01  0.3870768E+00 -0.6999165E+00
 0.2428000E+01  0.3828771E+00 -0.7027408E+00
 0.2430000E+01  0.3785736E+00 -0.7055116E+00
 0.2432000E+01  0.3741730E+00 -0.7082218E+00
 0.2434000E+01  0.3696845E+00 -0.7108614E+00
 0.2436000E+01  0.3651175E+00 -0.7134159E+00
 0.2438000E+01  0.3604747E+00 -0.7158701E+00
 0.2440000E+01  0.3557607E+00 -0.7182058E+00
 0.2442000E+01  0.3509933E+00 -0.7204208E+00
 0.2444000E+01  0.3461947E+00 -0.7225223E+00
 0.2446000E+01  0.3413834E+00 -0.7245093E+00
 0.2448000E+01  0.3365779E+00 -0.7263788E+00
 0.2450000E+01  0.3317958E+00 -0.7281348E+00
 0.2452000E+01  0.3270526E+00 -0.7297870E+00
 0.2454000E+01  0.3223631E+00 -0.7313469E+00
 0.2456000E+01  0.3177408E+00 -0.7328281E+00
 0.2458000E+01  0.3131976E+00 -0.7342470E+00
 0.2460000E+01  0.3087437E+00 -0.7356224E+00
 0.2462000E+01  0.3043924E+00 -0.7369805E+00
 0.2464000E+01  0.2998169E+00 -0.7382705E+00
 0.2466000E+01  0.2957426E+00 -0.7396514E+00
 0.2468000E+01  0.2916250E+00 -0.7410090E+00
 0.2470000E+01  0.2875898E+00 -0.7424133E+00
 0.2472000E+01  0.2836255E+00 -0.7438809E+00
 0.2474000E+01  0.2797171E+00 -0.7454285E+00
 0.2476000E+01  0.2758463E+00 -0.7470710E+00
 0.2478000E+01  0.2719919E+00 -0.7488205E+00
 0.2480000E+01  0.2681306E+00 -0.7506856E+00
 0.2482000E+01  0.2642375E+00 -0.7526711E+00
 0.2484000E+01  0.2602863E+00 -0.7547775E+00
 0.2486000E+01  0.2562506E+00 -0.7570011E+00
 0.2488000E+01  0.2521043E+00 -0.7593335E+00
 0.2490000E+01  0.2478224E+00 -0.7617619E+00
 0.2492000E+01  0.2433815E+00 -0.7642695E+00
 0.2494000E+01  0.2387609E+00 -0.7668354E+00
 0.2496000E+01  0.2339427E+00 -0.7694352E+00
 0.2498000E+01  0.2289127E+00 -0.7720413E+00
 0.2500000E+01  0.2236606E+00 -0.7746237E+00
 0.2502000E+01  0.2181807E+00 -0.7771503E+00
 0.2504000E+01  0.2124719E+00 -0.7795878E+00
 0.2506000E+01  0.2065382E+00 -0.7819023E+00
 0.2508000E+01  0.2003882E+00 -0.7840602E+00
 0.2510000E+01  0.1940354E+00 -0.7860286E+00
 0.2512000E+01  0.1874982E+00 -0.7877764E+00
 0.2514000E+01  0.1808003E+00 -0.7892741E+00
 0.2516000E+01  0.1739722E+00 -0.7904952E+00
 0.2518000E+01  0.1670489E+00 -0.7914179E+00
 0.2520000E+01  0.1600664E+00 -0.7920253E+00
 0.2522000E+01  0.1530627E+00 -0.7923055E+00
 0.2524000E+01  0.1460781E+00 -0.7922514E+00
 0.2526000E+01  0.1391548E+00 -0.7918618E+00
 0.2528000E+01  0.1323356E+00 -0.7911409E+00
 0.2530000E+01  0.1256637E+00 -0.7900993E+00
 0.2532000E+01  0.1191810E+00 -0.7887537E+00
 0.2534000E+01  0.1129276E+00 -0.7871268E+00
 0.2536000E+01  0.1069411E+00 -0.7852471E+00
 0.2538000E+01  0.1012554E+00 -0.7831489E+00
 0.2540000E+01  0.9590004E-01 -0.7808714E+00
 0.2542000E+01  0.9089916E-01 -0.7784584E+00
 0.2544000E+01  0.8627115E-01 -0.7759575E+00
 0.2546000E+01  0.8202780E-01 -0.7734193E+00
 0.2548000E+01  0.7817390E-01 -0.7708964E+00
 0.2550000E+01  0.7470695E-01 -0.7684424E+00
 0.2552000E+01  0.7161691E-01 -0.7661109E+00
 0.2554000E+01  0.6888622E-01 -0.7639546E+00
 0.2556000E+01  0.6648986E-01 -0.7620241E+00
 0.2558000E+01  0.6439562E-01 -0.7603666E+00
 0.2560000E+01  0.6256449E-01 -0.7590256E+00
 0.2562000E+01  0.6095111E-01 -0.7580392E+00
 0.2564000E+01  0.5950441E-01 -0.7574396E+00
 0.2566000E+01  0.5816829E-01 -0.7572523E+00
 0.2568000E+01  0.5688246E-01 -0.7574950E+00
 0.2570000E+01  0.5558341E-01 -0.7581774E+00
 0.2572000E+01  0.5420544E-01 -0.7593003E+00
 0.2574000E+01  0.5268188E-01 -0.7608553E+00
 0.2576000E+01  0.5094624E-01 -0.7628249E+00
 0.2578000E+01  0.4893377E-01 -0.7651818E+00
 0.2580000E+01  0.4658336E-01 -0.7678909E+00
 0.2582000E+01  0.4383936E-01 -0.7709162E+00
 0.2584000E+01  0.4064777E-01 -0.7742368E+00
 0.2586000E+01  0.3694460E-01 -0.7778212E+00
 0.2588000E+01  0.3267082E-01 -0.7815833E+00
 0.2590000E+01  0.2778204E-01 -0.7854740E+00
 0.2592000E+01  0.2220227E-01 -0.7895343E+00
 0.2594000E+01  0.1645264E-01 -0.7919895E+00
 0.2596000E+01  0.1025012E-01 -0.7946796E+00
 0.2598000E+01  0.3614117E-02 -0.7972613E+00
 0.2600000E+01 -0.3442521E-02 -0.7996117E+00
 0.2602000E+01 -0.1097340E-01 -0.8017984E+00
 0.2604000E+01 -0.1899562E-01 -0.8038483E+00
 0.2606000E+01 -0.2739514E-01 -0.8052504E+00
 0.2608000E+01 -0.3602154E-01 -0.8059895E+00
 0.2610000E+01 -0.4477841E-01 -0.8060015E+00
 0.2612000E+01 -0.5359870E-01 -0.8049263E+00
 0.2614000E+01 -0.6273143E-01 -0.8045036E+00
 0.2616000E+01 -0.7148601E-01 -0.8027067E+00
 0.2618000E+01 -0.8001948E-01 -0.8002816E+00
 0.2620000E+01 -0.8823361E-01 -0.7972721E+00
 0.2622000E+01 -0.9603839E-01 -0.7937391E+00
 0.2624000E+01 -0.1033711E+00 -0.7897529E+00
 0.2626000E+01 -0.1101875E+00 -0.7853860E+00
 0.2628000E+01 -0.1164507E+00 -0.7807124E+00
 0.2630000E+01 -0.1221292E+00 -0.7758113E+00
 0.2632000E+01 -0.1272006E+00 -0.7707666E+00
 0.2634000E+01 -0.1316535E+00 -0.7656661E+00
 0.2636000E+01 -0.1354887E+00 -0.7605993E+00
 0.2638000E+01 -0.1387204E+00 -0.7556553E+00
 0.2640000E+01 -0.1413756E+00 -0.7509212E+00
 0.2642000E+01 -0.1434942E+00 -0.7464792E+00
 0.2644000E+01 -0.1451283E+00 -0.7424054E+00
 0.2646000E+01 -0.1463409E+00 -0.7387674E+00
 0.2648000E+01 -0.1472049E+00 -0.7356227E+00
 0.2650000E+01 -0.1478014E+00 -0.7330172E+00
 0.2652000E+01 -0.1482175E+00 -0.7309840E+00
 0.2654000E+01 -0.1485448E+00 -0.7295425E+00
 0.2656000E+01 -0.1488767E+00 -0.7286979E+00
 0.2658000E+01 -0.1493063E+00 -0.7284408E+00
 0.2660000E+01 -0.1499243E+00 -0.7287478E+00
 0.2662000E+01 -0.1508166E+00 -0.7295813E+00
 0.2664000E+01 -0.1520620E+00 -0.7308910E+00
 0.2666000E+01 -0.1537308E+00 -0.7326146E+00
 0.2668000E+01 -0.1558827E+00 -0.7346799E+00
 0.2670000E+01 -0.1585666E+00 -0.7370077E+00
 0.2672000E+01 -0.1618219E+00 -0.7395188E+00
 0.2674000E+01 -0.1656821E+00 -0.7421425E+00
 0.2676000E+01 -0.1701703E+00 -0.7448092E+00
 0.2678000E+01 -0.1752820E+00 -0.7474186E+00
 0.2680000E+01 -0.1809891E+00 -0.7498516E+00
 0.2682000E+01 -0.1872588E+00 -0.7520105E+00
 0.2684000E+01 -0.1940525E+00 -0.7538166E+00
 0.2686000E+01 -0.2013218E+00 -0.7551994E+00
 0.2688000E+01 -0.2090082E+00 -0.7560946E+00
 0.2690000E+01 -0.2170432E+00 -0.7564450E+00
 0.2692000E+01 -0.2253507E+00 -0.7562027E+00
 0.2694000E+01 -0.2338473E+00 -0.7553304E+00
 0.2696000E+01 -0.2424446E+00 -0.7538022E+00
 0.2698000E+01 -0.2510518E+00 -0.7516021E+00
 0.2700000E+01 -0.2595796E+00 -0.7487174E+00
 0.2702000E+01 -0.2679310E+00 -0.7451579E+00
 0.2704000E+01 -0.2760054E+00 -0.7409586E+00
 0.2706000E+01 -0.2837105E+00 -0.7361600E+00
 0.2708000E+01 -0.2909617E+00 -0.7308144E+00
 0.2710000E+01 -0.2976818E+00 -0.7249863E+00
 0.2712000E+01 -0.3038036E+00 -0.7187523E+00
 0.2714000E+01 -0.3092739E+00 -0.7122060E+00
 0.2716000E+01 -0.3140629E+00 -0.7054665E+00
 0.2718000E+01 -0.3181529E+00 -0.6986466E+00
 0.2720000E+01 -0.3215128E+00 -0.6918134E+00
 0.2722000E+01 -0.3241301E+00 -0.6850563E+00
 0.2724000E+01 -0.3260167E+00 -0.6784886E+00
 0.2726000E+01 -0.3272017E+00 -0.6722267E+00
 0.2728000E+01 -0.3277313E+00 -0.6663842E+00
 0.2730000E+01 -0.3276708E+00 -0.6610688E+00
 0.2732000E+01 -0.3271133E+00 -0.6563639E+00
 0.2734000E+01 -0.3261896E+00 -0.6522842E+00
 0.2736000E+01 -0.3249915E+00 -0.6488944E+00
 0.2738000E+01 -0.3236073E+00 -0.6463154E+00
 0.2740000E+01 -0.3221778E+00 -0.6445599E+00
 0.2742000E+01 -0.3208354E+00 -0.6436114E+00
 0.2744000E+01 -0.3197011E+00 -0.6434501E+00
 0.2746000E+01 -0.3188944E+00 -0.6440454E+00
 0.2748000E+01 -0.3185333E+00 -0.6453461E+00
 0.2750000E+01 -0.3187287E+00 -0.6472742E+00
 0.2752000E+01 -0.3195760E+00 -0.6497118E+00
 0.2754000E+01 -0.3211670E+00 -0.6523373E+00
 0.2756000E+01 -0.3237661E+00 -0.6553766E+00
 0.2758000E+01 -0.3270432E+00 -0.6591492E+00
 0.2760000E+01 -0.3312027E+00 -0.6626596E+00
 0.2762000E+01 -0.3363414E+00 -0.6661650E+00
 0.2764000E+01 -0.3424296E+00 -0.6694794E+00
 0.2766000E+01 -0.3494071E+00 -0.6723736E+00
 0.2768000E+01 -0.3572344E+00 -0.6746939E+00
 0.2770000E+01 -0.3658253E+00 -0.6763072E+00
 0.2772000E+01 -0.3750638E+00 -0.6771190E+00
 0.2774000E+01 -0.3848258E+00 -0.6770409E+00
 0.2776000E+01 -0.3949740E+00 -0.6759988E+00
 0.2778000E+01 -0.4053570E+00 -0.6739492E+00
 0.2780000E+01 -0.4158104E+00 -0.6708913E+00
 0.2782000E+01 -0.4262096E+00 -0.6667376E+00
 0.2784000E+01 -0.4364005E+00 -0.6614772E+00
 0.2786000E+01 -0.4461995E+00 -0.6552022E+00
 0.2788000E+01 -0.4554578E+00 -0.6479774E+00
 0.2790000E+01 -0.4640396E+00 -0.6398892E+00
 0.2792000E+01 -0.4718245E+00 -0.6310440E+00
 0.2794000E+01 -0.4787102E+00 -0.6215659E+00
 0.2796000E+01 -0.4846155E+00 -0.6115923E+00
 0.2798000E+01 -0.4894819E+00 -0.6012707E+00
 0.2800000E+01 -0.4932743E+00 -0.5907542E+00
 0.2802000E+01 -0.4959820E+00 -0.5801980E+00
 0.2804000E+01 -0.4976175E+00 -0.5697545E+00
 0.2806000E+01 -0.4982154E+00 -0.5595699E+00
 0.2808000E+01 -0.4978297E+00 -0.5497809E+00
 0.2810000E+01 -0.4965319E+00 -0.5405123E+00
 0.2812000E+01 -0.4944078E+00 -0.5318754E+00
 0.2814000E+01 -0.4915549E+00 -0.5239667E+00
 0.2816000E+01 -0.4880799E+00 -0.5168679E+00
 0.2818000E+01 -0.4840963E+00 -0.5106452E+00
 0.2820000E+01 -0.4797224E+00 -0.5053500E+00
 0.2822000E+01 -0.4750794E+00 -0.5010192E+00
 0.2824000E+01 -0.4702901E+00 -0.4976755E+00
 0.2826000E+01 -0.4654776E+00 -0.4953282E+00
 0.2828000E+01 -0.4607642E+00 -0.4939739E+00
 0.2830000E+01 -0.4562712E+00 -0.4935968E+00
 0.2832000E+01 -0.4521178E+00 -0.4941694E+00
 0.2834000E+01 -0.4484210E+00 -0.4956520E+00
 0.2836000E+01 -0.4452947E+00 -0.4979933E+00
 0.2838000E+01 -0.4428496E+00 -0.5011296E+00
 0.2840000E+01 -0.4411920E+00 -0.5049849E+00
 0.2842000E+01 -0.4404231E+00 -0.5094697E+00
 0.2844000E+01 -0.4406369E+00 -0.5144811E+00
 0.2846000E+01 -0.4419192E+00 -0.5199018E+00
 0.2848000E+01 -0.4443446E+00 -0.5256005E+00
 0.2850000E+01 -0.4479748E+00 -0.5314317E+00
 0.2852000E+01 -0.4528552E+00 -0.5372363E+00
 0.2854000E+01 -0.4590122E+00 -0.5428434E+00
 0.2856000E+01 -0.4664496E+00 -0.5480718E+00
 0.2858000E+01 -0.4751464E+00 -0.5527328E+00
 0.2860000E+01 -0.4850530E+00 -0.5566340E+00
 0.2862000E+01 -0.4960898E+00 -0.5595837E+00
 0.2864000E+01 -0.5081455E+00 -0.5613959E+00
 0.2866000E+01 -0.5210763E+00 -0.5618962E+00
 0.2868000E+01 -0.5347084E+00 -0.5609248E+00
 0.2870000E+01 -0.5488416E+00 -0.5583338E+00
 0.2872000E+01 -0.5632425E+00 -0.5540146E+00
 0.2874000E+01 -0.5776487E+00 -0.5479089E+00
 0.2876000E+01 -0.5917875E+00 -0.5399839E+00
 0.2878000E+01 -0.6053751E+00 -0.5302480E+00
 0.2880000E+01 -0.6181217E+00 -0.5187559E+00
 0.2882000E+01 -0.6297359E+00 -0.5056092E+00
 0.2884000E+01 -0.6399206E+00 -0.4909522E+00
 0.2886000E+01 -0.6482990E+00 -0.4749485E+00
 0.2888000E+01 -0.6507229E+00 -0.4559097E+00
 0.2890000E+01 -0.6604167E+00 -0.4416610E+00
 0.2892000E+01 -0.6632454E+00 -0.4235433E+00
 0.2894000E+01 -0.6638376E+00 -0.4052156E+00
 0.2896000E+01 -0.6620719E+00 -0.3870324E+00
 0.2898000E+01 -0.6581090E+00 -0.3695117E+00
 0.2900000E+01 -0.6520749E+00 -0.3530074E+00
 0.2902000E+01 -0.6439964E+00 -0.3375354E+00
 0.2904000E+01 -0.6341024E+00 -0.3235562E+00
 0.2906000E+01 -0.6226958E+00 -0.3114748E+00
 0.2908000E+01 -0.6100550E+00 -0.3014221E+00
 0.2910000E+01 -0.5965278E+00 -0.2935885E+00
 0.2912000E+01 -0.5824695E+00 -0.2881271E+00
 0.2914000E+01 -0.5681851E+00 -0.2850821E+00
 0.2916000E+01 -0.5539849E+00 -0.2845429E+00
 0.2918000E+01 -0.5404659E+00 -0.2861701E+00
 0.2920000E+01 -0.5278162E+00 -0.2902438E+00
 0.2922000E+01 -0.5164463E+00 -0.2964517E+00
 0.2924000E+01 -0.5066816E+00 -0.3045730E+00
 0.2926000E+01 -0.4988089E+00 -0.3143370E+00
 0.2928000E+01 -0.4930679E+00 -0.3254305E+00
 0.2930000E+01 -0.4896409E+00 -0.3375068E+00
 0.2932000E+01 -0.4886520E+00 -0.3501955E+00
 0.2934000E+01 -0.4901670E+00 -0.3631135E+00
 0.2936000E+01 -0.4941929E+00 -0.3758761E+00
 0.2938000E+01 -0.5006791E+00 -0.3881108E+00
 0.2940000E+01 -0.5095193E+00 -0.3994568E+00
 0.2942000E+01 -0.5205483E+00 -0.4095571E+00
 0.2944000E+01 -0.5335489E+00 -0.4180856E+00
 0.2946000E+01 -0.5482625E+00 -0.4247647E+00
 0.2948000E+01 -0.5643959E+00 -0.4293619E+00
 0.2950000E+01 -0.5816274E+00 -0.4316910E+00
 0.2952000E+01 -0.5996149E+00 -0.4316138E+00
 0.2954000E+01 -0.6180043E+00 -0.4290390E+00
 0.2956000E+01 -0.6364375E+00 -0.4239164E+00
 0.2958000E+01 -0.6545648E+00 -0.4162146E+00
 0.2960000E+01 -0.6720606E+00 -0.4058376E+00
 0.2962000E+01 -0.6884419E+00 -0.3926142E+00
 0.2964000E+01 -0.7011774E+00 -0.3870503E+00
 0.2966000E+01 -0.7155439E+00 -0.3670066E+00
 0.2968000E+01 -0.7272611E+00 -0.3494044E+00
 0.2970000E+01 -0.7369298E+00 -0.3303550E+00
 0.2972000E+01 -0.7443532E+00 -0.3101835E+00
 0.2974000E+01 -0.7493911E+00 -0.2892120E+00
 0.2976000E+01 -0.7519457E+00 -0.2677801E+00
 0.2978000E+01 -0.7519655E+00 -0.2462398E+00
 0.2980000E+01 -0.7494482E+00 -0.2249494E+00
 0.2982000E+01 -0.7444410E+00 -0.2042666E+00
 0.2984000E+01 -0.7370415E+00 -0.1845425E+00
 0.2986000E+01 -0.7273963E+00 -0.1661139E+00
 0.2988000E+01 -0.7157007E+00 -0.1492979E+00
 0.2990000E+01 -0.7021958E+00 -0.1343842E+00
 0.2992000E+01 -0.6871661E+00 -0.1216285E+00
 0.2994000E+01 -0.6709349E+00 -0.1112447E+00
 0.2996000E+01 -0.6538585E+00 -0.1033981E+00
 0.2998000E+01 -0.6363194E+00 -0.9819898E-01
 0.3000000E+01 -0.6187169E+00 -0.9569670E-01
