 0.10000E-01  0.10000E+01  0.39983E-20
 0.20000E-01  0.10000E+01 -0.39274E-21
 0.30000E-01  0.10000E+01 -0.40022E-19
 0.40000E-01  0.10000E+01  0.19050E-19
 0.50000E-01  0.10000E+01 -0.10297E-19
 0.60000E-01  0.10000E+01 -0.28548E-19
 0.70000E-01  0.10000E+01  0.78984E-20
 0.80000E-01  0.10000E+01 -0.33250E-19
 0.90000E-01  0.10000E+01  0.62101E-19
 0.10000E+00  0.10000E+01  0.55329E-19
 0.11000E+00  0.10000E+01 -0.88025E-19
 0.12000E+00  0.10000E+01 -0.77371E-19
 0.13000E+00  0.10000E+01 -0.80146E-19
 0.14000E+00  0.10000E+01 -0.18119E-19
 0.15000E+00  0.10000E+01  0.89024E-19
 0.16000E+00  0.10000E+01  0.11218E-18
 0.17000E+00  0.10000E+01 -0.14850E-18
 0.18000E+00  0.10000E+01  0.29709E-19
 0.19000E+00  0.10000E+01  0.20027E-18
 0.20000E+00  0.10000E+01  0.15977E-19
 0.21000E+00  0.99999E+00 -0.90956E-19
 0.22000E+00  0.99999E+00  0.37916E-19
 0.23000E+00  0.99999E+00 -0.21417E-18
 0.24000E+00  0.99999E+00  0.33536E-19
 0.25000E+00  0.99999E+00  0.15221E-18
 0.26000E+00  0.99999E+00 -0.10032E-18
 0.27000E+00  0.99999E+00 -0.12092E-18
 0.28000E+00  0.99999E+00 -0.11479E-18
 0.29000E+00  0.99999E+00  0.41101E-19
 0.30000E+00  0.99999E+00 -0.40852E-19
 0.31000E+00  0.99999E+00  0.15491E-18
 0.32000E+00  0.99999E+00 -0.16288E-18
 0.33000E+00  0.99999E+00  0.26292E-18
 0.34000E+00  0.99999E+00  0.86597E-19
 0.35000E+00  0.99999E+00 -0.51532E-20
 0.36000E+00  0.99998E+00 -0.68201E-19
 0.37000E+00  0.99998E+00 -0.20794E-18
 0.38000E+00  0.99998E+00 -0.16496E-18
 0.39000E+00  0.99998E+00  0.20717E-19
 0.40000E+00  0.99998E+00  0.60264E-19
 0.41000E+00  0.99998E+00 -0.36246E-18
 0.42000E+00  0.99998E+00  0.10317E-18
 0.43000E+00  0.99998E+00  0.45231E-18
 0.44000E+00  0.99998E+00 -0.44523E-21
 0.45000E+00  0.99998E+00  0.11933E-18
 0.46000E+00  0.99997E+00 -0.27364E-18
 0.47000E+00  0.99997E+00  0.98553E-19
 0.48000E+00  0.99997E+00 -0.11953E-18
 0.49000E+00  0.99997E+00 -0.62185E-18
 0.50000E+00  0.99997E+00 -0.17881E-19
 0.51000E+00  0.99997E+00  0.14378E-18
 0.52000E+00  0.99997E+00 -0.14160E-18
 0.53000E+00  0.99997E+00 -0.14813E-18
 0.54000E+00  0.99997E+00  0.42484E-18
 0.55000E+00  0.99996E+00  0.30739E-18
 0.56000E+00  0.99996E+00  0.27356E-19
 0.57000E+00  0.99996E+00 -0.91128E-20
 0.58000E+00  0.99996E+00 -0.43006E-18
 0.59000E+00  0.99996E+00 -0.16512E-18
 0.60000E+00  0.99996E+00 -0.78042E-20
 0.61000E+00  0.99996E+00  0.28080E-18
 0.62000E+00  0.99995E+00 -0.19064E-19
 0.63000E+00  0.99995E+00 -0.15647E-18
 0.64000E+00  0.99995E+00  0.83189E-19
 0.65000E+00  0.99995E+00  0.17715E-18
 0.66000E+00  0.99995E+00 -0.22009E-18
 0.67000E+00  0.99995E+00 -0.51686E-18
 0.68000E+00  0.99994E+00 -0.97489E-19
 0.69000E+00  0.99994E+00 -0.61009E-19
 0.70000E+00  0.99994E+00 -0.17527E-18
 0.71000E+00  0.99994E+00 -0.27658E-19
 0.72000E+00  0.99994E+00  0.20950E-18
 0.73000E+00  0.99994E+00  0.30083E-18
 0.74000E+00  0.99993E+00 -0.13550E-18
 0.75000E+00  0.99993E+00  0.12321E-18
 0.76000E+00  0.99993E+00  0.23514E-18
 0.77000E+00  0.99993E+00 -0.60164E-18
 0.78000E+00  0.99993E+00 -0.13846E-18
 0.79000E+00  0.99993E+00 -0.21191E-18
 0.80000E+00  0.99992E+00  0.23243E-18
 0.81000E+00  0.99992E+00 -0.24472E-19
 0.82000E+00  0.99992E+00 -0.10812E-18
 0.83000E+00  0.99992E+00 -0.95260E-19
 0.84000E+00  0.99992E+00 -0.50850E-19
 0.85000E+00  0.99991E+00 -0.38626E-18
 0.86000E+00  0.99991E+00  0.22360E-18
 0.87000E+00  0.99991E+00  0.22116E-18
 0.88000E+00  0.99991E+00  0.17160E-18
 0.89000E+00  0.99991E+00  0.61571E-18
 0.90000E+00  0.99990E+00 -0.10618E-17
 0.91000E+00  0.99990E+00 -0.67300E-18
 0.92000E+00  0.99990E+00  0.95612E-19
 0.93000E+00  0.99990E+00 -0.64048E-18
 0.94000E+00  0.99989E+00 -0.67846E-18
 0.95000E+00  0.99989E+00 -0.24765E-18
 0.96000E+00  0.99989E+00 -0.79489E-19
 0.97000E+00  0.99989E+00  0.81032E-18
 0.98000E+00  0.99988E+00  0.78819E-18
 0.99000E+00  0.99988E+00 -0.51053E-18
 0.10000E+01  0.99988E+00  0.33268E-18
 0.10100E+01  0.99988E+00 -0.40912E-18
 0.10200E+01  0.99988E+00 -0.67145E-19
 0.10300E+01  0.99987E+00 -0.20046E-18
 0.10400E+01  0.99987E+00  0.12293E-17
 0.10500E+01  0.99987E+00 -0.56886E-18
 0.10600E+01  0.99987E+00  0.11852E-17
 0.10700E+01  0.99986E+00  0.34154E-18
 0.10800E+01  0.99986E+00  0.67367E-18
 0.10900E+01  0.99986E+00 -0.41966E-18
 0.11000E+01  0.99985E+00  0.70731E-19
 0.11100E+01  0.99985E+00  0.82662E-18
 0.11200E+01  0.99985E+00  0.82389E-18
 0.11300E+01  0.99985E+00 -0.20599E-18
 0.11400E+01  0.99984E+00 -0.37353E-18
 0.11500E+01  0.99984E+00  0.12961E-17
 0.11600E+01  0.99984E+00  0.72043E-18
 0.11700E+01  0.99984E+00 -0.20186E-18
 0.11800E+01  0.99983E+00 -0.73313E-18
 0.11900E+01  0.99983E+00 -0.38557E-19
 0.12000E+01  0.99983E+00  0.33083E-18
 0.12100E+01  0.99982E+00  0.28651E-18
 0.12200E+01  0.99982E+00 -0.38193E-18
 0.12300E+01  0.99982E+00  0.43935E-18
 0.12400E+01  0.99982E+00 -0.93828E-18
 0.12500E+01  0.99981E+00  0.79862E-19
 0.12600E+01  0.99981E+00  0.12833E-17
 0.12700E+01  0.99981E+00 -0.16609E-17
 0.12800E+01  0.99980E+00 -0.74807E-18
 0.12900E+01  0.99980E+00 -0.86458E-18
 0.13000E+01  0.99980E+00  0.96762E-18
 0.13100E+01  0.99979E+00 -0.38095E-18
 0.13200E+01  0.99979E+00  0.12001E-18
 0.13300E+01  0.99979E+00 -0.12524E-17
 0.13400E+01  0.99978E+00 -0.58899E-18
 0.13500E+01  0.99978E+00 -0.48762E-18
 0.13600E+01  0.99978E+00 -0.74396E-18
 0.13700E+01  0.99978E+00 -0.15799E-18
 0.13800E+01  0.99977E+00 -0.24328E-18
 0.13900E+01  0.99977E+00  0.18041E-18
 0.14000E+01  0.99977E+00  0.25988E-18
 0.14100E+01  0.99976E+00 -0.36741E-18
 0.14200E+01  0.99976E+00  0.10810E-17
 0.14300E+01  0.99975E+00 -0.10714E-17
 0.14400E+01  0.99975E+00  0.58484E-18
 0.14500E+01  0.99975E+00 -0.47485E-19
 0.14600E+01  0.99974E+00  0.45719E-18
 0.14700E+01  0.99974E+00 -0.41006E-18
 0.14800E+01  0.99974E+00  0.47794E-18
 0.14900E+01  0.99973E+00 -0.12019E-18
 0.15000E+01  0.99973E+00  0.29888E-18
 0.15100E+01  0.99973E+00 -0.85834E-18
 0.15200E+01  0.99972E+00 -0.14985E-17
 0.15300E+01  0.99972E+00  0.31333E-18
 0.15400E+01  0.99972E+00  0.63882E-18
 0.15500E+01  0.99971E+00  0.13584E-17
 0.15600E+01  0.99971E+00  0.13689E-17
 0.15700E+01  0.99970E+00 -0.78810E-18
 0.15800E+01  0.99970E+00 -0.32742E-18
 0.15900E+01  0.99970E+00  0.73319E-18
 0.16000E+01  0.99969E+00 -0.69436E-19
 0.16100E+01  0.99969E+00  0.44294E-19
 0.16200E+01  0.99969E+00 -0.12921E-17
 0.16300E+01  0.99968E+00  0.11017E-17
 0.16400E+01  0.99968E+00  0.85616E-18
 0.16500E+01  0.99967E+00  0.13672E-17
 0.16600E+01  0.99967E+00  0.11983E-18
 0.16700E+01  0.99967E+00  0.35266E-18
 0.16800E+01  0.99966E+00  0.13419E-17
 0.16900E+01  0.99966E+00 -0.33835E-19
 0.17000E+01  0.99965E+00  0.10739E-17
 0.17100E+01  0.99965E+00  0.11962E-17
 0.17200E+01  0.99965E+00  0.73040E-18
 0.17300E+01  0.99964E+00 -0.72627E-18
 0.17400E+01  0.99964E+00  0.15319E-17
 0.17500E+01  0.99963E+00 -0.83068E-18
 0.17600E+01  0.99963E+00  0.83884E-18
 0.17700E+01  0.99962E+00 -0.20091E-18
 0.17800E+01  0.99962E+00  0.22300E-18
 0.17900E+01  0.99962E+00 -0.12796E-17
 0.18000E+01  0.99961E+00 -0.16336E-17
 0.18100E+01  0.99961E+00  0.48312E-18
 0.18200E+01  0.99960E+00 -0.16662E-17
 0.18300E+01  0.99960E+00 -0.12375E-18
 0.18400E+01  0.99959E+00  0.65828E-18
 0.18500E+01  0.99959E+00 -0.88868E-18
 0.18600E+01  0.99959E+00  0.16372E-18
 0.18700E+01  0.99958E+00  0.60702E-18
 0.18800E+01  0.99958E+00 -0.18276E-17
 0.18900E+01  0.99957E+00 -0.18901E-17
 0.19000E+01  0.99957E+00  0.80973E-18
 0.19100E+01  0.99956E+00  0.82449E-18
 0.19200E+01  0.99956E+00  0.20618E-17
 0.19300E+01  0.99955E+00  0.21354E-17
 0.19400E+01  0.99955E+00  0.41885E-18
 0.19500E+01  0.99954E+00 -0.78827E-18
 0.19600E+01  0.99954E+00  0.91777E-18
 0.19700E+01  0.99954E+00 -0.51711E-18
 0.19800E+01  0.99953E+00 -0.14490E-18
 0.19900E+01  0.99953E+00 -0.52905E-18
 0.20000E+01  0.99952E+00 -0.33417E-18
 0.20100E+01  0.99952E+00 -0.15081E-17
 0.20200E+01  0.99951E+00  0.19264E-17
 0.20300E+01  0.99951E+00 -0.12381E-17
 0.20400E+01  0.99950E+00 -0.13670E-17
 0.20500E+01  0.99950E+00  0.65650E-18
 0.20600E+01  0.99949E+00  0.68459E-18
 0.20700E+01  0.99949E+00 -0.94910E-18
 0.20800E+01  0.99948E+00  0.38384E-18
 0.20900E+01  0.99948E+00 -0.29848E-18
 0.21000E+01  0.99947E+00  0.13173E-17
 0.21100E+01  0.99947E+00 -0.10423E-17
 0.21200E+01  0.99946E+00 -0.97437E-18
 0.21300E+01  0.99946E+00 -0.94162E-18
 0.21400E+01  0.99945E+00  0.18147E-17
 0.21500E+01  0.99945E+00  0.24215E-17
 0.21600E+01  0.99944E+00  0.69295E-18
 0.21700E+01  0.99944E+00  0.17556E-17
 0.21800E+01  0.99943E+00 -0.19676E-17
 0.21900E+01  0.99943E+00 -0.57997E-18
 0.22000E+01  0.99942E+00  0.11587E-17
 0.22100E+01  0.99942E+00  0.70302E-18
 0.22200E+01  0.99941E+00  0.15984E-17
 0.22300E+01  0.99941E+00  0.31544E-17
 0.22400E+01  0.99940E+00 -0.85145E-18
 0.22500E+01  0.99939E+00 -0.16580E-17
 0.22600E+01  0.99939E+00 -0.44400E-18
 0.22700E+01  0.99938E+00  0.20231E-18
 0.22800E+01  0.99938E+00  0.13958E-18
 0.22900E+01  0.99937E+00  0.64988E-18
 0.23000E+01  0.99937E+00 -0.17592E-17
 0.23100E+01  0.99936E+00  0.52373E-18
 0.23200E+01  0.99936E+00 -0.33023E-18
 0.23300E+01  0.99935E+00  0.19109E-17
 0.23400E+01  0.99935E+00  0.13165E-17
 0.23500E+01  0.99934E+00 -0.21452E-17
 0.23600E+01  0.99933E+00  0.27964E-17
 0.23700E+01  0.99933E+00  0.48424E-18
 0.23800E+01  0.99932E+00 -0.12117E-17
 0.23900E+01  0.99932E+00 -0.10268E-17
 0.24000E+01  0.99931E+00 -0.96498E-18
 0.24100E+01  0.99931E+00  0.19790E-17
 0.24200E+01  0.99930E+00 -0.16682E-17
 0.24300E+01  0.99929E+00  0.15985E-17
 0.24400E+01  0.99929E+00  0.47503E-18
 0.24500E+01  0.99928E+00 -0.83449E-18
 0.24600E+01  0.99928E+00 -0.21996E-17
 0.24700E+01  0.99927E+00  0.78020E-18
 0.24800E+01  0.99927E+00 -0.28538E-17
 0.24900E+01  0.99926E+00 -0.40790E-18
 0.25000E+01  0.99925E+00 -0.62593E-18
 0.25100E+01  0.99925E+00  0.16931E-18
 0.25200E+01  0.99924E+00 -0.28377E-17
 0.25300E+01  0.99924E+00 -0.64554E-18
 0.25400E+01  0.99923E+00 -0.27106E-17
 0.25500E+01  0.99922E+00 -0.19238E-17
 0.25600E+01  0.99922E+00 -0.19241E-17
 0.25700E+01  0.99921E+00 -0.72889E-18
 0.25800E+01  0.99921E+00  0.62414E-18
 0.25900E+01  0.99920E+00  0.61659E-19
 0.26000E+01  0.99919E+00  0.25561E-18
 0.26100E+01  0.99919E+00  0.78258E-18
 0.26200E+01  0.99918E+00 -0.60976E-18
 0.26300E+01  0.99917E+00 -0.11074E-17
 0.26400E+01  0.99917E+00 -0.10134E-17
 0.26500E+01  0.99916E+00  0.17427E-17
 0.26600E+01  0.99916E+00 -0.16971E-17
 0.26700E+01  0.99915E+00  0.22434E-17
 0.26800E+01  0.99914E+00 -0.84062E-18
 0.26900E+01  0.99914E+00  0.19561E-17
 0.27000E+01  0.99913E+00  0.14769E-18
 0.27100E+01  0.99912E+00  0.24846E-17
 0.27200E+01  0.99912E+00 -0.33406E-17
 0.27300E+01  0.99911E+00 -0.20736E-17
 0.27400E+01  0.99910E+00  0.17148E-18
 0.27500E+01  0.99910E+00  0.22079E-17
 0.27600E+01  0.99909E+00 -0.11515E-17
 0.27700E+01  0.99908E+00 -0.49036E-18
 0.27800E+01  0.99908E+00  0.86162E-18
 0.27900E+01  0.99907E+00  0.28380E-18
 0.28000E+01  0.99906E+00 -0.39868E-18
 0.28100E+01  0.99906E+00  0.18317E-17
 0.28200E+01  0.99905E+00  0.94183E-18
 0.28300E+01  0.99904E+00  0.31102E-17
 0.28400E+01  0.99904E+00 -0.15057E-17
 0.28500E+01  0.99903E+00  0.10885E-18
 0.28600E+01  0.99902E+00 -0.18801E-17
 0.28700E+01  0.99902E+00 -0.23760E-17
 0.28800E+01  0.99901E+00 -0.65089E-18
 0.28900E+01  0.99900E+00  0.46197E-18
 0.29000E+01  0.99900E+00  0.16106E-17
 0.29100E+01  0.99899E+00 -0.33149E-18
 0.29200E+01  0.99898E+00  0.18107E-17
 0.29300E+01  0.99898E+00  0.10437E-17
 0.29400E+01  0.99897E+00  0.46831E-18
 0.29500E+01  0.99896E+00  0.11628E-18
 0.29600E+01  0.99896E+00  0.20147E-18
 0.29700E+01  0.99895E+00  0.36594E-17
 0.29800E+01  0.99894E+00  0.18386E-17
 0.29900E+01  0.99893E+00  0.12834E-17
 0.30000E+01  0.99893E+00  0.14653E-17
 0.30100E+01  0.99892E+00 -0.18211E-17
 0.30200E+01  0.99891E+00 -0.14523E-19
 0.30300E+01  0.99891E+00 -0.33633E-17
 0.30400E+01  0.99890E+00 -0.17413E-17
 0.30500E+01  0.99889E+00 -0.11003E-17
 0.30600E+01  0.99888E+00  0.19076E-17
 0.30700E+01  0.99888E+00  0.52337E-18
 0.30800E+01  0.99887E+00  0.16541E-18
 0.30900E+01  0.99886E+00 -0.10850E-17
 0.31000E+01  0.99886E+00 -0.10015E-17
 0.31100E+01  0.99885E+00  0.18544E-17
 0.31200E+01  0.99884E+00 -0.31146E-18
 0.31300E+01  0.99883E+00 -0.23686E-17
 0.31400E+01  0.99883E+00  0.24802E-18
 0.31500E+01  0.99882E+00 -0.16505E-17
 0.31600E+01  0.99881E+00 -0.31982E-17
 0.31700E+01  0.99880E+00 -0.29076E-17
 0.31800E+01  0.99880E+00  0.24693E-17
 0.31900E+01  0.99879E+00 -0.76780E-18
 0.32000E+01  0.99878E+00  0.28816E-17
 0.32100E+01  0.99877E+00  0.74723E-18
 0.32200E+01  0.99877E+00 -0.10174E-17
 0.32300E+01  0.99876E+00  0.46690E-17
 0.32400E+01  0.99875E+00  0.18278E-17
 0.32500E+01  0.99874E+00  0.39649E-17
 0.32600E+01  0.99873E+00 -0.41881E-17
 0.32700E+01  0.99873E+00  0.35478E-18
 0.32800E+01  0.99872E+00 -0.50259E-18
 0.32900E+01  0.99871E+00 -0.20240E-17
 0.33000E+01  0.99870E+00  0.17671E-17
 0.33100E+01  0.99870E+00 -0.59045E-18
 0.33200E+01  0.99869E+00  0.23963E-17
 0.33300E+01  0.99868E+00  0.61192E-18
 0.33400E+01  0.99867E+00  0.31161E-17
 0.33500E+01  0.99866E+00 -0.14846E-17
 0.33600E+01  0.99866E+00 -0.10538E-16
 0.33700E+01  0.99865E+00 -0.28107E-18
 0.33800E+01  0.99864E+00  0.20250E-17
 0.33900E+01  0.99863E+00  0.46684E-17
 0.34000E+01  0.99862E+00  0.47899E-17
 0.34100E+01  0.99862E+00 -0.24092E-17
 0.34200E+01  0.99861E+00 -0.59330E-17
 0.34300E+01  0.99860E+00  0.17634E-17
 0.34400E+01  0.99859E+00  0.56658E-18
 0.34500E+01  0.99858E+00 -0.20193E-17
 0.34600E+01  0.99858E+00 -0.79260E-18
 0.34700E+01  0.99857E+00  0.28940E-17
 0.34800E+01  0.99856E+00 -0.17772E-17
 0.34900E+01  0.99855E+00  0.11847E-17
 0.35000E+01  0.99854E+00  0.96862E-18
 0.35100E+01  0.99854E+00  0.26198E-17
 0.35200E+01  0.99853E+00 -0.67235E-18
 0.35300E+01  0.99852E+00  0.36526E-18
 0.35400E+01  0.99851E+00  0.44507E-17
 0.35500E+01  0.99850E+00  0.12562E-17
 0.35600E+01  0.99849E+00  0.39119E-18
 0.35700E+01  0.99849E+00 -0.34032E-18
 0.35800E+01  0.99848E+00 -0.97503E-19
 0.35900E+01  0.99847E+00 -0.19420E-17
 0.36000E+01  0.99846E+00  0.14772E-17
 0.36100E+01  0.99845E+00 -0.27644E-18
 0.36200E+01  0.99844E+00  0.21735E-17
 0.36300E+01  0.99843E+00 -0.66890E-18
 0.36400E+01  0.99843E+00 -0.26646E-18
 0.36500E+01  0.99842E+00 -0.61476E-18
 0.36600E+01  0.99841E+00 -0.16343E-17
 0.36700E+01  0.99840E+00  0.15787E-17
 0.36800E+01  0.99839E+00  0.89370E-18
 0.36900E+01  0.99838E+00 -0.89466E-18
 0.37000E+01  0.99837E+00  0.23654E-17
 0.37100E+01  0.99837E+00  0.57470E-18
 0.37200E+01  0.99836E+00 -0.22742E-17
 0.37300E+01  0.99835E+00 -0.31482E-19
 0.37400E+01  0.99834E+00 -0.19008E-17
 0.37500E+01  0.99833E+00  0.29630E-17
 0.37600E+01  0.99832E+00 -0.18652E-17
 0.37700E+01  0.99831E+00 -0.19158E-17
 0.37800E+01  0.99830E+00 -0.32354E-18
 0.37900E+01  0.99830E+00 -0.20155E-17
 0.38000E+01  0.99829E+00 -0.33996E-17
 0.38100E+01  0.99828E+00 -0.17814E-17
 0.38200E+01  0.99827E+00 -0.21293E-17
 0.38300E+01  0.99826E+00 -0.54908E-17
 0.38400E+01  0.99825E+00  0.11125E-17
 0.38500E+01  0.99824E+00 -0.32056E-17
 0.38600E+01  0.99823E+00 -0.36395E-18
 0.38700E+01  0.99822E+00 -0.24645E-17
 0.38800E+01  0.99821E+00 -0.27661E-17
 0.38900E+01  0.99821E+00 -0.10356E-17
 0.39000E+01  0.99820E+00  0.50683E-17
 0.39100E+01  0.99819E+00  0.23104E-17
 0.39200E+01  0.99818E+00 -0.38398E-17
 0.39300E+01  0.99817E+00  0.25038E-17
 0.39400E+01  0.99816E+00 -0.71328E-19
 0.39500E+01  0.99815E+00  0.19327E-17
 0.39600E+01  0.99814E+00  0.80823E-18
 0.39700E+01  0.99813E+00  0.14753E-18
 0.39800E+01  0.99812E+00  0.95674E-18
 0.39900E+01  0.99811E+00  0.10189E-17
 0.40000E+01  0.99810E+00  0.50295E-18
 0.40100E+01  0.99809E+00 -0.36277E-18
 0.40200E+01  0.99808E+00  0.47405E-17
 0.40300E+01  0.99808E+00  0.15359E-17
 0.40400E+01  0.99807E+00  0.89182E-18
 0.40500E+01  0.99806E+00  0.10923E-17
 0.40600E+01  0.99805E+00  0.39162E-17
 0.40700E+01  0.99804E+00 -0.45713E-18
 0.40800E+01  0.99803E+00 -0.25184E-19
 0.40900E+01  0.99802E+00 -0.93235E-19
 0.41000E+01  0.99801E+00  0.14735E-17
 0.41100E+01  0.99800E+00  0.18091E-17
 0.41200E+01  0.99799E+00  0.79289E-18
 0.41300E+01  0.99798E+00 -0.99548E-17
 0.41400E+01  0.99797E+00 -0.53223E-17
 0.41500E+01  0.99796E+00 -0.15319E-18
 0.41600E+01  0.99795E+00  0.18347E-17
 0.41700E+01  0.99794E+00  0.52614E-19
 0.41800E+01  0.99793E+00 -0.21851E-17
 0.41900E+01  0.99792E+00 -0.23158E-17
 0.42000E+01  0.99791E+00  0.11993E-18
 0.42100E+01  0.99790E+00 -0.15027E-17
 0.42200E+01  0.99789E+00  0.32963E-18
 0.42300E+01  0.99788E+00 -0.21323E-17
 0.42400E+01  0.99787E+00  0.46247E-18
 0.42500E+01  0.99786E+00 -0.11150E-17
 0.42600E+01  0.99785E+00  0.33190E-17
 0.42700E+01  0.99784E+00 -0.15744E-18
 0.42800E+01  0.99783E+00  0.61019E-18
 0.42900E+01  0.99782E+00 -0.24640E-17
 0.43000E+01  0.99781E+00 -0.12907E-17
 0.43100E+01  0.99780E+00  0.15354E-17
 0.43200E+01  0.99779E+00  0.42745E-17
 0.43300E+01  0.99778E+00 -0.20540E-17
 0.43400E+01  0.99777E+00  0.21813E-17
 0.43500E+01  0.99776E+00 -0.92025E-18
 0.43600E+01  0.99775E+00  0.75641E-18
 0.43700E+01  0.99774E+00  0.15762E-17
 0.43800E+01  0.99773E+00 -0.25691E-18
 0.43900E+01  0.99772E+00 -0.50821E-18
 0.44000E+01  0.99771E+00 -0.30352E-17
 0.44100E+01  0.99770E+00  0.19762E-17
 0.44200E+01  0.99769E+00  0.51895E-18
 0.44300E+01  0.99768E+00  0.12546E-17
 0.44400E+01  0.99767E+00  0.13168E-17
 0.44500E+01  0.99766E+00  0.26704E-17
 0.44600E+01  0.99765E+00  0.87966E-18
 0.44700E+01  0.99764E+00 -0.32778E-17
 0.44800E+01  0.99763E+00 -0.34598E-17
 0.44900E+01  0.99762E+00  0.42146E-18
 0.45000E+01  0.99761E+00 -0.44571E-18
 0.45100E+01  0.99760E+00  0.31155E-17
 0.45200E+01  0.99759E+00 -0.11985E-17
 0.45300E+01  0.99758E+00 -0.45442E-17
 0.45400E+01  0.99757E+00 -0.12775E-17
 0.45500E+01  0.99755E+00 -0.23631E-17
 0.45600E+01  0.99754E+00  0.15038E-17
 0.45700E+01  0.99753E+00  0.18558E-17
 0.45800E+01  0.99752E+00  0.37603E-18
 0.45900E+01  0.99751E+00 -0.18112E-17
 0.46000E+01  0.99750E+00 -0.76732E-18
 0.46100E+01  0.99749E+00 -0.49420E-18
 0.46200E+01  0.99748E+00  0.13033E-17
 0.46300E+01  0.99747E+00 -0.19615E-17
 0.46400E+01  0.99746E+00 -0.37605E-17
 0.46500E+01  0.99745E+00 -0.24434E-17
 0.46600E+01  0.99744E+00  0.31134E-19
 0.46700E+01  0.99743E+00 -0.10300E-17
 0.46800E+01  0.99742E+00 -0.30104E-18
 0.46900E+01  0.99740E+00  0.11038E-17
 0.47000E+01  0.99739E+00 -0.35579E-17
 0.47100E+01  0.99738E+00  0.23391E-17
 0.47200E+01  0.99737E+00 -0.37111E-17
 0.47300E+01  0.99736E+00  0.96315E-18
 0.47400E+01  0.99735E+00 -0.11906E-17
 0.47500E+01  0.99734E+00  0.26475E-17
 0.47600E+01  0.99733E+00  0.76821E-18
 0.47700E+01  0.99732E+00  0.59473E-18
 0.47800E+01  0.99731E+00  0.14882E-19
 0.47900E+01  0.99729E+00 -0.20282E-17
 0.48000E+01  0.99728E+00 -0.40510E-18
 0.48100E+01  0.99727E+00 -0.40913E-17
 0.48200E+01  0.99726E+00  0.14941E-17
 0.48300E+01  0.99725E+00 -0.14280E-18
 0.48400E+01  0.99724E+00 -0.78945E-18
 0.48500E+01  0.99723E+00  0.39827E-17
 0.48600E+01  0.99722E+00 -0.40988E-19
 0.48700E+01  0.99721E+00 -0.12238E-17
 0.48800E+01  0.99719E+00  0.30258E-17
 0.48900E+01  0.99718E+00 -0.31871E-17
 0.49000E+01  0.99717E+00 -0.42970E-17
 0.49100E+01  0.99716E+00  0.41518E-17
 0.49200E+01  0.99715E+00 -0.26325E-18
 0.49300E+01  0.99714E+00  0.72050E-18
 0.49400E+01  0.99713E+00 -0.32790E-17
 0.49500E+01  0.99711E+00 -0.35729E-17
 0.49600E+01  0.99710E+00  0.19542E-17
 0.49700E+01  0.99709E+00  0.26937E-18
 0.49800E+01  0.99708E+00 -0.60283E-17
 0.49900E+01  0.99707E+00  0.23711E-17
 0.50000E+01  0.99706E+00 -0.59487E-17
 0.50100E+01  0.99705E+00  0.38783E-17
 0.50200E+01  0.99703E+00 -0.64600E-18
 0.50300E+01  0.99702E+00  0.21652E-17
 0.50400E+01  0.99701E+00  0.27149E-17
 0.50500E+01  0.99700E+00 -0.14451E-17
 0.50600E+01  0.99699E+00  0.82608E-17
 0.50700E+01  0.99698E+00 -0.66083E-18
 0.50800E+01  0.99696E+00 -0.87735E-18
 0.50900E+01  0.99695E+00 -0.13295E-17
 0.51000E+01  0.99694E+00 -0.33432E-17
 0.51100E+01  0.99693E+00  0.32080E-17
 0.51200E+01  0.99692E+00 -0.35784E-17
 0.51300E+01  0.99691E+00 -0.51744E-17
 0.51400E+01  0.99689E+00  0.32747E-17
 0.51500E+01  0.99688E+00  0.56860E-17
 0.51600E+01  0.99687E+00  0.79827E-18
 0.51700E+01  0.99686E+00  0.23832E-17
 0.51800E+01  0.99685E+00  0.13630E-17
 0.51900E+01  0.99683E+00  0.27011E-17
 0.52000E+01  0.99682E+00  0.58617E-17
 0.52100E+01  0.99681E+00  0.28500E-17
 0.52200E+01  0.99680E+00 -0.31900E-17
 0.52300E+01  0.99679E+00 -0.20972E-17
 0.52400E+01  0.99677E+00 -0.45185E-18
 0.52500E+01  0.99676E+00 -0.33377E-17
 0.52600E+01  0.99675E+00 -0.41972E-17
 0.52700E+01  0.99674E+00  0.66456E-18
 0.52800E+01  0.99673E+00 -0.64352E-18
 0.52900E+01  0.99671E+00  0.50037E-17
 0.53000E+01  0.99670E+00 -0.19659E-17
 0.53100E+01  0.99669E+00 -0.51998E-17
 0.53200E+01  0.99668E+00  0.12079E-17
 0.53300E+01  0.99666E+00  0.34283E-17
 0.53400E+01  0.99665E+00  0.17504E-17
 0.53500E+01  0.99664E+00 -0.68504E-17
 0.53600E+01  0.99663E+00 -0.36668E-17
 0.53700E+01  0.99662E+00 -0.95565E-17
 0.53800E+01  0.99660E+00  0.69293E-18
 0.53900E+01  0.99659E+00  0.14613E-17
 0.54000E+01  0.99658E+00 -0.30164E-18
 0.54100E+01  0.99657E+00 -0.14840E-17
 0.54200E+01  0.99655E+00 -0.26075E-17
 0.54300E+01  0.99654E+00  0.28952E-18
 0.54400E+01  0.99653E+00 -0.46618E-17
 0.54500E+01  0.99652E+00  0.22666E-17
 0.54600E+01  0.99650E+00 -0.13201E-17
 0.54700E+01  0.99649E+00 -0.32016E-17
 0.54800E+01  0.99648E+00 -0.38842E-17
 0.54900E+01  0.99647E+00  0.11773E-17
 0.55000E+01  0.99645E+00 -0.13404E-17
 0.55100E+01  0.99644E+00 -0.34354E-18
 0.55200E+01  0.99643E+00 -0.32094E-17
 0.55300E+01  0.99642E+00  0.17524E-17
 0.55400E+01  0.99640E+00 -0.98847E-18
 0.55500E+01  0.99639E+00  0.24149E-17
 0.55600E+01  0.99638E+00 -0.19463E-17
 0.55700E+01  0.99636E+00 -0.49223E-17
 0.55800E+01  0.99635E+00  0.22723E-17
 0.55900E+01  0.99634E+00  0.44273E-17
 0.56000E+01  0.99633E+00 -0.39204E-17
 0.56100E+01  0.99631E+00 -0.46635E-17
 0.56200E+01  0.99630E+00  0.14909E-17
 0.56300E+01  0.99629E+00  0.71922E-18
 0.56400E+01  0.99627E+00 -0.69101E-17
 0.56500E+01  0.99626E+00  0.98079E-17
 0.56600E+01  0.99625E+00 -0.26257E-17
 0.56700E+01  0.99624E+00  0.50800E-18
 0.56800E+01  0.99622E+00 -0.20608E-17
 0.56900E+01  0.99621E+00  0.18145E-17
 0.57000E+01  0.99620E+00  0.58894E-17
 0.57100E+01  0.99618E+00  0.17014E-17
 0.57200E+01  0.99617E+00  0.23342E-18
 0.57300E+01  0.99616E+00  0.52895E-17
 0.57400E+01  0.99614E+00  0.61596E-17
 0.57500E+01  0.99613E+00  0.15405E-17
 0.57600E+01  0.99612E+00 -0.75165E-17
 0.57700E+01  0.99611E+00 -0.20620E-17
 0.57800E+01  0.99609E+00  0.59202E-17
 0.57900E+01  0.99608E+00  0.14361E-17
 0.58000E+01  0.99607E+00 -0.12447E-16
 0.58100E+01  0.99605E+00  0.67642E-17
 0.58200E+01  0.99604E+00 -0.14061E-17
 0.58300E+01  0.99603E+00  0.15455E-18
 0.58400E+01  0.99601E+00  0.88317E-18
 0.58500E+01  0.99600E+00 -0.16877E-17
 0.58600E+01  0.99599E+00  0.86877E-17
 0.58700E+01  0.99597E+00 -0.54091E-17
 0.58800E+01  0.99596E+00 -0.18086E-18
 0.58900E+01  0.99595E+00  0.38317E-17
 0.59000E+01  0.99593E+00  0.21244E-18
 0.59100E+01  0.99592E+00 -0.49504E-17
 0.59200E+01  0.99591E+00  0.17944E-18
 0.59300E+01  0.99589E+00  0.33945E-17
 0.59400E+01  0.99588E+00 -0.30407E-17
 0.59500E+01  0.99586E+00 -0.65060E-17
 0.59600E+01  0.99585E+00  0.41261E-17
 0.59700E+01  0.99584E+00 -0.10812E-17
 0.59800E+01  0.99582E+00  0.11881E-18
 0.59900E+01  0.99581E+00  0.18040E-17
 0.60000E+01  0.99580E+00 -0.13595E-17
 0.60100E+01  0.99578E+00 -0.48427E-18
 0.60200E+01  0.99577E+00  0.21230E-17
 0.60300E+01  0.99576E+00  0.58890E-17
 0.60400E+01  0.99574E+00 -0.44609E-17
 0.60500E+01  0.99573E+00 -0.44568E-17
 0.60600E+01  0.99571E+00 -0.73993E-17
 0.60700E+01  0.99570E+00  0.24658E-17
 0.60800E+01  0.99569E+00  0.39556E-18
 0.60900E+01  0.99567E+00  0.66713E-17
 0.61000E+01  0.99566E+00 -0.14945E-19
 0.61100E+01  0.99565E+00  0.70377E-17
 0.61200E+01  0.99563E+00  0.26501E-17
 0.61300E+01  0.99562E+00 -0.28913E-17
 0.61400E+01  0.99560E+00  0.41608E-17
 0.61500E+01  0.99559E+00  0.88784E-17
 0.61600E+01  0.99558E+00  0.82840E-17
 0.61700E+01  0.99556E+00 -0.35485E-17
 0.61800E+01  0.99555E+00  0.42288E-18
 0.61900E+01  0.99553E+00  0.51130E-18
 0.62000E+01  0.99552E+00  0.33399E-17
 0.62100E+01  0.99551E+00 -0.59788E-17
 0.62200E+01  0.99549E+00  0.65134E-18
 0.62300E+01  0.99548E+00  0.11853E-17
 0.62400E+01  0.99546E+00 -0.40610E-18
 0.62500E+01  0.99545E+00  0.19207E-17
 0.62600E+01  0.99544E+00 -0.36707E-17
 0.62700E+01  0.99542E+00 -0.69049E-18
 0.62800E+01  0.99541E+00  0.47634E-17
 0.62900E+01  0.99539E+00 -0.11567E-17
 0.63000E+01  0.99538E+00  0.32824E-17
 0.63100E+01  0.99536E+00 -0.10544E-18
 0.63200E+01  0.99535E+00 -0.20522E-17
 0.63300E+01  0.99534E+00  0.24497E-17
 0.63400E+01  0.99532E+00  0.48244E-17
 0.63500E+01  0.99531E+00  0.39164E-17
 0.63600E+01  0.99529E+00 -0.10055E-16
 0.63700E+01  0.99528E+00  0.36066E-17
 0.63800E+01  0.99526E+00 -0.24198E-17
 0.63900E+01  0.99525E+00 -0.30977E-18
 0.64000E+01  0.99524E+00  0.13077E-18
 0.64100E+01  0.99522E+00 -0.54760E-18
 0.64200E+01  0.99521E+00 -0.47464E-19
 0.64300E+01  0.99519E+00 -0.52603E-17
 0.64400E+01  0.99518E+00  0.11793E-17
 0.64500E+01  0.99516E+00 -0.71694E-18
 0.64600E+01  0.99515E+00 -0.33232E-17
 0.64700E+01  0.99513E+00 -0.44366E-17
 0.64800E+01  0.99512E+00  0.65500E-18
 0.64900E+01  0.99510E+00  0.51516E-17
 0.65000E+01  0.99509E+00 -0.28013E-17
 0.65100E+01  0.99508E+00 -0.16793E-17
 0.65200E+01  0.99506E+00  0.24046E-17
 0.65300E+01  0.99505E+00  0.41429E-18
 0.65400E+01  0.99503E+00 -0.39971E-17
 0.65500E+01  0.99502E+00  0.46562E-18
 0.65600E+01  0.99500E+00 -0.40111E-17
 0.65700E+01  0.99499E+00 -0.71805E-18
 0.65800E+01  0.99497E+00 -0.26620E-17
 0.65900E+01  0.99496E+00  0.36264E-17
 0.66000E+01  0.99494E+00  0.71196E-17
 0.66100E+01  0.99493E+00  0.73189E-17
 0.66200E+01  0.99491E+00 -0.10774E-16
 0.66300E+01  0.99490E+00  0.41791E-17
 0.66400E+01  0.99488E+00  0.10900E-17
 0.66500E+01  0.99487E+00  0.72875E-18
 0.66600E+01  0.99485E+00 -0.27675E-17
 0.66700E+01  0.99484E+00 -0.10301E-16
 0.66800E+01  0.99482E+00  0.34809E-17
 0.66900E+01  0.99481E+00 -0.50021E-17
 0.67000E+01  0.99479E+00 -0.49347E-17
 0.67100E+01  0.99478E+00  0.66166E-17
 0.67200E+01  0.99476E+00 -0.91919E-18
 0.67300E+01  0.99475E+00  0.16338E-17
 0.67400E+01  0.99473E+00 -0.31282E-17
 0.67500E+01  0.99472E+00  0.19920E-17
 0.67600E+01  0.99470E+00  0.65010E-17
 0.67700E+01  0.99469E+00  0.51408E-17
 0.67800E+01  0.99467E+00 -0.48665E-17
 0.67900E+01  0.99466E+00 -0.93715E-18
 0.68000E+01  0.99464E+00 -0.21728E-17
 0.68100E+01  0.99463E+00 -0.40813E-17
 0.68200E+01  0.99461E+00  0.25100E-17
 0.68300E+01  0.99460E+00 -0.12104E-16
 0.68400E+01  0.99458E+00  0.22100E-17
 0.68500E+01  0.99457E+00 -0.56554E-17
 0.68600E+01  0.99455E+00 -0.42977E-17
 0.68700E+01  0.99453E+00 -0.55693E-18
 0.68800E+01  0.99452E+00 -0.39045E-17
 0.68900E+01  0.99450E+00  0.35659E-18
 0.69000E+01  0.99449E+00 -0.77944E-18
 0.69100E+01  0.99447E+00 -0.19925E-17
 0.69200E+01  0.99446E+00 -0.14661E-18
 0.69300E+01  0.99444E+00 -0.59938E-17
 0.69400E+01  0.99443E+00 -0.63793E-17
 0.69500E+01  0.99441E+00  0.95643E-17
 0.69600E+01  0.99440E+00 -0.74522E-17
 0.69700E+01  0.99438E+00  0.12254E-18
 0.69800E+01  0.99436E+00  0.25366E-18
 0.69900E+01  0.99435E+00 -0.71674E-17
 0.70000E+01  0.99433E+00  0.92151E-18
 0.70100E+01  0.99432E+00 -0.33483E-18
 0.70200E+01  0.99430E+00 -0.74646E-17
 0.70300E+01  0.99429E+00 -0.28083E-17
 0.70400E+01  0.99427E+00 -0.10780E-16
 0.70500E+01  0.99425E+00 -0.16188E-17
 0.70600E+01  0.99424E+00 -0.76774E-18
 0.70700E+01  0.99422E+00  0.31159E-17
 0.70800E+01  0.99421E+00  0.27848E-18
 0.70900E+01  0.99419E+00  0.21669E-17
 0.71000E+01  0.99418E+00 -0.76429E-18
 0.71100E+01  0.99416E+00 -0.34487E-17
 0.71200E+01  0.99414E+00 -0.95019E-18
 0.71300E+01  0.99413E+00  0.57414E-18
 0.71400E+01  0.99411E+00  0.18249E-17
 0.71500E+01  0.99410E+00  0.15427E-17
 0.71600E+01  0.99408E+00  0.59246E-17
 0.71700E+01  0.99406E+00 -0.41649E-17
 0.71800E+01  0.99405E+00  0.98690E-18
 0.71900E+01  0.99403E+00  0.53743E-17
 0.72000E+01  0.99402E+00 -0.38381E-18
 0.72100E+01  0.99400E+00 -0.11496E-16
 0.72200E+01  0.99398E+00 -0.44783E-17
 0.72300E+01  0.99397E+00  0.24959E-18
 0.72400E+01  0.99395E+00  0.46839E-17
 0.72500E+01  0.99394E+00 -0.55985E-18
 0.72600E+01  0.99392E+00  0.36786E-17
 0.72700E+01  0.99390E+00  0.64514E-18
 0.72800E+01  0.99389E+00 -0.32416E-17
 0.72900E+01  0.99387E+00 -0.24119E-17
 0.73000E+01  0.99386E+00  0.46493E-17
 0.73100E+01  0.99384E+00 -0.34804E-17
 0.73200E+01  0.99382E+00  0.58881E-17
 0.73300E+01  0.99381E+00  0.58450E-17
 0.73400E+01  0.99379E+00 -0.25484E-17
 0.73500E+01  0.99377E+00 -0.34396E-17
 0.73600E+01  0.99376E+00 -0.74973E-18
 0.73700E+01  0.99374E+00 -0.63126E-17
 0.73800E+01  0.99373E+00 -0.50768E-17
 0.73900E+01  0.99371E+00 -0.69843E-17
 0.74000E+01  0.99369E+00  0.59784E-17
 0.74100E+01  0.99368E+00  0.83105E-19
 0.74200E+01  0.99366E+00 -0.19021E-17
 0.74300E+01  0.99364E+00  0.11020E-17
 0.74400E+01  0.99363E+00 -0.41547E-18
 0.74500E+01  0.99361E+00  0.32736E-17
 0.74600E+01  0.99359E+00 -0.78134E-17
 0.74700E+01  0.99358E+00  0.55700E-18
 0.74800E+01  0.99356E+00 -0.22087E-17
 0.74900E+01  0.99354E+00 -0.24697E-17
 0.75000E+01  0.99353E+00 -0.69176E-17
 0.75100E+01  0.99351E+00  0.11722E-17
 0.75200E+01  0.99349E+00 -0.48991E-17
 0.75300E+01  0.99348E+00  0.45846E-17
 0.75400E+01  0.99346E+00  0.16510E-17
 0.75500E+01  0.99344E+00 -0.25850E-17
 0.75600E+01  0.99343E+00 -0.74336E-17
 0.75700E+01  0.99341E+00 -0.60280E-17
 0.75800E+01  0.99339E+00 -0.29288E-18
 0.75900E+01  0.99338E+00  0.46316E-17
 0.76000E+01  0.99336E+00  0.50998E-17
 0.76100E+01  0.99334E+00  0.23336E-17
 0.76200E+01  0.99333E+00  0.45029E-18
 0.76300E+01  0.99331E+00  0.27922E-18
 0.76400E+01  0.99329E+00 -0.13229E-17
 0.76500E+01  0.99328E+00 -0.17909E-17
 0.76600E+01  0.99326E+00 -0.44679E-17
 0.76700E+01  0.99324E+00  0.28582E-18
 0.76800E+01  0.99323E+00 -0.83110E-17
 0.76900E+01  0.99321E+00 -0.54881E-18
 0.77000E+01  0.99319E+00 -0.14510E-17
 0.77100E+01  0.99318E+00  0.72236E-17
 0.77200E+01  0.99316E+00 -0.41850E-17
 0.77300E+01  0.99314E+00 -0.65198E-17
 0.77400E+01  0.99312E+00 -0.35624E-17
 0.77500E+01  0.99311E+00  0.49234E-17
 0.77600E+01  0.99309E+00  0.11919E-17
 0.77700E+01  0.99307E+00 -0.18361E-18
 0.77800E+01  0.99306E+00  0.79220E-17
 0.77900E+01  0.99304E+00  0.22457E-17
 0.78000E+01  0.99302E+00  0.55302E-17
 0.78100E+01  0.99300E+00 -0.43696E-17
 0.78200E+01  0.99299E+00 -0.75852E-17
 0.78300E+01  0.99297E+00 -0.31121E-17
 0.78400E+01  0.99295E+00 -0.61208E-17
 0.78500E+01  0.99294E+00  0.10734E-17
 0.78600E+01  0.99292E+00 -0.55175E-17
 0.78700E+01  0.99290E+00  0.11570E-17
 0.78800E+01  0.99288E+00 -0.80542E-17
 0.78900E+01  0.99287E+00  0.21418E-17
 0.79000E+01  0.99285E+00 -0.29719E-17
 0.79100E+01  0.99283E+00 -0.48298E-17
 0.79200E+01  0.99281E+00 -0.63334E-17
 0.79300E+01  0.99280E+00  0.40997E-17
 0.79400E+01  0.99278E+00 -0.26091E-18
 0.79500E+01  0.99276E+00  0.14569E-17
 0.79600E+01  0.99275E+00  0.72155E-18
 0.79700E+01  0.99273E+00  0.34144E-17
 0.79800E+01  0.99271E+00  0.50121E-17
 0.79900E+01  0.99269E+00 -0.13935E-17
 0.80000E+01  0.99268E+00 -0.67211E-17
 0.80100E+01  0.99266E+00  0.57013E-17
 0.80200E+01  0.99264E+00  0.18159E-17
 0.80300E+01  0.99262E+00 -0.45404E-17
 0.80400E+01  0.99261E+00 -0.62060E-18
 0.80500E+01  0.99259E+00  0.54790E-17
 0.80600E+01  0.99257E+00 -0.39630E-17
 0.80700E+01  0.99255E+00  0.21922E-17
 0.80800E+01  0.99253E+00  0.50920E-17
 0.80900E+01  0.99252E+00 -0.33002E-17
 0.81000E+01  0.99250E+00 -0.60333E-17
 0.81100E+01  0.99248E+00  0.13231E-17
 0.81200E+01  0.99246E+00 -0.28396E-18
 0.81300E+01  0.99245E+00  0.32963E-17
 0.81400E+01  0.99243E+00 -0.31441E-17
 0.81500E+01  0.99241E+00 -0.85071E-17
 0.81600E+01  0.99239E+00  0.31741E-17
 0.81700E+01  0.99238E+00 -0.73114E-17
 0.81800E+01  0.99236E+00 -0.17425E-17
 0.81900E+01  0.99234E+00 -0.26625E-17
 0.82000E+01  0.99232E+00 -0.52256E-17
 0.82100E+01  0.99230E+00 -0.40403E-17
 0.82200E+01  0.99229E+00 -0.52822E-17
 0.82300E+01  0.99227E+00 -0.73215E-17
 0.82400E+01  0.99225E+00  0.25922E-17
 0.82500E+01  0.99223E+00 -0.85822E-17
 0.82600E+01  0.99221E+00  0.98544E-17
 0.82700E+01  0.99220E+00  0.85657E-18
 0.82800E+01  0.99218E+00 -0.43990E-17
 0.82900E+01  0.99216E+00 -0.24472E-17
 0.83000E+01  0.99214E+00  0.67706E-17
 0.83100E+01  0.99212E+00  0.64847E-18
 0.83200E+01  0.99211E+00 -0.16530E-17
 0.83300E+01  0.99209E+00 -0.46617E-17
 0.83400E+01  0.99207E+00  0.11739E-17
 0.83500E+01  0.99205E+00 -0.17432E-17
 0.83600E+01  0.99203E+00  0.33341E-17
 0.83700E+01  0.99202E+00 -0.31041E-17
 0.83800E+01  0.99200E+00 -0.80732E-17
 0.83900E+01  0.99198E+00 -0.18792E-17
 0.84000E+01  0.99196E+00 -0.56145E-17
 0.84100E+01  0.99194E+00 -0.33929E-17
 0.84200E+01  0.99192E+00  0.32568E-17
 0.84300E+01  0.99191E+00  0.45565E-17
 0.84400E+01  0.99189E+00  0.29023E-17
 0.84500E+01  0.99187E+00  0.18219E-17
 0.84600E+01  0.99185E+00  0.60634E-17
 0.84700E+01  0.99183E+00 -0.80456E-17
 0.84800E+01  0.99181E+00  0.12113E-17
 0.84900E+01  0.99180E+00  0.10835E-17
 0.85000E+01  0.99178E+00  0.49198E-18
 0.85100E+01  0.99176E+00  0.40606E-18
 0.85200E+01  0.99174E+00  0.21552E-17
 0.85300E+01  0.99172E+00  0.22002E-17
 0.85400E+01  0.99170E+00 -0.52573E-17
 0.85500E+01  0.99169E+00 -0.24244E-17
 0.85600E+01  0.99167E+00 -0.10835E-17
 0.85700E+01  0.99165E+00 -0.83961E-17
 0.85800E+01  0.99163E+00  0.46514E-17
 0.85900E+01  0.99161E+00  0.42321E-17
 0.86000E+01  0.99159E+00  0.14151E-17
 0.86100E+01  0.99157E+00 -0.34568E-17
 0.86200E+01  0.99156E+00 -0.34239E-17
 0.86300E+01  0.99154E+00 -0.26815E-17
 0.86400E+01  0.99152E+00  0.29116E-17
 0.86500E+01  0.99150E+00 -0.35003E-17
 0.86600E+01  0.99148E+00  0.31736E-17
 0.86700E+01  0.99146E+00  0.68732E-17
 0.86800E+01  0.99144E+00 -0.64020E-18
 0.86900E+01  0.99142E+00  0.36688E-17
 0.87000E+01  0.99141E+00  0.47685E-18
 0.87100E+01  0.99139E+00 -0.42979E-17
 0.87200E+01  0.99137E+00 -0.98445E-18
 0.87300E+01  0.99135E+00 -0.69224E-17
 0.87400E+01  0.99133E+00 -0.25982E-17
 0.87500E+01  0.99131E+00  0.48962E-17
 0.87600E+01  0.99129E+00 -0.70598E-17
 0.87700E+01  0.99127E+00 -0.17355E-17
 0.87800E+01  0.99126E+00 -0.15477E-17
 0.87900E+01  0.99124E+00 -0.40405E-17
 0.88000E+01  0.99122E+00 -0.17988E-17
 0.88100E+01  0.99120E+00 -0.18040E-17
 0.88200E+01  0.99118E+00  0.14942E-17
 0.88300E+01  0.99116E+00 -0.60350E-17
 0.88400E+01  0.99114E+00  0.20003E-17
 0.88500E+01  0.99112E+00  0.18533E-17
 0.88600E+01  0.99110E+00 -0.79350E-17
 0.88700E+01  0.99108E+00 -0.57070E-17
 0.88800E+01  0.99107E+00 -0.20995E-17
 0.88900E+01  0.99105E+00  0.60958E-18
 0.89000E+01  0.99103E+00 -0.11924E-17
 0.89100E+01  0.99101E+00  0.46036E-17
 0.89200E+01  0.99099E+00  0.49280E-17
 0.89300E+01  0.99097E+00  0.59817E-17
 0.89400E+01  0.99095E+00 -0.15185E-18
 0.89500E+01  0.99093E+00  0.94619E-17
 0.89600E+01  0.99091E+00  0.13108E-17
 0.89700E+01  0.99089E+00 -0.92351E-18
 0.89800E+01  0.99087E+00 -0.35115E-17
 0.89900E+01  0.99085E+00 -0.50005E-17
 0.90000E+01  0.99084E+00 -0.44691E-17
 0.90100E+01  0.99082E+00  0.11286E-17
 0.90200E+01  0.99080E+00  0.59248E-17
 0.90300E+01  0.99078E+00  0.68991E-17
 0.90400E+01  0.99076E+00 -0.27569E-17
 0.90500E+01  0.99074E+00 -0.44896E-17
 0.90600E+01  0.99072E+00 -0.46598E-17
 0.90700E+01  0.99070E+00 -0.92898E-17
 0.90800E+01  0.99068E+00 -0.62764E-17
 0.90900E+01  0.99066E+00  0.69035E-17
 0.91000E+01  0.99064E+00 -0.78951E-17
 0.91100E+01  0.99062E+00 -0.22415E-17
 0.91200E+01  0.99060E+00  0.83606E-18
 0.91300E+01  0.99058E+00 -0.43213E-17
 0.91400E+01  0.99056E+00 -0.48204E-17
 0.91500E+01  0.99054E+00  0.68513E-17
 0.91600E+01  0.99052E+00  0.27896E-17
 0.91700E+01  0.99051E+00  0.47497E-17
 0.91800E+01  0.99049E+00  0.41334E-17
 0.91900E+01  0.99047E+00 -0.20730E-17
 0.92000E+01  0.99045E+00 -0.22662E-17
 0.92100E+01  0.99043E+00  0.10011E-16
 0.92200E+01  0.99041E+00 -0.55897E-17
 0.92300E+01  0.99039E+00  0.51574E-17
 0.92400E+01  0.99037E+00 -0.25784E-17
 0.92500E+01  0.99035E+00  0.50003E-17
 0.92600E+01  0.99033E+00 -0.24196E-17
 0.92700E+01  0.99031E+00 -0.35722E-17
 0.92800E+01  0.99029E+00  0.10427E-17
 0.92900E+01  0.99027E+00  0.41634E-17
 0.93000E+01  0.99025E+00 -0.10750E-17
 0.93100E+01  0.99023E+00 -0.28207E-18
 0.93200E+01  0.99021E+00  0.41100E-17
 0.93300E+01  0.99019E+00 -0.46134E-17
 0.93400E+01  0.99017E+00  0.12980E-16
 0.93500E+01  0.99015E+00  0.75599E-17
 0.93600E+01  0.99013E+00 -0.42050E-17
 0.93700E+01  0.99011E+00 -0.66769E-17
 0.93800E+01  0.99009E+00 -0.11931E-17
 0.93900E+01  0.99007E+00 -0.22097E-17
 0.94000E+01  0.99005E+00  0.41484E-17
 0.94100E+01  0.99003E+00 -0.15371E-17
 0.94200E+01  0.99001E+00  0.22692E-17
 0.94300E+01  0.98999E+00 -0.20453E-17
 0.94400E+01  0.98997E+00 -0.34699E-17
 0.94500E+01  0.98995E+00  0.92657E-18
 0.94600E+01  0.98993E+00  0.26214E-17
 0.94700E+01  0.98991E+00  0.26127E-17
 0.94800E+01  0.98989E+00  0.56181E-17
 0.94900E+01  0.98987E+00 -0.96980E-17
 0.95000E+01  0.98985E+00  0.12873E-17
 0.95100E+01  0.98983E+00 -0.72486E-18
 0.95200E+01  0.98981E+00 -0.24724E-17
 0.95300E+01  0.98979E+00 -0.74936E-17
 0.95400E+01  0.98977E+00 -0.42503E-17
 0.95500E+01  0.98975E+00  0.79621E-17
 0.95600E+01  0.98973E+00 -0.12493E-17
 0.95700E+01  0.98971E+00 -0.51155E-17
 0.95800E+01  0.98969E+00  0.50176E-17
 0.95900E+01  0.98967E+00 -0.21634E-17
 0.96000E+01  0.98965E+00 -0.20059E-17
 0.96100E+01  0.98963E+00  0.23643E-17
 0.96200E+01  0.98961E+00  0.19072E-17
 0.96300E+01  0.98959E+00 -0.19578E-17
 0.96400E+01  0.98957E+00  0.38041E-18
 0.96500E+01  0.98955E+00 -0.52664E-17
 0.96600E+01  0.98953E+00 -0.44027E-17
 0.96700E+01  0.98951E+00  0.15560E-16
 0.96800E+01  0.98949E+00  0.20039E-17
 0.96900E+01  0.98947E+00 -0.41837E-17
 0.97000E+01  0.98945E+00 -0.13640E-17
 0.97100E+01  0.98942E+00  0.96972E-17
 0.97200E+01  0.98940E+00  0.58541E-17
 0.97300E+01  0.98938E+00  0.14049E-18
 0.97400E+01  0.98936E+00 -0.11446E-16
 0.97500E+01  0.98934E+00  0.52633E-18
 0.97600E+01  0.98932E+00  0.11861E-16
 0.97700E+01  0.98930E+00 -0.89933E-18
 0.97800E+01  0.98928E+00 -0.42700E-17
 0.97900E+01  0.98926E+00  0.38016E-17
 0.98000E+01  0.98924E+00  0.34081E-17
 0.98100E+01  0.98922E+00  0.22787E-17
 0.98200E+01  0.98920E+00 -0.51327E-17
 0.98300E+01  0.98918E+00 -0.19182E-18
 0.98400E+01  0.98916E+00  0.21439E-17
 0.98500E+01  0.98914E+00 -0.48692E-17
 0.98600E+01  0.98912E+00 -0.73106E-17
 0.98700E+01  0.98910E+00  0.30806E-17
 0.98800E+01  0.98907E+00 -0.29805E-17
 0.98900E+01  0.98905E+00 -0.25081E-18
 0.99000E+01  0.98903E+00 -0.57232E-17
 0.99100E+01  0.98901E+00  0.98546E-17
 0.99200E+01  0.98899E+00 -0.13716E-16
 0.99300E+01  0.98897E+00  0.57957E-17
 0.99400E+01  0.98895E+00 -0.11116E-17
 0.99500E+01  0.98893E+00  0.69467E-18
 0.99600E+01  0.98891E+00 -0.46095E-17
 0.99700E+01  0.98889E+00 -0.78280E-18
 0.99800E+01  0.98887E+00  0.98745E-18
 0.99900E+01  0.98885E+00 -0.27545E-17
 0.10000E+02  0.98882E+00 -0.56946E-17
 0.10010E+02  0.98880E+00 -0.10429E-17
 0.10020E+02  0.98878E+00 -0.15930E-17
 0.10030E+02  0.98876E+00 -0.13012E-16
 0.10040E+02  0.98874E+00  0.42262E-17
 0.10050E+02  0.98872E+00  0.28680E-17
 0.10060E+02  0.98870E+00  0.17943E-17
 0.10070E+02  0.98868E+00 -0.14882E-17
 0.10080E+02  0.98866E+00 -0.53541E-17
 0.10090E+02  0.98864E+00  0.97698E-18
 0.10100E+02  0.98861E+00  0.57084E-17
 0.10110E+02  0.98859E+00 -0.54751E-17
 0.10120E+02  0.98857E+00 -0.61612E-17
 0.10130E+02  0.98855E+00  0.10174E-16
 0.10140E+02  0.98853E+00  0.76164E-17
 0.10150E+02  0.98851E+00  0.10400E-16
 0.10160E+02  0.98849E+00 -0.32591E-19
 0.10170E+02  0.98847E+00 -0.89979E-17
 0.10180E+02  0.98845E+00  0.10934E-16
 0.10190E+02  0.98842E+00  0.11717E-16
 0.10200E+02  0.98840E+00 -0.14692E-17
 0.10210E+02  0.98838E+00 -0.95735E-18
 0.10220E+02  0.98836E+00  0.28853E-17
 0.10230E+02  0.98834E+00  0.49225E-17
 0.10240E+02  0.98832E+00  0.65454E-18
 0.10250E+02  0.98830E+00  0.40439E-17
 0.10260E+02  0.98828E+00 -0.83979E-18
 0.10270E+02  0.98825E+00  0.13362E-16
 0.10280E+02  0.98823E+00  0.44691E-18
 0.10290E+02  0.98821E+00 -0.26126E-17
 0.10300E+02  0.98819E+00  0.13430E-16
 0.10310E+02  0.98817E+00 -0.27904E-19
 0.10320E+02  0.98815E+00  0.17305E-16
 0.10330E+02  0.98813E+00  0.17810E-17
 0.10340E+02  0.98810E+00  0.15641E-17
 0.10350E+02  0.98808E+00 -0.45499E-17
 0.10360E+02  0.98806E+00  0.42565E-17
 0.10370E+02  0.98804E+00  0.10920E-17
 0.10380E+02  0.98802E+00  0.27189E-17
 0.10390E+02  0.98800E+00 -0.66629E-17
 0.10400E+02  0.98797E+00  0.52790E-17
 0.10410E+02  0.98795E+00  0.63920E-17
 0.10420E+02  0.98793E+00  0.23843E-17
 0.10430E+02  0.98791E+00 -0.29547E-17
 0.10440E+02  0.98789E+00 -0.36825E-17
 0.10450E+02  0.98787E+00 -0.41190E-18
 0.10460E+02  0.98785E+00 -0.29930E-17
 0.10470E+02  0.98782E+00  0.17190E-17
 0.10480E+02  0.98780E+00 -0.62690E-17
 0.10490E+02  0.98778E+00  0.84864E-17
 0.10500E+02  0.98776E+00  0.92244E-17
 0.10510E+02  0.98774E+00 -0.48612E-17
 0.10520E+02  0.98771E+00  0.37244E-17
 0.10530E+02  0.98769E+00 -0.23210E-17
 0.10540E+02  0.98767E+00  0.92503E-17
 0.10550E+02  0.98765E+00  0.32834E-17
 0.10560E+02  0.98763E+00  0.51587E-17
 0.10570E+02  0.98761E+00  0.21502E-17
 0.10580E+02  0.98758E+00  0.83841E-17
 0.10590E+02  0.98756E+00 -0.66501E-17
 0.10600E+02  0.98754E+00 -0.21727E-17
 0.10610E+02  0.98752E+00  0.56125E-17
 0.10620E+02  0.98750E+00 -0.58504E-17
 0.10630E+02  0.98747E+00 -0.10965E-17
 0.10640E+02  0.98745E+00 -0.52309E-17
 0.10650E+02  0.98743E+00  0.16814E-16
 0.10660E+02  0.98741E+00 -0.46013E-17
 0.10670E+02  0.98739E+00  0.25775E-18
 0.10680E+02  0.98737E+00 -0.69658E-17
 0.10690E+02  0.98734E+00  0.65350E-17
 0.10700E+02  0.98732E+00 -0.78835E-18
 0.10710E+02  0.98730E+00  0.25656E-17
 0.10720E+02  0.98728E+00 -0.13586E-17
 0.10730E+02  0.98725E+00 -0.40787E-17
 0.10740E+02  0.98723E+00  0.10405E-16
 0.10750E+02  0.98721E+00  0.22850E-17
 0.10760E+02  0.98719E+00  0.11070E-16
 0.10770E+02  0.98717E+00 -0.60064E-17
 0.10780E+02  0.98714E+00 -0.30985E-17
 0.10790E+02  0.98712E+00  0.31790E-17
 0.10800E+02  0.98710E+00 -0.11092E-16
 0.10810E+02  0.98708E+00 -0.15799E-16
 0.10820E+02  0.98706E+00 -0.74442E-17
 0.10830E+02  0.98703E+00  0.69304E-17
 0.10840E+02  0.98701E+00  0.99586E-17
 0.10850E+02  0.98699E+00 -0.63073E-17
 0.10860E+02  0.98697E+00  0.31506E-17
 0.10870E+02  0.98694E+00  0.12381E-16
 0.10880E+02  0.98692E+00  0.29707E-17
 0.10890E+02  0.98690E+00  0.85250E-17
 0.10900E+02  0.98688E+00  0.70914E-17
 0.10910E+02  0.98686E+00  0.36518E-17
 0.10920E+02  0.98683E+00  0.18654E-17
 0.10930E+02  0.98681E+00 -0.73536E-17
 0.10940E+02  0.98679E+00  0.14201E-16
 0.10950E+02  0.98677E+00 -0.39446E-17
 0.10960E+02  0.98674E+00 -0.43701E-17
 0.10970E+02  0.98672E+00  0.30512E-18
 0.10980E+02  0.98670E+00 -0.83204E-17
 0.10990E+02  0.98668E+00  0.56643E-17
 0.11000E+02  0.98665E+00 -0.39722E-17
 0.11010E+02  0.98663E+00 -0.27169E-17
 0.11020E+02  0.98661E+00 -0.42606E-17
 0.11030E+02  0.98659E+00  0.81165E-17
 0.11040E+02  0.98656E+00 -0.63202E-17
 0.11050E+02  0.98654E+00  0.77117E-17
 0.11060E+02  0.98652E+00 -0.92442E-17
 0.11070E+02  0.98650E+00 -0.48799E-17
 0.11080E+02  0.98647E+00  0.19336E-17
 0.11090E+02  0.98645E+00  0.33785E-17
 0.11100E+02  0.98643E+00  0.22259E-16
 0.11110E+02  0.98641E+00  0.52462E-17
 0.11120E+02  0.98638E+00 -0.73633E-17
 0.11130E+02  0.98636E+00  0.10050E-16
 0.11140E+02  0.98634E+00  0.22548E-18
 0.11150E+02  0.98631E+00 -0.12138E-16
 0.11160E+02  0.98629E+00  0.11528E-16
 0.11170E+02  0.98627E+00 -0.37927E-17
 0.11180E+02  0.98625E+00 -0.60822E-17
 0.11190E+02  0.98622E+00 -0.52288E-18
 0.11200E+02  0.98620E+00  0.95281E-17
 0.11210E+02  0.98618E+00  0.13257E-16
 0.11220E+02  0.98616E+00  0.56192E-17
 0.11230E+02  0.98613E+00 -0.53575E-17
 0.11240E+02  0.98611E+00 -0.24328E-17
 0.11250E+02  0.98609E+00 -0.33146E-17
 0.11260E+02  0.98606E+00 -0.32179E-17
 0.11270E+02  0.98604E+00 -0.44271E-17
 0.11280E+02  0.98602E+00  0.22925E-17
 0.11290E+02  0.98600E+00 -0.48400E-17
 0.11300E+02  0.98597E+00 -0.32166E-17
 0.11310E+02  0.98595E+00  0.21474E-17
 0.11320E+02  0.98593E+00  0.86070E-17
 0.11330E+02  0.98590E+00  0.26578E-17
 0.11340E+02  0.98588E+00 -0.12611E-16
 0.11350E+02  0.98586E+00 -0.71515E-17
 0.11360E+02  0.98584E+00  0.40011E-18
 0.11370E+02  0.98581E+00 -0.41189E-17
 0.11380E+02  0.98579E+00  0.12262E-16
 0.11390E+02  0.98577E+00 -0.45215E-17
 0.11400E+02  0.98574E+00 -0.52115E-18
 0.11410E+02  0.98572E+00  0.46519E-17
 0.11420E+02  0.98570E+00  0.61881E-17
 0.11430E+02  0.98567E+00  0.66022E-17
 0.11440E+02  0.98565E+00 -0.83736E-18
 0.11450E+02  0.98563E+00 -0.10343E-16
 0.11460E+02  0.98560E+00 -0.63237E-17
 0.11470E+02  0.98558E+00 -0.63937E-17
 0.11480E+02  0.98556E+00  0.95158E-17
 0.11490E+02  0.98553E+00 -0.16769E-17
 0.11500E+02  0.98551E+00 -0.61137E-18
 0.11510E+02  0.98549E+00  0.19483E-17
 0.11520E+02  0.98547E+00  0.73780E-17
 0.11530E+02  0.98544E+00  0.10135E-16
 0.11540E+02  0.98542E+00 -0.38819E-17
 0.11550E+02  0.98540E+00  0.10081E-17
 0.11560E+02  0.98537E+00  0.87402E-17
 0.11570E+02  0.98535E+00  0.75437E-17
 0.11580E+02  0.98533E+00  0.71536E-17
 0.11590E+02  0.98530E+00 -0.35722E-17
 0.11600E+02  0.98528E+00 -0.50789E-17
 0.11610E+02  0.98526E+00  0.89619E-17
 0.11620E+02  0.98523E+00  0.71082E-18
 0.11630E+02  0.98521E+00  0.46480E-18
 0.11640E+02  0.98519E+00  0.12329E-16
 0.11650E+02  0.98516E+00  0.49138E-17
 0.11660E+02  0.98514E+00  0.88126E-17
 0.11670E+02  0.98512E+00  0.14201E-16
 0.11680E+02  0.98509E+00  0.91808E-18
 0.11690E+02  0.98507E+00  0.12451E-16
 0.11700E+02  0.98504E+00  0.10163E-16
 0.11710E+02  0.98502E+00 -0.68293E-17
 0.11720E+02  0.98500E+00  0.70335E-17
 0.11730E+02  0.98497E+00  0.10304E-16
 0.11740E+02  0.98495E+00 -0.31631E-17
 0.11750E+02  0.98493E+00 -0.57189E-17
 0.11760E+02  0.98490E+00  0.64723E-17
 0.11770E+02  0.98488E+00 -0.72971E-17
 0.11780E+02  0.98486E+00  0.12110E-17
 0.11790E+02  0.98483E+00  0.17060E-17
 0.11800E+02  0.98481E+00  0.66657E-17
 0.11810E+02  0.98479E+00  0.11629E-18
 0.11820E+02  0.98476E+00 -0.53783E-17
 0.11830E+02  0.98474E+00 -0.46283E-17
 0.11840E+02  0.98471E+00  0.97626E-17
 0.11850E+02  0.98469E+00 -0.32523E-17
 0.11860E+02  0.98467E+00 -0.12470E-17
 0.11870E+02  0.98464E+00  0.11499E-16
 0.11880E+02  0.98462E+00  0.21577E-17
 0.11890E+02  0.98460E+00  0.13559E-17
 0.11900E+02  0.98457E+00 -0.12658E-17
 0.11910E+02  0.98455E+00  0.25135E-17
 0.11920E+02  0.98452E+00  0.91379E-17
 0.11930E+02  0.98450E+00  0.12321E-16
 0.11940E+02  0.98448E+00 -0.10415E-16
 0.11950E+02  0.98445E+00  0.68093E-17
 0.11960E+02  0.98443E+00  0.58124E-17
 0.11970E+02  0.98441E+00 -0.12341E-17
 0.11980E+02  0.98438E+00  0.49543E-17
 0.11990E+02  0.98436E+00  0.23589E-16
 0.12000E+02  0.98433E+00  0.28224E-17
 0.12010E+02  0.98431E+00  0.33765E-17
 0.12020E+02  0.98429E+00  0.25399E-17
 0.12030E+02  0.98426E+00  0.73694E-18
 0.12040E+02  0.98424E+00  0.49755E-17
 0.12050E+02  0.98421E+00  0.32348E-17
 0.12060E+02  0.98419E+00 -0.39067E-17
 0.12070E+02  0.98417E+00  0.44912E-17
 0.12080E+02  0.98414E+00 -0.45080E-17
 0.12090E+02  0.98412E+00 -0.43874E-17
 0.12100E+02  0.98409E+00  0.47831E-17
 0.12110E+02  0.98407E+00 -0.10705E-16
 0.12120E+02  0.98405E+00  0.15116E-16
 0.12130E+02  0.98402E+00 -0.37685E-17
 0.12140E+02  0.98400E+00 -0.16445E-17
 0.12150E+02  0.98397E+00  0.25006E-17
 0.12160E+02  0.98395E+00  0.71488E-17
 0.12170E+02  0.98393E+00 -0.81240E-17
 0.12180E+02  0.98390E+00 -0.82054E-17
 0.12190E+02  0.98388E+00  0.12133E-17
 0.12200E+02  0.98385E+00 -0.97551E-17
 0.12210E+02  0.98383E+00 -0.44277E-17
 0.12220E+02  0.98380E+00 -0.27611E-17
 0.12230E+02  0.98378E+00  0.80769E-17
 0.12240E+02  0.98376E+00  0.16135E-16
 0.12250E+02  0.98373E+00 -0.94124E-18
 0.12260E+02  0.98371E+00  0.17218E-17
 0.12270E+02  0.98368E+00  0.38874E-17
 0.12280E+02  0.98366E+00  0.17094E-16
 0.12290E+02  0.98364E+00  0.73062E-17
 0.12300E+02  0.98361E+00  0.84720E-17
 0.12310E+02  0.98359E+00  0.46728E-17
 0.12320E+02  0.98356E+00 -0.37805E-17
 0.12330E+02  0.98354E+00 -0.60778E-17
 0.12340E+02  0.98351E+00  0.78667E-17
 0.12350E+02  0.98349E+00 -0.23195E-17
 0.12360E+02  0.98346E+00  0.43785E-17
 0.12370E+02  0.98344E+00  0.64768E-17
 0.12380E+02  0.98342E+00  0.63054E-18
 0.12390E+02  0.98339E+00  0.36542E-17
 0.12400E+02  0.98337E+00 -0.22564E-17
 0.12410E+02  0.98334E+00 -0.72928E-17
 0.12420E+02  0.98332E+00  0.10278E-16
 0.12430E+02  0.98329E+00  0.67422E-19
 0.12440E+02  0.98327E+00 -0.53729E-17
 0.12450E+02  0.98324E+00 -0.35008E-17
 0.12460E+02  0.98322E+00 -0.81495E-17
 0.12470E+02  0.98320E+00  0.48549E-17
 0.12480E+02  0.98317E+00  0.22685E-17
 0.12490E+02  0.98315E+00 -0.11891E-16
 0.12500E+02  0.98312E+00  0.14859E-16
 0.12510E+02  0.98310E+00 -0.21468E-17
 0.12520E+02  0.98307E+00  0.45676E-17
 0.12530E+02  0.98305E+00 -0.58401E-18
 0.12540E+02  0.98302E+00  0.62958E-17
 0.12550E+02  0.98300E+00 -0.13830E-17
 0.12560E+02  0.98297E+00  0.66506E-17
 0.12570E+02  0.98295E+00 -0.96621E-17
 0.12580E+02  0.98292E+00 -0.45376E-17
 0.12590E+02  0.98290E+00  0.23001E-17
 0.12600E+02  0.98288E+00 -0.44997E-17
 0.12610E+02  0.98285E+00 -0.26136E-17
 0.12620E+02  0.98283E+00 -0.30139E-17
 0.12630E+02  0.98280E+00 -0.16704E-17
 0.12640E+02  0.98278E+00  0.24861E-17
 0.12650E+02  0.98275E+00 -0.15563E-16
 0.12660E+02  0.98273E+00 -0.29462E-17
 0.12670E+02  0.98270E+00  0.64786E-17
 0.12680E+02  0.98268E+00  0.94455E-17
 0.12690E+02  0.98265E+00  0.46598E-18
 0.12700E+02  0.98263E+00 -0.20146E-17
 0.12710E+02  0.98260E+00  0.10164E-16
 0.12720E+02  0.98258E+00 -0.46711E-18
 0.12730E+02  0.98255E+00  0.67452E-18
 0.12740E+02  0.98253E+00  0.99498E-17
 0.12750E+02  0.98250E+00  0.38146E-17
 0.12760E+02  0.98248E+00 -0.48766E-17
 0.12770E+02  0.98245E+00 -0.22043E-17
 0.12780E+02  0.98243E+00  0.47471E-17
 0.12790E+02  0.98240E+00  0.21737E-17
 0.12800E+02  0.98238E+00 -0.49425E-17
 0.12810E+02  0.98235E+00  0.16534E-16
 0.12820E+02  0.98233E+00 -0.39390E-17
 0.12830E+02  0.98230E+00 -0.50596E-17
 0.12840E+02  0.98228E+00 -0.35845E-17
 0.12850E+02  0.98225E+00 -0.11913E-17
 0.12860E+02  0.98223E+00 -0.11391E-17
 0.12870E+02  0.98220E+00 -0.58167E-17
 0.12880E+02  0.98218E+00 -0.61673E-17
 0.12890E+02  0.98215E+00  0.40677E-17
 0.12900E+02  0.98213E+00 -0.38464E-17
 0.12910E+02  0.98210E+00  0.56934E-17
 0.12920E+02  0.98208E+00  0.48901E-17
 0.12930E+02  0.98205E+00 -0.12486E-18
 0.12940E+02  0.98203E+00  0.81056E-17
 0.12950E+02  0.98200E+00 -0.10465E-16
 0.12960E+02  0.98198E+00 -0.16420E-17
 0.12970E+02  0.98195E+00  0.68093E-17
 0.12980E+02  0.98193E+00  0.14701E-16
 0.12990E+02  0.98190E+00  0.10767E-17
 0.13000E+02  0.98188E+00 -0.27416E-17
 0.13010E+02  0.98185E+00  0.79348E-18
 0.13020E+02  0.98183E+00 -0.10037E-16
 0.13030E+02  0.98180E+00 -0.11934E-16
 0.13040E+02  0.98178E+00 -0.16922E-16
 0.13050E+02  0.98175E+00 -0.15251E-17
 0.13060E+02  0.98173E+00  0.88874E-18
 0.13070E+02  0.98170E+00 -0.23548E-17
 0.13080E+02  0.98167E+00  0.95991E-17
 0.13090E+02  0.98165E+00 -0.13714E-16
 0.13100E+02  0.98162E+00  0.42295E-17
 0.13110E+02  0.98160E+00 -0.40941E-18
 0.13120E+02  0.98157E+00 -0.14227E-17
 0.13130E+02  0.98155E+00  0.19048E-17
 0.13140E+02  0.98152E+00 -0.15809E-17
 0.13150E+02  0.98150E+00  0.87663E-18
 0.13160E+02  0.98147E+00  0.72529E-17
 0.13170E+02  0.98145E+00  0.11203E-17
 0.13180E+02  0.98142E+00  0.71518E-17
 0.13190E+02  0.98140E+00  0.87467E-17
 0.13200E+02  0.98137E+00 -0.38078E-17
 0.13210E+02  0.98134E+00  0.80388E-18
 0.13220E+02  0.98132E+00 -0.13232E-16
 0.13230E+02  0.98129E+00  0.10236E-16
 0.13240E+02  0.98127E+00  0.91875E-18
 0.13250E+02  0.98124E+00 -0.50370E-17
 0.13260E+02  0.98122E+00  0.68798E-17
 0.13270E+02  0.98119E+00 -0.40239E-17
 0.13280E+02  0.98117E+00 -0.52063E-17
 0.13290E+02  0.98114E+00 -0.35659E-17
 0.13300E+02  0.98111E+00  0.29370E-17
 0.13310E+02  0.98109E+00 -0.54111E-17
 0.13320E+02  0.98106E+00  0.18977E-17
 0.13330E+02  0.98104E+00  0.65213E-17
 0.13340E+02  0.98101E+00 -0.31085E-17
 0.13350E+02  0.98099E+00 -0.12118E-16
 0.13360E+02  0.98096E+00 -0.11232E-16
 0.13370E+02  0.98093E+00  0.11939E-16
 0.13380E+02  0.98091E+00  0.44235E-17
 0.13390E+02  0.98088E+00  0.76631E-17
 0.13400E+02  0.98086E+00  0.12458E-16
 0.13410E+02  0.98083E+00  0.26363E-17
 0.13420E+02  0.98081E+00  0.92594E-17
 0.13430E+02  0.98078E+00 -0.25945E-17
 0.13440E+02  0.98075E+00  0.23687E-17
 0.13450E+02  0.98073E+00  0.11630E-16
 0.13460E+02  0.98070E+00  0.60560E-17
 0.13470E+02  0.98068E+00  0.46203E-17
 0.13480E+02  0.98065E+00 -0.98395E-17
 0.13490E+02  0.98063E+00 -0.74803E-17
 0.13500E+02  0.98060E+00  0.87354E-17
 0.13510E+02  0.98057E+00  0.42293E-17
 0.13520E+02  0.98055E+00 -0.48810E-17
 0.13530E+02  0.98052E+00 -0.13059E-16
 0.13540E+02  0.98050E+00  0.56900E-17
 0.13550E+02  0.98047E+00 -0.11692E-16
 0.13560E+02  0.98044E+00  0.57681E-17
 0.13570E+02  0.98042E+00  0.10059E-16
 0.13580E+02  0.98039E+00  0.53493E-17
 0.13590E+02  0.98037E+00 -0.45340E-17
 0.13600E+02  0.98034E+00 -0.19251E-18
 0.13610E+02  0.98031E+00 -0.19202E-16
 0.13620E+02  0.98029E+00  0.19957E-17
 0.13630E+02  0.98026E+00 -0.14912E-18
 0.13640E+02  0.98024E+00  0.28940E-17
 0.13650E+02  0.98021E+00 -0.76827E-17
 0.13660E+02  0.98018E+00 -0.13125E-16
 0.13670E+02  0.98016E+00 -0.60239E-17
 0.13680E+02  0.98013E+00 -0.67579E-18
 0.13690E+02  0.98011E+00 -0.28784E-17
 0.13700E+02  0.98008E+00  0.64704E-17
 0.13710E+02  0.98005E+00  0.22545E-16
 0.13720E+02  0.98003E+00  0.79509E-17
 0.13730E+02  0.98000E+00 -0.67923E-17
 0.13740E+02  0.97998E+00 -0.48648E-17
 0.13750E+02  0.97995E+00 -0.86398E-17
 0.13760E+02  0.97992E+00  0.86884E-17
 0.13770E+02  0.97990E+00 -0.33113E-17
 0.13780E+02  0.97987E+00 -0.53673E-17
 0.13790E+02  0.97984E+00  0.10512E-17
 0.13800E+02  0.97982E+00 -0.16489E-16
 0.13810E+02  0.97979E+00  0.48581E-17
 0.13820E+02  0.97977E+00  0.24796E-18
 0.13830E+02  0.97974E+00  0.17971E-17
 0.13840E+02  0.97971E+00  0.21690E-17
 0.13850E+02  0.97969E+00  0.60228E-17
 0.13860E+02  0.97966E+00 -0.13700E-17
 0.13870E+02  0.97963E+00  0.81875E-17
 0.13880E+02  0.97961E+00 -0.13811E-16
 0.13890E+02  0.97958E+00 -0.14207E-17
 0.13900E+02  0.97956E+00  0.86841E-17
 0.13910E+02  0.97953E+00 -0.30922E-17
 0.13920E+02  0.97950E+00 -0.71951E-17
 0.13930E+02  0.97948E+00 -0.54480E-18
 0.13940E+02  0.97945E+00 -0.18611E-17
 0.13950E+02  0.97942E+00 -0.22765E-16
 0.13960E+02  0.97940E+00 -0.10294E-16
 0.13970E+02  0.97937E+00 -0.10631E-16
 0.13980E+02  0.97934E+00 -0.12336E-16
 0.13990E+02  0.97932E+00 -0.61055E-17
 0.14000E+02  0.97929E+00  0.11474E-17
 0.14010E+02  0.97927E+00 -0.17235E-16
 0.14020E+02  0.97924E+00  0.88326E-17
 0.14030E+02  0.97921E+00  0.10586E-17
 0.14040E+02  0.97919E+00  0.26946E-17
 0.14050E+02  0.97916E+00  0.12683E-16
 0.14060E+02  0.97913E+00  0.48189E-17
 0.14070E+02  0.97911E+00  0.90855E-17
 0.14080E+02  0.97908E+00 -0.11166E-17
 0.14090E+02  0.97905E+00  0.33192E-17
 0.14100E+02  0.97903E+00 -0.51366E-17
 0.14110E+02  0.97900E+00 -0.83591E-17
 0.14120E+02  0.97897E+00 -0.39401E-18
 0.14130E+02  0.97895E+00  0.92626E-17
 0.14140E+02  0.97892E+00 -0.18922E-17
 0.14150E+02  0.97889E+00  0.46950E-18
 0.14160E+02  0.97887E+00 -0.14882E-17
 0.14170E+02  0.97884E+00  0.12457E-18
 0.14180E+02  0.97881E+00  0.13834E-17
 0.14190E+02  0.97879E+00  0.36237E-17
 0.14200E+02  0.97876E+00 -0.20396E-17
 0.14210E+02  0.97873E+00  0.11586E-16
 0.14220E+02  0.97871E+00 -0.57504E-18
 0.14230E+02  0.97868E+00  0.23414E-17
 0.14240E+02  0.97865E+00 -0.84876E-17
 0.14250E+02  0.97863E+00 -0.84650E-17
 0.14260E+02  0.97860E+00  0.39299E-17
 0.14270E+02  0.97857E+00 -0.81247E-17
 0.14280E+02  0.97855E+00 -0.12062E-17
 0.14290E+02  0.97852E+00 -0.38071E-17
 0.14300E+02  0.97849E+00  0.98524E-17
 0.14310E+02  0.97847E+00  0.54169E-17
 0.14320E+02  0.97844E+00  0.34456E-17
 0.14330E+02  0.97841E+00  0.23409E-17
 0.14340E+02  0.97839E+00 -0.25403E-16
 0.14350E+02  0.97836E+00  0.15049E-16
 0.14360E+02  0.97833E+00 -0.20137E-16
 0.14370E+02  0.97831E+00  0.16038E-16
 0.14380E+02  0.97828E+00  0.95622E-17
 0.14390E+02  0.97825E+00  0.12542E-16
 0.14400E+02  0.97822E+00 -0.23601E-17
 0.14410E+02  0.97820E+00 -0.30916E-16
 0.14420E+02  0.97817E+00  0.13434E-17
 0.14430E+02  0.97814E+00  0.68167E-18
 0.14440E+02  0.97812E+00  0.45896E-17
 0.14450E+02  0.97809E+00 -0.46092E-17
 0.14460E+02  0.97806E+00  0.76507E-17
 0.14470E+02  0.97804E+00  0.85353E-17
 0.14480E+02  0.97801E+00  0.54425E-17
 0.14490E+02  0.97798E+00  0.48037E-17
 0.14500E+02  0.97795E+00 -0.32541E-17
 0.14510E+02  0.97793E+00 -0.83659E-17
 0.14520E+02  0.97790E+00  0.22956E-17
 0.14530E+02  0.97787E+00 -0.40437E-17
 0.14540E+02  0.97785E+00  0.14617E-17
 0.14550E+02  0.97782E+00 -0.13122E-17
 0.14560E+02  0.97779E+00 -0.72063E-17
 0.14570E+02  0.97777E+00 -0.36171E-17
 0.14580E+02  0.97774E+00 -0.73458E-17
 0.14590E+02  0.97771E+00 -0.40647E-17
 0.14600E+02  0.97768E+00 -0.12303E-16
 0.14610E+02  0.97766E+00  0.12687E-17
 0.14620E+02  0.97763E+00  0.20058E-17
 0.14630E+02  0.97760E+00 -0.11325E-16
 0.14640E+02  0.97758E+00 -0.55406E-17
 0.14650E+02  0.97755E+00 -0.28389E-17
 0.14660E+02  0.97752E+00  0.37194E-17
 0.14670E+02  0.97749E+00  0.27564E-17
 0.14680E+02  0.97747E+00  0.16683E-17
 0.14690E+02  0.97744E+00  0.14907E-16
 0.14700E+02  0.97741E+00  0.15669E-17
 0.14710E+02  0.97738E+00 -0.23641E-17
 0.14720E+02  0.97736E+00 -0.86692E-18
 0.14730E+02  0.97733E+00  0.88648E-17
 0.14740E+02  0.97730E+00 -0.31271E-17
 0.14750E+02  0.97728E+00  0.15549E-16
 0.14760E+02  0.97725E+00  0.22979E-17
 0.14770E+02  0.97722E+00  0.53718E-17
 0.14780E+02  0.97719E+00  0.75838E-17
 0.14790E+02  0.97717E+00  0.16247E-16
 0.14800E+02  0.97714E+00  0.49188E-18
 0.14810E+02  0.97711E+00 -0.97782E-17
 0.14820E+02  0.97708E+00  0.52219E-17
 0.14830E+02  0.97706E+00  0.13919E-16
 0.14840E+02  0.97703E+00  0.12025E-17
 0.14850E+02  0.97700E+00 -0.11732E-16
 0.14860E+02  0.97697E+00 -0.53396E-17
 0.14870E+02  0.97695E+00  0.79537E-17
 0.14880E+02  0.97692E+00 -0.34989E-17
 0.14890E+02  0.97689E+00  0.98271E-17
 0.14900E+02  0.97686E+00  0.83202E-17
 0.14910E+02  0.97684E+00 -0.17929E-17
 0.14920E+02  0.97681E+00 -0.67901E-17
 0.14930E+02  0.97678E+00  0.95378E-18
 0.14940E+02  0.97675E+00 -0.72018E-17
 0.14950E+02  0.97673E+00  0.23467E-17
 0.14960E+02  0.97670E+00 -0.76479E-17
 0.14970E+02  0.97667E+00  0.43074E-18
 0.14980E+02  0.97664E+00  0.10519E-16
 0.14990E+02  0.97662E+00 -0.49662E-17
 0.15000E+02  0.97659E+00 -0.55509E-17
 0.15010E+02  0.97656E+00 -0.13307E-16
 0.15020E+02  0.97653E+00 -0.20390E-16
 0.15030E+02  0.97651E+00 -0.23278E-17
 0.15040E+02  0.97648E+00  0.19972E-16
 0.15050E+02  0.97645E+00 -0.22226E-17
 0.15060E+02  0.97642E+00  0.75832E-17
 0.15070E+02  0.97640E+00 -0.11563E-16
 0.15080E+02  0.97637E+00 -0.67848E-17
 0.15090E+02  0.97634E+00 -0.41659E-17
 0.15100E+02  0.97631E+00  0.46597E-17
 0.15110E+02  0.97629E+00  0.98026E-17
 0.15120E+02  0.97626E+00  0.12607E-16
 0.15130E+02  0.97623E+00 -0.66595E-17
 0.15140E+02  0.97620E+00  0.23725E-17
 0.15150E+02  0.97617E+00  0.48831E-17
 0.15160E+02  0.97615E+00 -0.13316E-17
 0.15170E+02  0.97612E+00  0.15339E-16
 0.15180E+02  0.97609E+00 -0.77067E-17
 0.15190E+02  0.97606E+00 -0.79878E-17
 0.15200E+02  0.97604E+00  0.27660E-17
 0.15210E+02  0.97601E+00 -0.10180E-16
 0.15220E+02  0.97598E+00 -0.20121E-16
 0.15230E+02  0.97595E+00  0.67970E-17
 0.15240E+02  0.97592E+00  0.41666E-17
 0.15250E+02  0.97590E+00 -0.30004E-17
 0.15260E+02  0.97587E+00 -0.94245E-17
 0.15270E+02  0.97584E+00  0.22710E-17
 0.15280E+02  0.97581E+00  0.91857E-17
 0.15290E+02  0.97578E+00  0.56919E-17
 0.15300E+02  0.97576E+00 -0.80893E-18
 0.15310E+02  0.97573E+00 -0.20212E-16
 0.15320E+02  0.97570E+00 -0.15726E-16
 0.15330E+02  0.97567E+00  0.20676E-16
 0.15340E+02  0.97565E+00 -0.53958E-17
 0.15350E+02  0.97562E+00  0.72726E-17
 0.15360E+02  0.97559E+00 -0.47733E-17
 0.15370E+02  0.97556E+00  0.59597E-17
 0.15380E+02  0.97553E+00  0.10957E-16
 0.15390E+02  0.97551E+00  0.56275E-17
 0.15400E+02  0.97548E+00 -0.79352E-17
 0.15410E+02  0.97545E+00  0.15419E-17
 0.15420E+02  0.97542E+00  0.43790E-18
 0.15430E+02  0.97539E+00  0.76576E-17
 0.15440E+02  0.97537E+00  0.37249E-17
 0.15450E+02  0.97534E+00  0.82927E-17
 0.15460E+02  0.97531E+00  0.18478E-16
 0.15470E+02  0.97528E+00 -0.18987E-17
 0.15480E+02  0.97525E+00  0.11098E-17
 0.15490E+02  0.97523E+00  0.91692E-17
 0.15500E+02  0.97520E+00  0.50982E-17
 0.15510E+02  0.97517E+00  0.50620E-19
 0.15520E+02  0.97514E+00 -0.23181E-16
 0.15530E+02  0.97511E+00  0.10933E-16
 0.15540E+02  0.97508E+00  0.89328E-17
 0.15550E+02  0.97506E+00  0.13806E-17
 0.15560E+02  0.97503E+00  0.12032E-16
 0.15570E+02  0.97500E+00  0.11743E-16
 0.15580E+02  0.97497E+00 -0.12052E-16
 0.15590E+02  0.97494E+00  0.18668E-17
 0.15600E+02  0.97492E+00  0.19175E-16
 0.15610E+02  0.97489E+00 -0.22207E-17
 0.15620E+02  0.97486E+00 -0.31838E-18
 0.15630E+02  0.97483E+00  0.16840E-16
 0.15640E+02  0.97480E+00  0.69801E-17
 0.15650E+02  0.97477E+00 -0.27938E-17
 0.15660E+02  0.97475E+00 -0.15116E-16
 0.15670E+02  0.97472E+00 -0.14413E-16
 0.15680E+02  0.97469E+00  0.67308E-17
 0.15690E+02  0.97466E+00 -0.91389E-18
 0.15700E+02  0.97463E+00  0.31116E-17
 0.15710E+02  0.97460E+00  0.11407E-16
 0.15720E+02  0.97458E+00  0.31564E-17
 0.15730E+02  0.97455E+00 -0.58735E-17
 0.15740E+02  0.97452E+00 -0.22055E-17
 0.15750E+02  0.97449E+00  0.26567E-17
 0.15760E+02  0.97446E+00 -0.74785E-17
 0.15770E+02  0.97443E+00 -0.15012E-16
 0.15780E+02  0.97441E+00 -0.23726E-17
 0.15790E+02  0.97438E+00  0.70241E-17
 0.15800E+02  0.97435E+00 -0.77592E-17
 0.15810E+02  0.97432E+00  0.10893E-16
 0.15820E+02  0.97429E+00 -0.98212E-17
 0.15830E+02  0.97426E+00  0.13017E-16
 0.15840E+02  0.97424E+00 -0.93961E-17
 0.15850E+02  0.97421E+00  0.39742E-17
 0.15860E+02  0.97418E+00  0.85950E-17
 0.15870E+02  0.97415E+00  0.75176E-18
 0.15880E+02  0.97412E+00 -0.32820E-17
 0.15890E+02  0.97409E+00 -0.49761E-17
 0.15900E+02  0.97406E+00 -0.14846E-17
 0.15910E+02  0.97404E+00  0.75968E-20
 0.15920E+02  0.97401E+00 -0.74759E-17
 0.15930E+02  0.97398E+00  0.12518E-16
 0.15940E+02  0.97395E+00  0.10144E-16
 0.15950E+02  0.97392E+00  0.15117E-16
 0.15960E+02  0.97389E+00  0.60559E-17
 0.15970E+02  0.97386E+00  0.45994E-17
 0.15980E+02  0.97384E+00  0.81580E-17
 0.15990E+02  0.97381E+00 -0.10301E-16
 0.16000E+02  0.97378E+00 -0.40018E-17
 0.16010E+02  0.97375E+00  0.18152E-18
 0.16020E+02  0.97372E+00 -0.64797E-17
 0.16030E+02  0.97369E+00 -0.12882E-16
 0.16040E+02  0.97366E+00  0.18409E-16
 0.16050E+02  0.97364E+00 -0.49548E-17
 0.16060E+02  0.97361E+00  0.10882E-18
 0.16070E+02  0.97358E+00 -0.33585E-17
 0.16080E+02  0.97355E+00  0.89367E-18
 0.16090E+02  0.97352E+00  0.89832E-18
 0.16100E+02  0.97349E+00 -0.28039E-17
 0.16110E+02  0.97346E+00  0.31439E-17
 0.16120E+02  0.97343E+00 -0.14726E-16
 0.16130E+02  0.97341E+00  0.10581E-16
 0.16140E+02  0.97338E+00 -0.39869E-17
 0.16150E+02  0.97335E+00  0.20489E-17
 0.16160E+02  0.97332E+00  0.69655E-17
 0.16170E+02  0.97329E+00 -0.15568E-17
 0.16180E+02  0.97326E+00 -0.13221E-16
 0.16190E+02  0.97323E+00  0.51123E-17
 0.16200E+02  0.97320E+00 -0.12810E-16
 0.16210E+02  0.97318E+00  0.23772E-17
 0.16220E+02  0.97315E+00 -0.13752E-16
 0.16230E+02  0.97312E+00  0.70201E-17
 0.16240E+02  0.97309E+00  0.11317E-16
 0.16250E+02  0.97306E+00 -0.11808E-16
 0.16260E+02  0.97303E+00  0.24323E-17
 0.16270E+02  0.97300E+00  0.50370E-17
 0.16280E+02  0.97297E+00  0.10636E-16
 0.16290E+02  0.97294E+00  0.12509E-16
 0.16300E+02  0.97292E+00  0.96147E-17
 0.16310E+02  0.97289E+00  0.99831E-18
 0.16320E+02  0.97286E+00  0.38046E-17
 0.16330E+02  0.97283E+00  0.13587E-16
 0.16340E+02  0.97280E+00  0.23171E-17
 0.16350E+02  0.97277E+00 -0.12602E-17
 0.16360E+02  0.97274E+00 -0.22787E-17
 0.16370E+02  0.97271E+00  0.74733E-17
 0.16380E+02  0.97268E+00  0.28633E-17
 0.16390E+02  0.97266E+00 -0.10122E-17
 0.16400E+02  0.97263E+00  0.20926E-16
 0.16410E+02  0.97260E+00  0.30738E-17
 0.16420E+02  0.97257E+00 -0.92461E-17
 0.16430E+02  0.97254E+00 -0.65146E-17
 0.16440E+02  0.97251E+00 -0.72716E-17
 0.16450E+02  0.97248E+00 -0.30166E-17
 0.16460E+02  0.97245E+00 -0.16722E-17
 0.16470E+02  0.97242E+00  0.14222E-16
 0.16480E+02  0.97239E+00  0.10824E-16
 0.16490E+02  0.97236E+00 -0.51572E-18
 0.16500E+02  0.97234E+00 -0.16424E-18
 0.16510E+02  0.97231E+00  0.16779E-16
 0.16520E+02  0.97228E+00  0.97741E-17
 0.16530E+02  0.97225E+00  0.13126E-16
 0.16540E+02  0.97222E+00  0.88347E-17
 0.16550E+02  0.97219E+00 -0.61328E-17
 0.16560E+02  0.97216E+00 -0.12001E-16
 0.16570E+02  0.97213E+00 -0.26182E-17
 0.16580E+02  0.97210E+00  0.10697E-16
 0.16590E+02  0.97207E+00 -0.20082E-17
 0.16600E+02  0.97204E+00  0.10532E-16
 0.16610E+02  0.97201E+00 -0.82217E-18
 0.16620E+02  0.97199E+00  0.98544E-17
 0.16630E+02  0.97196E+00 -0.13170E-16
 0.16640E+02  0.97193E+00  0.38152E-17
 0.16650E+02  0.97190E+00 -0.68166E-17
 0.16660E+02  0.97187E+00  0.15702E-16
 0.16670E+02  0.97184E+00 -0.68136E-17
 0.16680E+02  0.97181E+00  0.84132E-17
 0.16690E+02  0.97178E+00 -0.25595E-18
 0.16700E+02  0.97175E+00 -0.36819E-17
 0.16710E+02  0.97172E+00  0.14241E-17
 0.16720E+02  0.97169E+00  0.45046E-17
 0.16730E+02  0.97166E+00  0.89815E-17
 0.16740E+02  0.97163E+00  0.14525E-17
 0.16750E+02  0.97161E+00 -0.92040E-18
 0.16760E+02  0.97158E+00  0.55418E-17
 0.16770E+02  0.97155E+00  0.18267E-16
 0.16780E+02  0.97152E+00  0.19114E-16
 0.16790E+02  0.97149E+00 -0.26691E-18
 0.16800E+02  0.97146E+00 -0.14183E-16
 0.16810E+02  0.97143E+00  0.98037E-18
 0.16820E+02  0.97140E+00  0.10881E-16
 0.16830E+02  0.97137E+00 -0.22393E-17
 0.16840E+02  0.97134E+00  0.45885E-17
 0.16850E+02  0.97131E+00 -0.10586E-16
 0.16860E+02  0.97128E+00  0.74372E-17
 0.16870E+02  0.97125E+00  0.65876E-18
 0.16880E+02  0.97122E+00 -0.12961E-16
 0.16890E+02  0.97119E+00 -0.10515E-16
 0.16900E+02  0.97116E+00 -0.58768E-17
 0.16910E+02  0.97113E+00 -0.41496E-17
 0.16920E+02  0.97111E+00  0.18093E-18
 0.16930E+02  0.97108E+00  0.10056E-17
 0.16940E+02  0.97105E+00  0.91167E-17
 0.16950E+02  0.97102E+00 -0.22268E-17
 0.16960E+02  0.97099E+00  0.86674E-17
 0.16970E+02  0.97096E+00  0.12604E-16
 0.16980E+02  0.97093E+00  0.24442E-17
 0.16990E+02  0.97090E+00  0.26401E-17
 0.17000E+02  0.97087E+00 -0.19701E-17
 0.17010E+02  0.97084E+00 -0.96615E-17
 0.17020E+02  0.97081E+00 -0.10696E-16
 0.17030E+02  0.97078E+00  0.46898E-19
 0.17040E+02  0.97075E+00  0.87980E-17
 0.17050E+02  0.97072E+00  0.51712E-17
 0.17060E+02  0.97069E+00 -0.15137E-16
 0.17070E+02  0.97066E+00  0.27034E-16
 0.17080E+02  0.97063E+00  0.40261E-17
 0.17090E+02  0.97060E+00 -0.60165E-17
 0.17100E+02  0.97057E+00 -0.10051E-16
 0.17110E+02  0.97054E+00  0.72653E-19
 0.17120E+02  0.97051E+00 -0.47244E-17
 0.17130E+02  0.97048E+00 -0.12506E-16
 0.17140E+02  0.97045E+00 -0.27914E-18
 0.17150E+02  0.97042E+00 -0.20114E-16
 0.17160E+02  0.97039E+00 -0.20231E-17
 0.17170E+02  0.97036E+00  0.53416E-17
 0.17180E+02  0.97034E+00  0.10051E-16
 0.17190E+02  0.97031E+00  0.62014E-17
 0.17200E+02  0.97028E+00 -0.46458E-17
 0.17210E+02  0.97025E+00 -0.63390E-17
 0.17220E+02  0.97022E+00  0.72318E-17
 0.17230E+02  0.97019E+00  0.35766E-17
 0.17240E+02  0.97016E+00  0.16140E-17
 0.17250E+02  0.97013E+00 -0.64086E-17
 0.17260E+02  0.97010E+00  0.15307E-17
 0.17270E+02  0.97007E+00  0.20391E-17
 0.17280E+02  0.97004E+00 -0.59882E-17
 0.17290E+02  0.97001E+00  0.31348E-17
 0.17300E+02  0.96998E+00  0.27914E-17
 0.17310E+02  0.96995E+00  0.25078E-17
 0.17320E+02  0.96992E+00  0.69727E-17
 0.17330E+02  0.96989E+00 -0.25016E-17
 0.17340E+02  0.96986E+00 -0.82302E-17
 0.17350E+02  0.96983E+00 -0.82540E-17
 0.17360E+02  0.96980E+00 -0.19489E-16
 0.17370E+02  0.96977E+00 -0.25477E-17
 0.17380E+02  0.96974E+00 -0.77497E-17
 0.17390E+02  0.96971E+00 -0.76904E-18
 0.17400E+02  0.96968E+00  0.12452E-16
 0.17410E+02  0.96965E+00  0.27246E-17
 0.17420E+02  0.96962E+00  0.39023E-17
 0.17430E+02  0.96959E+00  0.38450E-17
 0.17440E+02  0.96956E+00  0.10291E-18
 0.17450E+02  0.96953E+00  0.93405E-17
 0.17460E+02  0.96950E+00  0.71272E-17
 0.17470E+02  0.96947E+00  0.49082E-17
 0.17480E+02  0.96944E+00 -0.76522E-17
 0.17490E+02  0.96941E+00  0.36407E-17
 0.17500E+02  0.96938E+00  0.20349E-16
 0.17510E+02  0.96935E+00 -0.42713E-17
 0.17520E+02  0.96932E+00 -0.24920E-17
 0.17530E+02  0.96929E+00  0.13207E-16
 0.17540E+02  0.96926E+00 -0.21269E-16
 0.17550E+02  0.96923E+00 -0.62568E-17
 0.17560E+02  0.96920E+00  0.98415E-18
 0.17570E+02  0.96917E+00  0.52703E-17
 0.17580E+02  0.96914E+00  0.42709E-17
 0.17590E+02  0.96911E+00 -0.82794E-17
 0.17600E+02  0.96908E+00 -0.43450E-17
 0.17610E+02  0.96905E+00  0.16461E-16
 0.17620E+02  0.96902E+00  0.45212E-17
 0.17630E+02  0.96899E+00  0.11502E-16
 0.17640E+02  0.96896E+00  0.23901E-17
 0.17650E+02  0.96893E+00 -0.79269E-17
 0.17660E+02  0.96890E+00  0.51827E-17
 0.17670E+02  0.96887E+00  0.96675E-17
 0.17680E+02  0.96884E+00  0.13398E-16
 0.17690E+02  0.96881E+00 -0.29371E-17
 0.17700E+02  0.96878E+00  0.75451E-17
 0.17710E+02  0.96875E+00 -0.52890E-17
 0.17720E+02  0.96872E+00  0.82440E-17
 0.17730E+02  0.96869E+00  0.12464E-16
 0.17740E+02  0.96866E+00 -0.12705E-17
 0.17750E+02  0.96863E+00  0.14288E-16
 0.17760E+02  0.96860E+00  0.40085E-17
 0.17770E+02  0.96857E+00  0.24191E-17
 0.17780E+02  0.96854E+00  0.91645E-18
 0.17790E+02  0.96851E+00 -0.37897E-17
 0.17800E+02  0.96848E+00  0.11099E-16
 0.17810E+02  0.96844E+00 -0.11505E-16
 0.17820E+02  0.96841E+00  0.19572E-17
 0.17830E+02  0.96838E+00  0.42683E-17
 0.17840E+02  0.96835E+00 -0.17518E-17
 0.17850E+02  0.96832E+00  0.16596E-16
 0.17860E+02  0.96829E+00  0.10077E-18
 0.17870E+02  0.96826E+00  0.89156E-18
 0.17880E+02  0.96823E+00  0.94972E-17
 0.17890E+02  0.96820E+00  0.25032E-17
 0.17900E+02  0.96817E+00 -0.33704E-17
 0.17910E+02  0.96814E+00 -0.53058E-17
 0.17920E+02  0.96811E+00  0.55208E-17
 0.17930E+02  0.96808E+00  0.24528E-17
 0.17940E+02  0.96805E+00 -0.12137E-16
 0.17950E+02  0.96802E+00 -0.17965E-16
 0.17960E+02  0.96799E+00 -0.32849E-18
 0.17970E+02  0.96796E+00 -0.25447E-17
 0.17980E+02  0.96793E+00 -0.12455E-16
 0.17990E+02  0.96790E+00  0.97765E-17
 0.18000E+02  0.96787E+00  0.22417E-16
 0.18010E+02  0.96784E+00  0.12094E-16
 0.18020E+02  0.96781E+00  0.21249E-16
 0.18030E+02  0.96778E+00  0.24213E-17
 0.18040E+02  0.96775E+00 -0.11581E-16
 0.18050E+02  0.96772E+00  0.89847E-17
 0.18060E+02  0.96769E+00  0.17836E-16
 0.18070E+02  0.96765E+00  0.30742E-17
 0.18080E+02  0.96762E+00  0.43934E-17
 0.18090E+02  0.96759E+00 -0.40950E-17
 0.18100E+02  0.96756E+00  0.52655E-17
 0.18110E+02  0.96753E+00 -0.13638E-17
 0.18120E+02  0.96750E+00  0.12253E-16
 0.18130E+02  0.96747E+00  0.35034E-17
 0.18140E+02  0.96744E+00 -0.18489E-16
 0.18150E+02  0.96741E+00  0.59512E-17
 0.18160E+02  0.96738E+00 -0.13510E-17
 0.18170E+02  0.96735E+00  0.12557E-17
 0.18180E+02  0.96732E+00 -0.74680E-18
 0.18190E+02  0.96729E+00  0.56612E-18
 0.18200E+02  0.96726E+00  0.21532E-16
 0.18210E+02  0.96723E+00 -0.10848E-17
 0.18220E+02  0.96720E+00  0.52406E-17
 0.18230E+02  0.96717E+00  0.47229E-17
 0.18240E+02  0.96714E+00 -0.74438E-18
 0.18250E+02  0.96710E+00  0.38816E-17
 0.18260E+02  0.96707E+00 -0.73042E-18
 0.18270E+02  0.96704E+00 -0.69193E-17
 0.18280E+02  0.96701E+00 -0.13815E-17
 0.18290E+02  0.96698E+00 -0.19926E-16
 0.18300E+02  0.96695E+00 -0.38048E-17
 0.18310E+02  0.96692E+00  0.10486E-16
 0.18320E+02  0.96689E+00  0.16569E-16
 0.18330E+02  0.96686E+00 -0.68036E-17
 0.18340E+02  0.96683E+00  0.36667E-17
 0.18350E+02  0.96680E+00 -0.84132E-18
 0.18360E+02  0.96677E+00 -0.11543E-16
 0.18370E+02  0.96674E+00  0.16155E-16
 0.18380E+02  0.96671E+00  0.24873E-16
 0.18390E+02  0.96667E+00 -0.65358E-17
 0.18400E+02  0.96664E+00 -0.65807E-17
 0.18410E+02  0.96661E+00 -0.20120E-16
 0.18420E+02  0.96658E+00  0.60817E-17
 0.18430E+02  0.96655E+00 -0.54656E-17
 0.18440E+02  0.96652E+00  0.89880E-17
 0.18450E+02  0.96649E+00 -0.12742E-17
 0.18460E+02  0.96646E+00  0.25524E-17
 0.18470E+02  0.96643E+00  0.14089E-17
 0.18480E+02  0.96640E+00 -0.77481E-17
 0.18490E+02  0.96637E+00 -0.99113E-17
 0.18500E+02  0.96634E+00 -0.93710E-17
 0.18510E+02  0.96630E+00  0.97082E-18
 0.18520E+02  0.96627E+00  0.59274E-17
 0.18530E+02  0.96624E+00 -0.22406E-17
 0.18540E+02  0.96621E+00 -0.12295E-16
 0.18550E+02  0.96618E+00  0.24046E-17
 0.18560E+02  0.96615E+00 -0.65408E-17
 0.18570E+02  0.96612E+00  0.13792E-16
 0.18580E+02  0.96609E+00 -0.87127E-18
 0.18590E+02  0.96606E+00 -0.58744E-17
 0.18600E+02  0.96603E+00  0.54812E-17
 0.18610E+02  0.96600E+00 -0.53341E-17
 0.18620E+02  0.96597E+00  0.97951E-17
 0.18630E+02  0.96593E+00  0.10392E-16
 0.18640E+02  0.96590E+00  0.93473E-17
 0.18650E+02  0.96587E+00  0.51158E-17
 0.18660E+02  0.96584E+00  0.30808E-17
 0.18670E+02  0.96581E+00  0.74947E-17
 0.18680E+02  0.96578E+00 -0.76995E-18
 0.18690E+02  0.96575E+00  0.41377E-17
 0.18700E+02  0.96572E+00 -0.11801E-16
 0.18710E+02  0.96569E+00 -0.58689E-17
 0.18720E+02  0.96566E+00  0.15679E-17
 0.18730E+02  0.96562E+00 -0.41259E-18
 0.18740E+02  0.96559E+00 -0.41048E-17
 0.18750E+02  0.96556E+00 -0.18473E-17
 0.18760E+02  0.96553E+00  0.98420E-17
 0.18770E+02  0.96550E+00 -0.11471E-16
 0.18780E+02  0.96547E+00  0.14211E-16
 0.18790E+02  0.96544E+00  0.65276E-17
 0.18800E+02  0.96541E+00 -0.34243E-17
 0.18810E+02  0.96538E+00 -0.70283E-17
 0.18820E+02  0.96534E+00 -0.83747E-17
 0.18830E+02  0.96531E+00 -0.14429E-16
 0.18840E+02  0.96528E+00  0.31570E-17
 0.18850E+02  0.96525E+00 -0.23985E-16
 0.18860E+02  0.96522E+00  0.10616E-16
 0.18870E+02  0.96519E+00 -0.17178E-16
 0.18880E+02  0.96516E+00 -0.84801E-18
 0.18890E+02  0.96513E+00  0.10728E-16
 0.18900E+02  0.96510E+00 -0.56706E-17
 0.18910E+02  0.96506E+00  0.40812E-17
 0.18920E+02  0.96503E+00  0.48071E-17
 0.18930E+02  0.96500E+00  0.22164E-17
 0.18940E+02  0.96497E+00 -0.18069E-16
 0.18950E+02  0.96494E+00 -0.83972E-17
 0.18960E+02  0.96491E+00 -0.54913E-17
 0.18970E+02  0.96488E+00 -0.72869E-17
 0.18980E+02  0.96485E+00 -0.19216E-16
 0.18990E+02  0.96481E+00  0.87662E-17
 0.19000E+02  0.96478E+00  0.94644E-17
 0.19010E+02  0.96475E+00 -0.10789E-16
 0.19020E+02  0.96472E+00  0.31641E-17
 0.19030E+02  0.96469E+00  0.39701E-17
 0.19040E+02  0.96466E+00 -0.12994E-16
 0.19050E+02  0.96463E+00  0.10930E-17
 0.19060E+02  0.96460E+00 -0.14433E-16
 0.19070E+02  0.96456E+00 -0.75675E-17
 0.19080E+02  0.96453E+00 -0.16248E-16
 0.19090E+02  0.96450E+00  0.71232E-17
 0.19100E+02  0.96447E+00  0.10873E-16
 0.19110E+02  0.96444E+00  0.97721E-17
 0.19120E+02  0.96441E+00 -0.64541E-17
 0.19130E+02  0.96438E+00  0.30807E-17
 0.19140E+02  0.96435E+00  0.59541E-17
 0.19150E+02  0.96431E+00 -0.10266E-17
 0.19160E+02  0.96428E+00  0.80614E-18
 0.19170E+02  0.96425E+00  0.36835E-17
 0.19180E+02  0.96422E+00  0.20504E-17
 0.19190E+02  0.96419E+00  0.63677E-17
 0.19200E+02  0.96416E+00 -0.98990E-18
 0.19210E+02  0.96413E+00  0.29061E-17
 0.19220E+02  0.96409E+00  0.20633E-17
 0.19230E+02  0.96406E+00 -0.89668E-17
 0.19240E+02  0.96403E+00 -0.27955E-16
 0.19250E+02  0.96400E+00  0.16341E-17
 0.19260E+02  0.96397E+00  0.12868E-16
 0.19270E+02  0.96394E+00 -0.18085E-16
 0.19280E+02  0.96391E+00  0.93424E-17
 0.19290E+02  0.96387E+00 -0.11360E-17
 0.19300E+02  0.96384E+00  0.86411E-17
 0.19310E+02  0.96381E+00 -0.10135E-16
 0.19320E+02  0.96378E+00  0.16993E-16
 0.19330E+02  0.96375E+00 -0.10886E-17
 0.19340E+02  0.96372E+00  0.19079E-16
 0.19350E+02  0.96369E+00 -0.19529E-16
 0.19360E+02  0.96365E+00  0.63342E-17
 0.19370E+02  0.96362E+00  0.82368E-17
 0.19380E+02  0.96359E+00  0.22797E-18
 0.19390E+02  0.96356E+00  0.60358E-17
 0.19400E+02  0.96353E+00 -0.12660E-17
 0.19410E+02  0.96350E+00  0.95669E-17
 0.19420E+02  0.96347E+00 -0.89551E-17
 0.19430E+02  0.96343E+00  0.35159E-17
 0.19440E+02  0.96340E+00  0.12746E-16
 0.19450E+02  0.96337E+00  0.63430E-17
 0.19460E+02  0.96334E+00  0.11434E-16
 0.19470E+02  0.96331E+00  0.54537E-18
 0.19480E+02  0.96328E+00  0.13454E-16
 0.19490E+02  0.96324E+00  0.15510E-17
 0.19500E+02  0.96321E+00  0.99471E-17
 0.19510E+02  0.96318E+00 -0.16021E-17
 0.19520E+02  0.96315E+00  0.71182E-18
 0.19530E+02  0.96312E+00 -0.15389E-17
 0.19540E+02  0.96309E+00 -0.73177E-18
 0.19550E+02  0.96305E+00  0.52678E-17
 0.19560E+02  0.96302E+00  0.17846E-16
 0.19570E+02  0.96299E+00  0.31512E-17
 0.19580E+02  0.96296E+00  0.69840E-17
 0.19590E+02  0.96293E+00 -0.15138E-16
 0.19600E+02  0.96290E+00 -0.59170E-17
 0.19610E+02  0.96286E+00 -0.33380E-17
 0.19620E+02  0.96283E+00  0.30627E-17
 0.19630E+02  0.96280E+00 -0.11876E-17
 0.19640E+02  0.96277E+00 -0.28509E-17
 0.19650E+02  0.96274E+00  0.10966E-16
 0.19660E+02  0.96271E+00 -0.84434E-17
 0.19670E+02  0.96267E+00  0.18077E-16
 0.19680E+02  0.96264E+00 -0.16752E-18
 0.19690E+02  0.96261E+00 -0.19717E-17
 0.19700E+02  0.96258E+00 -0.67141E-17
 0.19710E+02  0.96255E+00  0.30229E-17
 0.19720E+02  0.96252E+00  0.24528E-16
 0.19730E+02  0.96248E+00  0.14314E-16
 0.19740E+02  0.96245E+00  0.44832E-17
 0.19750E+02  0.96242E+00 -0.61744E-18
 0.19760E+02  0.96239E+00  0.98031E-17
 0.19770E+02  0.96236E+00  0.34091E-17
 0.19780E+02  0.96232E+00  0.12771E-16
 0.19790E+02  0.96229E+00 -0.59362E-18
 0.19800E+02  0.96226E+00  0.77615E-17
 0.19810E+02  0.96223E+00  0.45456E-17
 0.19820E+02  0.96220E+00 -0.15613E-17
 0.19830E+02  0.96217E+00  0.99219E-17
 0.19840E+02  0.96213E+00  0.23284E-16
 0.19850E+02  0.96210E+00  0.14944E-16
 0.19860E+02  0.96207E+00  0.11418E-16
 0.19870E+02  0.96204E+00  0.47693E-17
 0.19880E+02  0.96201E+00 -0.68189E-18
 0.19890E+02  0.96197E+00 -0.43145E-17
 0.19900E+02  0.96194E+00 -0.16116E-16
 0.19910E+02  0.96191E+00  0.39057E-17
 0.19920E+02  0.96188E+00 -0.18327E-16
 0.19930E+02  0.96185E+00  0.53003E-17
 0.19940E+02  0.96182E+00  0.14578E-16
 0.19950E+02  0.96178E+00 -0.53532E-17
 0.19960E+02  0.96175E+00  0.20644E-16
 0.19970E+02  0.96172E+00  0.32151E-17
 0.19980E+02  0.96169E+00 -0.32774E-17
 0.19990E+02  0.96166E+00 -0.26128E-17
 0.20000E+02  0.96162E+00 -0.15434E-17
