  -6.0000000000000000       -6.0000000000000000        647.04000002145767     
  -5.6470588235294121       -6.0000000000000000        509.76973673629300     
  -5.2941176470588234       -6.0000000000000000        396.21522495309819     
  -4.9411764705882355       -6.0000000000000000        303.49029233198320     
  -4.5882352941176467       -6.0000000000000000        228.89497120014681     
  -4.2352941176470589       -6.0000000000000000        169.91549855187819     
  -3.8823529411764706       -6.0000000000000000        124.22431604855564     
  -3.5294117647058822       -6.0000000000000000        89.680070018647598     
  -3.1764705882352939       -6.0000000000000000        64.327611457712038     
  -2.8235294117647056       -6.0000000000000000        46.397996028396669     
  -2.4705882352941173       -6.0000000000000000        34.308484060438929     
  -2.1176470588235290       -6.0000000000000000        26.662540550665966     
  -1.7647058823529411       -6.0000000000000000        22.249835162994632     
  -1.4117647058823524       -6.0000000000000000        20.046242228431495     
  -1.0588235294117645       -6.0000000000000000        19.213840745072854     
 -0.70588235294117574       -6.0000000000000000        19.100914378104697     
 -0.35294117647058787       -6.0000000000000000        19.241951459802753     
   0.0000000000000000       -6.0000000000000000        19.357644989532442     
  0.35294117647058876       -6.0000000000000000        19.354892633748907     
  0.70588235294117663       -6.0000000000000000        19.326796725997010     
   1.0588235294117654       -6.0000000000000000        19.552664266911322     
   1.4117647058823533       -6.0000000000000000        20.498006924216124     
   1.7647058823529420       -6.0000000000000000        22.814541032725423     
   2.1176470588235308       -6.0000000000000000        27.340187594342932     
   2.4705882352941178       -6.0000000000000000        35.099072278062039     
   2.8235294117647065       -6.0000000000000000        47.301525419965955     
   3.1764705882352953       -6.0000000000000000        65.344082023227529     
   3.5294117647058822       -6.0000000000000000        90.809481758109158     
   3.8823529411764710       -6.0000000000000000        125.46666896196339     
   4.2352941176470598       -6.0000000000000000        171.27079263923216     
   4.5882352941176485       -6.0000000000000000        230.36320646144713     
   4.9411764705882355       -6.0000000000000000        305.07146876722942     
   5.2941176470588243       -6.0000000000000000        397.90934256229082     
   5.6470588235294130       -6.0000000000000000        511.57679551943176     
   6.0000000000000000       -6.0000000000000000        648.95999997854233     
  
  -6.0000000000000000       -5.6470588235294121        644.88608208021424     
  -5.6470588235294121       -5.6470588235294121        507.61249699581589     
  -5.2941176470588234       -5.6470588235294121        394.05466341338735     
  -4.9411764705882355       -5.6470588235294121        301.32640899303868     
  -4.5882352941176467       -5.6470588235294121        226.72776606196857     
  -4.2352941176470589       -5.6470588235294121        167.74497161446618     
  -3.8823529411764706       -5.6470588235294121        122.05046731190994     
  -3.5294117647058822       -5.6470588235294121        87.502899482768186     
  -3.1764705882352939       -5.6470588235294121        62.147119122598930     
  -2.8235294117647056       -5.6470588235294121        44.214181894049851     
  -2.4705882352941173       -5.6470588235294121        32.121348126858400     
  -2.1176470588235290       -5.6470588235294121        24.472082817851724     
  -1.7647058823529411       -5.6470588235294121        20.056055630946680     
  -1.4117647058823524       -5.6470588235294121        17.849140897149834     
  -1.0588235294117645       -5.6470588235294121        17.013417614557483     
 -0.70588235294117574       -5.6470588235294121        16.897169448355616     
 -0.35294117647058787       -5.6470588235294121        17.034884730819957     
   0.0000000000000000       -5.6470588235294121        17.147256461315937     
  0.35294117647058876       -5.6470588235294121        17.141182306298692     
  0.70588235294117663       -5.6470588235294121        17.109764599313085     
   1.0588235294117654       -5.6470588235294121        17.332310340993686     
   1.4117647058823533       -5.6470588235294121        18.274331199064779     
   1.7647058823529420       -5.6470588235294121        20.587543508340367     
   2.1176470588235308       -5.6470588235294121        25.109868270724167     
   2.4705882352941178       -5.6470588235294121        32.865431155209563     
   2.8235294117647065       -5.6470588235294121        45.064562497879770     
   3.1764705882352953       -5.6470588235294121        63.103797301907633     
   3.5294117647058822       -5.6470588235294121        88.565875237555545     
   3.8823529411764710       -5.6470588235294121        123.21974064217608     
   4.2352941176470598       -5.6470588235294121        169.02054252021111     
   4.5882352941176485       -5.6470588235294121        228.10963454319241     
   4.9411764705882355       -5.6470588235294121        302.81457504974094     
   5.2941176470588243       -5.6470588235294121        395.64912704556866     
   5.6470588235294130       -5.6470588235294121        509.31325820347587     
   6.0000000000000000       -5.6470588235294121        646.69314086335271     
  
  -6.0000000000000000       -5.2941176470588234        642.86612708007476     
  -5.6470588235294121       -5.2941176470588234        505.58922019644280     
  -5.2941176470588234       -5.2941176470588234        392.02806481478058     
  -4.9411764705882355       -5.2941176470588234        299.29648859519813     
  -4.5882352941176467       -5.2941176470588234        224.69452386489431     
  -4.2352941176470589       -5.2941176470588234        165.70840761815825     
  -3.8823529411764706       -5.2941176470588234        120.01058151636828     
  -3.5294117647058822       -5.2941176470588234        85.459691887992818     
  -3.1764705882352939       -5.2941176470588234        60.100589728589853     
  -2.8235294117647056       -5.2941176470588234        42.164330700807049     
  -2.4705882352941173       -5.2941176470588234        30.068175134381896     
  -2.1176470588235290       -5.2941176470588234        22.415588026141510     
  -1.7647058823529411       -5.2941176470588234        17.996239040002752     
  -1.4117647058823524       -5.2941176470588234        15.786002506972196     
  -1.0588235294117645       -5.2941176470588234        14.946957425146131     
 -0.70588235294117574       -5.2941176470588234        14.827387459710557     
 -0.35294117647058787       -5.2941176470588234        14.961780942941189     
   0.0000000000000000       -5.2941176470588234        15.070830874203457     
  0.35294117647058876       -5.2941176470588234        15.061434919952502     
  0.70588235294117663       -5.2941176470588234        15.026695413733185     
   1.0588235294117654       -5.2941176470588234        15.245919356180076     
   1.4117647058823533       -5.2941176470588234        16.184618415017457     
   1.7647058823529420       -5.2941176470588234        18.494508925059336     
   2.1176470588235308       -5.2941176470588234        23.013511888209422     
   2.4705882352941178       -5.2941176470588234        30.765752973461105     
   2.8235294117647065       -5.2941176470588234        42.961562516897608     
   3.1764705882352953       -5.2941176470588234        60.997475521691761     
   3.5294117647058822       -5.2941176470588234        86.456231658105963     
   3.8823529411764710       -5.2941176470588234        121.10677526349278     
   4.2352941176470598       -5.2941176470588234        166.90425534229414     
   4.5882352941176485       -5.2941176470588234        225.99002556604168     
   4.9411764705882355       -5.2941176470588234        300.69164427335653     
   5.2941176470588243       -5.2941176470588234        393.52287446995052     
   5.6470588235294130       -5.2941176470588234        507.18368382862405     
   6.0000000000000000       -5.2941176470588234        644.56024468926717     
  
  -6.0000000000000000       -4.9411764705882355        640.98013502103947     
  -5.6470588235294121       -4.9411764705882355        503.69990633817372     
  -5.2941176470588234       -4.9411764705882355        390.13542915727777     
  -4.9411764705882355       -4.9411764705882355        297.40053113846164     
  -4.5882352941176467       -4.9411764705882355        222.79524460892409     
  -4.2352941176470589       -4.9411764705882355        163.80580656295433     
  -3.8823529411764706       -4.9411764705882355        118.10465866193064     
  -3.5294117647058822       -4.9411764705882355        83.550447234321481     
  -3.1764705882352939       -4.9411764705882355        58.188023275684799     
  -2.8235294117647056       -4.9411764705882355        40.248442448668293     
  -2.4705882352941173       -4.9411764705882355        28.148965083009426     
  -2.1176470588235290       -4.9411764705882355        20.493056175535326     
  -1.7647058823529411       -4.9411764705882355        16.070385390162862     
  -1.4117647058823524       -4.9411764705882355        13.856827057898593     
  -1.0588235294117645       -4.9411764705882355        13.014460176838819     
 -0.70588235294117574       -4.9411764705882355        12.891568412169534     
 -0.35294117647058787       -4.9411764705882355        13.022640096166455     
   0.0000000000000000       -4.9411764705882355        13.128368228195011     
  0.35294117647058876       -4.9411764705882355        13.115650474710348     
  0.70588235294117663       -4.9411764705882355        13.077589169257321     
   1.0588235294117654       -4.9411764705882355        13.293491312470501     
   1.4117647058823533       -4.9411764705882355        14.228868572074170     
   1.7647058823529420       -4.9411764705882355        16.535437282882338     
   2.1176470588235308       -4.9411764705882355        21.051118446798718     
   2.4705882352941178       -4.9411764705882355        28.800037732816691     
   2.8235294117647065       -4.9411764705882355        40.992525477019477     
   3.1764705882352953       -4.9411764705882355        59.025116682579920     
   3.5294117647058822       -4.9411764705882355        84.480551019760412     
   3.8823529411764710       -4.9411764705882355        119.12777282591352     
   4.2352941176470598       -4.9411764705882355        164.92193110548115     
   4.5882352941176485       -4.9411764705882355        224.00437952999499     
   4.9411764705882355       -4.9411764705882355        298.70267643807614     
   5.2941176470588243       -4.9411764705882355        391.53058483543646     
   5.6470588235294130       -4.9411764705882355        505.18807239487620     
   6.0000000000000000       -4.9411764705882355        642.56131145628558     
  
  -6.0000000000000000       -4.5882352941176467        639.22810590310814     
  -5.6470588235294121       -4.5882352941176467        501.94455542100866     
  -5.2941176470588234       -4.5882352941176467        388.37675644087898     
  -4.9411764705882355       -4.5882352941176467        295.63853662282918     
  -4.5882352941176467       -4.5882352941176467        221.02992829405792     
  -4.2352941176470589       -4.5882352941176467        162.03716844885443     
  -3.8823529411764706       -4.5882352941176467        116.33269874859705     
  -3.5294117647058822       -4.5882352941176467        81.775165521754161     
  -3.1764705882352939       -4.5882352941176467        56.409419763883776     
  -2.8235294117647056       -4.5882352941176467        38.466517137633559     
  -2.4705882352941173       -4.5882352941176467        26.363717972740982     
  -2.1176470588235290       -4.5882352941176467        18.704487266033173     
  -1.7647058823529411       -4.5882352941176467        14.278494681426999     
  -1.4117647058823524       -4.5882352941176467        12.061614549929018     
  -1.0588235294117645       -4.5882352941176467        11.215925869635534     
 -0.70588235294117574       -4.5882352941176467        11.089712305732538     
 -0.35294117647058787       -4.5882352941176467        11.217462190495748     
   0.0000000000000000       -4.5882352941176467        11.319868523290596     
  0.35294117647058876       -4.5882352941176467        11.303828970572221     
  0.70588235294117663       -4.5882352941176467        11.262445865885482     
   1.0588235294117654       -4.5882352941176467        11.475026209864952     
   1.4117647058823533       -4.5882352941176467        12.407081670234911     
   1.7647058823529420       -4.5882352941176467        14.710328581809369     
   2.1176470588235308       -4.5882352941176467        19.222687946492037     
   2.4705882352941178       -4.5882352941176467        26.968285433276296     
   2.8235294117647065       -4.5882352941176467        39.157451378245376     
   3.1764705882352953       -4.5882352941176467        57.186720784572117     
   3.5294117647058822       -4.5882352941176467        82.638833322518892     
   3.8823529411764710       -4.5882352941176467        117.28273332943829     
   4.2352941176470598       -4.5882352941176467        163.07356980977224     
   4.5882352941176485       -4.5882352941176467        222.15269643505235     
   4.9411764705882355       -4.5882352941176467        296.84767154389976     
   5.2941176470588243       -4.5882352941176467        389.67225814202635     
   5.6470588235294130       -4.5882352941176467        503.32642390223242     
   6.0000000000000000       -4.5882352941176467        640.69634116440818     
  
  -6.0000000000000000       -4.2352941176470589        637.61003972628077     
  -5.6470588235294121       -4.2352941176470589        500.32316744494761     
  -5.2941176470588234       -4.2352941176470589        386.75204666558426     
  -4.9411764705882355       -4.2352941176470589        294.01050504830067     
  -4.5882352941176467       -4.2352941176470589        219.39857492029574     
  -4.2352941176470589       -4.2352941176470589        160.40249327585857     
  -3.8823529411764706       -4.2352941176470589        114.69470177636748     
  -3.5294117647058822       -4.2352941176470589        80.133846750290886     
  -3.1764705882352939       -4.2352941176470589        54.764779193186790     
  -2.8235294117647056       -4.2352941176470589        36.818554767702864     
  -2.4705882352941173       -4.2352941176470589        24.712433803576573     
  -2.1176470588235290       -4.2352941176470589        17.049881297635054     
  -1.7647058823529411       -4.2352941176470589        12.620566913795168     
  -1.4117647058823524       -4.2352941176470589        10.400364983063477     
  -1.0588235294117645       -4.2352941176470589        9.5513545035362810     
 -0.70588235294117574       -4.2352941176470589        9.4218191403995757     
 -0.35294117647058787       -4.2352941176470589        9.5462472259290756     
   0.0000000000000000       -4.2352941176470589        9.6453317594902135     
  0.35294117647058876       -4.2352941176470589        9.6259704075381283     
  0.70588235294117663       -4.2352941176470589        9.5812655036176793     
   1.0588235294117654       -4.2352941176470589        9.7905240483634373     
   1.4117647058823533       -4.2352941176470589        10.719257709499686     
   1.7647058823529420       -4.2352941176470589        13.019182821840433     
   2.1176470588235308       -4.2352941176470589        17.528220387289391     
   2.4705882352941178       -4.2352941176470589        25.270496074839944     
   2.8235294117647065       -4.2352941176470589        37.456340220575314     
   3.1764705882352953       -4.2352941176470589        55.482287827668337     
   3.5294117647058822       -4.2352941176470589        80.931078566381402     
   3.8823529411764710       -4.2352941176470589        115.57165677406709     
   4.2352941176470598       -4.2352941176470589        161.35917145516729     
   4.5882352941176485       -4.2352941176470589        220.43497628121369     
   4.9411764705882355       -4.2352941176470589        295.12662959082741     
   5.2941176470588243       -4.2352941176470589        387.94789438972032     
   5.6470588235294130       -4.2352941176470589        501.59873835069266     
   6.0000000000000000       -4.2352941176470589        638.96533381363474     
  
  -6.0000000000000000       -3.8823529411764706        636.12593649055759     
  -5.6470588235294121       -3.8823529411764706        498.83574240999064     
  -5.2941176470588234       -3.8823529411764706        385.26129983139356     
  -4.9411764705882355       -3.8823529411764706        292.51643641487630     
  -4.5882352941176467       -3.8823529411764706        217.90118448763766     
  -4.2352941176470589       -3.8823529411764706        158.90178104396674     
  -3.8823529411764706       -3.8823529411764706        113.19066774524195     
  -3.5294117647058822       -3.8823529411764706        78.626490919931641     
  -3.1764705882352939       -3.8823529411764706        53.254101563593828     
  -2.8235294117647056       -3.8823529411764706        35.304555338876192     
  -2.4705882352941173       -3.8823529411764706        23.195112575516191     
  -2.1176470588235290       -3.8823529411764706        15.529238270340963     
  -1.7647058823529411       -3.8823529411764706        11.096602087267366     
  -1.4117647058823524       -3.8823529411764706        8.8730783573019654     
  -1.0588235294117645       -3.8823529411764706        8.0207460785410589     
 -0.70588235294117574       -3.8823529411764706        7.8878889161706427     
 -0.35294117647058787       -3.8823529411764706        8.0089952024664335     
   0.0000000000000000       -3.8823529411764706        8.1047579367938596     
  0.35294117647058876       -3.8823529411764706        8.0820747856080644     
  0.70588235294117663       -3.8823529411764706        8.0340480824539036     
   1.0588235294117654       -3.8823529411764706        8.2399848279659516     
   1.4117647058823533       -3.8823529411764706        9.1653966898684907     
   1.7647058823529420       -3.8823529411764706        11.462000002975527     
   2.1176470588235308       -3.8823529411764706        15.967715769190773     
   2.4705882352941178       -3.8823529411764706        23.706669657507618     
   2.8235294117647065       -3.8823529411764706        35.889192004009274     
   3.1764705882352953       -3.8823529411764706        53.911817811868588     
   3.5294117647058822       -3.8823529411764706        79.357286751347942     
   3.8823529411764710       -3.8823529411764706        113.99454315979992     
   4.2352941176470598       -3.8823529411764706        159.77873604166641     
   4.5882352941176485       -3.8823529411764706        218.85121906847914     
   4.9411764705882355       -3.8823529411764706        293.53955057885912     
   5.2941176470588243       -3.8823529411764706        386.35749357851830     
   5.6470588235294130       -3.8823529411764706        500.00501574025697     
   6.0000000000000000       -3.8823529411764706        637.36828940396526     
  
  -6.0000000000000000       -3.5294117647058822        634.77579619593826     
  -5.6470588235294121       -3.5294117647058822        497.48228031613763     
  -5.2941176470588234       -3.5294117647058822        383.90451593830687     
  -4.9411764705882355       -3.5294117647058822        291.15633072255588     
  -4.5882352941176467       -3.5294117647058822        216.53775699608357     
  -4.2352941176470589       -3.5294117647058822        157.53503175317894     
  -3.8823529411764706       -3.5294117647058822        111.82059665522044     
  -3.5294117647058822       -3.5294117647058822        77.253098030676426     
  -3.1764705882352939       -3.5294117647058822        51.877386875104897     
  -2.8235294117647056       -3.5294117647058822        33.924518851153557     
  -2.4705882352941173       -3.5294117647058822        21.811754288559840     
  -2.1176470588235290       -3.5294117647058822        14.142558184150904     
  -1.7647058823529411       -3.5294117647058822        9.7066002018435960     
  -1.4117647058823524       -3.5294117647058822        7.4797546726444848     
  -1.0588235294117645       -3.5294117647058822        6.6241005946498674     
 -0.70588235294117574       -3.5294117647058822        6.4879216330457412     
 -0.35294117647058787       -3.5294117647058822        6.6057061201078211     
   0.0000000000000000       -3.5294117647058822        6.6981470552015363     
  0.35294117647058876       -3.5294117647058822        6.6721421047820302     
  0.70588235294117663       -3.5294117647058822        6.6207936023941603     
   1.0588235294117654       -3.5294117647058822        6.8234085486724982     
   1.4117647058823533       -3.5294117647058822        7.7454986113413264     
   1.7647058823529420       -3.5294117647058822        10.038780125214650     
   2.1176470588235308       -3.5294117647058822        14.541174092196187     
   2.4705882352941178       -3.5294117647058822        22.276806181279319     
   2.8235294117647065       -3.5294117647058822        34.456006728547266     
   3.1764705882352953       -3.5294117647058822        52.475310737172869     
   3.5294117647058822       -3.5294117647058822        77.917457877418514     
   3.8823529411764710       -3.5294117647058822        112.55139248663679     
   4.2352941176470598       -3.5294117647058822        158.33226356926957     
   4.5882352941176485       -3.5294117647058822        217.40142479684857     
   4.9411764705882355       -3.5294117647058822        292.08643450799485     
   5.2941176470588243       -3.5294117647058822        384.90105570842030     
   5.6470588235294130       -3.5294117647058822        498.54525607092523     
   6.0000000000000000       -3.5294117647058822        635.90520793539986     
  
  -6.0000000000000000       -3.1764705882352939        633.55961884242311     
  -5.6470588235294121       -3.1764705882352939        496.26278116338875     
  -5.2941176470588234       -3.1764705882352939        382.68169498632426     
  -4.9411764705882355       -3.1764705882352939        289.93018797133954     
  -4.5882352941176467       -3.1764705882352939        215.30829244563353     
  -4.2352941176470589       -3.1764705882352939        156.30224540349519     
  -3.8823529411764706       -3.1764705882352939        110.58448850630296     
  -3.5294117647058822       -3.1764705882352939        76.013668082525228     
  -3.1764705882352939       -3.1764705882352939        50.634635127720003     
  -2.8235294117647056       -3.1764705882352939        32.678445304534947     
  -2.4705882352941173       -3.1764705882352939        20.562358942707526     
  -2.1176470588235290       -3.1764705882352939        12.889841039064875     
  -1.7647058823529411       -3.1764705882352939        8.4505612575238551     
  -1.4117647058823524       -3.1764705882352939        6.2203939290910348     
  -1.0588235294117645       -3.1764705882352939        5.3614180518627075     
 -0.70588235294117574       -3.1764705882352939        5.2219172910248703     
 -0.35294117647058787       -3.1764705882352939        5.3363799788532393     
   0.0000000000000000       -3.1764705882352939        5.4254991147132445     
  0.35294117647058876       -3.1764705882352939        5.3961723650600284     
  0.70588235294117663       -3.1764705882352939        5.3415020634384476     
   1.0588235294117654       -3.1764705882352939        5.5407952104830738     
   1.4117647058823533       -3.1764705882352939        6.4595634739181920     
   1.7647058823529420       -3.1764705882352939        8.7495231885578075     
   2.1176470588235308       -3.1764705882352939        13.248595356305632     
   2.4705882352941178       -3.1764705882352939        20.980905646155051     
   2.8235294117647065       -3.1764705882352939        33.156784394189287     
   3.1764705882352953       -3.1764705882352939        51.172766603581181     
   3.5294117647058822       -3.1764705882352939        76.611591944593115     
   3.8823529411764710       -3.1764705882352939        111.24220475457767     
   4.2352941176470598       -3.1764705882352939        157.01975403797678     
   4.5882352941176485       -3.1764705882352939        216.08559346632205     
   4.9411764705882355       -3.1764705882352939        290.76728137823460     
   5.2941176470588243       -3.1764705882352939        383.57858077942637     
   5.6470588235294130       -3.1764705882352939        497.21945934269758     
   6.0000000000000000       -3.1764705882352939        634.57608940793853     
  
  -6.0000000000000000       -2.8235294117647056        632.47740443001192     
  -5.6470588235294121       -2.8235294117647056        495.17724495174383     
  -5.2941176470588234       -2.8235294117647056        381.59283697544561     
  -4.9411764705882355       -2.8235294117647056        288.83800816122726     
  -4.5882352941176467       -2.8235294117647056        214.21279083628750     
  -4.2352941176470589       -2.8235294117647056        155.20342199491546     
  -3.8823529411764706       -2.8235294117647056        109.48234329848952     
  -3.5294117647058822       -2.8235294117647056        74.908201075478075     
  -3.1764705882352939       -2.8235294117647056        49.525846321439133     
  -2.8235294117647056       -2.8235294117647056        31.566334699020370     
  -2.4705882352941173       -2.8235294117647056        19.446926537959239     
  -2.1176470588235290       -2.8235294117647056        11.771086835082874     
  -1.7647058823529411       -2.8235294117647056        7.3284852543081467     
  -1.4117647058823524       -2.8235294117647056        5.0949961266416146     
  -1.0588235294117645       -2.8235294117647056        4.2326984501795772     
 -0.70588235294117574       -2.8235294117647056        4.0898758901080292     
 -0.35294117647058787       -2.8235294117647056        4.2010167787026882     
   0.0000000000000000       -2.8235294117647056        4.2868141153289825     
  0.35294117647058876       -2.8235294117647056        4.2541655664420555     
  0.70588235294117663       -2.8235294117647056        4.1961734655867646     
   1.0588235294117654       -2.8235294117647056        4.3921448133976817     
   1.4117647058823533       -2.8235294117647056        5.3075912775990881     
   1.7647058823529420       -2.8235294117647056        7.5942291930049937     
   2.1176470588235308       -2.8235294117647056        12.089979561519108     
   2.4705882352941178       -2.8235294117647056        19.818968052134817     
   2.8235294117647065       -2.8235294117647056        31.991525000935344     
   3.1764705882352953       -2.8235294117647056        50.004185411093523     
   3.5294117647058822       -2.8235294117647056        75.439688952871762     
   3.8823529411764710       -2.8235294117647056        110.06697996362260     
   4.2352941176470598       -2.8235294117647056        155.84120744778798     
   4.5882352941176485       -2.8235294117647056        214.90372507689955     
   4.9411764705882355       -2.8235294117647056        289.58209118957836     
   5.2941176470588243       -2.8235294117647056        382.39006879153641     
   5.6470588235294130       -2.8235294117647056        496.02762555557393     
   6.0000000000000000       -2.8235294117647056        633.38093382158115     
  
  -6.0000000000000000       -2.4705882352941173        631.52915295870480     
  -5.6470588235294121       -2.4705882352941173        494.22567168120304     
  -5.2941176470588234       -2.4705882352941173        380.63794190567108     
  -4.9411764705882355       -2.4705882352941173        287.87979129221901     
  -4.5882352941176467       -2.4705882352941173        213.25125216804548     
  -4.2352941176470589       -2.4705882352941173        154.23856152743974     
  -3.8823529411764706       -2.4705882352941173        108.51416103178011     
  -3.5294117647058822       -2.4705882352941173        73.936697009534953     
  -3.1764705882352939       -2.4705882352941173        48.551020456262293     
  -2.8235294117647056       -2.4705882352941173        30.588187034609820     
  -2.4705882352941173       -2.4705882352941173        18.465457074314980     
  -2.1176470588235290       -2.4705882352941173        10.786295572204907     
  -1.7647058823529411       -2.4705882352941173        6.3403721921964680     
  -1.4117647058823524       -2.4705882352941173        4.1035612652962259     
  -1.0588235294117645       -2.4705882352941173        3.2379417896004781     
 -0.70588235294117574       -2.4705882352941173        3.0917974302952200     
 -0.35294117647058787       -2.4705882352941173        3.1996165196561686     
   0.0000000000000000       -2.4705882352941173        3.2820920570487520     
  0.35294117647058876       -2.4705882352941173        3.2461217089281145     
  0.70588235294117663       -2.4705882352941173        3.1848078088391132     
   1.0588235294117654       -2.4705882352941173        3.3774573574163194     
   1.4117647058823533       -2.4705882352941173        4.2895820223840166     
   1.7647058823529420       -2.4705882352941173        6.5728981385562104     
   2.1176470588235308       -2.4705882352941173        11.065326707836615     
   2.4705882352941178       -2.4705882352941173        18.790993399218614     
   2.8235294117647065       -2.4705882352941173        30.960228548785427     
   3.1764705882352953       -2.4705882352941173        48.969567159709904     
   3.5294117647058822       -2.4705882352941173        74.401748902254425     
   3.8823529411764710       -2.4705882352941173        109.02571811377156     
   4.2352941176470598       -2.4705882352941173        154.79662379870322     
   4.5882352941176485       -2.4705882352941173        213.85581962858106     
   4.9411764705882355       -2.4705882352941173        288.53086394202626     
   5.2941176470588243       -2.4705882352941173        381.33551974475057     
   5.6470588235294130       -2.4705882352941173        494.96975470955437     
   6.0000000000000000       -2.4705882352941173        632.31974117632785     
  
  -6.0000000000000000       -2.1176470588235290        630.71486442850164     
  -5.6470588235294121       -2.1176470588235290        493.40806135176615     
  -5.2941176470588234       -2.1176470588235290        379.81700977700052     
  -4.9411764705882355       -2.1176470588235290        287.05553736431472     
  -4.5882352941176467       -2.1176470588235290        212.42367644090751     
  -4.2352941176470589       -2.1176470588235290        153.40766400106807     
  -3.8823529411764706       -2.1176470588235290        107.67994170617472     
  -3.5294117647058822       -2.1176470588235290        73.099155884695847     
  -3.1764705882352939       -2.1176470588235290        47.710157532189491     
  -2.8235294117647056       -2.1176470588235290        29.744002311303305     
  -2.4705882352941173       -2.1176470588235290        17.617950551774754     
  -2.1176470588235290       -2.1176470588235290        9.9354672504309711     
  -1.7647058823529411       -2.1176470588235290        5.4862220711888208     
  -1.4117647058823524       -2.1176470588235290        3.2460893450548682     
  -1.0588235294117645       -2.1176470588235290        2.3771480701254100     
 -0.70588235294117574       -2.1176470588235290        2.2276819115864410     
 -0.35294117647058787       -2.1176470588235290        2.3321792017136791     
   0.0000000000000000       -2.1176470588235290        2.4113329398725525     
  0.35294117647058876       -2.1176470588235290        2.3720407925182045     
  0.70588235294117663       -2.1176470588235290        2.3074050931954924     
   1.0588235294117654       -2.1176470588235290        2.4967328425389881     
   1.4117647058823533       -2.1176470588235290        3.4055357082729749     
   1.7647058823529420       -2.1176470588235290        5.6855300252114587     
   2.1176470588235308       -2.1176470588235290        10.174636795258152     
   2.4705882352941178       -2.1176470588235290        17.896981687406441     
   2.8235294117647065       -2.1176470588235290        30.062895037739548     
   3.1764705882352953       -2.1176470588235290        48.068911849430307     
   3.5294117647058822       -2.1176470588235290        73.497771792741105     
   3.8823529411764710       -2.1176470588235290        108.11841920502454     
   4.2352941176470598       -2.1176470588235290        153.88600309072248     
   4.5882352941176485       -2.1176470588235290        212.94187712136664     
   4.9411764705882355       -2.1176470588235290        287.61359963557811     
   5.2941176470588243       -2.1176470588235290        380.41493363906869     
   5.6470588235294130       -2.1176470588235290        494.04584680463881     
   6.0000000000000000       -2.1176470588235290        631.39251147217863     
  
  -6.0000000000000000       -1.7647058823529411        630.03453883940256     
  -5.6470588235294121       -1.7647058823529411        492.72441396343339     
  -5.2941176470588234       -1.7647058823529411        379.13004058943403     
  -4.9411764705882355       -1.7647058823529411        286.36524637751455     
  -4.5882352941176467       -1.7647058823529411        211.73006365487359     
  -4.2352941176470589       -1.7647058823529411        152.71072941580042     
  -3.8823529411764706       -1.7647058823529411        106.97968532167336     
  -3.5294117647058822       -1.7647058823529411        72.395577700960786     
  -3.1764705882352939       -1.7647058823529411        47.003257549220720     
  -2.8235294117647056       -1.7647058823529411        29.033780529100820     
  -2.4705882352941173       -1.7647058823529411        16.904406970338560     
  -2.1176470588235290       -1.7647058823529411        9.2186018697610663     
  -1.7647058823529411       -1.7647058823529411        4.7660348912852051     
  -1.4117647058823524       -1.7647058823529411        2.5225803659175421     
  -1.0588235294117645       -1.7647058823529411        1.6503172917543729     
 -0.70588235294117574       -1.7647058823529411        1.4975293339816940     
 -0.35294117647058787       -1.7647058823529411        1.5987048248752211     
   0.0000000000000000       -1.7647058823529411        1.6745367638003841     
  0.35294117647058876       -1.7647058823529411        1.6319228172123257     
  0.70588235294117663       -1.7647058823529411        1.5639653186559035     
   1.0588235294117654       -1.7647058823529411        1.7499712687656883     
   1.4117647058823533       -1.7647058823529411        2.6554523352659647     
   1.7647058823529420       -1.7647058823529411        4.9321248529707367     
   2.1176470588235308       -1.7647058823529411        9.4179098237837202     
   2.4705882352941178       -1.7647058823529411        17.136932916698299     
   2.8235294117647065       -1.7647058823529411        29.299524467797696     
   3.1764705882352953       -1.7647058823529411        47.302219480254742     
   3.5294117647058822       -1.7647058823529411        72.727757624331829     
   3.8823529411764710       -1.7647058823529411        107.34508323738154     
   4.2352941176470598       -1.7647058823529411        153.10934532384579     
   4.5882352941176485       -1.7647058823529411        212.16189755525622     
   4.9411764705882355       -1.7647058823529411        286.83029827023398     
   5.2941176470588243       -1.7647058823529411        379.62831047449089     
   5.6470588235294130       -1.7647058823529411        493.25590184082728     
   6.0000000000000000       -1.7647058823529411        630.59924470913336     
  
  -6.0000000000000000       -1.4117647058823524        629.48817619140755     
  -5.6470588235294121       -1.4117647058823524        492.17472951620459     
  -5.2941176470588234       -1.4117647058823524        378.57703434297150     
  -4.9411764705882355       -1.4117647058823524        285.80891833181829     
  -4.5882352941176467       -1.4117647058823524        211.17041380994371     
  -4.2352941176470589       -1.4117647058823524        152.14775777163683     
  -3.8823529411764706       -1.4117647058823524        106.41339187827603     
  -3.5294117647058822       -1.4117647058823524        71.825962458329755     
  -3.1764705882352939       -1.4117647058823524        46.430320507355972     
  -2.8235294117647056       -1.4117647058823524        28.457521688002362     
  -2.4705882352941173       -1.4117647058823524        16.324826330006392     
  -2.1176470588235290       -1.4117647058823524        8.6356994301951886     
  -1.7647058823529411       -1.4117647058823524        4.1798106524856182     
  -1.4117647058823524       -1.4117647058823524        1.9330343278842450     
  -1.0588235294117645       -1.4117647058823524        1.0574494544873652     
 -0.70588235294117574       -1.4117647058823524       0.90133969748097575     
 -0.35294117647058787       -1.4117647058823524       0.99919338914079259     
   0.0000000000000000       -1.4117647058823524        1.0717035288322450     
  0.35294117647058876       -1.4117647058823524        1.0257677830104761     
  0.70588235294117663       -1.4117647058823524       0.95448848522034324     
   1.0588235294117654       -1.4117647058823524        1.1371726360964181     
   1.4117647058823533       -1.4117647058823524        2.0393319033629838     
   1.7647058823529420       -1.4117647058823524        4.3126826218340462     
   2.1176470588235308       -1.4117647058823524        8.7951457934133188     
   2.4705882352941178       -1.4117647058823524        16.510847087094188     
   2.8235294117647065       -1.4117647058823524        28.670116838959871     
   3.1764705882352953       -1.4117647058823524        46.669490052183214     
   3.5294117647058822       -1.4117647058823524        72.091706397026584     
   3.8823529411764710       -1.4117647058823524        106.70571021084260     
   4.2352941176470598       -1.4117647058823524        152.46665049807314     
   4.5882352941176485       -1.4117647058823524        211.51588093024986     
   4.9411764705882355       -1.4117647058823524        286.18095984599387     
   5.2941176470588243       -1.4117647058823524        378.97565025101704     
   5.6470588235294130       -1.4117647058823524        492.59991981811976     
   6.0000000000000000       -1.4117647058823524        629.93994088719217     
  
  -6.0000000000000000       -1.0588235294117645        629.07577648451650     
  -5.6470588235294121       -1.0588235294117645        491.75900801007981     
  -5.2941176470588234       -1.0588235294117645        378.15799103761310     
  -4.9411764705882355       -1.0588235294117645        285.38655322722616     
  -4.5882352941176467       -1.0588235294117645        210.74472690611782     
  -4.2352941176470589       -1.0588235294117645        151.71874906857724     
  -3.8823529411764706       -1.0588235294117645        105.98106137598275     
  -3.5294117647058822       -1.0588235294117645        71.390310156802755     
  -3.1764705882352939       -1.0588235294117645        45.991346406595255     
  -2.8235294117647056       -1.0588235294117645        28.015225788007942     
  -2.4705882352941173       -1.0588235294117645        15.879208630778258     
  -2.1176470588235290       -1.0588235294117645        8.1867599317333450     
  -1.7647058823529411       -1.0588235294117645        3.7275493547900638     
  -1.4117647058823524       -1.0588235294117645        1.4774512309549797     
  -1.0588235294117645       -1.0588235294117645       0.59854455832438991     
 -0.70588235294117574       -1.0588235294117645       0.43911300208428977     
 -0.35294117647058787       -1.0588235294117645       0.53364489451039610     
   0.0000000000000000       -1.0588235294117645       0.60283323496813812     
  0.35294117647058876       -1.0588235294117645       0.55357568991265871     
  0.70588235294117663       -1.0588235294117645       0.47897459288881544     
   1.0588235294117654       -1.0588235294117645       0.65833694453117952     
   1.4117647058823533       -1.0588235294117645        1.5571744125640345     
   1.7647058823529420       -1.0588235294117645        3.8272033318013863     
   2.1176470588235308       -1.0588235294117645        8.3063447041469498     
   2.4705882352941178       -1.0588235294117645        16.018724198594107     
   2.8235294117647065       -1.0588235294117645        28.174672151226080     
   3.1764705882352953       -1.0588235294117645        46.170723565215710     
   3.5294117647058822       -1.0588235294117645        71.589618110825384     
   3.8823529411764710       -1.0588235294117645        106.20030012540768     
   4.2352941176470598       -1.0588235294117645        151.95791861340450     
   4.5882352941176485       -1.0588235294117645        211.00382724634753     
   4.9411764705882355       -1.0588235294117645        285.66558436285783     
   5.2941176470588243       -1.0588235294117645        378.45695296864733     
   5.6470588235294130       -1.0588235294117645        492.07790073651626     
   6.0000000000000000       -1.0588235294117645        629.41460000635493     
  
  -6.0000000000000000      -0.70588235294117574        628.79733971872940     
  -5.6470588235294121      -0.70588235294117574        491.47724944505910     
  -5.2941176470588234      -0.70588235294117574        377.87291067335866     
  -4.9411764705882355      -0.70588235294117574        285.09815106373799     
  -4.5882352941176467      -0.70588235294117574        210.45300294339597     
  -4.2352941176470589      -0.70588235294117574        151.42370330662169     
  -3.8823529411764706      -0.70588235294117574        105.68269381479348     
  -3.5294117647058822      -0.70588235294117574        71.088620796379786     
  -3.1764705882352939      -0.70588235294117574        45.686335246938576     
  -2.8235294117647056      -0.70588235294117574        27.706892829117546     
  -2.4705882352941173      -0.70588235294117574        15.567553872654155     
  -2.1176470588235290      -0.70588235294117574        7.8717833743755312     
  -1.7647058823529411      -0.70588235294117574        3.4092509981985391     
  -1.4117647058823524      -0.70588235294117574        1.1558310751297445     
  -1.0588235294117645      -0.70588235294117574       0.27360260326544417     
 -0.70588235294117574      -0.70588235294117574       0.11084924779163359     
 -0.35294117647058787      -0.70588235294117574       0.20205934098402947     
   0.0000000000000000      -0.70588235294117574       0.26792588220806091     
  0.35294117647058876      -0.70588235294117574       0.21534653791887112     
  0.70588235294117663      -0.70588235294117574       0.13742364166131732     
   1.0588235294117654      -0.70588235294117574       0.31346419406997095     
   1.4117647058823533      -0.70588235294117574        1.2089798628691155     
   1.7647058823529420      -0.70588235294117574        3.4756869828727566     
   2.1176470588235308      -0.70588235294117574        7.9515065559846096     
   2.4705882352941178      -0.70588235294117574        15.660564251198057     
   2.8235294117647065      -0.70588235294117574        27.813190404596316     
   3.1764705882352953      -0.70588235294117574        45.805920019352243     
   3.5294117647058822      -0.70588235294117574        71.221492765728200     
   3.8823529411764710      -0.70588235294117574        105.82885298107678     
   4.2352941176470598      -0.70588235294117574        151.58314966983991     
   4.5882352941176485      -0.70588235294117574        210.62573650354921     
   4.9411764705882355      -0.70588235294117574        285.28417182082580     
   5.2941176470588243      -0.70588235294117574        378.07221862738157     
   5.6470588235294130      -0.70588235294117574        491.68984459601683     
   6.0000000000000000      -0.70588235294117574        629.02322206662177     
  
  -6.0000000000000000      -0.35294117647058787        628.65286589404650     
  -5.6470588235294121      -0.35294117647058787        491.32945382114247     
  -5.2941176470588234      -0.35294117647058787        377.72179325020829     
  -4.9411764705882355      -0.35294117647058787        284.94371184135395     
  -4.5882352941176467      -0.35294117647058787        210.29524192177817     
  -4.2352941176470589      -0.35294117647058787        151.26262048577016     
  -3.8823529411764706      -0.35294117647058787        105.51828919470825     
  -3.5294117647058822      -0.35294117647058787        70.920894377060833     
  -3.1764705882352939      -0.35294117647058787        45.515287028385927     
  -2.8235294117647056      -0.35294117647058787        27.532522811331184     
  -2.4705882352941173      -0.35294117647058787        15.389862055634083     
  -2.1176470588235290      -0.35294117647058787        7.6907697581217489     
  -1.7647058823529411      -0.35294117647058787        3.2249155827110458     
  -1.4117647058823524      -0.35294117647058787       0.96817386040854070     
  -1.0588235294117645      -0.35294117647058787        8.2623589310529891E-002
 -0.70588235294117574      -0.35294117647058787       -8.3451565396991167E-002
 -0.35294117647058787      -0.35294117647058787        4.4367285616942302E-003
   0.0000000000000000      -0.35294117647058787        6.6981470552015226E-002
  0.35294117647058876      -0.35294117647058787        1.1080327029114935E-002
  0.70588235294117663      -0.35294117647058787       -7.0164368462149324E-002
   1.0588235294117654      -0.35294117647058787       0.10255438471279379     
   1.4117647058823533      -0.35294117647058787       0.99474825427822799     
   1.7647058823529420      -0.35294117647058787        3.2581335750481588     
   2.1176470588235308      -0.35294117647058787        7.7306313489263010     
   2.4705882352941178      -0.35294117647058787        15.436367244906039     
   2.8235294117647065      -0.35294117647058787        27.585671599070587     
   3.1764705882352953      -0.35294117647058787        45.575079414592800     
   3.5294117647058822      -0.35294117647058787        70.987330361735047     
   3.8823529411764710      -0.35294117647058787        105.59136877784992     
   4.2352941176470598      -0.35294117647058787        151.34234366737931     
   4.5882352941176485      -0.35294117647058787        210.38160870185493     
   4.9411764705882355      -0.35294117647058787        285.03672221989785     
   5.2941176470588243      -0.35294117647058787        377.82144722721989     
   5.6470588235294130      -0.35294117647058787        491.43575139662147     
   6.0000000000000000      -0.35294117647058787        628.76580706799268     
  
  -6.0000000000000000        0.0000000000000000        628.64235501046755     
  -5.6470588235294121        0.0000000000000000        491.31562113832979     
  -5.2941176470588234        0.0000000000000000        377.70463876816194     
  -4.9411764705882355        0.0000000000000000        284.92323556007386     
  -4.5882352941176467        0.0000000000000000        210.27144384126439     
  -4.2352941176470589        0.0000000000000000        151.23550060602267     
  -3.8823529411764706        0.0000000000000000        105.48784751572705     
  -3.5294117647058822        0.0000000000000000        70.887130898845939     
  -3.1764705882352939        0.0000000000000000        45.478201750937302     
  -2.8235294117647056        0.0000000000000000        27.492115734648856     
  -2.4705882352941173        0.0000000000000000        15.346133179718040     
  -2.1176470588235290        0.0000000000000000        7.6437190829719954     
  -1.7647058823529411        0.0000000000000000        3.1745431083275828     
  -1.4117647058823524        0.0000000000000000       0.91447958679136743     
  -1.0588235294117645        0.0000000000000000        2.5607516459646124E-002
 -0.70588235294117574        0.0000000000000000      -0.14378943748158546     
 -0.35294117647058787        0.0000000000000000       -5.9222942756610511E-002
   0.0000000000000000        0.0000000000000000        0.0000000000000000     
  0.35294117647058876        0.0000000000000000       -5.9222942756610761E-002
  0.70588235294117663        0.0000000000000000      -0.14378943748158549     
   1.0588235294117654        0.0000000000000000        2.5607516459647164E-002
   1.4117647058823533        0.0000000000000000       0.91447958679137087     
   1.7647058823529420        0.0000000000000000        3.1745431083275912     
   2.1176470588235308        0.0000000000000000        7.6437190829720230     
   2.4705882352941178        0.0000000000000000        15.346133179718048     
   2.8235294117647065        0.0000000000000000        27.492115734648891     
   3.1764705882352953        0.0000000000000000        45.478201750937387     
   3.5294117647058822        0.0000000000000000        70.887130898845939     
   3.8823529411764710        0.0000000000000000        105.48784751572710     
   4.2352941176470598        0.0000000000000000        151.23550060602278     
   4.5882352941176485        0.0000000000000000        210.27144384126467     
   4.9411764705882355        0.0000000000000000        284.92323556007386     
   5.2941176470588243        0.0000000000000000        377.70463876816223     
   5.6470588235294130        0.0000000000000000        491.31562113833002     
   6.0000000000000000        0.0000000000000000        628.64235501046755     
  
  -6.0000000000000000       0.35294117647058876        628.76580706799268     
  -5.6470588235294121       0.35294117647058876        491.43575139662124     
  -5.2941176470588234       0.35294117647058876        377.82144722721961     
  -4.9411764705882355       0.35294117647058876        285.03672221989785     
  -4.5882352941176467       0.35294117647058876        210.38160870185465     
  -4.2352941176470589       0.35294117647058876        151.34234366737920     
  -3.8823529411764706       0.35294117647058876        105.59136877784988     
  -3.5294117647058822       0.35294117647058876        70.987330361735047     
  -3.1764705882352939       0.35294117647058876        45.575079414592714     
  -2.8235294117647056       0.35294117647058876        27.585671599070555     
  -2.4705882352941173       0.35294117647058876        15.436367244906030     
  -2.1176470588235290       0.35294117647058876        7.7306313489262743     
  -1.7647058823529411       0.35294117647058876        3.2581335750481508     
  -1.4117647058823524       0.35294117647058876       0.99474825427822500     
  -1.0588235294117645       0.35294117647058876       0.10255438471279313     
 -0.70588235294117574       0.35294117647058876       -7.0164368462148921E-002
 -0.35294117647058787       0.35294117647058876        1.1080327029115537E-002
   0.0000000000000000       0.35294117647058876        6.6981470552015560E-002
  0.35294117647058876       0.35294117647058876        4.4367285616943256E-003
  0.70588235294117663       0.35294117647058876       -8.3451565396990890E-002
   1.0588235294117654       0.35294117647058876        8.2623589310531265E-002
   1.4117647058823533       0.35294117647058876       0.96817386040854458     
   1.7647058823529420       0.35294117647058876        3.2249155827110543     
   2.1176470588235308       0.35294117647058876        7.6907697581217747     
   2.4705882352941178       0.35294117647058876        15.389862055634092     
   2.8235294117647065       0.35294117647058876        27.532522811331219     
   3.1764705882352953       0.35294117647058876        45.515287028386012     
   3.5294117647058822       0.35294117647058876        70.920894377060833     
   3.8823529411764710       0.35294117647058876        105.51828919470829     
   4.2352941176470598       0.35294117647058876        151.26262048577027     
   4.5882352941176485       0.35294117647058876        210.29524192177846     
   4.9411764705882355       0.35294117647058876        284.94371184135395     
   5.2941176470588243       0.35294117647058876        377.72179325020858     
   5.6470588235294130       0.35294117647058876        491.32945382114269     
   6.0000000000000000       0.35294117647058876        628.65286589404650     
  
  -6.0000000000000000       0.70588235294117663        629.02322206662177     
  -5.6470588235294121       0.70588235294117663        491.68984459601660     
  -5.2941176470588234       0.70588235294117663        378.07221862738129     
  -4.9411764705882355       0.70588235294117663        285.28417182082580     
  -4.5882352941176467       0.70588235294117663        210.62573650354892     
  -4.2352941176470589       0.70588235294117663        151.58314966983980     
  -3.8823529411764706       0.70588235294117663        105.82885298107674     
  -3.5294117647058822       0.70588235294117663        71.221492765728200     
  -3.1764705882352939       0.70588235294117663        45.805920019352158     
  -2.8235294117647056       0.70588235294117663        27.813190404596284     
  -2.4705882352941173       0.70588235294117663        15.660564251198048     
  -2.1176470588235290       0.70588235294117663        7.9515065559845830     
  -1.7647058823529411       0.70588235294117663        3.4756869828727495     
  -1.4117647058823524       0.70588235294117663        1.2089798628691129     
  -1.0588235294117645       0.70588235294117663       0.31346419406997056     
 -0.70588235294117574       0.70588235294117663       0.13742364166131804     
 -0.35294117647058787       0.70588235294117663       0.21534653791887204     
   0.0000000000000000       0.70588235294117663       0.26792588220806157     
  0.35294117647058876       0.70588235294117663       0.20205934098402986     
  0.70588235294117663       0.70588235294117663       0.11084924779163416     
   1.0588235294117654       0.70588235294117663       0.27360260326544583     
   1.4117647058823533       0.70588235294117663        1.1558310751297485     
   1.7647058823529420       0.70588235294117663        3.4092509981985479     
   2.1176470588235308       0.70588235294117663        7.8717833743755579     
   2.4705882352941178       0.70588235294117663        15.567553872654164     
   2.8235294117647065       0.70588235294117663        27.706892829117582     
   3.1764705882352953       0.70588235294117663        45.686335246938661     
   3.5294117647058822       0.70588235294117663        71.088620796379786     
   3.8823529411764710       0.70588235294117663        105.68269381479352     
   4.2352941176470598       0.70588235294117663        151.42370330662180     
   4.5882352941176485       0.70588235294117663        210.45300294339626     
   4.9411764705882355       0.70588235294117663        285.09815106373799     
   5.2941176470588243       0.70588235294117663        377.87291067335894     
   5.6470588235294130       0.70588235294117663        491.47724944505933     
   6.0000000000000000       0.70588235294117663        628.79733971872940     
  
  -6.0000000000000000        1.0588235294117654        629.41460000635493     
  -5.6470588235294121        1.0588235294117654        492.07790073651603     
  -5.2941176470588234        1.0588235294117654        378.45695296864704     
  -4.9411764705882355        1.0588235294117654        285.66558436285783     
  -4.5882352941176467        1.0588235294117654        211.00382724634724     
  -4.2352941176470589        1.0588235294117654        151.95791861340439     
  -3.8823529411764706        1.0588235294117654        106.20030012540764     
  -3.5294117647058822        1.0588235294117654        71.589618110825384     
  -3.1764705882352939        1.0588235294117654        46.170723565215624     
  -2.8235294117647056        1.0588235294117654        28.174672151226044     
  -2.4705882352941173        1.0588235294117654        16.018724198594096     
  -2.1176470588235290        1.0588235294117654        8.3063447041469232     
  -1.7647058823529411        1.0588235294117654        3.8272033318013792     
  -1.4117647058823524        1.0588235294117654        1.5571744125640321     
  -1.0588235294117645        1.0588235294117654       0.65833694453117952     
 -0.70588235294117574        1.0588235294117654       0.47897459288881644     
 -0.35294117647058787        1.0588235294117654       0.55357568991265993     
   0.0000000000000000        1.0588235294117654       0.60283323496813901     
  0.35294117647058876        1.0588235294117654       0.53364489451039676     
  0.70588235294117663        1.0588235294117654       0.43911300208429066     
   1.0588235294117654        1.0588235294117654       0.59854455832439191     
   1.4117647058823533        1.0588235294117654        1.4774512309549841     
   1.7647058823529420        1.0588235294117654        3.7275493547900727     
   2.1176470588235308        1.0588235294117654        8.1867599317333735     
   2.4705882352941178        1.0588235294117654        15.879208630778269     
   2.8235294117647065        1.0588235294117654        28.015225788007978     
   3.1764705882352953        1.0588235294117654        45.991346406595341     
   3.5294117647058822        1.0588235294117654        71.390310156802755     
   3.8823529411764710        1.0588235294117654        105.98106137598279     
   4.2352941176470598        1.0588235294117654        151.71874906857735     
   4.5882352941176485        1.0588235294117654        210.74472690611810     
   4.9411764705882355        1.0588235294117654        285.38655322722616     
   5.2941176470588243        1.0588235294117654        378.15799103761339     
   5.6470588235294130        1.0588235294117654        491.75900801008004     
   6.0000000000000000        1.0588235294117654        629.07577648451650     
  
  -6.0000000000000000        1.4117647058823533        629.93994088719217     
  -5.6470588235294121        1.4117647058823533        492.59991981811953     
  -5.2941176470588234        1.4117647058823533        378.97565025101676     
  -4.9411764705882355        1.4117647058823533        286.18095984599387     
  -4.5882352941176467        1.4117647058823533        211.51588093024958     
  -4.2352941176470589        1.4117647058823533        152.46665049807302     
  -3.8823529411764706        1.4117647058823533        106.70571021084255     
  -3.5294117647058822        1.4117647058823533        72.091706397026584     
  -3.1764705882352939        1.4117647058823533        46.669490052183129     
  -2.8235294117647056        1.4117647058823533        28.670116838959839     
  -2.4705882352941173        1.4117647058823533        16.510847087094181     
  -2.1176470588235290        1.4117647058823533        8.7951457934132939     
  -1.7647058823529411        1.4117647058823533        4.3126826218340391     
  -1.4117647058823524        1.4117647058823533        2.0393319033629811     
  -1.0588235294117645        1.4117647058823533        1.1371726360964181     
 -0.70588235294117574        1.4117647058823533       0.95448848522034457     
 -0.35294117647058787        1.4117647058823533        1.0257677830104777     
   0.0000000000000000        1.4117647058823533        1.0717035288322463     
  0.35294117647058876        1.4117647058823533       0.99919338914079359     
  0.70588235294117663        1.4117647058823533       0.90133969748097698     
   1.0588235294117654        1.4117647058823533        1.0574494544873676     
   1.4117647058823533        1.4117647058823533        1.9330343278842492     
   1.7647058823529420        1.4117647058823533        4.1798106524856280     
   2.1176470588235308        1.4117647058823533        8.6356994301952170     
   2.4705882352941178        1.4117647058823533        16.324826330006402     
   2.8235294117647065        1.4117647058823533        28.457521688002402     
   3.1764705882352953        1.4117647058823533        46.430320507356058     
   3.5294117647058822        1.4117647058823533        71.825962458329755     
   3.8823529411764710        1.4117647058823533        106.41339187827607     
   4.2352941176470598        1.4117647058823533        152.14775777163695     
   4.5882352941176485        1.4117647058823533        211.17041380994399     
   4.9411764705882355        1.4117647058823533        285.80891833181829     
   5.2941176470588243        1.4117647058823533        378.57703434297179     
   5.6470588235294130        1.4117647058823533        492.17472951620482     
   6.0000000000000000        1.4117647058823533        629.48817619140755     
  
  -6.0000000000000000        1.7647058823529420        630.59924470913336     
  -5.6470588235294121        1.7647058823529420        493.25590184082705     
  -5.2941176470588234        1.7647058823529420        379.62831047449060     
  -4.9411764705882355        1.7647058823529420        286.83029827023398     
  -4.5882352941176467        1.7647058823529420        212.16189755525593     
  -4.2352941176470589        1.7647058823529420        153.10934532384567     
  -3.8823529411764706        1.7647058823529420        107.34508323738153     
  -3.5294117647058822        1.7647058823529420        72.727757624331844     
  -3.1764705882352939        1.7647058823529420        47.302219480254664     
  -2.8235294117647056        1.7647058823529420        29.299524467797660     
  -2.4705882352941173        1.7647058823529420        17.136932916698292     
  -2.1176470588235290        1.7647058823529420        9.4179098237836971     
  -1.7647058823529411        1.7647058823529420        4.9321248529707304     
  -1.4117647058823524        1.7647058823529420        2.6554523352659625     
  -1.0588235294117645        1.7647058823529420        1.7499712687656890     
 -0.70588235294117574        1.7647058823529420        1.5639653186559050     
 -0.35294117647058787        1.7647058823529420        1.6319228172123275     
   0.0000000000000000        1.7647058823529420        1.6745367638003856     
  0.35294117647058876        1.7647058823529420        1.5987048248752225     
  0.70588235294117663        1.7647058823529420        1.4975293339816955     
   1.0588235294117654        1.7647058823529420        1.6503172917543756     
   1.4117647058823533        1.7647058823529420        2.5225803659175465     
   1.7647058823529420        1.7647058823529420        4.7660348912852148     
   2.1176470588235308        1.7647058823529420        9.2186018697610930     
   2.4705882352941178        1.7647058823529420        16.904406970338570     
   2.8235294117647065        1.7647058823529420        29.033780529100856     
   3.1764705882352953        1.7647058823529420        47.003257549220805     
   3.5294117647058822        1.7647058823529420        72.395577700960800     
   3.8823529411764710        1.7647058823529420        106.97968532167341     
   4.2352941176470598        1.7647058823529420        152.71072941580053     
   4.5882352941176485        1.7647058823529420        211.73006365487387     
   4.9411764705882355        1.7647058823529420        286.36524637751455     
   5.2941176470588243        1.7647058823529420        379.13004058943432     
   5.6470588235294130        1.7647058823529420        492.72441396343362     
   6.0000000000000000        1.7647058823529420        630.03453883940256     
  
  -6.0000000000000000        2.1176470588235308        631.39251147217863     
  -5.6470588235294121        2.1176470588235308        494.04584680463859     
  -5.2941176470588234        2.1176470588235308        380.41493363906841     
  -4.9411764705882355        2.1176470588235308        287.61359963557811     
  -4.5882352941176467        2.1176470588235308        212.94187712136636     
  -4.2352941176470589        2.1176470588235308        153.88600309072237     
  -3.8823529411764706        2.1176470588235308        108.11841920502449     
  -3.5294117647058822        2.1176470588235308        73.497771792741105     
  -3.1764705882352939        2.1176470588235308        48.068911849430229     
  -2.8235294117647056        2.1176470588235308        30.062895037739516     
  -2.4705882352941173        2.1176470588235308        17.896981687406438     
  -2.1176470588235290        2.1176470588235308        10.174636795258129     
  -1.7647058823529411        2.1176470588235308        5.6855300252114533     
  -1.4117647058823524        2.1176470588235308        3.4055357082729749     
  -1.0588235294117645        2.1176470588235308        2.4967328425389912     
 -0.70588235294117574        2.1176470588235308        2.3074050931954964     
 -0.35294117647058787        2.1176470588235308        2.3720407925182085     
   0.0000000000000000        2.1176470588235308        2.4113329398725560     
  0.35294117647058876        2.1176470588235308        2.3321792017136826     
  0.70588235294117663        2.1176470588235308        2.2276819115864450     
   1.0588235294117654        2.1176470588235308        2.3771480701254148     
   1.4117647058823533        2.1176470588235308        3.2460893450548753     
   1.7647058823529420        2.1176470588235308        5.4862220711888332     
   2.1176470588235308        2.1176470588235308        9.9354672504310013     
   2.4705882352941178        2.1176470588235308        17.617950551774765     
   2.8235294117647065        2.1176470588235308        29.744002311303344     
   3.1764705882352953        2.1176470588235308        47.710157532189584     
   3.5294117647058822        2.1176470588235308        73.099155884695847     
   3.8823529411764710        2.1176470588235308        107.67994170617476     
   4.2352941176470598        2.1176470588235308        153.40766400106818     
   4.5882352941176485        2.1176470588235308        212.42367644090780     
   4.9411764705882355        2.1176470588235308        287.05553736431472     
   5.2941176470588243        2.1176470588235308        379.81700977700081     
   5.6470588235294130        2.1176470588235308        493.40806135176638     
   6.0000000000000000        2.1176470588235308        630.71486442850164     
  
  -6.0000000000000000        2.4705882352941178        632.31974117632785     
  -5.6470588235294121        2.4705882352941178        494.96975470955414     
  -5.2941176470588234        2.4705882352941178        381.33551974475029     
  -4.9411764705882355        2.4705882352941178        288.53086394202626     
  -4.5882352941176467        2.4705882352941178        213.85581962858078     
  -4.2352941176470589        2.4705882352941178        154.79662379870311     
  -3.8823529411764706        2.4705882352941178        109.02571811377152     
  -3.5294117647058822        2.4705882352941178        74.401748902254425     
  -3.1764705882352939        2.4705882352941178        48.969567159709818     
  -2.8235294117647056        2.4705882352941178        30.960228548785395     
  -2.4705882352941173        2.4705882352941178        18.790993399218607     
  -2.1176470588235290        2.4705882352941178        11.065326707836588     
  -1.7647058823529411        2.4705882352941178        6.5728981385562033     
  -1.4117647058823524        2.4705882352941178        4.2895820223840140     
  -1.0588235294117645        2.4705882352941178        3.3774573574163189     
 -0.70588235294117574        2.4705882352941178        3.1848078088391141     
 -0.35294117647058787        2.4705882352941178        3.2461217089281158     
   0.0000000000000000        2.4705882352941178        3.2820920570487528     
  0.35294117647058876        2.4705882352941178        3.1996165196561690     
  0.70588235294117663        2.4705882352941178        3.0917974302952209     
   1.0588235294117654        2.4705882352941178        3.2379417896004803     
   1.4117647058823533        2.4705882352941178        4.1035612652962303     
   1.7647058823529420        2.4705882352941178        6.3403721921964777     
   2.1176470588235308        2.4705882352941178        10.786295572204935     
   2.4705882352941178        2.4705882352941178        18.465457074314990     
   2.8235294117647065        2.4705882352941178        30.588187034609856     
   3.1764705882352953        2.4705882352941178        48.551020456262378     
   3.5294117647058822        2.4705882352941178        73.936697009534953     
   3.8823529411764710        2.4705882352941178        108.51416103178015     
   4.2352941176470598        2.4705882352941178        154.23856152743986     
   4.5882352941176485        2.4705882352941178        213.25125216804577     
   4.9411764705882355        2.4705882352941178        287.87979129221901     
   5.2941176470588243        2.4705882352941178        380.63794190567137     
   5.6470588235294130        2.4705882352941178        494.22567168120327     
   6.0000000000000000        2.4705882352941178        631.52915295870480     
  
  -6.0000000000000000        2.8235294117647065        633.38093382158115     
  -5.6470588235294121        2.8235294117647065        496.02762555557371     
  -5.2941176470588234        2.8235294117647065        382.39006879153612     
  -4.9411764705882355        2.8235294117647065        289.58209118957836     
  -4.5882352941176467        2.8235294117647065        214.90372507689926     
  -4.2352941176470589        2.8235294117647065        155.84120744778787     
  -3.8823529411764706        2.8235294117647065        110.06697996362257     
  -3.5294117647058822        2.8235294117647065        75.439688952871762     
  -3.1764705882352939        2.8235294117647065        50.004185411093445     
  -2.8235294117647056        2.8235294117647065        31.991525000935312     
  -2.4705882352941173        2.8235294117647065        19.818968052134810     
  -2.1176470588235290        2.8235294117647065        12.089979561519083     
  -1.7647058823529411        2.8235294117647065        7.5942291930049866     
  -1.4117647058823524        2.8235294117647065        5.3075912775990881     
  -1.0588235294117645        2.8235294117647065        4.3921448133976826     
 -0.70588235294117574        2.8235294117647065        4.1961734655867673     
 -0.35294117647058787        2.8235294117647065        4.2541655664420590     
   0.0000000000000000        2.8235294117647065        4.2868141153289852     
  0.35294117647058876        2.8235294117647065        4.2010167787026909     
  0.70588235294117663        2.8235294117647065        4.0898758901080319     
   1.0588235294117654        2.8235294117647065        4.2326984501795799     
   1.4117647058823533        2.8235294117647065        5.0949961266416208     
   1.7647058823529420        2.8235294117647065        7.3284852543081573     
   2.1176470588235308        2.8235294117647065        11.771086835082905     
   2.4705882352941178        2.8235294117647065        19.446926537959250     
   2.8235294117647065        2.8235294117647065        31.566334699020405     
   3.1764705882352953        2.8235294117647065        49.525846321439225     
   3.5294117647058822        2.8235294117647065        74.908201075478075     
   3.8823529411764710        2.8235294117647065        109.48234329848957     
   4.2352941176470598        2.8235294117647065        155.20342199491557     
   4.5882352941176485        2.8235294117647065        214.21279083628778     
   4.9411764705882355        2.8235294117647065        288.83800816122726     
   5.2941176470588243        2.8235294117647065        381.59283697544589     
   5.6470588235294130        2.8235294117647065        495.17724495174406     
   6.0000000000000000        2.8235294117647065        632.47740443001192     
  
  -6.0000000000000000        3.1764705882352953        634.57608940793853     
  -5.6470588235294121        3.1764705882352953        497.21945934269735     
  -5.2941176470588234        3.1764705882352953        383.57858077942609     
  -4.9411764705882355        3.1764705882352953        290.76728137823460     
  -4.5882352941176467        3.1764705882352953        216.08559346632177     
  -4.2352941176470589        3.1764705882352953        157.01975403797667     
  -3.8823529411764706        3.1764705882352953        111.24220475457764     
  -3.5294117647058822        3.1764705882352953        76.611591944593130     
  -3.1764705882352939        3.1764705882352953        51.172766603581096     
  -2.8235294117647056        3.1764705882352953        33.156784394189259     
  -2.4705882352941173        3.1764705882352953        20.980905646155051     
  -2.1176470588235290        3.1764705882352953        13.248595356305611     
  -1.7647058823529411        3.1764705882352953        8.7495231885578040     
  -1.4117647058823524        3.1764705882352953        6.4595634739181937     
  -1.0588235294117645        3.1764705882352953        5.5407952104830773     
 -0.70588235294117574        3.1764705882352953        5.3415020634384520     
 -0.35294117647058787        3.1764705882352953        5.3961723650600328     
   0.0000000000000000        3.1764705882352953        5.4254991147132490     
  0.35294117647058876        3.1764705882352953        5.3363799788532447     
  0.70588235294117663        3.1764705882352953        5.2219172910248748     
   1.0588235294117654        3.1764705882352953        5.3614180518627137     
   1.4117647058823533        3.1764705882352953        6.2203939290910428     
   1.7647058823529420        3.1764705882352953        8.4505612575238693     
   2.1176470588235308        3.1764705882352953        12.889841039064907     
   2.4705882352941178        3.1764705882352953        20.562358942707537     
   2.8235294117647065        3.1764705882352953        32.678445304534982     
   3.1764705882352953        3.1764705882352953        50.634635127720088     
   3.5294117647058822        3.1764705882352953        76.013668082525243     
   3.8823529411764710        3.1764705882352953        110.58448850630302     
   4.2352941176470598        3.1764705882352953        156.30224540349531     
   4.5882352941176485        3.1764705882352953        215.30829244563381     
   4.9411764705882355        3.1764705882352953        289.93018797133954     
   5.2941176470588243        3.1764705882352953        382.68169498632454     
   5.6470588235294130        3.1764705882352953        496.26278116338898     
   6.0000000000000000        3.1764705882352953        633.55961884242311     
  
  -6.0000000000000000        3.5294117647058822        635.90520793539986     
  -5.6470588235294121        3.5294117647058822        498.54525607092501     
  -5.2941176470588234        3.5294117647058822        384.90105570842002     
  -4.9411764705882355        3.5294117647058822        292.08643450799485     
  -4.5882352941176467        3.5294117647058822        217.40142479684829     
  -4.2352941176470589        3.5294117647058822        158.33226356926946     
  -3.8823529411764706        3.5294117647058822        112.55139248663674     
  -3.5294117647058822        3.5294117647058822        77.917457877418514     
  -3.1764705882352939        3.5294117647058822        52.475310737172784     
  -2.8235294117647056        3.5294117647058822        34.456006728547230     
  -2.4705882352941173        3.5294117647058822        22.276806181279309     
  -2.1176470588235290        3.5294117647058822        14.541174092196160     
  -1.7647058823529411        3.5294117647058822        10.038780125214643     
  -1.4117647058823524        3.5294117647058822        7.7454986113413229     
  -1.0588235294117645        3.5294117647058822        6.8234085486724965     
 -0.70588235294117574        3.5294117647058822        6.6207936023941603     
 -0.35294117647058787        3.5294117647058822        6.6721421047820302     
   0.0000000000000000        3.5294117647058822        6.6981470552015363     
  0.35294117647058876        3.5294117647058822        6.6057061201078211     
  0.70588235294117663        3.5294117647058822        6.4879216330457403     
   1.0588235294117654        3.5294117647058822        6.6241005946498692     
   1.4117647058823533        3.5294117647058822        7.4797546726444875     
   1.7647058823529420        3.5294117647058822        9.7066002018436031     
   2.1176470588235308        3.5294117647058822        14.142558184150928     
   2.4705882352941178        3.5294117647058822        21.811754288559850     
   2.8235294117647065        3.5294117647058822        33.924518851153593     
   3.1764705882352953        3.5294117647058822        51.877386875104982     
   3.5294117647058822        3.5294117647058822        77.253098030676426     
   3.8823529411764710        3.5294117647058822        111.82059665522048     
   4.2352941176470598        3.5294117647058822        157.53503175317906     
   4.5882352941176485        3.5294117647058822        216.53775699608386     
   4.9411764705882355        3.5294117647058822        291.15633072255588     
   5.2941176470588243        3.5294117647058822        383.90451593830716     
   5.6470588235294130        3.5294117647058822        497.48228031613786     
   6.0000000000000000        3.5294117647058822        634.77579619593826     
  
  -6.0000000000000000        3.8823529411764710        637.36828940396526     
  -5.6470588235294121        3.8823529411764710        500.00501574025674     
  -5.2941176470588234        3.8823529411764710        386.35749357851802     
  -4.9411764705882355        3.8823529411764710        293.53955057885912     
  -4.5882352941176467        3.8823529411764710        218.85121906847885     
  -4.2352941176470589        3.8823529411764710        159.77873604166632     
  -3.8823529411764706        3.8823529411764710        113.99454315979987     
  -3.5294117647058822        3.8823529411764710        79.357286751347942     
  -3.1764705882352939        3.8823529411764710        53.911817811868502     
  -2.8235294117647056        3.8823529411764710        35.889192004009239     
  -2.4705882352941173        3.8823529411764710        23.706669657507611     
  -2.1176470588235290        3.8823529411764710        15.967715769190749     
  -1.7647058823529411        3.8823529411764710        11.462000002975520     
  -1.4117647058823524        3.8823529411764710        9.1653966898684889     
  -1.0588235294117645        3.8823529411764710        8.2399848279659516     
 -0.70588235294117574        3.8823529411764710        8.0340480824539053     
 -0.35294117647058787        3.8823529411764710        8.0820747856080661     
   0.0000000000000000        3.8823529411764710        8.1047579367938614     
  0.35294117647058876        3.8823529411764710        8.0089952024664353     
  0.70588235294117663        3.8823529411764710        7.8878889161706445     
   1.0588235294117654        3.8823529411764710        8.0207460785410625     
   1.4117647058823533        3.8823529411764710        8.8730783573019707     
   1.7647058823529420        3.8823529411764710        11.096602087267375     
   2.1176470588235308        3.8823529411764710        15.529238270340992     
   2.4705882352941178        3.8823529411764710        23.195112575516202     
   2.8235294117647065        3.8823529411764710        35.304555338876227     
   3.1764705882352953        3.8823529411764710        53.254101563593913     
   3.5294117647058822        3.8823529411764710        78.626490919931641     
   3.8823529411764710        3.8823529411764710        113.19066774524200     
   4.2352941176470598        3.8823529411764710        158.90178104396688     
   4.5882352941176485        3.8823529411764710        217.90118448763795     
   4.9411764705882355        3.8823529411764710        292.51643641487630     
   5.2941176470588243        3.8823529411764710        385.26129983139384     
   5.6470588235294130        3.8823529411764710        498.83574240999087     
   6.0000000000000000        3.8823529411764710        636.12593649055759     
  
  -6.0000000000000000        4.2352941176470598        638.96533381363474     
  -5.6470588235294121        4.2352941176470598        501.59873835069243     
  -5.2941176470588234        4.2352941176470598        387.94789438972003     
  -4.9411764705882355        4.2352941176470598        295.12662959082741     
  -4.5882352941176467        4.2352941176470598        220.43497628121347     
  -4.2352941176470589        4.2352941176470598        161.35917145516720     
  -3.8823529411764706        4.2352941176470598        115.57165677406705     
  -3.5294117647058822        4.2352941176470598        80.931078566381402     
  -3.1764705882352939        4.2352941176470598        55.482287827668252     
  -2.8235294117647056        4.2352941176470598        37.456340220575278     
  -2.4705882352941173        4.2352941176470598        25.270496074839940     
  -2.1176470588235290        4.2352941176470598        17.528220387289370     
  -1.7647058823529411        4.2352941176470598        13.019182821840429     
  -1.4117647058823524        4.2352941176470598        10.719257709499688     
  -1.0588235294117645        4.2352941176470598        9.7905240483634408     
 -0.70588235294117574        4.2352941176470598        9.5812655036176828     
 -0.35294117647058787        4.2352941176470598        9.6259704075381318     
   0.0000000000000000        4.2352941176470598        9.6453317594902170     
  0.35294117647058876        4.2352941176470598        9.5462472259290791     
  0.70588235294117663        4.2352941176470598        9.4218191403995792     
   1.0588235294117654        4.2352941176470598        9.5513545035362881     
   1.4117647058823533        4.2352941176470598        10.400364983063485     
   1.7647058823529420        4.2352941176470598        12.620566913795178     
   2.1176470588235308        4.2352941176470598        17.049881297635086     
   2.4705882352941178        4.2352941176470598        24.712433803576587     
   2.8235294117647065        4.2352941176470598        36.818554767702899     
   3.1764705882352953        4.2352941176470598        54.764779193186875     
   3.5294117647058822        4.2352941176470598        80.133846750290886     
   3.8823529411764710        4.2352941176470598        114.69470177636752     
   4.2352941176470598        4.2352941176470598        160.40249327585872     
   4.5882352941176485        4.2352941176470598        219.39857492029606     
   4.9411764705882355        4.2352941176470598        294.01050504830067     
   5.2941176470588243        4.2352941176470598        386.75204666558454     
   5.6470588235294130        4.2352941176470598        500.32316744494784     
   6.0000000000000000        4.2352941176470598        637.61003972628077     
  
  -6.0000000000000000        4.5882352941176485        640.69634116440818     
  -5.6470588235294121        4.5882352941176485        503.32642390223219     
  -5.2941176470588234        4.5882352941176485        389.67225814202607     
  -4.9411764705882355        4.5882352941176485        296.84767154389976     
  -4.5882352941176467        4.5882352941176485        222.15269643505206     
  -4.2352941176470589        4.5882352941176485        163.07356980977212     
  -3.8823529411764706        4.5882352941176485        117.28273332943826     
  -3.5294117647058822        4.5882352941176485        82.638833322518906     
  -3.1764705882352939        4.5882352941176485        57.186720784572032     
  -2.8235294117647056        4.5882352941176485        39.157451378245355     
  -2.4705882352941173        4.5882352941176485        26.968285433276296     
  -2.1176470588235290        4.5882352941176485        19.222687946492016     
  -1.7647058823529411        4.5882352941176485        14.710328581809367     
  -1.4117647058823524        4.5882352941176485        12.407081670234916     
  -1.0588235294117645        4.5882352941176485        11.475026209864959     
 -0.70588235294117574        4.5882352941176485        11.262445865885491     
 -0.35294117647058787        4.5882352941176485        11.303828970572228     
   0.0000000000000000        4.5882352941176485        11.319868523290603     
  0.35294117647058876        4.5882352941176485        11.217462190495755     
  0.70588235294117663        4.5882352941176485        11.089712305732546     
   1.0588235294117654        4.5882352941176485        11.215925869635543     
   1.4117647058823533        4.5882352941176485        12.061614549929029     
   1.7647058823529420        4.5882352941176485        14.278494681427015     
   2.1176470588235308        4.5882352941176485        18.704487266033208     
   2.4705882352941178        4.5882352941176485        26.363717972740996     
   2.8235294117647065        4.5882352941176485        38.466517137633602     
   3.1764705882352953        4.5882352941176485        56.409419763883861     
   3.5294117647058822        4.5882352941176485        81.775165521754175     
   3.8823529411764710        4.5882352941176485        116.33269874859711     
   4.2352941176470598        4.5882352941176485        162.03716844885454     
   4.5882352941176485        4.5882352941176485        221.02992829405821     
   4.9411764705882355        4.5882352941176485        295.63853662282918     
   5.2941176470588243        4.5882352941176485        388.37675644087926     
   5.6470588235294130        4.5882352941176485        501.94455542100889     
   6.0000000000000000        4.5882352941176485        639.22810590310814     
  
  -6.0000000000000000        4.9411764705882355        642.56131145628558     
  -5.6470588235294121        4.9411764705882355        505.18807239487597     
  -5.2941176470588234        4.9411764705882355        391.53058483543617     
  -4.9411764705882355        4.9411764705882355        298.70267643807614     
  -4.5882352941176467        4.9411764705882355        224.00437952999471     
  -4.2352941176470589        4.9411764705882355        164.92193110548104     
  -3.8823529411764706        4.9411764705882355        119.12777282591347     
  -3.5294117647058822        4.9411764705882355        84.480551019760412     
  -3.1764705882352939        4.9411764705882355        59.025116682579835     
  -2.8235294117647056        4.9411764705882355        40.992525477019441     
  -2.4705882352941173        4.9411764705882355        28.800037732816680     
  -2.1176470588235290        4.9411764705882355        21.051118446798689     
  -1.7647058823529411        4.9411764705882355        16.535437282882327     
  -1.4117647058823524        4.9411764705882355        14.228868572074166     
  -1.0588235294117645        4.9411764705882355        13.293491312470499     
 -0.70588235294117574        4.9411764705882355        13.077589169257319     
 -0.35294117647058787        4.9411764705882355        13.115650474710348     
   0.0000000000000000        4.9411764705882355        13.128368228195011     
  0.35294117647058876        4.9411764705882355        13.022640096166453     
  0.70588235294117663        4.9411764705882355        12.891568412169534     
   1.0588235294117654        4.9411764705882355        13.014460176838819     
   1.4117647058823533        4.9411764705882355        13.856827057898597     
   1.7647058823529420        4.9411764705882355        16.070385390162869     
   2.1176470588235308        4.9411764705882355        20.493056175535354     
   2.4705882352941178        4.9411764705882355        28.148965083009436     
   2.8235294117647065        4.9411764705882355        40.248442448668328     
   3.1764705882352953        4.9411764705882355        58.188023275684884     
   3.5294117647058822        4.9411764705882355        83.550447234321481     
   3.8823529411764710        4.9411764705882355        118.10465866193070     
   4.2352941176470598        4.9411764705882355        163.80580656295444     
   4.5882352941176485        4.9411764705882355        222.79524460892438     
   4.9411764705882355        4.9411764705882355        297.40053113846164     
   5.2941176470588243        4.9411764705882355        390.13542915727805     
   5.6470588235294130        4.9411764705882355        503.69990633817395     
   6.0000000000000000        4.9411764705882355        640.98013502103947     
  
  -6.0000000000000000        5.2941176470588243        644.56024468926717     
  -5.6470588235294121        5.2941176470588243        507.18368382862383     
  -5.2941176470588234        5.2941176470588243        393.52287446995024     
  -4.9411764705882355        5.2941176470588243        300.69164427335653     
  -4.5882352941176467        5.2941176470588243        225.99002556604140     
  -4.2352941176470589        5.2941176470588243        166.90425534229402     
  -3.8823529411764706        5.2941176470588243        121.10677526349275     
  -3.5294117647058822        5.2941176470588243        86.456231658105978     
  -3.1764705882352939        5.2941176470588243        60.997475521691676     
  -2.8235294117647056        5.2941176470588243        42.961562516897573     
  -2.4705882352941173        5.2941176470588243        30.765752973461105     
  -2.1176470588235290        5.2941176470588243        23.013511888209404     
  -1.7647058823529411        5.2941176470588243        18.494508925059332     
  -1.4117647058823524        5.2941176470588243        16.184618415017457     
  -1.0588235294117645        5.2941176470588243        15.245919356180080     
 -0.70588235294117574        5.2941176470588243        15.026695413733190     
 -0.35294117647058787        5.2941176470588243        15.061434919952507     
   0.0000000000000000        5.2941176470588243        15.070830874203462     
  0.35294117647058876        5.2941176470588243        14.961780942941193     
  0.70588235294117663        5.2941176470588243        14.827387459710563     
   1.0588235294117654        5.2941176470588243        14.946957425146138     
   1.4117647058823533        5.2941176470588243        15.786002506972205     
   1.7647058823529420        5.2941176470588243        17.996239040002767     
   2.1176470588235308        5.2941176470588243        22.415588026141542     
   2.4705882352941178        5.2941176470588243        30.068175134381910     
   2.8235294117647065        5.2941176470588243        42.164330700807092     
   3.1764705882352953        5.2941176470588243        60.100589728589938     
   3.5294117647058822        5.2941176470588243        85.459691887992832     
   3.8823529411764710        5.2941176470588243        120.01058151636833     
   4.2352941176470598        5.2941176470588243        165.70840761815836     
   4.5882352941176485        5.2941176470588243        224.69452386489459     
   4.9411764705882355        5.2941176470588243        299.29648859519813     
   5.2941176470588243        5.2941176470588243        392.02806481478086     
   5.6470588235294130        5.2941176470588243        505.58922019644302     
   6.0000000000000000        5.2941176470588243        642.86612708007476     
  
  -6.0000000000000000        5.6470588235294130        646.69314086335271     
  -5.6470588235294121        5.6470588235294130        509.31325820347564     
  -5.2941176470588234        5.6470588235294130        395.64912704556838     
  -4.9411764705882355        5.6470588235294130        302.81457504974094     
  -4.5882352941176467        5.6470588235294130        228.10963454319213     
  -4.2352941176470589        5.6470588235294130        169.02054252021102     
  -3.8823529411764706        5.6470588235294130        123.21974064217603     
  -3.5294117647058822        5.6470588235294130        88.565875237555545     
  -3.1764705882352939        5.6470588235294130        63.103797301907555     
  -2.8235294117647056        5.6470588235294130        45.064562497879734     
  -2.4705882352941173        5.6470588235294130        32.865431155209556     
  -2.1176470588235290        5.6470588235294130        25.109868270724142     
  -1.7647058823529411        5.6470588235294130        20.587543508340360     
  -1.4117647058823524        5.6470588235294130        18.274331199064779     
  -1.0588235294117645        5.6470588235294130        17.332310340993690     
 -0.70588235294117574        5.6470588235294130        17.109764599313092     
 -0.35294117647058787        5.6470588235294130        17.141182306298695     
   0.0000000000000000        5.6470588235294130        17.147256461315941     
  0.35294117647058876        5.6470588235294130        17.034884730819961     
  0.70588235294117663        5.6470588235294130        16.897169448355619     
   1.0588235294117654        5.6470588235294130        17.013417614557486     
   1.4117647058823533        5.6470588235294130        17.849140897149841     
   1.7647058823529420        5.6470588235294130        20.056055630946695     
   2.1176470588235308        5.6470588235294130        24.472082817851756     
   2.4705882352941178        5.6470588235294130        32.121348126858415     
   2.8235294117647065        5.6470588235294130        44.214181894049894     
   3.1764705882352953        5.6470588235294130        62.147119122599022     
   3.5294117647058822        5.6470588235294130        87.502899482768186     
   3.8823529411764710        5.6470588235294130        122.05046731190998     
   4.2352941176470598        5.6470588235294130        167.74497161446632     
   4.5882352941176485        5.6470588235294130        226.72776606196885     
   4.9411764705882355        5.6470588235294130        301.32640899303868     
   5.2941176470588243        5.6470588235294130        394.05466341338763     
   5.6470588235294130        5.6470588235294130        507.61249699581612     
   6.0000000000000000        5.6470588235294130        644.88608208021424     
  
  -6.0000000000000000        6.0000000000000000        648.95999997854233     
  -5.6470588235294121        6.0000000000000000        511.57679551943153     
  -5.2941176470588234        6.0000000000000000        397.90934256229053     
  -4.9411764705882355        6.0000000000000000        305.07146876722942     
  -4.5882352941176467        6.0000000000000000        230.36320646144685     
  -4.2352941176470589        6.0000000000000000        171.27079263923204     
  -3.8823529411764706        6.0000000000000000        125.46666896196335     
  -3.5294117647058822        6.0000000000000000        90.809481758109158     
  -3.1764705882352939        6.0000000000000000        65.344082023227443     
  -2.8235294117647056        6.0000000000000000        47.301525419965920     
  -2.4705882352941173        6.0000000000000000        35.099072278062025     
  -2.1176470588235290        6.0000000000000000        27.340187594342904     
  -1.7647058823529411        6.0000000000000000        22.814541032725412     
  -1.4117647058823524        6.0000000000000000        20.498006924216121     
  -1.0588235294117645        6.0000000000000000        19.552664266911322     
 -0.70588235294117574        6.0000000000000000        19.326796725997010     
 -0.35294117647058787        6.0000000000000000        19.354892633748907     
   0.0000000000000000        6.0000000000000000        19.357644989532442     
  0.35294117647058876        6.0000000000000000        19.241951459802753     
  0.70588235294117663        6.0000000000000000        19.100914378104697     
   1.0588235294117654        6.0000000000000000        19.213840745072854     
   1.4117647058823533        6.0000000000000000        20.046242228431499     
   1.7647058823529420        6.0000000000000000        22.249835162994643     
   2.1176470588235308        6.0000000000000000        26.662540550665994     
   2.4705882352941178        6.0000000000000000        34.308484060438943     
   2.8235294117647065        6.0000000000000000        46.397996028396705     
   3.1764705882352953        6.0000000000000000        64.327611457712123     
   3.5294117647058822        6.0000000000000000        89.680070018647598     
   3.8823529411764710        6.0000000000000000        124.22431604855568     
   4.2352941176470598        6.0000000000000000        169.91549855187830     
   4.5882352941176485        6.0000000000000000        228.89497120014710     
   4.9411764705882355        6.0000000000000000        303.49029233198320     
   5.2941176470588243        6.0000000000000000        396.21522495309847     
   5.6470588235294130        6.0000000000000000        509.76973673629323     
   6.0000000000000000        6.0000000000000000        647.04000002145767     
  
