 0.2500000E-01 -0.3956724E+00  0.8848357E-01 -0.8357145E-01 -0.2583204E+00  0.4376743E+00  0.7236695E+00  0.2435403E-01 -0.5797159E+00  0.4121360E+00  0.1570111E+00 -0.8008018E-01 -0.1397740E+00 -0.1054845E+01 -0.4151432E-01  0.1356090E+00  0.5219307E+00 -0.7451023E-01  0.3119632E+00  0.5508817E+00
 0.3866707E+00
 0.5000000E-01 -0.3954981E+00  0.8848062E-01 -0.8350654E-01 -0.2581887E+00  0.4374426E+00  0.7233824E+00  0.2437187E-01 -0.5793789E+00  0.4119581E+00  0.1569435E+00 -0.8005027E-01 -0.1396852E+00 -0.1054321E+01 -0.4153581E-01  0.1355527E+00  0.5216673E+00 -0.7449085E-01  0.3118229E+00  0.5506528E+00
 0.3865039E+00
 0.7500000E-01 -0.3952052E+00  0.8847240E-01 -0.8339606E-01 -0.2579658E+00  0.4370423E+00  0.7229087E+00  0.2440139E-01 -0.5788025E+00  0.4116626E+00  0.1568288E+00 -0.8000013E-01 -0.1395340E+00 -0.1053434E+01 -0.4157221E-01  0.1354568E+00  0.5212152E+00 -0.7445860E-01  0.3115864E+00  0.5502739E+00
 0.3862285E+00
 0.1000000E+00 -0.3947928E+00  0.8845677E-01 -0.8323839E-01 -0.2576494E+00  0.4364665E+00  0.7222545E+00  0.2444249E-01 -0.5779779E+00  0.4112515E+00  0.1566662E+00 -0.7992958E-01 -0.1393183E+00 -0.1052174E+01 -0.4162435E-01  0.1353205E+00  0.5205673E+00 -0.7441362E-01  0.3112528E+00  0.5497486E+00
 0.3858477E+00
 0.1250000E+00 -0.3942600E+00  0.8843210E-01 -0.8303243E-01 -0.2572374E+00  0.4357123E+00  0.7214275E+00  0.2449503E-01 -0.5768997E+00  0.4107276E+00  0.1564551E+00 -0.7983840E-01 -0.1390365E+00 -0.1050532E+01 -0.4169318E-01  0.1351434E+00  0.5197193E+00 -0.7435604E-01  0.3108216E+00  0.5490819E+00
 0.3853657E+00
 0.1500000E+00 -0.3936067E+00  0.8839737E-01 -0.8277790E-01 -0.2567291E+00  0.4347803E+00  0.7204364E+00  0.2455879E-01 -0.5755675E+00  0.4100943E+00  0.1561957E+00 -0.7972638E-01 -0.1386880E+00 -0.1048508E+01 -0.4177954E-01  0.1349254E+00  0.5186712E+00 -0.7428595E-01  0.3102928E+00  0.5482792E+00
 0.3847871E+00
 0.1750000E+00 -0.3928338E+00  0.8835205E-01 -0.8247542E-01 -0.2561250E+00  0.4336742E+00  0.7192899E+00  0.2463351E-01 -0.5739854E+00  0.4093551E+00  0.1558887E+00 -0.7959341E-01 -0.1382736E+00 -0.1046104E+01 -0.4188406E-01  0.1346673E+00  0.5174266E+00 -0.7420340E-01  0.3096678E+00  0.5473463E+00
 0.3841167E+00
 0.2000000E+00 -0.3919441E+00  0.8829601E-01 -0.8212638E-01 -0.2554277E+00  0.4323998E+00  0.7179970E+00  0.2471895E-01 -0.5721621E+00  0.4085140E+00  0.1555357E+00 -0.7943971E-01 -0.1377952E+00 -0.1043332E+01 -0.4200703E-01  0.1343706E+00  0.5159927E+00 -0.7410843E-01  0.3089494E+00  0.5462891E+00
 0.3833596E+00
 0.2250000E+00 -0.3909426E+00  0.8822929E-01 -0.8173284E-01 -0.2546415E+00  0.4309644E+00  0.7165657E+00  0.2481482E-01 -0.5701093E+00  0.4075758E+00  0.1551395E+00 -0.7926585E-01 -0.1372559E+00 -0.1040211E+01 -0.4214850E-01  0.1340377E+00  0.5143793E+00 -0.7400123E-01  0.3081424E+00  0.5451138E+00
 0.3825205E+00
 0.2500000E+00 -0.3898372E+00  0.8814724E-01 -0.8130238E-01 -0.2537748E+00  0.4293679E+00  0.7150068E+00  0.2491367E-01 -0.5678481E+00  0.4065503E+00  0.1547028E+00 -0.7907138E-01 -0.1366635E+00 -0.1036771E+01 -0.4230698E-01  0.1336699E+00  0.5125937E+00 -0.7387982E-01  0.3072549E+00  0.5438308E+00
 0.3816061E+00
 0.2750000E+00 -0.3886392E+00  0.8805101E-01 -0.8083870E-01 -0.2528359E+00  0.4276174E+00  0.7133302E+00  0.2501452E-01 -0.5653955E+00  0.4054472E+00  0.1542293E+00 -0.7885814E-01 -0.1360234E+00 -0.1033044E+01 -0.4248174E-01  0.1332702E+00  0.5106481E+00 -0.7374489E-01  0.3062957E+00  0.5424504E+00
 0.3806222E+00
 0.3000000E+00 -0.3873620E+00  0.8794161E-01 -0.8034544E-01 -0.2518342E+00  0.4257200E+00  0.7115484E+00  0.2511672E-01 -0.5627687E+00  0.4042791E+00  0.1537234E+00 -0.7862857E-01 -0.1353409E+00 -0.1029066E+01 -0.4267195E-01  0.1328421E+00  0.5085554E+00 -0.7359776E-01  0.3052749E+00  0.5409866E+00
 0.3795759E+00
 0.3250000E+00 -0.3860201E+00  0.8781923E-01 -0.7982597E-01 -0.2507789E+00  0.4236833E+00  0.7096785E+00  0.2522002E-01 -0.5599848E+00  0.4030615E+00  0.1531898E+00 -0.7838548E-01 -0.1346211E+00 -0.1024871E+01 -0.4287667E-01  0.1323892E+00  0.5063285E+00 -0.7344029E-01  0.3042032E+00  0.5394573E+00
 0.3784769E+00
 0.3500000E+00 -0.3846283E+00  0.8768278E-01 -0.7928326E-01 -0.2496791E+00  0.4215158E+00  0.7077427E+00  0.2532447E-01 -0.5570602E+00  0.4018119E+00  0.1526334E+00 -0.7813171E-01 -0.1338689E+00 -0.1020497E+01 -0.4309495E-01  0.1319154E+00  0.5039808E+00 -0.7327462E-01  0.3030918E+00  0.5378844E+00
 0.3773373E+00
 0.3750000E+00 -0.3832006E+00  0.8752970E-01 -0.7872002E-01 -0.2485435E+00  0.4192278E+00  0.7057685E+00  0.2543017E-01 -0.5540121E+00  0.4005482E+00  0.1520590E+00 -0.7786990E-01 -0.1330886E+00 -0.1015977E+01 -0.4332569E-01  0.1314250E+00  0.5015270E+00 -0.7310294E-01  0.3019514E+00  0.5362921E+00
 0.3761728E+00
 0.4000000E+00 -0.3817498E+00  0.8735570E-01 -0.7813917E-01 -0.2473801E+00  0.4168307E+00  0.7037878E+00  0.2553697E-01 -0.5508596E+00  0.3992879E+00  0.1514717E+00 -0.7760238E-01 -0.1322849E+00 -0.1011344E+01 -0.4356749E-01  0.1309221E+00  0.4989839E+00 -0.7292720E-01  0.3007923E+00  0.5347052E+00
 0.3750012E+00
 0.4250000E+00 -0.3802880E+00  0.8715397E-01 -0.7754421E-01 -0.2461973E+00  0.4143341E+00  0.7018343E+00  0.2564418E-01 -0.5476252E+00  0.3980474E+00  0.1508766E+00 -0.7733126E-01 -0.1314630E+00 -0.1006634E+01 -0.4381833E-01  0.1304112E+00  0.4963706E+00 -0.7274910E-01  0.2996243E+00  0.5331482E+00
 0.3738424E+00
 0.4500000E+00 -0.3788270E+00  0.8691373E-01 -0.7693921E-01 -0.2450046E+00  0.4117416E+00  0.6999426E+00  0.2575052E-01 -0.5443325E+00  0.3968413E+00  0.1502791E+00 -0.7705862E-01 -0.1306291E+00 -0.1001885E+01 -0.4407526E-01  0.1298971E+00  0.4937065E+00 -0.7257007E-01  0.2984574E+00  0.5316435E+00
 0.3727170E+00
 0.4750000E+00 -0.3773796E+00  0.8661820E-01 -0.7632829E-01 -0.2438127E+00  0.4090450E+00  0.6981453E+00  0.2585419E-01 -0.5410033E+00  0.3956825E+00  0.1496850E+00 -0.7678684E-01 -0.1297895E+00 -0.9971415E+00 -0.4433437E-01  0.1293849E+00  0.4910080E+00 -0.7239155E-01  0.2973018E+00  0.5302113E+00
 0.3716452E+00
 0.5000000E+00 -0.3759599E+00  0.8624212E-01 -0.7571498E-01 -0.2426332E+00  0.4062185E+00  0.6964714E+00  0.2595290E-01 -0.5376536E+00  0.3945820E+00  0.1490999E+00 -0.7651885E-01 -0.1289503E+00 -0.9924475E+00 -0.4459093E-01  0.1288794E+00  0.4882853E+00 -0.7221523E-01  0.2961687E+00  0.5288688E+00
 0.3706453E+00
 0.5250000E+00 -0.3745838E+00  0.8574978E-01 -0.7510148E-01 -0.2414776E+00  0.4032097E+00  0.6949446E+00  0.2604368E-01 -0.5342894E+00  0.3935486E+00  0.1485295E+00 -0.7625821E-01 -0.1281159E+00 -0.9878470E+00 -0.4483982E-01  0.1283850E+00  0.4855389E+00 -0.7204325E-01  0.2950700E+00  0.5276291E+00
 0.3697329E+00
 0.5500000E+00 -0.3732581E+00  0.8509558E-01 -0.7448581E-01 -0.2403501E+00  0.3999288E+00  0.6935515E+00  0.2612313E-01 -0.5308992E+00  0.3925730E+00  0.1479826E+00 -0.7600378E-01 -0.1272856E+00 -0.9833676E+00 -0.4510584E-01  0.1279085E+00  0.4827554E+00 -0.7187839E-01  0.2940203E+00  0.5264746E+00
 0.3688916E+00
 0.5750000E+00 -0.3720016E+00  0.8422889E-01 -0.7386579E-01 -0.2392594E+00  0.3962383E+00  0.6922969E+00  0.2618483E-01 -0.5274529E+00  0.3916636E+00  0.1474622E+00 -0.7575928E-01 -0.1264588E+00 -0.9790380E+00 -0.4538679E-01  0.1274512E+00  0.4798985E+00 -0.7172230E-01  0.2930322E+00  0.5254115E+00
 0.3681247E+00
 0.6000000E+00 -0.3708317E+00  0.8310249E-01 -0.7323464E-01 -0.2382099E+00  0.3919520E+00  0.6911808E+00  0.2622000E-01 -0.5238878E+00  0.3908294E+00  0.1469689E+00 -0.7552887E-01 -0.1256296E+00 -0.9748670E+00 -0.4567988E-01  0.1270115E+00  0.4769000E+00 -0.7157720E-01  0.2921151E+00  0.5244443E+00
 0.3674330E+00
 0.6250000E+00 -0.3697618E+00  0.8167922E-01 -0.7257902E-01 -0.2371990E+00  0.3868505E+00  0.6901988E+00  0.2621746E-01 -0.5200959E+00  0.3900805E+00  0.1464992E+00 -0.7531664E-01 -0.1247839E+00 -0.9708345E+00 -0.4598188E-01  0.1265839E+00  0.4736484E+00 -0.7144606E-01  0.2912737E+00  0.5235765E+00
 0.3668148E+00
 0.6500000E+00 -0.3687985E+00  0.7993395E-01 -0.7187742E-01 -0.2362143E+00  0.3807117E+00  0.6893435E+00  0.2616398E-01 -0.5159134E+00  0.3894276E+00  0.1460449E+00 -0.7512595E-01 -0.1238969E+00 -0.9668804E+00 -0.4628929E-01  0.1261577E+00  0.4699805E+00 -0.7133236E-01  0.2905054E+00  0.5228121E+00
 0.3662665E+00
 0.6750000E+00 -0.3679387E+00  0.7785229E-01 -0.7109975E-01 -0.2352311E+00  0.3733440E+00  0.6886056E+00  0.2604530E-01 -0.5111179E+00  0.3888815E+00  0.1455903E+00 -0.7495867E-01 -0.1229312E+00 -0.9628928E+00 -0.4659849E-01  0.1257144E+00  0.4656803E+00 -0.7123961E-01  0.2897992E+00  0.5221560E+00
 0.3657832E+00
 0.7000000E+00 -0.3671675E+00  0.7542808E-01 -0.7020900E-01 -0.2342089E+00  0.3646054E+00  0.6879764E+00  0.2584773E-01 -0.5054412E+00  0.3884514E+00  0.1451106E+00 -0.7481444E-01 -0.1218358E+00 -0.9586940E+00 -0.4690589E-01  0.1252256E+00  0.4604946E+00 -0.7117040E-01  0.2891325E+00  0.5216152E+00
 0.3653597E+00
 0.7250000E+00 -0.3664561E+00  0.7266120E-01 -0.6916527E-01 -0.2330887E+00  0.3544069E+00  0.6874488E+00  0.2555975E-01 -0.4985984E+00  0.3881431E+00  0.1445689E+00 -0.7469038E-01 -0.1205491E+00 -0.9540298E+00 -0.4720794E-01  0.1246508E+00  0.4541627E+00 -0.7112580E-01  0.2884687E+00  0.5211975E+00
 0.3649916E+00
 0.7500000E+00 -0.3657601E+00  0.6955604E-01 -0.6793095E-01 -0.2317910E+00  0.3427038E+00  0.6870191E+00  0.2517276E-01 -0.4903248E+00  0.3879574E+00  0.1439144E+00 -0.7458089E-01 -0.1190042E+00 -0.9485637E+00 -0.4750111E-01  0.1239366E+00  0.4464513E+00 -0.7110492E-01  0.2877539E+00  0.5209107E+00
 0.3646757E+00
 0.7750000E+00 -0.3650161E+00  0.6612044E-01 -0.6647510E-01 -0.2302162E+00  0.3294862E+00  0.6866880E+00  0.2468118E-01 -0.4804059E+00  0.3878894E+00  0.1430826E+00 -0.7447749E-01 -0.1171371E+00 -0.9418840E+00 -0.4778178E-01  0.1230191E+00  0.4371777E+00 -0.7110477E-01  0.2869136E+00  0.5207611E+00
 0.3644118E+00
 0.8000000E+00 -0.3641390E+00  0.6236514E-01 -0.6477547E-01 -0.2282495E+00  0.3147694E+00  0.6864607E+00  0.2408197E-01 -0.4686893E+00  0.3879277E+00  0.1419988E+00 -0.7436856E-01 -0.1148940E+00 -0.9335294E+00 -0.4804618E-01  0.1218297E+00  0.4262178E+00 -0.7112035E-01  0.2858498E+00  0.5207511E+00
 0.3642022E+00
 0.8250000E+00 -0.3630186E+00  0.5830337E-01 -0.6281840E-01 -0.2257707E+00  0.2985878E+00  0.6863451E+00  0.2337413E-01 -0.4550824E+00  0.3880536E+00  0.1405854E+00 -0.7423883E-01 -0.1122349E+00 -0.9230292E+00 -0.4829023E-01  0.1203034E+00  0.4135007E+00 -0.7114464E-01  0.2844418E+00  0.5208777E+00
 0.3640518E+00
 0.8500000E+00 -0.3615183E+00  0.5395067E-01 -0.6059741E-01 -0.2226665E+00  0.2809904E+00  0.6863501E+00  0.2255814E-01 -0.4395427E+00  0.3882403E+00  0.1387699E+00 -0.7406872E-01 -0.1091339E+00 -0.9099493E+00 -0.4850946E-01  0.1183849E+00  0.3989984E+00 -0.7116842E-01  0.2825512E+00  0.5211308E+00
 0.3639672E+00
 0.8750000E+00 -0.3594785E+00  0.4932476E-01 -0.5811166E-01 -0.2188413E+00  0.2620387E+00  0.6864813E+00  0.2163568E-01 -0.4220666E+00  0.3884518E+00  0.1364924E+00 -0.7383397E-01 -0.1055779E+00 -0.8939277E+00 -0.4869875E-01  0.1160329E+00  0.3827159E+00 -0.7118000E-01  0.2800325E+00  0.5214922E+00
 0.3639546E+00
 0.9000000E+00 -0.3567263E+00  0.4444544E-01 -0.5536459E-01 -0.2142234E+00  0.2418051E+00  0.6867386E+00  0.2060934E-01 -0.4026798E+00  0.3886405E+00  0.1337084E+00 -0.7350585E-01 -0.1015631E+00 -0.8746922E+00 -0.4885215E-01  0.1132203E+00  0.3646828E+00 -0.7116484E-01  0.2767470E+00  0.5219343E+00
 0.3640184E+00
 0.9250000E+00 -0.3530893E+00  0.3933456E-01 -0.5236286E-01 -0.2087654E+00  0.2203715E+00  0.6871132E+00  0.1948256E-01 -0.3814308E+00  0.3887453E+00  0.1303893E+00 -0.7305225E-01 -0.9709359E-01 -0.8520618E+00 -0.4896267E-01  0.1099323E+00  0.3449484E+00 -0.7110516E-01  0.2725753E+00  0.5224190E+00
 0.3641594E+00
 0.9500000E+00 -0.3484115E+00  0.3401590E-01 -0.4911578E-01 -0.2024415E+00  0.1978293E+00  0.6875861E+00  0.1825947E-01 -0.3583865E+00  0.3886890E+00  0.1265201E+00 -0.7243979E-01 -0.9217928E-01 -0.8259363E+00 -0.4902226E-01  0.1061640E+00  0.3235776E+00 -0.7097971E-01  0.2674256E+00  0.5228970E+00
 0.3643739E+00
 0.9750000E+00 -0.3425648E+00  0.2851510E-01 -0.4563479E-01 -0.1952433E+00  0.1742786E+00  0.6881281E+00  0.1694491E-01 -0.3336292E+00  0.3883761E+00  0.1220967E+00 -0.7163643E-01 -0.8683458E-01 -0.7962835E+00 -0.4902210E-01  0.1019184E+00  0.3006488E+00 -0.7076370E-01  0.2612350E+00  0.5233065E+00
 0.3646525E+00
 0.1000000E+01 -0.3354540E+00  0.2285960E-01 -0.4193324E-01 -0.1871764E+00  0.1498279E+00  0.6886992E+00  0.1554436E-01 -0.3072547E+00  0.3876914E+00  0.1171237E+00 -0.7061389E-01 -0.8107778E-01 -0.7631261E+00 -0.4895310E-01  0.9720440E-01  0.2762525E+00 -0.7042946E-01  0.2539672E+00  0.5235709E+00
 0.3649804E+00
 0.1025000E+01 -0.3270171E+00  0.1707846E-01 -0.3802621E-01 -0.1782571E+00  0.1245935E+00  0.6892488E+00  0.1406391E-01 -0.2793713E+00  0.3865015E+00  0.1116121E+00 -0.6934933E-01 -0.7493052E-01 -0.7265309E+00 -0.4880657E-01  0.9203572E-01  0.2504902E+00 -0.6994762E-01  0.2456081E+00  0.5235976E+00
 0.3653368E+00
 0.1050000E+01 -0.3172209E+00  0.1120225E-01 -0.3393038E-01 -0.1685106E+00  0.9869939E-01  0.6897163E+00  0.1251029E-01 -0.2500985E+00  0.3846581E+00  0.1055784E+00 -0.6782598E-01 -0.6841747E-01 -0.6866008E+00 -0.4857494E-01  0.8642999E-01  0.2234738E+00 -0.6928910E-01  0.2361612E+00  0.5232761E+00
 0.3656952E+00
 0.1075000E+01 -0.3060564E+00  0.5262927E-02 -0.2966394E-01 -0.1579696E+00  0.7227620E-01  0.6900301E+00  0.1089077E-01 -0.2195667E+00  0.3820054E+00  0.9904357E-01 -0.6603299E-01 -0.6156608E-01 -0.6434694E+00 -0.4825221E-01  0.8040824E-01  0.1953250E+00 -0.6842718E-01  0.2256438E+00  0.5224761E+00
 0.3660233E+00
 0.1100000E+01 -0.2935343E+00 -0.7064144E-03 -0.2524651E-01 -0.1466730E+00  0.4546096E-01  0.6901069E+00  0.9213207E-02 -0.1879166E+00  0.3783902E+00  0.9203232E-01 -0.6396479E-01 -0.5440646E-01 -0.5972964E+00 -0.4783416E-01  0.7399458E-01  0.1661748E+00 -0.6733928E-01  0.2140846E+00  0.5210476E+00
 0.3662828E+00
 0.1125000E+01 -0.2796786E+00 -0.6671681E-02 -0.2069895E-01 -0.1346651E+00  0.1839627E-01  0.6897931E+00  0.7485978E-02 -0.1552983E+00  0.3736741E+00  0.8457332E-01 -0.6161669E-01 -0.4697103E-01 -0.5482642E+00 -0.4737126E-01  0.6721625E-01  0.1361627E+00 -0.6599941E-01  0.2015225E+00  0.5188043E+00
 0.3663817E+00
 0.1150000E+01 -0.2645299E+00 -0.1259801E-01 -0.1604347E-01 -0.1219963E+00 -0.8770512E-02  0.6889833E+00  0.5717929E-02 -0.1218709E+00  0.3677402E+00  0.7669794E-01 -0.5899225E-01 -0.3929473E-01 -0.4965777E+00 -0.4685958E-01  0.6010276E-01  0.1054365E+00 -0.6439701E-01  0.1880033E+00  0.5155730E+00
 0.3662726E+00
 0.1175000E+01 -0.2481399E+00 -0.1845000E-01 -0.1130338E-01 -0.1087218E+00 -0.3588809E-01  0.6875549E+00  0.3918352E-02 -0.8780139E-01  0.3604970E+00  0.6844060E-01 -0.5609797E-01 -0.3141463E-01 -0.4424612E+00 -0.4629511E-01  0.5268617E-01  0.7415124E-01 -0.6252652E-01  0.1735799E+00  0.5111748E+00
 0.3659001E+00
 0.1200000E+01 -0.2305700E+00 -0.2419193E-01 -0.6503036E-02 -0.9490131E-01 -0.6280215E-01  0.6853657E+00  0.2096933E-02 -0.5326445E-01  0.3518800E+00  0.5983862E-01 -0.5294287E-01 -0.2336980E-01 -0.3861575E+00 -0.4567362E-01  0.4500093E-01  0.4246851E-01 -0.6038667E-01  0.1583117E+00  0.5054363E+00
 0.3651992E+00
 0.1225000E+01 -0.2118905E+00 -0.2978800E-01 -0.1667644E-02 -0.8059917E-01 -0.8935634E-01  0.6822538E+00  0.2637004E-03 -0.1844095E-01  0.3418506E+00  0.5093203E-01 -0.4953810E-01 -0.1520110E-01 -0.3279260E+00 -0.4499044E-01  0.3708376E-01  0.1055577E-01 -0.5797970E-01  0.1422644E+00  0.4981995E+00
 0.3640942E+00
 0.1250000E+01 -0.1921796E+00 -0.3520260E-01  0.3176827E-02 -0.6588359E-01 -0.1153933E+00  0.6780398E+00 -0.1571033E-02  0.1648276E-01  0.3303936E+00  0.4176343E-01 -0.4589673E-01 -0.6950982E-02 -0.2680418E+00 -0.4424029E-01  0.2897342E-01 -0.2141473E-01 -0.5531082E-01  0.1255094E+00  0.4893308E+00
 0.3624988E+00
 0.1275000E+01 -0.1715233E+00 -0.4040053E-01  0.8003822E-02 -0.5082655E-01 -0.1407558E+00  0.6725317E+00 -0.3396736E-02  0.5131601E-01  0.3175139E+00  0.3237775E-01 -0.4203357E-01  0.1336750E-02 -0.2067941E+00 -0.4341709E-01  0.2071060E-01 -0.5326691E-01 -0.5238773E-01  0.1081235E+00  0.4787266E+00
 0.3603166E+00
 0.1300000E+01 -0.1500143E+00 -0.4534728E-01  0.1278635E-01 -0.3550344E-01 -0.1652877E+00  0.6655329E+00 -0.5202723E-02  0.8586494E-01  0.3032337E+00  0.2282208E-01 -0.3796504E-01  0.9617178E-02 -0.1444851E+00 -0.4251378E-01  0.1233770E-01 -0.8482192E-01 -0.4922029E-01  0.9018857E-01  0.4663147E+00
 0.3574441E+00
 0.1325000E+01 -0.1277521E+00 -0.5000928E-01  0.1749716E-01 -0.1999264E-01 -0.1888351E+00  0.6568517E+00 -0.6978225E-02  0.1199337E+00  0.2875896E+00  0.1314540E-01 -0.3370904E-01  0.1784454E-01 -0.8142796E-01 -0.4152228E-01  0.3898575E-02 -0.1158993E+00 -0.4582027E-01  0.7179111E-01  0.4520534E+00
 0.3537747E+00
 0.1350000E+01 -0.1048422E+00 -0.5435413E-01  0.2210892E-01 -0.4375130E-02 -0.2112475E+00  0.6463112E+00 -0.8712464E-02  0.1533257E+00  0.2706308E+00  0.3398372E-02 -0.2928490E-01  0.2597251E-01 -0.1794562E-01 -0.4043362E-01 -0.4561672E-02 -0.1463183E+00 -0.4220116E-01  0.5302192E-01  0.4359287E+00
 0.3492039E+00
 0.1375000E+01 -0.8139576E-01 -0.5835087E-01  0.2659440E-01  0.1126595E-01 -0.2323789E+00  0.6337580E+00 -0.1039472E-01  0.1858451E+00  0.2524173E+00 -0.6367015E-02 -0.2471325E-01  0.3395452E-01  0.4563122E-01 -0.3923832E-01 -0.1299697E-01 -0.1758987E+00 -0.3837805E-01  0.3397562E-01  0.4179517E+00
 0.3436352E+00
 0.1400000E+01 -0.5752890E-01 -0.6197024E-01  0.3092666E-01  0.2684581E-01 -0.2520888E+00  0.6190682E+00 -0.1201442E-01  0.2172980E+00  0.2330191E+00 -0.1609769E-01 -0.2001592E-01  0.4174404E-01  0.1089659E+00 -0.3792695E-01 -0.2136054E-01 -0.2044626E+00 -0.3436752E-01  0.1475012E-01  0.3981545E+00
 0.3369848E+00
 0.1425000E+01 -0.3336222E-01 -0.6518487E-01  0.3507923E-01  0.4227850E-01 -0.2702434E+00  0.6021511E+00 -0.1356119E-01  0.2474936E+00  0.2125147E+00 -0.2573983E-01 -0.1521585E-01  0.4929488E-01  0.1717179E+00 -0.3649107E-01 -0.2960523E-01 -0.2318351E+00 -0.3018751E-01 -0.4553845E-02  0.3765884E+00
 0.3291851E+00
 0.1450000E+01 -0.9020148E-02 -0.6796959E-01  0.3902632E-01  0.5747747E-01 -0.2867165E+00  0.5829496E+00 -0.1502495E-01  0.2762460E+00  0.1909912E+00 -0.3523922E-01 -0.1033697E-01  0.5656159E-01  0.2335447E+00 -0.3492400E-01 -0.3768377E-01 -0.2578463E+00 -0.2585722E-01 -0.2383335E-01  0.3533207E+00
 0.3201869E+00
 0.1475000E+01  0.1536977E-01 -0.7030159E-01  0.4274300E-01  0.7235610E-01 -0.3013907E+00  0.5614393E+00 -0.1639598E-01  0.3033754E+00  0.1685426E+00 -0.4454159E-01 -0.5404069E-02  0.6349968E-01  0.2941043E+00 -0.3322163E-01 -0.4554912E-01 -0.2823315E+00 -0.2139704E-01 -0.4298385E-01  0.3284334E+00
 0.3099594E+00
 0.1500000E+01  0.3967758E-01 -0.7216070E-01  0.4620540E-01  0.8682831E-01 -0.3141581E+00  0.5376261E+00 -0.1766500E-01  0.3287093E+00  0.1452701E+00 -0.5359298E-01 -0.4426655E-03  0.7006602E-01  0.3530570E+00 -0.3138283E-01 -0.5315477E-01 -0.3051337E+00 -0.1682843E-01 -0.6189981E-01  0.3020213E+00
 0.2984898E+00
 0.1525000E+01  0.6377172E-01 -0.7352957E-01  0.4939085E-01  0.1008091E+00 -0.3249214E+00  0.5115437E+00 -0.1882322E-01  0.3520838E+00  0.1212811E+00 -0.6234011E-01  0.4521127E-02  0.7621913E-01  0.4100680E+00 -0.2940950E-01 -0.6045510E-01 -0.3261035E+00 -0.1217381E-01 -0.8047541E-01  0.2741912E+00
 0.2857819E+00
 0.1550000E+01  0.8751978E-01 -0.7439392E-01  0.5227810E-01  0.1142153E+00 -0.3335948E+00  0.4832507E+00 -0.1986244E-01  0.3733450E+00  0.9668888E-01 -0.7073074E-01  0.9460761E-02  0.8191948E-01  0.4648096E+00 -0.2730636E-01 -0.6740568E-01 -0.3451014E+00 -0.7456447E-02 -0.9860520E-01  0.2450603E+00
 0.2718544E+00
 0.1575000E+01  0.1107894E+00 -0.7474267E-01  0.5484747E-01  0.1269659E+00 -0.3401047E+00  0.4528277E+00 -0.2077507E-01  0.3923503E+00  0.7161170E-01 -0.7871405E-01  0.1434941E-01  0.8712982E-01  0.5169633E+00 -0.2508039E-01 -0.7396356E-01 -0.3619979E+00 -0.2700320E-02 -0.1161848E+00  0.2147555E+00
 0.2567394E+00
 0.1600000E+01  0.1334491E+00 -0.7456821E-01  0.5708100E-01  0.1389829E+00 -0.3443904E+00  0.4203754E+00 -0.2155424E-01  0.4089690E+00  0.4617250E-01 -0.8624103E-01  0.1916015E-01  0.9181544E-01  0.5662224E+00 -0.2274038E-01 -0.8008767E-01 -0.3766752E+00  0.2069987E-02 -0.1331117E+00  0.1834128E+00
 0.2404812E+00
 0.1625000E+01  0.1553692E+00 -0.7386651E-01  0.5896262E-01  0.1501915E+00 -0.3464050E+00  0.3860120E+00 -0.2219385E-01  0.4230841E+00  0.2049808E-01 -0.9326478E-01  0.2386611E-01  0.9594445E-01  0.6122937E+00 -0.2029637E-01 -0.8573904E-01 -0.3890281E+00  0.6829440E-02 -0.1492859E+00  0.1511760E+00
 0.2231343E+00
 0.1650000E+01  0.1764225E+00 -0.7263726E-01  0.6047825E-01  0.1605213E+00 -0.3461158E+00  0.3498717E+00 -0.2268858E-01  0.4345927E+00 -0.5281501E-02 -0.9974095E-01  0.2844064E-01  0.9948806E-01  0.6549002E+00 -0.1775932E-01 -0.9088114E-01 -0.3989645E+00  0.1155270E-01 -0.1646105E+00  0.1181964E+00
 0.2047631E+00
 0.1675000E+01  0.1964857E+00 -0.7088406E-01  0.6161598E-01  0.1699061E+00 -0.3435052E+00  0.3121032E+00 -0.2303401E-01  0.4434071E+00 -0.3103371E-01 -0.1056280E+00  0.3285753E-01  0.1024208E+00  0.6937827E+00 -0.1514078E-01 -0.9548016E-01 -0.4064066E+00  0.1621427E-01 -0.1789927E+00  0.8463141E-01
 0.1854403E+00
 0.1700000E+01  0.2154395E+00 -0.6861447E-01  0.6236613E-01  0.1782850E+00 -0.3385708E+00  0.2728531E+00 -0.2322663E-01  0.4494558E+00 -0.5662424E-01 -0.1108875E+00  0.3709117E-01  0.1047206E+00  0.7287022E+00 -0.1245293E-01 -0.9950527E-01 -0.4112914E+00  0.2078863E-01 -0.1923442E+00  0.5064352E-01
 0.1652371E+00
 0.1725000E+01  0.2331702E+00 -0.6584009E-01  0.6272137E-01  0.1856026E+00 -0.3313260E+00  0.2322993E+00 -0.2326389E-01  0.4526838E+00 -0.8191782E-01 -0.1154845E+00  0.4111669E-01  0.1063695E+00  0.7594412E+00 -0.9707671E-02 -0.1029288E+00 -0.4135716E+00  0.2525047E-01 -0.2045820E+00  0.1640086E-01
 0.1442440E+00
 0.1750000E+01  0.2495700E+00 -0.6257662E-01  0.6267681E-01  0.1918093E+00 -0.3218004E+00  0.1906284E+00 -0.2314423E-01  0.4530534E+00 -0.1067791E+00 -0.1193878E+00  0.4491022E-01  0.1073529E+00  0.7858058E+00 -0.6917350E-02 -0.1057267E+00 -0.4132158E+00  0.2957479E-01 -0.2156290E+00 -0.1792487E-01
 0.1225566E+00
 0.1775000E+01  0.2645382E+00 -0.5884382E-01  0.6223007E-01  0.1968621E+00 -0.3100400E+00  0.1480350E+00 -0.2286716E-01  0.4505449E+00 -0.1310733E+00 -0.1225702E+00  0.4844898E-01  0.1076608E+00  0.8076272E+00 -0.4094696E-02 -0.1078784E+00 -0.4102094E+00  0.3373708E-01 -0.2254146E+00 -0.5215924E-01
 0.1002752E+00
 0.1800000E+01  0.2779816E+00 -0.5466555E-01  0.6138135E-01  0.2007247E+00 -0.2961073E+00  0.1047208E+00 -0.2243322E-01  0.4451567E+00 -0.1546674E+00 -0.1250088E+00  0.5171150E-01  0.1072870E+00  0.8247627E+00 -0.1252772E-02 -0.1093672E+00 -0.4045545E+00  0.3771351E-01 -0.2338752E+00 -0.8612611E-01
 0.7750455E-01
 0.1825000E+01  0.2898153E+00 -0.5006960E-01  0.6013345E-01  0.2033677E+00 -0.2800812E+00  0.6089372E-01 -0.2184407E-01  0.4369058E+00 -0.1774306E+00 -0.1266848E+00  0.5467774E-01  0.1062298E+00  0.8370974E+00  0.1595088E-02 -0.1101805E+00 -0.3962706E+00  0.4148105E-01 -0.2409548E+00 -0.1196486E+00
 0.5435327E-01
 0.1850000E+01  0.2999639E+00 -0.4508764E-01  0.5849181E-01  0.2047692E+00 -0.2620573E+00  0.1676654E-01 -0.2110247E-01  0.4258278E+00 -0.1992358E+00 -0.1275844E+00  0.5732929E-01  0.1044918E+00  0.8445447E+00  0.4435339E-02 -0.1103097E+00 -0.3853944E+00  0.4501770E-01 -0.2466054E+00 -0.1525503E+00
 0.3093333E-01
 0.1875000E+01  0.3083610E+00 -0.3975502E-01  0.5646453E-01  0.2049149E+00 -0.2421472E+00 -0.2744372E-01 -0.2021231E-01  0.4119772E+00 -0.2199595E+00 -0.1276982E+00  0.5964945E-01  0.1020799E+00  0.8470475E+00  0.7254296E-02 -0.1097505E+00 -0.3719801E+00  0.4830255E-01 -0.2507872E+00 -0.1846559E+00
 0.7359546E-02
 0.1900000E+01  0.3149508E+00 -0.3411056E-01  0.5406235E-01  0.2037982E+00 -0.2204786E+00 -0.7151722E-01 -0.1917860E-01  0.3954271E+00 -0.2394837E+00 -0.1270218E+00  0.6162341E-01  0.9900575E-01  0.8445784E+00  0.1003820E-01 -0.1085028E+00 -0.3560994E+00  0.5131605E-01 -0.2534695E+00 -0.2157930E+00
-0.1625107E-01
 0.1925000E+01  0.3196881E+00 -0.2819632E-01  0.5129868E-01  0.2014202E+00 -0.1971945E+00 -0.1152324E+00 -0.1800748E-01  0.3762692E+00 -0.2576960E+00 -0.1255558E+00  0.6323835E-01  0.9528512E-01  0.8371406E+00  0.1277328E-01 -0.1065712E+00 -0.3378413E+00  0.5404004E-01 -0.2546303E+00 -0.2457923E+00
-0.3977988E-01
 0.1950000E+01  0.3225386E+00 -0.2205727E-01  0.4818950E-01  0.1977902E+00 -0.1724527E+00 -0.1583671E+00 -0.1670619E-01  0.3546136E+00 -0.2744906E+00 -0.1233057E+00  0.6448352E-01  0.9093838E-01  0.8247672E+00  0.1544585E-01 -0.1039642E+00 -0.3173118E+00  0.5645796E-01 -0.2542571E+00 -0.2744896E+00
-0.6310730E-01
 0.1975000E+01  0.3234794E+00 -0.1574100E-01  0.4475336E-01  0.1929254E+00 -0.1464247E+00 -0.2007002E+00 -0.1528309E-01  0.3305885E+00 -0.2897692E+00 -0.1202820E+00  0.6535037E-01  0.8599019E-01  0.8075222E+00  0.1804237E-01 -0.1006951E+00 -0.2946337E+00  0.5855496E-01 -0.2523467E+00 -0.3017261E+00
-0.8611343E-01
 0.2000000E+01  0.3224991E+00 -0.9297313E-02  0.4101131E-01  0.1868507E+00 -0.1192953E+00 -0.2420123E+00 -0.1374756E-01  0.3043393E+00 -0.3034416E+00 -0.1165002E+00  0.6583260E-01  0.8046953E-01  0.7854993E+00  0.2054953E-01 -0.9678134E-01 -0.2699459E+00  0.6031798E-01 -0.2489054E+00 -0.3273502E+00
-0.1086788E+00
 0.2025000E+01  0.3195982E+00 -0.2777820E-02  0.3698678E-01  0.1795994E+00 -0.9126073E-01 -0.2820877E+00 -0.1211003E-01  0.2760285E+00 -0.3154264E+00 -0.1119808E+00  0.6592623E-01  0.7440956E-01  0.7588218E+00  0.2295432E-01 -0.9224483E-01 -0.2434033E+00  0.6173590E-01 -0.2439491E+00 -0.3512178E+00
-0.1306851E+00
 0.2050000E+01  0.3147890E+00  0.3764480E-02  0.3270555E-01  0.1712119E+00 -0.6252790E-01 -0.3207151E+00 -0.1038186E-01  0.2458346E+00 -0.3256514E+00 -0.1067491E+00  0.6562962E-01  0.6784746E-01  0.7276422E+00  0.2524411E-01 -0.8711159E-01 -0.2151757E+00  0.6279961E-01 -0.2375033E+00 -0.3731939E+00
-0.1520158E+00
 0.2075000E+01  0.3080954E+00  0.1027567E-01  0.2819553E-01  0.1617368E+00 -0.3331267E-01 -0.3576893E+00 -0.8575320E-02  0.2139517E+00 -0.3340545E+00 -0.1008352E+00  0.6494354E-01  0.6082433E-01  0.6921405E+00  0.2740675E-01 -0.8141181E-01 -0.1854470E+00  0.6350205E-01 -0.2296028E+00 -0.3931531E+00
-0.1725569E+00
 0.2100000E+01  0.2995533E+00  0.1670139E-01  0.2348673E-01  0.1512295E+00 -0.3838374E-02 -0.3928125E+00 -0.6703509E-02  0.1805881E+00 -0.3405841E+00 -0.9427395E-01  0.6387113E-01  0.5338495E-01  0.6525239E+00  0.2943061E-01 -0.7517968E-01 -0.1544148E+00  0.6383832E-01 -0.2202917E+00 -0.4109809E+00
-0.1921978E+00
 0.2125000E+01  0.2892101E+00  0.2298734E-01  0.1861102E-01  0.1397528E+00  0.2566601E-01 -0.4258953E+00 -0.4780252E-02  0.1459654E+00 -0.3451992E+00 -0.8710449E-01  0.6241792E-01  0.4557758E-01  0.6090251E+00  0.3130470E-01 -0.6845322E-01 -0.1222886E+00  0.6380572E-01 -0.2096234E+00 -0.4265741E+00
-0.2108318E+00
 0.2150000E+01  0.2771243E+00  0.2907980E-01  0.1360198E-01  0.1273763E+00  0.5496767E-01 -0.4567580E+00 -0.2820010E-02  0.1103173E+00 -0.3478700E+00 -0.7937038E-01  0.6059183E-01  0.3745372E-01  0.5619009E+00  0.3301870E-01 -0.6127409E-01 -0.8928924E-01  0.6340374E-01 -0.1976598E+00 -0.4398419E+00
-0.2283568E+00
 0.2175000E+01  0.2633657E+00  0.3492612E-01  0.8494716E-02  0.1141758E+00  0.8383189E-01 -0.4852322E+00 -0.8377778E-03  0.7388839E-01 -0.3485783E+00 -0.7111920E-01  0.5840306E-01  0.2906786E-01  0.5114306E+00  0.3456306E-01 -0.5368743E-01 -0.5564726E-01  0.6263412E-01 -0.1844715E+00 -0.4507065E+00
-0.2446764E+00
 0.2200000E+01  0.2480145E+00  0.4047522E-01  0.3325606E-02  0.1002333E+00  0.1120241E+00 -0.5111612E+00  0.1151038E-02  0.3693247E-01 -0.3473172E+00 -0.6240236E-01  0.5586412E-01  0.2047710E-01  0.4579140E+00  0.3592907E-01 -0.4574155E-01 -0.2160160E-01  0.6150079E-01 -0.1701369E+00 -0.4591033E+00
-0.2596998E+00
 0.2225000E+01  0.2311611E+00  0.4567814E-01 -0.1867911E-02  0.8563613E-01  0.1393121E+00 -0.5344018E+00  0.3130741E-02 -0.2889219E-03 -0.3440916E+00 -0.5327483E-01  0.5298971E-01  0.1174089E-01  0.4016699E+00  0.3710890E-01 -0.3748778E-01  0.1260203E-01  0.6000995E-01 -0.1547421E+00 -0.4649821E+00
-0.2733432E+00
 0.2250000E+01  0.2129055E+00  0.5048846E-01 -0.7047609E-02  0.7047697E-01  0.1654679E+00 -0.5548248E+00  0.5085474E-02 -0.3750822E-01 -0.3389181E+00 -0.4379481E-01  0.4979661E-01  0.2920653E-02  0.3430337E+00  0.3809569E-01 -0.2898009E-01  0.4671276E-01  0.5816991E-01 -0.1383806E+00 -0.4683069E+00
-0.2855298E+00
 0.2275000E+01  0.1933565E+00  0.5486284E-01 -0.1217474E-01  0.5485293E-01  0.1902701E+00 -0.5723158E+00  0.6999361E-02 -0.7445368E-01 -0.3318248E+00 -0.3402345E-01  0.4630364E-01 -0.5920655E-02  0.2823550E+00  0.3888355E-01 -0.2027485E-01  0.8047646E-01  0.5599115E-01 -0.1211521E+00 -0.4690563E+00
-0.2961906E+00
 0.2300000E+01  0.1726313E+00  0.5876142E-01 -0.1721036E-01  0.3886521E-01  0.2135060E+00 -0.5867767E+00  0.8856641E-02 -0.1108513E+00 -0.3228513E+00 -0.2402449E-01  0.4253152E-01 -0.1471892E-01  0.2199961E+00  0.3946767E-01 -0.1143052E-01  0.1136375E+00  0.5348621E-01 -0.1031626E+00 -0.4672238E+00
-0.3052650E+00
 0.2325000E+01  0.1508549E+00  0.6214825E-01 -0.2211557E-01  0.2261843E-01  0.2349736E+00 -0.5981257E+00  0.1064182E-01 -0.1464270E+00 -0.3120482E+00 -0.1386389E-01  0.3850271E-01 -0.2340934E-01  0.1563289E+00  0.3984433E-01 -0.2507232E-02  0.1459410E+00  0.5066958E-01 -0.8452321E-01 -0.4628181E+00
-0.3127008E+00
 0.2350000E+01  0.1281587E+00  0.6499168E-01 -0.2685191E-01  0.6220049E-02  0.2544837E+00 -0.6062980E+00  0.1233980E-01 -0.1809084E+00 -0.2994773E+00 -0.3609479E-02  0.3424132E-01 -0.3192690E-01  0.9173274E-01  0.4001093E-01  0.6433486E-02  0.1771346E+00  0.4755767E-01 -0.6534993E-01 -0.4558625E+00
-0.3184551E+00
 0.2375000E+01  0.1046804E+00  0.6726469E-01 -0.3138164E-01 -0.1022025E-01  0.2718618E+00 -0.6112465E+00  0.1393606E-01 -0.2140274E+00 -0.2852105E+00  0.6669510E-02  0.2977292E-01 -0.4020687E-01  0.2659205E-01  0.3996601E-01  0.1532916E-01  0.2069708E+00  0.4416866E-01 -0.4576271E-01 -0.4463952E+00
-0.3224943E+00
 0.2400000E+01  0.8056265E-01  0.6894522E-01 -0.3566809E-01 -0.2659127E-01  0.2869501E+00 -0.6129421E+00  0.1541674E-01 -0.2455224E+00 -0.2693298E+00  0.1690281E-01  0.2512441E-01 -0.4818529E-01 -0.3870631E-01  0.3970930E-01  0.2411674E-01  0.2352090E+00  0.4052241E-01 -0.2588480E-01 -0.4344691E+00
-0.3247945E+00
 0.2425000E+01  0.5595237E-01  0.7001639E-01 -0.3967598E-01 -0.4278095E-01  0.2996089E+00 -0.6113739E+00  0.1676883E-01 -0.2751402E+00 -0.2519266E+00  0.2701959E-01  0.2032383E-01 -0.5579956E-01 -0.1037755E+00  0.3924171E-01  0.3273307E-01  0.2616178E+00  0.3664031E-01 -0.5842002E-02 -0.4201509E+00
-0.3253415E+00
 0.2450000E+01  0.3099975E-01  0.7046672E-01 -0.4337179E-01 -0.5867713E-01  0.3097185E+00 -0.6065491E+00  0.1798028E-01 -0.3026388E+00 -0.2331011E+00  0.3694889E-01  0.1540019E-01 -0.6298892E-01 -0.1682311E+00  0.3856530E-01  0.4111525E-01  0.2859771E+00  0.3254512E-01  0.1423812E-01 -0.4035215E+00
-0.3241310E+00
 0.2475000E+01  0.5857334E-02  0.7029031E-01 -0.4672403E-01 -0.7416823E-01  0.3171803E+00 -0.5984932E+00  0.1904014E-01 -0.3277893E+00 -0.2129617E+00  0.4662013E-01  0.1038325E-01 -0.6969502E-01 -0.2316939E+00  0.3768334E-01  0.4920119E-01  0.3080802E+00  0.2826087E-01  0.3422701E-01 -0.3846748E+00
-0.3211689E+00
 0.2500000E+01 -0.1932096E-01  0.6948691E-01 -0.4970361E-01 -0.8914402E-01  0.3219183E+00 -0.5872499E+00  0.1993865E-01 -0.3503784E+00 -0.1916240E+00  0.5596356E-01  0.5303407E-02 -0.7586248E-01 -0.2937919E+00  0.3660026E-01  0.5693002E-01  0.3277360E+00  0.2381266E-01  0.5399588E-01 -0.3637172E+00
-0.3164709E+00
 0.2525000E+01 -0.4438083E-01  0.6806197E-01 -0.5228412E-01 -0.1034964E+00  0.3238797E+00 -0.5728806E+00  0.2066738E-01 -0.3702103E+00 -0.1692104E+00  0.6491078E-01  0.1914293E-03 -0.8143935E-01 -0.3541631E+00  0.3532162E-01  0.6424257E-01  0.3447709E+00  0.1922651E-01  0.7341656E-01 -0.3407670E+00
-0.3100626E+00
 0.2550000E+01 -0.6916855E-01  0.6602664E-01 -0.5444211E-01 -0.1171202E+00  0.3230359E+00 -0.5554641E+00  0.2121930E-01 -0.3871090E+00 -0.1458490E+00  0.7339524E-01 -0.4921708E-02 -0.8637773E-01 -0.4124573E+00  0.3385408E-01  0.7108189E-01  0.3590307E+00  0.1452919E-01  0.9236227E-01 -0.3159537E+00
-0.3019792E+00
 0.2575000E+01 -0.9353195E-01  0.6339772E-01 -0.5615739E-01 -0.1299140E+00  0.3193833E+00 -0.5350961E+00  0.2158887E-01 -0.4009202E+00 -0.1216729E+00  0.8135277E-01 -0.1000503E-01 -0.9063419E-01 -0.4683389E+00  0.3220540E-01  0.7739371E-01  0.3703822E+00  0.9748024E-02  0.1107084E+00 -0.2894166E+00
-0.2922655E+00
 0.2600000E+01 -0.1173214E+00  0.6019750E-01 -0.5741322E-01 -0.1417806E+00  0.3129431E+00 -0.5118886E+00  0.2177213E-01 -0.4115128E+00 -0.9681895E-01  0.8872206E-01 -0.1502775E-01 -0.9417027E-01 -0.5214887E+00  0.3038434E-01  0.8312695E-01  0.3787151E+00  0.4910732E-02  0.1283334E+00 -0.2613046E+00
-0.2809756E+00
 0.2625000E+01 -0.1403907E+00  0.5645363E-01 -0.5819656E-01 -0.1526284E+00  0.3037616E+00 -0.4859690E+00  0.2176674E-01 -0.4187810E+00 -0.7142749E-01  0.9544523E-01 -0.1995948E-01 -0.9695292E-01 -0.5716057E+00  0.2840064E-01  0.8823418E-01  0.3839430E+00  0.4523654E-04  0.1451194E+00 -0.2317746E+00
-0.2681720E+00
 0.2650000E+01 -0.1625982E+00  0.5219884E-01 -0.5849824E-01 -0.1623716E+00  0.2919101E+00 -0.4574794E+00  0.2157200E-01 -0.4226451E+00 -0.4564083E-01  0.1014683E+00 -0.2477043E-01 -0.9895487E-01 -0.6184091E+00  0.2626495E-01  0.9267207E-01  0.3860051E+00 -0.4820518E-02  0.1609531E+00 -0.2009907E+00
-0.2539260E+00
 0.2675000E+01 -0.1838073E+00  0.4747070E-01 -0.5831310E-01 -0.1709315E+00  0.2774843E+00 -0.4265755E+00  0.2118891E-01 -0.4230535E+00 -0.1960259E-01  0.1067417E+00 -0.2943155E-01 -0.1001550E+00 -0.6616402E+00  0.2398878E-01  0.9640188E-01  0.3848666E+00 -0.9658746E-02  0.1757266E+00 -0.1691231E+00
-0.2383166E+00
 0.2700000E+01 -0.2038878E+00  0.4231128E-01 -0.5764012E-01 -0.1782367E+00  0.2606039E+00 -0.3934257E+00  0.2062015E-01 -0.4199827E+00  0.6543247E-02  0.1112207E+00 -0.3391479E-01 -0.1005388E+00 -0.7010634E+00  0.2158439E-01  0.9938987E-01  0.3805198E+00 -0.1444200E-01  0.1893378E+00 -0.1363469E+00
-0.2214303E+00
 0.2725000E+01 -0.2227164E+00  0.3676678E-01 -0.5648248E-01 -0.1842242E+00  0.2414113E+00 -0.3582101E+00  0.1987011E-01 -0.4134389E+00  0.3265332E-01  0.1148661E+00 -0.3819322E-01 -0.1000981E+00 -0.7364679E+00  0.1906477E-01  0.1016077E+00  0.3729847E+00 -0.1914335E-01  0.2016914E+00 -0.1028410E+00
-0.2033602E+00
 0.2750000E+01 -0.2401777E+00  0.3088709E-01 -0.5484757E-01 -0.1888401E+00  0.2200708E+00 -0.3211189E+00  0.1894480E-01 -0.4034577E+00  0.5858575E-01  0.1176444E+00 -0.4224122E-01 -0.9883204E-01 -0.7676688E+00  0.1644349E-01  0.1030327E+00  0.3623087E+00 -0.2373655E-01  0.2126997E+00 -0.6878700E-01
-0.1842058E+00
 0.2775000E+01 -0.2561646E+00  0.2472538E-01 -0.5274702E-01 -0.1920399E+00  0.1967669E+00 -0.2823517E+00  0.1785187E-01 -0.3901047E+00  0.8420100E-01  0.1195282E+00 -0.4603465E-01 -0.9674651E-01 -0.7945077E+00  0.1373466E-01  0.1036483E+00  0.3485672E+00 -0.2819618E-01  0.2222828E+00 -0.3436806E-01
-0.1640721E+00
 0.2800000E+01 -0.2705793E+00  0.1833756E-01 -0.5019665E-01 -0.1937894E+00  0.1717030E+00 -0.2421157E+00  0.1660054E-01 -0.3734752E+00  0.1093627E+00  0.1204968E+00 -0.4955098E-01 -0.9385455E-01 -0.8168538E+00  0.1095286E-01  0.1034443E+00  0.3318627E+00 -0.3249786E-01  0.2303695E+00  0.2323633E-03
-0.1430687E+00
 0.2825000E+01 -0.2833340E+00  0.1178181E-01 -0.4721634E-01 -0.1940650E+00  0.1450996E+00 -0.2006248E+00  0.1520149E-01 -0.3536938E+00  0.1339387E+00  0.1205364E+00 -0.5276944E-01 -0.9017627E-01 -0.8346044E+00  0.8112970E-02  0.1024170E+00  0.3123250E+00 -0.3661832E-01  0.2368980E+00  0.3483157E-01
-0.1213096E+00
 0.2850000E+01 -0.2943508E+00  0.5118029E-02 -0.4382993E-01 -0.1928545E+00  0.1171923E+00 -0.1580980E+00  0.1366682E-01 -0.3309134E+00  0.1578012E+00  0.1196404E+00 -0.5567116E-01 -0.8573876E-01 -0.8476848E+00  0.5230163E-02  0.1005694E+00  0.2901093E+00 -0.4053558E-01  0.2418159E+00  0.6924869E-01
-0.9891206E-01
 0.2875000E+01 -0.3035631E+00 -0.1592745E-02 -0.4006503E-01 -0.1901568E+00  0.8822942E-01 -0.1147583E+00  0.1200990E-01 -0.3053148E+00  0.1808284E+00  0.1178093E+00 -0.5823927E-01 -0.8057596E-01 -0.8560489E+00  0.2319761E-02  0.9791135E-01  0.2653960E+00 -0.4422909E-01  0.2450815E+00  0.1033058E+00
-0.7599595E-01
 0.2900000E+01 -0.3109152E+00 -0.8288877E-02 -0.3595284E-01 -0.1859828E+00  0.5847025E-01 -0.7083098E-01  0.1024529E-01 -0.2771048E+00  0.2029041E+00  0.1150515E+00 -0.6045899E-01 -0.7472843E-01 -0.8596785E+00 -0.6028455E-03  0.9445958E-01  0.2383890E+00 -0.4767979E-01  0.2466633E+00  0.1368288E+00
-0.5268307E-01
 0.2925000E+01 -0.3163633E+00 -0.1490873E-01 -0.3152785E-01 -0.1803553E+00  0.2818231E-01 -0.2654269E-01  0.8388622E-02 -0.2465149E+00  0.2239193E+00  0.1113828E+00 -0.6231777E-01 -0.6824307E-01 -0.8585834E+00 -0.3522291E-02  0.9023758E-01  0.2093140E+00 -0.5087025E-01  0.2465412E+00  0.1696485E+00
-0.2909634E-01
 0.2950000E+01 -0.3198752E+00 -0.2139124E-01 -0.2682761E-01 -0.1733090E+00 -0.2360979E-02  0.1788025E-01  0.6456400E-02 -0.2137994E+00  0.2437718E+00  0.1068266E+00 -0.6380527E-01 -0.6117278E-01 -0.8528007E+00 -0.6423325E-02  0.8527563E-01  0.1784166E+00 -0.5378472E-01  0.2447064E+00  0.2016017E+00
-0.5359067E-02
 0.2975000E+01 -0.3214309E+00 -0.2767649E-01 -0.2189235E-01 -0.1648906E+00 -0.3288283E-01  0.6221294E-01  0.4465911E-02 -0.1792335E+00  0.2623674E+00  0.1014139E+00 -0.6491349E-01 -0.5357604E-01 -0.8423939E+00 -0.9290907E-02  0.7961059E-01  0.1459604E+00 -0.5640925E-01  0.2411617E+00  0.2325316E+00
 0.1840580E-01
 0.3000000E+01 -0.3210224E+00 -0.3370627E-01 -0.1676469E-01 -0.1551586E+00 -0.6310572E-01  0.1062332E+00  0.2435038E-02 -0.1431106E+00  0.2796199E+00  0.9518338E-01 -0.6563680E-01 -0.4551642E-01 -0.8274522E+00 -0.1211029E-01  0.7328569E-01  0.1122249E+00 -0.5873168E-01  0.2359218E+00  0.2622888E+00
 0.4207638E-01
 0.3025000E+01 -0.3186541E+00 -0.3942466E-01 -0.1148925E-01 -0.1441828E+00 -0.9275391E-01  0.1497228E+00  0.3821053E-03 -0.1057402E+00  0.2954515E+00  0.8818063E-01 -0.6597193E-01 -0.3706210E-01 -0.8080890E+00 -0.1486710E-01  0.6635024E-01  0.7750267E-01 -0.6074174E-01  0.2290133E+00  0.2907322E+00
 0.6553254E-01
 0.3050000E+01 -0.3143423E+00 -0.4477852E-01 -0.6112229E-02 -0.1320444E+00 -0.1215561E+00  0.1924686E+00 -0.1674296E-02 -0.6744499E-01  0.3097931E+00  0.8045843E-01 -0.6591799E-01 -0.2828524E-01 -0.7844413E+00 -0.1754744E-01  0.5885929E-01  0.4209689E-01 -0.6243103E-01  0.2204750E+00  0.3177292E+00
 0.8865658E-01
 0.3075000E+01 -0.3081153E+00 -0.4971802E-01 -0.6810181E-03 -0.1188350E+00 -0.1492481E+00  0.2342636E+00 -0.3715475E-02 -0.2855801E-01  0.3225844E+00  0.7207616E-01 -0.6547648E-01 -0.1926138E-01 -0.7566676E+00 -0.2013792E-01  0.5087319E-01  0.6318775E-02 -0.6379306E-01  0.2103578E+00  0.3431566E+00
 0.1113339E+00
 0.3100000E+01 -0.3000134E+00 -0.5419710E-01  0.4756247E-02 -0.1046563E+00 -0.1755749E+00  0.2749082E+00 -0.5722824E-02  0.1058031E-01  0.3337742E+00  0.6309941E-01 -0.6465124E-01 -0.1006876E-01 -0.7249468E+00 -0.2262578E-01  0.4245717E-01 -0.2951538E-01 -0.6482323E-01  0.1987242E+00  0.3669009E+00
 0.1334534E+00
 0.3125000E+01 -0.2900882E+00 -0.5817393E-01  0.1015112E-01 -0.8961935E-01 -0.2002938E+00  0.3142106E+00 -0.7677985E-02  0.4962524E-01  0.3433202E+00  0.5359951E-01 -0.6344839E-01 -0.7876589E-03 -0.6894764E+00 -0.2499889E-01  0.3368074E-01 -0.6508708E-01 -0.6551882E-01  0.1856489E+00  0.3888588E+00
 0.1549085E+00
 0.3150000E+01 -0.2784023E+00 -0.6161130E-01  0.1545530E-01 -0.7384345E-01 -0.2231760E+00  0.3519884E+00 -0.9563026E-02  0.8823091E-01  0.3511892E+00  0.4365300E-01 -0.6187634E-01  0.8500390E-02 -0.6504707E+00 -0.2724590E-01  0.2461719E-01 -0.1000785E+00 -0.6587896E-01  0.1712177E+00  0.4089374E+00
 0.1755970E+00
 0.3175000E+01 -0.2650294E+00 -0.6447697E-01  0.2062108E-01 -0.5745556E-01 -0.2440093E+00  0.3880689E+00 -0.1136061E-01  0.1260535E+00  0.3573571E+00  0.3334099E-01 -0.5994561E-01  0.1771329E-01 -0.6081597E+00 -0.2935620E-01  0.1534292E-01 -0.1341756E+00 -0.6590458E-01  0.1555277E+00  0.4270545E+00
 0.1954221E+00
 0.3200000E+01 -0.2500530E+00 -0.6674400E-01  0.2560178E-01 -0.4058911E-01 -0.2626000E+00  0.4222900E+00 -0.1305417E-01  0.1627544E+00  0.3618083E+00  0.2274850E-01 -0.5766886E-01  0.2676917E-01 -0.5627862E+00 -0.3132001E-01  0.5936790E-02 -0.1670710E+00 -0.6559837E-01  0.1386867E+00  0.4431388E+00
 0.2142926E+00
 0.3225000E+01 -0.2335662E+00 -0.6839100E-01  0.3035222E-01 -0.2338296E-01 -0.2787746E+00  0.4545005E+00 -0.1462805E-01  0.1980035E+00  0.3645364E+00  0.1196378E-01 -0.5506066E-01  0.3558712E-01 -0.5146050E+00 -0.3312844E-01 -0.3520553E-02 -0.1984666E+00 -0.6496471E-01  0.1208124E+00  0.4571300E+00
 0.2321232E+00
 0.3250000E+01 -0.2156715E+00 -0.6940233E-01  0.3482912E-01 -0.5980193E-02 -0.2923819E+00  0.4845615E+00 -0.1606766E-01  0.2314822E+00  0.3655430E+00  0.1077516E-02 -0.5213749E-01  0.4408797E-01 -0.4638806E+00 -0.3477348E-01 -0.1294741E-01 -0.2280771E+00 -0.6400960E-01  0.1020318E+00  0.4689788E+00
 0.2488351E+00
 0.3275000E+01 -0.1964791E+00 -0.6976826E-01  0.3899152E-01  0.1147309E-01 -0.3032938E+00  0.5123458E+00 -0.1735962E-01  0.2628867E+00  0.3648383E+00 -0.9817930E-02 -0.4891752E-01  0.5219504E-01 -0.4108856E+00 -0.3624804E-01 -0.2226178E-01 -0.2556318E+00 -0.6274056E-01  0.8248087E-01  0.4786467E+00
 0.2643559E+00
 0.3300000E+01 -0.1761070E+00 -0.6948510E-01  0.4280119E-01  0.2882904E-01 -0.3114074E+00  0.5377389E+00 -0.1849189E-01  0.2919303E+00  0.3624402E+00 -0.2062936E-01 -0.4542052E-01  0.5983484E-01 -0.3558987E+00 -0.3754601E-01 -0.3138207E-01 -0.2808781E+00 -0.6116658E-01  0.6230297E-01  0.4861063E+00
 0.2786202E+00
 0.3325000E+01 -0.1546801E+00 -0.6855519E-01  0.4622300E-01  0.4593939E-01 -0.3166452E+00  0.5606393E+00 -0.1945388E-01  0.3183470E+00  0.3583746E+00 -0.3126356E-01 -0.4166770E-01  0.6693780E-01 -0.2992032E+00 -0.3866220E-01 -0.4022789E-01 -0.3035835E+00 -0.5929801E-01  0.4164836E-01  0.4913409E+00
 0.2915694E+00
 0.3350000E+01 -0.1323289E+00 -0.6698692E-01  0.4922523E-01  0.6265682E-01 -0.3189567E+00  0.5809585E+00 -0.2023658E-01  0.3418934E+00  0.3526742E+00 -0.4162816E-01 -0.3768153E-01  0.7343895E-01 -0.2410853E+00 -0.3959241E-01 -0.4872079E-01 -0.3235377E+00 -0.5714647E-01  0.2067300E-01  0.4943442E+00
 0.3031523E+00
 0.3375000E+01 -0.1091890E+00 -0.6479465E-01  0.5177992E-01  0.7883623E-01 -0.3183181E+00  0.5986213E+00 -0.2083260E-01  0.3623515E+00  0.3453791E+00 -0.5163249E-01 -0.3348561E-01  0.7927851E-01 -0.1818327E+00 -0.4033342E-01 -0.5678497E-01 -0.3405551E+00 -0.5472473E-01 -0.4626043E-03  0.4951203E+00
 0.3133247E+00
 0.3400000E+01 -0.8540010E-01 -0.6199858E-01  0.5386315E-01  0.9433617E-01 -0.3147332E+00  0.6135657E+00 -0.2123627E-01  0.3795308E+00  0.3365358E+00 -0.6118842E-01 -0.2910446E-01  0.8440252E-01 -0.1217325E+00 -0.4088295E-01 -0.6434806E-01 -0.3544764E+00 -0.5204664E-01 -0.2159460E-01  0.4936834E+00
 0.3220499E+00
 0.3425000E+01 -0.6110510E-01 -0.5862457E-01  0.5545522E-01  0.1090201E+00 -0.3082332E+00  0.6257431E+00 -0.2144371E-01  0.3932698E+00  0.3261967E+00 -0.7021118E-01 -0.2456338E-01  0.8876334E-01 -0.6107055E-01 -0.4123971E-01 -0.7134177E-01 -0.3651702E+00 -0.4912699E-01 -0.4255708E-01  0.4900572E+00
 0.3292985E+00
 0.3450000E+01 -0.3644912E-01 -0.5470388E-01  0.5654093E-01  0.1227578E+00 -0.2988765E+00  0.6352410E+00 -0.2145285E-01  0.4034385E+00  0.3145332E+00 -0.7862020E-01 -0.1988822E-01  0.9232015E-01 -0.1325273E-03 -0.4140310E-01 -0.7770255E-01 -0.3725344E+00 -0.4598261E-01 -0.6318346E-01  0.4844538E+00
 0.3350846E+00
 0.3475000E+01 -0.1157852E-01 -0.5027292E-01  0.5710970E-01  0.1354263E+00 -0.2867482E+00  0.6421261E+00 -0.2126346E-01  0.4099387E+00  0.3016859E+00 -0.8633985E-01 -0.1510527E-01  0.9503936E-01  0.6080942E-01 -0.4137409E-01 -0.8337225E-01 -0.3764973E+00 -0.4263166E-01 -0.8330782E-01  0.4770381E+00
 0.3394208E+00
 0.3500000E+01  0.1336001E-01 -0.4537288E-01  0.5715567E-01  0.1469117E+00 -0.2719590E+00  0.6465408E+00 -0.2087717E-01  0.4127059E+00  0.2878466E+00 -0.9330021E-01 -0.1024106E-01  0.9689493E-01  0.1215034E+00 -0.4115514E-01 -0.8829868E-01 -0.3770181E+00 -0.3909478E-01 -0.1027663E+00  0.4680603E+00
 0.3423472E+00
 0.3525000E+01  0.3822046E-01 -0.4004937E-01  0.5667781E-01  0.1571097E+00 -0.2546449E+00  0.6487424E+00 -0.2029742E-01  0.4117097E+00  0.2732756E+00 -0.9943775E-01 -0.5322141E-02  0.9786868E-01  0.1817407E+00 -0.4075073E-01 -0.9243609E-01 -0.3740880E+00 -0.3539641E-01 -0.1213988E+00  0.4578896E+00
 0.3439464E+00
 0.3550000E+01  0.6285837E-01 -0.3435198E-01  0.5567990E-01  0.1659267E+00 -0.2349653E+00  0.6491560E+00 -0.1952947E-01  0.4069541E+00  0.2583160E+00 -0.1046960E+00 -0.3749883E-03  0.9795046E-01  0.2414001E+00 -0.4016833E-01 -0.9574571E-01 -0.3677297E+00 -0.3156671E-01 -0.1390498E+00  0.4470489E+00
 0.3443651E+00
 0.3575000E+01  0.8713185E-01 -0.2833381E-01  0.5417057E-01  0.1732812E+00 -0.2131021E+00  0.6484332E+00 -0.1858033E-01  0.3984778E+00  0.2433953E+00 -0.1090260E+00  0.4574213E-02  0.9713832E-01  0.3005245E+00 -0.3941983E-01 -0.9819609E-01 -0.3579976E+00 -0.2764371E-01 -0.1555707E+00  0.4362363E+00
 0.3438407E+00
 0.3600000E+01  0.1109024E+00 -0.2205100E-01  0.5216316E-01  0.1791042E+00 -0.1892574E+00  0.6474944E+00 -0.1745871E-01  0.3863539E+00  0.2290025E+00 -0.1123869E+00  0.9499702E-02  0.9543852E-01  0.3594249E+00 -0.3852361E-01 -0.9976348E-01 -0.3449777E+00 -0.2367430E-01 -0.1708202E+00  0.4263105E+00
 0.3427281E+00
 0.3625000E+01  0.1340358E+00 -0.1556220E-01  0.4967568E-01  0.1833401E+00 -0.1636522E+00  0.6475126E+00 -0.1617494E-01  0.3706893E+00  0.2156360E+00 -0.1147466E+00  0.1437629E-01  0.9286549E-01  0.4187755E+00 -0.3750649E-01 -0.1004321E+00 -0.3287863E+00 -0.1971174E-01 -0.1846665E+00  0.4182212E+00
 0.3415063E+00
 0.3650000E+01  0.1564030E+00 -0.8927978E-02  0.4673058E-01  0.1859474E+00 -0.1365240E+00  0.6498018E+00 -0.1474087E-01  0.3516239E+00  0.2037280E+00 -0.1160816E+00  0.1917951E-01  0.8944179E-01  0.4796257E+00 -0.3640460E-01 -0.1001942E+00 -0.3095694E+00 -0.1580794E-01 -0.1969883E+00  0.4128808E+00
 0.3407472E+00
 0.3675000E+01  0.1778807E+00 -0.2210321E-02  0.4335463E-01  0.1868989E+00 -0.1081249E+00  0.6556058E+00 -0.1316977E-01  0.3293291E+00  0.1935691E+00 -0.1163778E+00  0.2388570E-01  0.8519785E-01  0.5432598E+00 -0.3526131E-01 -0.9905031E-01 -0.2875010E+00 -0.1200175E-01 -0.2076758E+00  0.4110085E+00
 0.3410326E+00
 0.3700000E+01  0.1983524E+00  0.4527997E-02  0.3957862E-01  0.1861822E+00 -0.7871870E-01  0.6658528E+00 -0.1147617E-01  0.3040067E+00  0.1852633E+00 -0.1156303E+00  0.2847216E-01  0.8017176E-01  0.6109184E+00 -0.3412164E-01 -0.9700937E-01 -0.2627823E+00 -0.8309407E-02 -0.2166321E+00  0.4130024E+00
 0.3428422E+00
 0.3725000E+01  0.2177087E+00  0.1122398E-01  0.3543710E-01  0.1838003E+00 -0.4857915E-01  0.6809810E+00 -0.9675786E-02  0.2758868E+00  0.1787323E+00 -0.1138438E+00  0.3291728E-01  0.7440890E-01  0.6834956E+00 -0.3302474E-01 -0.9408842E-01 -0.2356391E+00 -0.4723004E-02 -0.2237743E+00  0.4188923E+00
 0.3464586E+00
 0.3750000E+01  0.2358481E+00  0.1781502E-01  0.3096808E-01  0.1797709E+00 -0.1798685E-01  0.7009075E+00 -0.7785339E-02  0.2452260E+00  0.1737621E+00 -0.1110323E+00  0.3720060E-01  0.6796158E-01  0.7613529E+00 -0.3199749E-01 -0.9031265E-01 -0.2063201E+00 -0.1217991E-02 -0.2290343E+00  0.4283847E+00
 0.3519314E+00
 0.3775000E+01  0.2526777E+00  0.2423945E-01  0.2621265E-01  0.1741269E+00  0.1277312E-01  0.7251293E+00 -0.5822395E-02  0.2123046E+00  0.1700673E+00 -0.1072193E+00  0.4130291E-01  0.6088851E-01  0.8443059E+00 -0.3105218E-01 -0.8571516E-01 -0.1750946E+00  0.2235571E-02 -0.2323594E+00  0.4409680E+00
 0.3591069E+00
 0.3800000E+01  0.2681131E+00  0.3043716E-01  0.2121462E-01  0.1669160E+00  0.4341399E-01  0.7528848E+00 -0.3805213E-02  0.1774245E+00  0.1673480E+00 -0.1024375E+00  0.4520637E-01  0.5325433E-01  0.9317408E+00 -0.3018804E-01 -0.8033670E-01 -0.1422499E+00  0.5663754E-02 -0.2337135E+00  0.4560260E+00
 0.3676955E+00
 0.3825000E+01  0.2820794E+00  0.3635015E-01  0.1602013E-01  0.1582002E+00  0.7364988E-01  0.7833072E+00 -0.1752572E-02  0.1409062E+00  0.1653257E+00 -0.9672864E-01  0.4889452E-01  0.4512898E-01  0.1022776E+01 -0.2939510E-01 -0.7422530E-01 -0.1080889E+00  0.9084096E-02 -0.2330770E+00  0.4729277E+00
 0.3773420E+00
 0.3850000E+01  0.2945113E+00  0.4192305E-01  0.1067719E-01  0.1480557E+00  0.1031986E+00  0.8165933E+00  0.3164051E-03  0.1030860E+00  0.1638375E+00 -0.9014288E-01  0.5235587E-01  0.3658707E-01  0.1117590E+01 -0.2864892E-01 -0.6743585E-01 -0.7292712E-01  0.1250790E-01 -0.2304477E+00  0.4914958E+00
 0.3882208E+00
 0.3875000E+01  0.3053530E+00  0.4710369E-01  0.5235247E-02  0.1365719E+00  0.1317841E+00  0.8519601E+00  0.2382432E-02  0.6431258E-01  0.1626645E+00 -0.8273870E-01  0.5557831E-01  0.2770719E-01  0.1215141E+01 -0.2793568E-01 -0.6002963E-01 -0.3708964E-01  0.1593522E-01 -0.2258406E+00  0.5111697E+00
 0.4000033E+00
 0.3900000E+01  0.3145588E+00  0.5184353E-01 -0.2552600E-03  0.1238505E+00  0.1591394E+00  0.8886616E+00  0.4426238E-02  0.2494411E-01  0.1616236E+00 -0.7458222E-01  0.5855168E-01  0.1857117E-01  0.1314326E+01 -0.2724194E-01 -0.5207374E-01 -0.9083191E-03  0.1935973E-01 -0.2192884E+00  0.5314332E+00
 0.4123739E+00
 0.3925000E+01  0.3220929E+00  0.5609818E-01 -0.5743398E-02  0.1100052E+00  0.1850087E+00  0.9260028E+00  0.6428749E-02 -0.1465530E-01  0.1605661E+00 -0.6574664E-01  0.6126790E-01  0.9263362E-02  0.1414030E+01 -0.2655586E-01 -0.4364050E-01  0.3528143E-01  0.2277045E-01 -0.2108408E+00  0.5518211E+00
 0.4250390E+00
 0.3950000E+01  0.3279293E+00  0.5982776E-01 -0.1117820E-01  0.9516017E-01  0.2091501E+00  0.9633451E+00  0.8371267E-02 -0.5411894E-01  0.1593752E+00 -0.5631163E-01  0.6372105E-01 -0.1301931E-03  0.1513162E+01 -0.2586785E-01 -0.3480680E-01  0.7114374E-01  0.2615343E-01 -0.2005649E+00  0.5719219E+00
 0.4377308E+00
 0.3975000E+01  0.3320520E+00  0.6299731E-01 -0.1650914E-01  0.7944902E-01  0.2313378E+00  0.1000108E+01  0.1023564E-01 -0.9308092E-01  0.1579631E+00 -0.4636255E-01  0.6590738E-01 -0.9522543E-02  0.1610697E+01 -0.2517076E-01 -0.2565338E-01  0.1063455E+00  0.2949311E-01 -0.1885439E+00  0.5913798E+00
 0.4502089E+00
 0.4000000E+01  0.3344547E+00  0.6557711E-01 -0.2168663E-01  0.6301381E-01  0.2513641E+00  0.1035771E+01  0.1200446E-01 -0.1311796E+00  0.1562661E+00 -0.3598969E-01  0.6782542E-01 -0.1882664E-01  0.1705709E+01 -0.2445957E-01 -0.1626408E-01  0.1405593E+00  0.3277342E-01 -0.1748776E+00  0.6098942E+00
 0.4622602E+00
 0.4025000E+01  0.3351405E+00  0.6754295E-01 -0.2666245E-01  0.4600358E-01  0.2690414E+00  0.1069872E+01  0.1366117E-01 -0.1680610E+00  0.1542406E+00 -0.2528750E-01  0.6947594E-01 -0.2795615E-01  0.1797391E+01 -0.2373108E-01 -0.6725108E-02  0.1734668E+00  0.3597855E-01 -0.1596805E+00  0.6272164E+00
 0.4736991E+00
 0.4050000E+01  0.3341218E+00  0.6887639E-01 -0.3139023E-01  0.2857303E-01  0.2842040E+00  0.1102007E+01  0.1519028E-01 -0.2033820E+00  0.1518578E+00 -0.1435365E-01  0.7086203E-01 -0.3682629E-01  0.1885051E+01 -0.2298349E-01  0.2875809E-02  0.2047613E+00  0.3909354E-01 -0.1430817E+00  0.6431439E+00
 0.4843660E+00
 0.4075000E+01  0.3314198E+00  0.6956488E-01 -0.3582587E-01  0.1088112E-01  0.2967099E+00  0.1131830E+01  0.1657747E-01 -0.2368139E+00  0.1490996E+00 -0.3288164E-02  0.7198915E-01 -0.4535457E-01  0.1968106E+01 -0.2221619E-01  0.1245021E-01  0.2341513E+00  0.4210447E-01 -0.1252235E+00  0.6575130E+00
 0.4941254E+00
 0.4100000E+01  0.3270642E+00  0.6960195E-01 -0.3992797E-01 -0.6910433E-02  0.3064418E+00  0.1159042E+01  0.1780977E-01 -0.2680451E+00  0.1459563E+00  0.7807511E-02  0.7286518E-01 -0.5346163E-01  0.2046064E+01 -0.2142963E-01  0.2190976E-01  0.2613624E+00  0.4499860E-01 -0.1062600E+00  0.6701920E+00
 0.5028632E+00
 0.4125000E+01  0.3210928E+00  0.6898719E-01 -0.4365820E-01 -0.2463864E-01  0.3133081E+00  0.1183395E+01  0.1887562E-01 -0.2967843E+00  0.1424236E+00  0.1883144E-01  0.7350028E-01 -0.6107195E-01  0.2118503E+01 -0.2062533E-01  0.3116701E-01  0.2861405E+00  0.4776433E-01 -0.8635626E-01  0.6810751E+00
 0.5104837E+00
 0.4150000E+01  0.3135513E+00  0.6772632E-01 -0.4698170E-01 -0.4214074E-01  0.3172443E+00  0.1204677E+01  0.1976503E-01 -0.3227632E+00  0.1385023E+00  0.2968217E-01  0.7390669E-01 -0.6811455E-01  0.2185065E+01 -0.1980577E-01  0.4013629E-01  0.3082541E+00  0.5039117E-01 -0.6568655E-01  0.6900778E+00
 0.5169062E+00
 0.4175000E+01  0.3044927E+00  0.6583112E-01 -0.4986736E-01 -0.5925574E-01  0.3182131E+00  0.1222716E+01  0.2046967E-01 -0.3457389E+00  0.1341966E+00  0.4025964E-01  0.7409847E-01 -0.7452372E-01  0.2245443E+01 -0.1897439E-01  0.4873447E-01  0.3274962E+00  0.5286963E-01 -0.4443282E-01  0.6971344E+00
 0.5220624E+00
 0.4200000E+01  0.2939770E+00  0.6331930E-01 -0.5228814E-01 -0.7582592E-01  0.3162053E+00  0.1237371E+01  0.2098291E-01 -0.3654966E+00  0.1295144E+00  0.5046619E-01  0.7409110E-01 -0.8023957E-01  0.2299382E+01 -0.1813544E-01  0.5688177E-01  0.3436866E+00  0.5519121E-01 -0.2278315E-01  0.7021952E+00
 0.5258937E+00
 0.4225000E+01  0.2820710E+00  0.6021437E-01 -0.5422135E-01 -0.9169830E-01  0.3112390E+00  0.1248533E+01  0.2129994E-01 -0.3818511E+00  0.1244661E+00  0.6020738E-01  0.7390113E-01 -0.8520865E-01  0.2346668E+01 -0.1729368E-01  0.6450246E-01  0.3566735E+00  0.5734835E-01 -0.9300205E-03  0.7052255E+00
 0.5283501E+00
 0.4250000E+01  0.2688484E+00  0.5654536E-01 -0.5564881E-01 -0.1067261E+00  0.3033607E+00  0.1256301E+01  0.2141774E-01 -0.3946490E+00  0.1190704E+00  0.6939298E-01  0.7354615E-01 -0.8938442E-01  0.2387378E+01 -0.1645169E-01  0.7152565E-01  0.3663349E+00  0.5934153E-01  0.2093143E-01  0.7062895E+00
 0.5294604E+00
 0.4275000E+01  0.2543897E+00  0.5234664E-01 -0.5655709E-01 -0.1207701E+00  0.2926435E+00  0.1260628E+01  0.2133521E-01 -0.4037698E+00  0.1133401E+00  0.7793774E-01  0.7304334E-01 -0.9272771E-01  0.2421355E+01 -0.1561394E-01  0.7788591E-01  0.3725798E+00  0.6116494E-01  0.4260520E-01  0.7053757E+00
 0.5291982E+00
 0.4300000E+01  0.2387824E+00  0.4765752E-01 -0.5693757E-01 -0.1337000E+00  0.2791876E+00  0.1261490E+01  0.2105309E-01 -0.4091274E+00  0.1072896E+00  0.8576225E-01  0.7240900E-01 -0.9520713E-01  0.2448470E+01 -0.1478388E-01  0.8352388E-01  0.3753490E+00  0.6281351E-01  0.6389620E-01  0.7024815E+00
 0.5275447E+00
 0.4325000E+01  0.2221217E+00  0.4252190E-01 -0.5678659E-01 -0.1453955E+00  0.2631187E+00  0.1258883E+01  0.2057400E-01 -0.4106709E+00  0.1009348E+00  0.9279368E-01  0.7165771E-01 -0.9679927E-01  0.2468617E+01 -0.1396352E-01  0.8838688E-01  0.3746159E+00  0.6428295E-01  0.8461211E-01  0.6976133E+00
 0.5244907E+00
 0.4350000E+01  0.2045111E+00  0.3698789E-01 -0.5610543E-01 -0.1557478E+00  0.2445868E+00  0.1252826E+01  0.1990239E-01 -0.4083847E+00  0.9429336E-01  0.9896645E-01  0.7080163E-01 -0.9748906E-01  0.2481719E+01 -0.1315341E-01  0.9242940E-01  0.3703863E+00  0.6556972E-01  0.1045651E+00  0.6907859E+00
 0.5200369E+00
 0.4375000E+01  0.1860628E+00  0.3110731E-01 -0.5490035E-01 -0.1646602E+00  0.2237653E+00  0.1243359E+01  0.1904453E-01 -0.4022892E+00  0.8738469E-01  0.1042229E+00  0.6984993E-01 -0.9726979E-01  0.2487733E+01 -0.1235310E-01  0.9561350E-01  0.3626992E+00  0.6667107E-01  0.1235738E+00  0.6820226E+00
 0.5141958E+00
 0.4400000E+01  0.1668976E+00  0.2493527E-01 -0.5318249E-01 -0.1720494E+00  0.2008490E+00  0.1230539E+01  0.1800843E-01 -0.3924404E+00  0.8022986E-01  0.1085138E+00  0.6880835E-01 -0.9614328E-01  0.2486656E+01 -0.1156185E-01  0.9790922E-01  0.3516254E+00  0.6758506E-01  0.1414645E+00  0.6713555E+00
 0.5069916E+00
 0.4425000E+01  0.1471443E+00  0.1852958E-01 -0.5096782E-01 -0.1778460E+00  0.1760522E+00  0.1214449E+01  0.1680378E-01 -0.3789291E+00  0.7285150E-01  0.1117988E+00  0.6767878E-01 -0.9411981E-01  0.2478528E+01 -0.1077936E-01  0.9929483E-01  0.3372678E+00  0.6831066E-01  0.1580736E+00  0.6588263E+00
 0.4984617E+00
 0.4450000E+01  0.1269358E+00  0.1195026E-01 -0.4827692E-01 -0.1819954E+00  0.1496069E+00  0.1195191E+01  0.1544183E-01 -0.3618808E+00  0.6527351E-01  0.1140469E+00  0.6645905E-01 -0.9121803E-01  0.2463438E+01 -0.1000614E-01  0.9975709E-01  0.3197597E+00  0.6884787E-01  0.1732484E+00  0.6444869E+00
 0.4886570E+00
 0.4475000E+01  0.1064039E+00  0.5258958E-02 -0.4513487E-01 -0.1844583E+00  0.1217608E+00  0.1172890E+01  0.1393533E-01 -0.3414539E+00  0.5752064E-01  0.1152368E+00  0.6514345E-01 -0.8746484E-01  0.2441519E+01 -0.9243953E-02  0.9929133E-01  0.2992643E+00  0.6919781E-01  0.1868490E+00  0.6283996E+00
 0.4776432E+00
 0.4500000E+01  0.8566966E-01 -0.1481624E-02 -0.4157097E-01 -0.1852108E+00  0.9277439E-01  0.1147695E+01  0.1229836E-01 -0.3178383E+00  0.4961814E-01  0.1153569E+00  0.6372426E-01 -0.8289509E-01  0.2412948E+01 -0.8495984E-02  0.9790155E-01  0.2759725E+00  0.6936291E-01  0.1987495E+00  0.6106368E+00
 0.4655020E+00
 0.4525000E+01  0.6483396E-01 -0.8208323E-02 -0.3761846E-01 -0.1842451E+00  0.6291916E-01  0.1119775E+01  0.1054625E-01 -0.2912541E+00  0.4159143E-01  0.1144055E+00  0.6219448E-01 -0.7755128E-01  0.2377946E+01 -0.7766971E-02  0.9560036E-01  0.2501015E+00  0.6934691E-01  0.2088392E+00  0.5912813E+00
 0.4523330E+00
 0.4550000E+01  0.4396786E-01 -0.1485810E-01 -0.3331424E-01 -0.1815694E+00  0.3247467E-01  0.1089320E+01  0.8695384E-02 -0.2619491E+00  0.3346584E-01  0.1123912E+00  0.6055123E-01 -0.7148317E-01  0.2336777E+01 -0.7063365E-02  0.9240889E-01  0.2218928E+00  0.6915501E-01  0.2170238E+00  0.5704255E+00
 0.4382534E+00
 0.4575000E+01  0.2311023E-01 -0.2136863E-01 -0.2869850E-01 -0.1772076E+00  0.1726004E-02  0.1056541E+01  0.6763095E-02 -0.2301966E+00  0.2526632E-01  0.1093320E+00  0.5879921E-01 -0.6474730E-01  0.2289751E+01 -0.6393617E-02  0.8835658E-01  0.1916097E+00  0.6879393E-01  0.2232264E+00  0.5481719E+00
 0.4233983E+00
 0.4600000E+01  0.2275975E-02 -0.2767890E-01 -0.2381438E-01 -0.1711997E+00 -0.2903882E-01  0.1021662E+01  0.4767472E-02 -0.1962929E+00  0.1701712E-01  0.1052562E+00  0.5695409E-01 -0.5740650E-01  0.2237228E+01 -0.5768640E-02  0.8348094E-01  0.1595351E+00  0.6827211E-01  0.2273879E+00  0.5246331E+00
 0.4079181E+00
 0.4625000E+01 -0.1852790E-01 -0.3372976E-01 -0.1870753E-01 -0.1636006E+00 -0.5953164E-01  0.9849262E+00  0.2727200E-02 -0.1605546E+00  0.8741399E-02  0.1002011E+00  0.5504502E-01 -0.4952926E-01  0.2179623E+01 -0.5202332E-02  0.7782716E-01  0.1259686E+00  0.6759989E-01  0.2294680E+00  0.4999322E+00
 0.3919739E+00
 0.4650000E+01 -0.3928881E-01 -0.3946450E-01 -0.1342567E-01 -0.1544805E+00 -0.8946680E-01  0.9469130E+00  0.6613859E-03 -0.1233154E+00  0.4584955E-03  0.9421356E-01  0.5311682E-01 -0.4118911E-01  0.2117998E+01 -0.4710853E-02  0.7144776E-01  0.9122401E-01  0.6681337E-01  0.2294455E+00  0.4743710E+00
 0.3758210E+00
 0.4675000E+01 -0.5998528E-01 -0.4482937E-01 -0.8018222E-02 -0.1439236E+00 -0.1185638E+00  0.9079485E+00 -0.1410623E-02 -0.8492330E-01 -0.7814386E-02  0.8734892E-01  0.5122734E-01 -0.3246394E-01  0.2052888E+01 -0.4314724E-02  0.6440204E-01  0.5562616E-01  0.6593048E-01  0.2273184E+00  0.4481065E+00
 0.3596422E+00
 0.4700000E+01 -0.8059430E-01 -0.4977407E-01 -0.2535750E-02 -0.1320274E+00 -0.1465501E+00  0.8683700E+00 -0.3469419E-02 -0.4573714E-01 -0.1606299E-01  0.7967084E-01  0.4944448E-01 -0.2343527E-01  0.1984861E+01 -0.4036463E-02  0.5675554E-01  0.1950795E-01  0.6497199E-01  0.2231043E+00  0.4213025E+00
 0.3436047E+00
 0.4725000E+01 -0.1011074E+00 -0.5425227E-01  0.2970449E-02 -0.1189024E+00 -0.1731635E+00  0.8285210E+00 -0.5495716E-02 -0.6123261E-02 -0.2427657E-01  0.7125058E-01  0.4783711E-01 -0.1418747E-01  0.1914519E+01 -0.3897025E-02  0.4857949E-01 -0.1679276E-01  0.6396152E-01  0.2168399E+00  0.3941273E+00
 0.3278460E+00
 0.4750000E+01 -0.1215527E+00 -0.5822196E-01  0.8448851E-02 -0.1046704E+00 -0.1981544E+00  0.7887448E+00 -0.7470531E-02  0.3354789E-01 -0.3244873E-01  0.6216640E-01  0.4645679E-01 -0.4807002E-02  0.1842508E+01 -0.3909269E-02  0.3995006E-01 -0.5293635E-01  0.6292561E-01  0.2085811E+00  0.3667512E+00
 0.3124621E+00
 0.4775000E+01 -0.1420095E+00 -0.6164595E-01  0.1384818E-01 -0.8946340E-01 -0.2212888E+00  0.7493827E+00 -0.9375363E-02  0.7290523E-01 -0.4057875E-01  0.5250276E-01  0.4530881E-01  0.4618425E-02  0.1769534E+01 -0.4069445E-02  0.3094770E-01 -0.8858459E-01  0.6189380E-01  0.1984023E+00  0.3393444E+00
 0.2975021E+00
 0.4800000E+01 -0.1628096E+00 -0.6449213E-01  0.1911789E-01 -0.7342292E-01 -0.2423498E+00  0.7106806E+00 -0.1119236E-01  0.1115805E+00 -0.4867406E-01  0.4234962E-01  0.4420131E-01  0.1400065E-01  0.1696384E+01 -0.4323182E-02  0.2165640E-01 -0.1234038E+00  0.6089704E-01  0.1863956E+00  0.3120686E+00
 0.2828390E+00
 0.4825000E+01 -0.1839552E+00 -0.6673382E-01  0.2420866E-01 -0.5669818E-01 -0.2611400E+00  0.6731302E+00 -0.1290451E-01  0.1492119E+00 -0.5675463E-01  0.3180153E-01  0.4311979E-01  0.2325191E-01  0.1624006E+01 -0.4673757E-02  0.1216286E-01 -0.1570681E+00  0.5997387E-01  0.1726703E+00  0.2851020E+00
 0.2686471E+00
 0.4850000E+01 -0.2054115E+00 -0.6835000E-01  0.2907279E-01 -0.3944491E-01 -0.2774833E+00  0.6372645E+00 -0.1449574E-01  0.1854471E+00 -0.6485735E-01  0.2095679E-01  0.4205948E-01  0.3228562E-01  0.1553495E+01 -0.5126306E-02  0.2555716E-02 -0.1892622E+00  0.5916844E-01  0.1573519E+00  0.2586226E+00
 0.2551346E+00
 0.4875000E+01 -0.2271119E+00 -0.6932551E-01  0.3366475E-01 -0.2182383E-01 -0.2912264E+00  0.6036419E+00 -0.1595117E-01  0.2199470E+00 -0.7304092E-01  0.9916515E-02  0.4103260E-01  0.4101725E-01  0.1486091E+01 -0.5688027E-02 -0.7075303E-02 -0.2196847E+00  0.5853142E-01  0.1405805E+00  0.2328027E+00
 0.2425357E+00
 0.4900000E+01 -0.2489721E+00 -0.6965120E-01  0.3794152E-01 -0.3999205E-02 -0.3022405E+00  0.5728088E+00 -0.1725713E-01  0.2523884E+00 -0.8138935E-01 -0.1216304E-02  0.4006993E-01  0.4936505E-01  0.1423122E+01 -0.6368221E-02 -0.1664021E-01 -0.2480506E+00  0.5811971E-01  0.1225103E+00  0.2077993E+00
 0.2310928E+00
 0.4925000E+01 -0.2709127E+00 -0.6932401E-01  0.4186303E-01  0.1386273E-01 -0.3104224E+00  0.5452207E+00 -0.1840140E-01  0.2824677E+00 -0.9001264E-01 -0.1233777E-01  0.3921263E-01  0.5725088E-01  0.1365921E+01 -0.7178829E-02 -0.2604962E-01 -0.2740943E+00  0.5799385E-01  0.1033075E+00  0.1837363E+00
 0.2210163E+00
 0.4950000E+01 -0.2929017E+00 -0.6834701E-01  0.4539254E-01  0.3159531E-01 -0.3156952E+00  0.5210918E+00 -0.1937324E-01  0.3099029E+00 -0.9904306E-01 -0.2334405E-01  0.3849031E-01  0.6460087E-01  0.1315684E+01 -0.8134465E-02 -0.3521556E-01 -0.2975717E+00  0.5821258E-01  0.8314892E-01  0.1606834E+00
 0.2124005E+00
 0.4975000E+01 -0.3150273E+00 -0.6672934E-01  0.4849698E-01  0.4903300E-01 -0.3180096E+00  0.5002674E+00 -0.2016355E-01  0.3344372E+00 -0.1086276E+00 -0.3413233E-01  0.3789848E-01  0.7134620E-01  0.1273350E+01 -0.9241280E-02 -0.4405232E-01 -0.3182628E+00  0.5882632E-01  0.6222068E-01  0.1386439E+00
 0.2051311E+00
 0.5000000E+01 -0.3374673E+00 -0.6448617E-01  0.5114725E-01  0.6601296E-01 -0.3173437E+00  0.4824976E+00 -0.2076491E-01  0.3558406E+00 -0.1189193E+00 -0.4460183E-01  0.3743121E-01  0.7742366E-01  0.1239604E+01 -0.1047085E-01 -0.5247722E-01 -0.3359737E+00  0.5987725E-01  0.4071616E-01  0.1175727E+00
 0.1990150E+00
