 0.2500000E-01 -0.2583341E+00 -0.2924349E+01  0.4376860E+00 -0.2764844E+01  0.7236729E+00 -0.3169036E+01  0.2434899E-01 -0.2793920E+01 -0.5797410E+00 -0.2843139E+01  0.4121353E+00 -0.3079693E+01  0.1570093E+00 -0.2922537E+01 -0.8009056E-01 -0.3005279E+01 -0.1397840E+00 -0.2872535E+01 -0.1054881E+01
-0.2914238E+01
 0.5000000E-01 -0.2582411E+00 -0.2877739E+01  0.4374910E+00 -0.2709785E+01  0.7233910E+00 -0.3135361E+01  0.2435195E-01 -0.2740398E+01 -0.5794796E+00 -0.2792242E+01  0.4119536E+00 -0.3041291E+01  0.1569383E+00 -0.2875820E+01 -0.8009037E-01 -0.2962947E+01 -0.1397233E+00 -0.2823178E+01 -0.1054466E+01
-0.2867136E+01
 0.7500000E-01 -0.2580797E+00 -0.2831136E+01  0.4371514E+00 -0.2654736E+01  0.7229191E+00 -0.3101680E+01  0.2435604E-01 -0.2686881E+01 -0.5790299E+00 -0.2741362E+01  0.4116498E+00 -0.3002885E+01  0.1568213E+00 -0.2829105E+01 -0.8008744E-01 -0.2920619E+01 -0.1396168E+00 -0.2773826E+01 -0.1053756E+01
-0.2820075E+01
 0.1000000E+00 -0.2578451E+00 -0.2784542E+01  0.4366573E+00 -0.2599700E+01  0.7222585E+00 -0.3067994E+01  0.2435949E-01 -0.2633369E+01 -0.5783838E+00 -0.2690496E+01  0.4112253E+00 -0.2964477E+01  0.1566600E+00 -0.2782392E+01 -0.8007928E-01 -0.2878297E+01 -0.1394614E+00 -0.2724479E+01 -0.1052741E+01
-0.2773055E+01
 0.1250000E+00 -0.2575335E+00 -0.2737957E+01  0.4360012E+00 -0.2544678E+01  0.7214127E+00 -0.3034301E+01  0.2435991E-01 -0.2579865E+01 -0.5775362E+00 -0.2639644E+01  0.4106828E+00 -0.2926065E+01  0.1564559E+00 -0.2735681E+01 -0.8006304E-01 -0.2835979E+01 -0.1392551E+00 -0.2675139E+01 -0.1051412E+01
-0.2726076E+01
 0.1500000E+00 -0.2571428E+00 -0.2691379E+01  0.4351778E+00 -0.2489672E+01  0.7203879E+00 -0.3000600E+01  0.2435484E-01 -0.2526370E+01 -0.5764857E+00 -0.2588806E+01  0.4100268E+00 -0.2887650E+01  0.1562102E+00 -0.2688975E+01 -0.8003585E-01 -0.2793666E+01 -0.1389975E+00 -0.2625805E+01 -0.1049765E+01
-0.2679135E+01
 0.1750000E+00 -0.2566726E+00 -0.2644809E+01  0.4341847E+00 -0.2434685E+01  0.7191927E+00 -0.2966890E+01  0.2434223E-01 -0.2472885E+01 -0.5752339E+00 -0.2537983E+01  0.4092632E+00 -0.2849231E+01  0.1559232E+00 -0.2642275E+01 -0.7999523E-01 -0.2751359E+01 -0.1386901E+00 -0.2576478E+01 -0.1047801E+01
-0.2632230E+01
 0.2000000E+00 -0.2561249E+00 -0.2598248E+01  0.4330217E+00 -0.2379718E+01  0.7178385E+00 -0.2933172E+01  0.2432065E-01 -0.2419413E+01 -0.5737848E+00 -0.2487176E+01  0.4083992E+00 -0.2810809E+01  0.1555950E+00 -0.2595582E+01 -0.7993955E-01 -0.2709057E+01 -0.1383348E+00 -0.2527161E+01 -0.1045525E+01
-0.2585360E+01
 0.2250000E+00 -0.2555033E+00 -0.2551698E+01  0.4316909E+00 -0.2324772E+01  0.7163383E+00 -0.2899445E+01  0.2428929E-01 -0.2365956E+01 -0.5721448E+00 -0.2436387E+01  0.4074426E+00 -0.2772385E+01  0.1552258E+00 -0.2548899E+01 -0.7986832E-01 -0.2666762E+01 -0.1379347E+00 -0.2477854E+01 -0.1042949E+01
-0.2538524E+01
 0.2500000E+00 -0.2548127E+00 -0.2505158E+01  0.4301966E+00 -0.2269851E+01  0.7147059E+00 -0.2865710E+01  0.2424788E-01 -0.2312515E+01 -0.5703226E+00 -0.2385620E+01  0.4064018E+00 -0.2733961E+01  0.1548161E+00 -0.2502225E+01 -0.7978224E-01 -0.2624474E+01 -0.1374931E+00 -0.2428560E+01 -0.1040088E+01
-0.2491723E+01
 0.2750000E+00 -0.2540596E+00 -0.2458632E+01  0.4285444E+00 -0.2214958E+01  0.7129553E+00 -0.2831966E+01  0.2419655E-01 -0.2259095E+01 -0.5683284E+00 -0.2334876E+01  0.4052858E+00 -0.2695540E+01  0.1543673E+00 -0.2455564E+01 -0.7968313E-01 -0.2582195E+01 -0.1370136E+00 -0.2379281E+01 -0.1036964E+01
-0.2444958E+01
 0.3000000E+00 -0.2532510E+00 -0.2412120E+01  0.4267413E+00 -0.2160095E+01  0.7111013E+00 -0.2798216E+01  0.2413566E-01 -0.2205698E+01 -0.5661741E+00 -0.2284159E+01  0.4041043E+00 -0.2657123E+01  0.1538813E+00 -0.2408918E+01 -0.7957365E-01 -0.2539927E+01 -0.1365000E+00 -0.2330019E+01 -0.1033601E+01
-0.2398231E+01
 0.3250000E+00 -0.2523944E+00 -0.2365625E+01  0.4247952E+00 -0.2105266E+01  0.7091598E+00 -0.2764459E+01  0.2406572E-01 -0.2152327E+01 -0.5638724E+00 -0.2233473E+01  0.4028682E+00 -0.2618713E+01  0.1533610E+00 -0.2362287E+01 -0.7945694E-01 -0.2497669E+01 -0.1359561E+00 -0.2280776E+01 -0.1030026E+01
-0.2351546E+01
 0.3500000E+00 -0.2514978E+00 -0.2319150E+01  0.4227143E+00 -0.2050478E+01  0.7071496E+00 -0.2730698E+01  0.2398729E-01 -0.2098987E+01 -0.5614371E+00 -0.2182820E+01  0.4015903E+00 -0.2580312E+01  0.1528098E+00 -0.2315674E+01 -0.7933637E-01 -0.2455425E+01 -0.1353859E+00 -0.2231556E+01 -0.1026269E+01
-0.2304905E+01
 0.3750000E+00 -0.2505691E+00 -0.2272696E+01  0.4205071E+00 -0.1995734E+01  0.7050940E+00 -0.2696934E+01  0.2390089E-01 -0.2045682E+01 -0.5588824E+00 -0.2132205E+01  0.4002848E+00 -0.2541922E+01  0.1522315E+00 -0.2269081E+01 -0.7921531E-01 -0.2413194E+01 -0.1347933E+00 -0.2182361E+01 -0.1022359E+01
-0.2258312E+01
 0.4000000E+00 -0.2496165E+00 -0.2226266E+01  0.4181822E+00 -0.1941043E+01  0.7030211E+00 -0.2663168E+01  0.2380694E-01 -0.1992417E+01 -0.5562227E+00 -0.2081633E+01  0.3989675E+00 -0.2503546E+01  0.1516305E+00 -0.2222511E+01 -0.7909698E-01 -0.2370980E+01 -0.1341823E+00 -0.2133195E+01 -0.1018328E+01
-0.2211771E+01
 0.4250000E+00 -0.2486479E+00 -0.2179863E+01  0.4157476E+00 -0.1886410E+01  0.7009637E+00 -0.2629403E+01  0.2370577E-01 -0.1939200E+01 -0.5534727E+00 -0.2031107E+01  0.3976554E+00 -0.2465185E+01  0.1510111E+00 -0.2175967E+01 -0.7898434E-01 -0.2328784E+01 -0.1335569E+00 -0.2084062E+01 -0.1014207E+01
-0.2165286E+01
 0.4500000E+00 -0.2476711E+00 -0.2133491E+01  0.4132115E+00 -0.1831846E+01  0.6989590E+00 -0.2595643E+01  0.2359757E-01 -0.1886037E+01 -0.5506471E+00 -0.1980635E+01  0.3963662E+00 -0.2426840E+01  0.1503782E+00 -0.2129452E+01 -0.7888008E-01 -0.2286607E+01 -0.1329209E+00 -0.2034966E+01 -0.1010029E+01
-0.2118860E+01
 0.4750000E+00 -0.2466938E+00 -0.2087153E+01  0.4105814E+00 -0.1777359E+01  0.6970464E+00 -0.2561890E+01  0.2348242E-01 -0.1832936E+01 -0.5477601E+00 -0.1930222E+01  0.3951180E+00 -0.2388513E+01  0.1497366E+00 -0.2082970E+01 -0.7878664E-01 -0.2244452E+01 -0.1322780E+00 -0.1985914E+01 -0.1005825E+01
-0.2072500E+01
 0.5000000E+00 -0.2457181E+00 -0.2040853E+01  0.4078666E+00 -0.1722964E+01  0.6952518E+00 -0.2528149E+01  0.2335335E-01 -0.1779911E+01 -0.5448206E+00 -0.1879873E+01  0.3939197E+00 -0.2350207E+01  0.1490853E+00 -0.2036527E+01 -0.7870320E-01 -0.2202321E+01 -0.1316322E+00 -0.1936910E+01 -0.1001599E+01
-0.2026206E+01
 0.5250000E+00 -0.2447488E+00 -0.1994597E+01  0.4050829E+00 -0.1668673E+01  0.6936085E+00 -0.2494424E+01  0.2320957E-01 -0.1726973E+01 -0.5418409E+00 -0.1829596E+01  0.3927851E+00 -0.2311924E+01  0.1484276E+00 -0.1990126E+01 -0.7863086E-01 -0.2160217E+01 -0.1309866E+00 -0.1887962E+01 -0.9973717E+00
-0.1979983E+01
 0.5500000E+00 -0.2437869E+00 -0.1948389E+01  0.4022518E+00 -0.1614501E+01  0.6921437E+00 -0.2460721E+01  0.2305550E-01 -0.1674138E+01 -0.5388229E+00 -0.1779400E+01  0.3917151E+00 -0.2273664E+01  0.1477644E+00 -0.1943774E+01 -0.7857341E-01 -0.2118143E+01 -0.1303398E+00 -0.1839078E+01 -0.9931477E+00
-0.1933839E+01
 0.5750000E+00 -0.2428361E+00 -0.1902237E+01  0.3994005E+00 -0.1560467E+01  0.6908817E+00 -0.2427042E+01  0.2289064E-01 -0.1621423E+01 -0.5357818E+00 -0.1729295E+01  0.3907221E+00 -0.2235431E+01  0.1470996E+00 -0.1897477E+01 -0.7853102E-01 -0.2076104E+01 -0.1296946E+00 -0.1790268E+01 -0.9889456E+00
-0.1887780E+01
 0.6000000E+00 -0.2418995E+00 -0.1856148E+01  0.3965623E+00 -0.1506589E+01  0.6898437E+00 -0.2393388E+01  0.2271477E-01 -0.1568848E+01 -0.5327358E+00 -0.1679290E+01  0.3898170E+00 -0.2197225E+01  0.1464366E+00 -0.1851243E+01 -0.7850333E-01 -0.2034102E+01 -0.1290537E+00 -0.1741542E+01 -0.9847810E+00
-0.1841809E+01
 0.6250000E+00 -0.2409784E+00 -0.1810130E+01  0.3937754E+00 -0.1452891E+01  0.6890467E+00 -0.2359761E+01  0.2252823E-01 -0.1516434E+01 -0.5297071E+00 -0.1629397E+01  0.3890083E+00 -0.2159051E+01  0.1457789E+00 -0.1805081E+01 -0.7848926E-01 -0.1992143E+01 -0.1284198E+00 -0.1692914E+01 -0.9806666E+00
-0.1795932E+01
 0.6500000E+00 -0.2400734E+00 -0.1764192E+01  0.3910808E+00 -0.1399396E+01  0.6885014E+00 -0.2326163E+01  0.2233203E-01 -0.1464206E+01 -0.5267252E+00 -0.1579628E+01  0.3883012E+00 -0.2120911E+01  0.1451302E+00 -0.1759000E+01 -0.7848687E-01 -0.1950232E+01 -0.1277961E+00 -0.1644398E+01 -0.9766117E+00
-0.1750153E+01
 0.6750000E+00 -0.2391843E+00 -0.1718345E+01  0.3885178E+00 -0.1346133E+01  0.6882116E+00 -0.2292595E+01  0.2212781E-01 -0.1412187E+01 -0.5238302E+00 -0.1529999E+01  0.3876970E+00 -0.2082809E+01  0.1444938E+00 -0.1713012E+01 -0.7849343E-01 -0.1908374E+01 -0.1271874E+00 -0.1596012E+01 -0.9726256E+00
-0.1704473E+01
 0.7000000E+00 -0.2383118E+00 -0.1672604E+01  0.3861211E+00 -0.1293133E+01  0.6881728E+00 -0.2259060E+01  0.2191768E-01 -0.1360400E+01 -0.5210736E+00 -0.1480525E+01  0.3871922E+00 -0.2044748E+01  0.1438736E+00 -0.1667133E+01 -0.7850540E-01 -0.1866577E+01 -0.1266013E+00 -0.1547778E+01 -0.9687211E+00
-0.1658889E+01
 0.7250000E+00 -0.2374590E+00 -0.1626982E+01  0.3839183E+00 -0.1240429E+01  0.6883723E+00 -0.2225559E+01  0.2170393E-01 -0.1308873E+01 -0.5185149E+00 -0.1431228E+01  0.3867789E+00 -0.2006732E+01  0.1432742E+00 -0.1621378E+01 -0.7851872E-01 -0.1824848E+01 -0.1260484E+00 -0.1499716E+01 -0.9649224E+00
-0.1613398E+01
 0.7500000E+00 -0.2366337E+00 -0.1581498E+01  0.3819272E+00 -0.1188060E+01  0.6887897E+00 -0.2192096E+01  0.2148863E-01 -0.1257632E+01 -0.5162144E+00 -0.1382132E+01  0.3864447E+00 -0.1968766E+01  0.1427027E+00 -0.1575767E+01 -0.7852910E-01 -0.1783197E+01 -0.1255420E+00 -0.1451849E+01 -0.9612721E+00
-0.1567989E+01
 0.7750000E+00 -0.2358494E+00 -0.1536171E+01  0.3801555E+00 -0.1136068E+01  0.6893981E+00 -0.2158673E+01  0.2127339E-01 -0.1206712E+01 -0.5142221E+00 -0.1333268E+01  0.3861740E+00 -0.1930855E+01  0.1421689E+00 -0.1530320E+01 -0.7853244E-01 -0.1741634E+01 -0.1250959E+00 -0.1404200E+01 -0.9578353E+00
-0.1522658E+01
 0.8000000E+00 -0.2351251E+00 -0.1491022E+01  0.3785998E+00 -0.1084500E+01  0.6901657E+00 -0.2125294E+01  0.2105912E-01 -0.1156148E+01 -0.5125713E+00 -0.1284665E+01  0.3859487E+00 -0.1893005E+01  0.1416853E+00 -0.1485059E+01 -0.7852530E-01 -0.1700171E+01 -0.1247217E+00 -0.1356791E+01 -0.9546960E+00
-0.1477407E+01
 0.8250000E+00 -0.2344822E+00 -0.1446071E+01  0.3772471E+00 -0.1033404E+01  0.6910573E+00 -0.2091962E+01  0.2084607E-01 -0.1105983E+01 -0.5112751E+00 -0.1236361E+01  0.3857494E+00 -0.1855223E+01  0.1412657E+00 -0.1440006E+01 -0.7850537E-01 -0.1658823E+01 -0.1244271E+00 -0.1309645E+01 -0.9519451E+00
-0.1432254E+01
 0.8500000E+00 -0.2339412E+00 -0.1401339E+01  0.3760762E+00 -0.9828344E+00  0.6920350E+00 -0.2058681E+01  0.2063392E-01 -0.1056260E+01 -0.5103286E+00 -0.1188391E+01  0.3855567E+00 -0.1817514E+01  0.1409228E+00 -0.1395180E+01 -0.7847191E-01 -0.1617606E+01 -0.1242147E+00 -0.1262787E+01 -0.9496636E+00
-0.1387230E+01
 0.8750000E+00 -0.2335173E+00 -0.1356846E+01  0.3750597E+00 -0.9328472E+00  0.6930590E+00 -0.2025454E+01  0.2042197E-01 -0.1007031E+01 -0.5097121E+00 -0.1140797E+01  0.3853514E+00 -0.1779888E+01  0.1406662E+00 -0.1350601E+01 -0.7842599E-01 -0.1576539E+01 -0.1240831E+00 -0.1216246E+01 -0.9479089E+00
-0.1342379E+01
 0.9000000E+00 -0.2332189E+00 -0.1312614E+01  0.3741667E+00 -0.8835009E+00  0.6940873E+00 -0.1992287E+01  0.2020930E-01 -0.9583460E+00 -0.5093958E+00 -0.1093622E+01  0.3851156E+00 -0.1742352E+01  0.1405010E+00 -0.1306290E+01 -0.7837052E-01 -0.1535641E+01 -0.1240273E+00 -0.1170055E+01 -0.9467089E+00
-0.1297750E+01
 0.9250000E+00 -0.2330475E+00 -0.1268669E+01  0.3733636E+00 -0.8348554E+00  0.6950753E+00 -0.1959184E+01  0.1999485E-01 -0.9102618E+00 -0.5093429E+00 -0.1046911E+01  0.3848336E+00 -0.1704917E+01  0.1404283E+00 -0.1262272E+01 -0.7830990E-01 -0.1494932E+01 -0.1240401E+00 -0.1124250E+01 -0.9460630E+00
-0.1253393E+01
 0.9500000E+00 -0.2329988E+00 -0.1225037E+01  0.3726158E+00 -0.7869709E+00  0.6959759E+00 -0.1926150E+01  0.1977755E-01 -0.8628350E+00 -0.5095127E+00 -0.1000713E+01  0.3844929E+00 -0.1667593E+01  0.1404455E+00 -0.1218573E+01 -0.7824935E-01 -0.1454430E+01 -0.1241128E+00 -0.1078871E+01 -0.9459472E+00
-0.1209357E+01
 0.9750000E+00 -0.2330639E+00 -0.1181748E+01  0.3718883E+00 -0.7399061E+00  0.6967394E+00 -0.1893190E+01  0.1955633E-01 -0.8161235E+00 -0.5098621E+00 -0.9550790E+00  0.3840859E+00 -0.1630392E+01  0.1405469E+00 -0.1175223E+01 -0.7819405E-01 -0.1414153E+01 -0.1242360E+00 -0.1033963E+01 -0.9463206E+00
-0.1165689E+01
 0.1000000E+01 -0.2332309E+00 -0.1138838E+01  0.3711465E+00 -0.6937172E+00  0.6973144E+00 -0.1860309E+01  0.1933017E-01 -0.7701851E+00 -0.5103472E+00 -0.9100622E+00  0.3836112E+00 -0.1593326E+01  0.1407250E+00 -0.1132258E+01 -0.7814835E-01 -0.1374119E+01 -0.1243998E+00 -0.9895703E+00 -0.9471304E+00
-0.1122435E+01
 0.1025000E+01 -0.2334860E+00 -0.1096342E+01  0.3703559E+00 -0.6484560E+00  0.6976484E+00 -0.1827513E+01  0.1909806E-01 -0.7250756E+00 -0.5109230E+00 -0.8657169E+00  0.3830757E+00 -0.1556411E+01  0.1409710E+00 -0.1089713E+01 -0.7811526E-01 -0.1334344E+01 -0.1245938E+00 -0.9457428E+00 -0.9483161E+00
-0.1079643E+01
 0.1050000E+01 -0.2338135E+00 -0.1054301E+01  0.3694825E+00 -0.6041679E+00  0.6976903E+00 -0.1794806E+01  0.1885906E-01 -0.6808481E+00 -0.5115449E+00 -0.8220977E+00  0.3824941E+00 -0.1519660E+01  0.1412752E+00 -0.1047628E+01 -0.7809619E-01 -0.1294849E+01 -0.1248076E+00 -0.9025308E+00 -0.9498118E+00
-0.1037359E+01
 0.1075000E+01 -0.2341653E+00 -0.1012756E+01  0.3684984E+00 -0.5608920E+00  0.6973877E+00 -0.1762193E+01  0.1860449E-01 -0.6375567E+00 -0.5121093E+00 -0.7792572E+00  0.3818657E+00 -0.1483089E+01  0.1416068E+00 -0.1006048E+01 -0.7807934E-01 -0.1255653E+01 -0.1250167E+00 -0.8599863E+00 -0.9514168E+00
-0.9956298E+00
 0.1100000E+01 -0.2345192E+00 -0.9717526E+00  0.3673924E+00 -0.5186563E+00  0.6966964E+00 -0.1729680E+01  0.1833348E-01 -0.5952461E+00 -0.5125655E+00 -0.7372478E+00  0.3812079E+00 -0.1446713E+01  0.1419519E+00 -0.9650151E+00 -0.7806147E-01 -0.1216780E+01 -0.1252085E+00 -0.8181619E+00 -0.9530396E+00
-0.9545041E+00
 0.1125000E+01 -0.2348535E+00 -0.9313360E+00  0.3661621E+00 -0.4774783E+00  0.6955796E+00 -0.1697269E+01  0.1804541E-01 -0.5539538E+00 -0.5128657E+00 -0.6961190E+00  0.3805377E+00 -0.1410551E+01  0.1422967E+00 -0.9245771E+00 -0.7803838E-01 -0.1178259E+01 -0.1253711E+00 -0.7771096E+00 -0.9545895E+00
-0.9140311E+00
 0.1150000E+01 -0.2351470E+00 -0.8915542E+00  0.3648150E+00 -0.4373634E+00  0.6940109E+00 -0.1664966E+01  0.1773997E-01 -0.5137093E+00 -0.5129662E+00 -0.6559165E+00  0.3798699E+00 -0.1374620E+01  0.1426278E+00 -0.8847815E+00 -0.7800543E-01 -0.1140117E+01 -0.1254929E+00 -0.7368800E+00 -0.9559788E+00
-0.8742603E+00
 0.1175000E+01 -0.2353795E+00 -0.8524552E+00  0.3633679E+00 -0.3983044E+00  0.6919759E+00 -0.1632773E+01  0.1741729E-01 -0.4745323E+00 -0.5128284E+00 -0.6166806E+00  0.3792145E+00 -0.1338939E+01  0.1429323E+00 -0.8456766E+00 -0.7795787E-01 -0.1102388E+01 -0.1255635E+00 -0.6975217E+00 -0.9571242E+00
-0.8352411E+00
 0.1200000E+01 -0.2355322E+00 -0.8140874E+00  0.3618459E+00 -0.3602811E+00  0.6894747E+00 -0.1600694E+01  0.1707806E-01 -0.4364319E+00 -0.5124196E+00 -0.5784453E+00  0.3785767E+00 -0.1303529E+01  0.1431983E+00 -0.8073108E+00 -0.7789119E-01 -0.1065107E+01 -0.1255735E+00 -0.6590795E+00 -0.9579479E+00
-0.7970223E+00
 0.1225000E+01 -0.2355878E+00 -0.7764984E+00  0.3602802E+00 -0.3232598E+00  0.6865232E+00 -0.1568734E+01  0.1672362E-01 -0.3994059E+00 -0.5117136E+00 -0.5412368E+00  0.3779566E+00 -0.1268410E+01  0.1434145E+00 -0.7697317E+00 -0.7780124E-01 -0.1028310E+01 -0.1255143E+00 -0.6215941E+00 -0.9583782E+00
-0.7596508E+00
 0.1250000E+01 -0.2355301E+00 -0.7397346E+00  0.3587043E+00 -0.2871938E+00  0.6831532E+00 -0.1536898E+01  0.1635594E-01 -0.3634399E+00 -0.5106915E+00 -0.5050732E+00  0.3773503E+00 -0.1233608E+01  0.1435711E+00 -0.7329851E+00 -0.7768426E-01 -0.9920345E+00 -0.1253785E+00 -0.5851008E+00 -0.9583506E+00
-0.7231716E+00
 0.1275000E+01 -0.2353451E+00 -0.7038401E+00  0.3571506E+00 -0.2520236E+00  0.6794110E+00 -0.1505196E+01  0.1597752E-01 -0.3285064E+00 -0.5093426E+00 -0.4699633E+00  0.3767508E+00 -0.1199147E+01  0.1436596E+00 -0.6971150E+00 -0.7753688E-01 -0.9563216E+00 -0.1251599E+00 -0.5496285E+00 -0.9578078E+00
-0.6876260E+00
 0.1300000E+01 -0.2350202E+00 -0.6688559E+00  0.3556466E+00 -0.2176775E+00  0.6753536E+00 -0.1473640E+01  0.1559113E-01 -0.2945650E+00 -0.5076649E+00 -0.4359066E+00  0.3761497E+00 -0.1165054E+01  0.1436726E+00 -0.6621617E+00 -0.7735606E-01 -0.9212118E+00 -0.1248538E+00 -0.5151993E+00 -0.9567011E+00
-0.6530513E+00
 0.1325000E+01 -0.2345450E+00 -0.6348194E+00  0.3542126E+00 -0.1840730E+00  0.6710445E+00 -0.1442247E+01  0.1519961E-01 -0.2615623E+00 -0.5056656E+00 -0.4028928E+00  0.3755378E+00 -0.1131358E+01  0.1436045E+00 -0.6281619E+00 -0.7713909E-01 -0.8867468E+00 -0.1244574E+00 -0.4818278E+00 -0.9549907E+00
-0.6194795E+00
 0.1350000E+01 -0.2339117E+00 -0.6017634E+00  0.3528609E+00 -0.1511179E+00  0.6665488E+00 -0.1411035E+01  0.1480572E-01 -0.2294323E+00 -0.5033615E+00 -0.3709023E+00  0.3749064E+00 -0.1098088E+01  0.1434510E+00 -0.5951478E+00 -0.7688359E-01 -0.8529682E+00 -0.1239698E+00 -0.4495208E+00 -0.9526474E+00
-0.5869366E+00
 0.1375000E+01 -0.2331150E+00 -0.5697158E+00  0.3515971E+00 -0.1187122E+00  0.6619289E+00 -0.1380028E+01  0.1441203E-01 -0.1980982E+00 -0.5007783E+00 -0.3399063E+00  0.3742482E+00 -0.1065277E+01  0.1432094E+00 -0.5631464E+00 -0.7658756E-01 -0.8199178E+00 -0.1233926E+00 -0.4182768E+00 -0.9496530E+00
-0.5554420E+00
 0.1400000E+01 -0.2321527E+00 -0.5386989E+00  0.3504211E+00 -0.8674959E-01  0.6572423E+00 -0.1349248E+01  0.1402088E-01 -0.1674740E+00 -0.4979498E+00 -0.3098681E+00  0.3735577E+00 -0.1032957E+01  0.1428788E+00 -0.5321791E+00 -0.7624949E-01 -0.7876366E+00 -0.1227296E+00 -0.3880864E+00 -0.9460018E+00
-0.5250078E+00
 0.1425000E+01 -0.2310261E+00 -0.5087289E+00  0.3493301E+00 -0.5511901E-01  0.6525405E+00 -0.1318720E+01  0.1363438E-01 -0.1374660E+00 -0.4949166E+00 -0.2807430E+00  0.3728315E+00 -0.1001163E+01  0.1424598E+00 -0.5022613E+00 -0.7586841E-01 -0.7561642E+00 -0.1219874E+00 -0.3589318E+00 -0.9417015E+00
-0.4956382E+00
 0.1450000E+01 -0.2297403E+00 -0.4798160E+00  0.3483204E+00 -0.2370584E-01  0.6478693E+00 -0.1288470E+01  0.1325442E-01 -0.1079751E+00 -0.4917244E+00 -0.2524796E+00  0.3720688E+00 -0.9699283E+00  0.1419546E+00 -0.4734023E+00 -0.7544403E-01 -0.7255388E+00 -0.1211750E+00 -0.3307877E+00 -0.9367738E+00
-0.4673300E+00
 0.1475000E+01 -0.2283042E+00 -0.4519644E+00  0.3473891E+00  0.7606613E-02  0.6432699E+00 -0.1258521E+01  0.1288292E-01 -0.7889828E-01 -0.4884220E+00 -0.2250206E+00  0.3712715E+00 -0.9392898E+00  0.1413671E+00 -0.4456055E+00 -0.7497687E-01 -0.6957963E+00 -0.1203038E+00 -0.3036207E+00 -0.9312556E+00
-0.4400721E+00
 0.1500000E+01 -0.2267309E+00 -0.4251718E+00  0.3465350E+00  0.3893589E-01  0.6387799E+00 -0.1228900E+01  0.1252196E-01 -0.5012943E-01 -0.4850594E+00 -0.1983033E+00  0.3704440E+00 -0.9092833E+00  0.1407028E+00 -0.4188678E+00 -0.7446833E-01 -0.6669699E+00 -0.1193875E+00 -0.2773905E+00 -0.9251981E+00
-0.4138463E+00
 0.1525000E+01 -0.2250375E+00 -0.3994304E+00  0.3457589E+00  0.7039899E-01  0.6344350E+00 -0.1199631E+01  0.1217390E-01 -0.2156093E-01 -0.4816856E+00 -0.1722603E+00  0.3695931E+00 -0.8799451E+00  0.1399687E+00 -0.3931806E+00 -0.7392078E-01 -0.6390899E+00 -0.1184406E+00 -0.2520500E+00 -0.9186676E+00
-0.3886283E+00
 0.1550000E+01 -0.2232447E+00 -0.3747264E+00  0.3450629E+00  0.1021110E+00  0.6302700E+00 -0.1170741E+01  0.1184121E-01  0.6915685E-02 -0.4783474E+00 -0.1468199E+00  0.3687284E+00 -0.8513113E+00  0.1391738E+00 -0.3685291E+00 -0.7333762E-01 -0.6121833E+00 -0.1174782E+00 -0.2275459E+00 -0.9117431E+00
-0.3643887E+00
 0.1575000E+01 -0.2213757E+00 -0.3510408E+00  0.3444499E+00  0.1341840E+00  0.6263192E+00 -0.1142256E+01  0.1152623E-01  0.3540883E-01 -0.4750876E+00 -0.1219068E+00  0.3678617E+00 -0.8234177E+00  0.1383289E+00 -0.3448933E+00 -0.7272319E-01 -0.5862735E+00 -0.1165147E+00 -0.2038199E+00 -0.9045150E+00
-0.3410944E+00
 0.1600000E+01 -0.2194561E+00 -0.3283497E+00  0.3439228E+00  0.1667255E+00  0.6226174E+00 -0.1114202E+01  0.1123112E-01  0.6402612E-01 -0.4719450E+00 -0.9744244E-01  0.3670069E+00 -0.7962989E+00  0.1374460E+00 -0.3222480E+00 -0.7208283E-01 -0.5613802E+00 -0.1155637E+00 -0.1808091E+00 -0.8970819E+00
-0.3187099E+00
 0.1625000E+01 -0.2175129E+00 -0.3066247E+00  0.3434854E+00  0.1998376E+00  0.6191999E+00 -0.1086608E+01  0.1095797E-01  0.9287356E-01 -0.4689542E+00 -0.7334563E-01  0.3661796E+00 -0.7699889E+00  0.1365386E+00 -0.3005631E+00 -0.7142274E-01 -0.5375191E+00 -0.1146379E+00 -0.1584470E+00 -0.8895485E+00
-0.2971982E+00
 0.1650000E+01 -0.2155742E+00 -0.2858333E+00  0.3431426E+00  0.2336155E+00  0.6161020E+00 -0.1059500E+01  0.1070909E-01  0.1220548E+00 -0.4661467E+00 -0.4953320E-01  0.3653971E+00 -0.7445198E+00  0.1356208E+00 -0.2798046E+00 -0.7075000E-01 -0.5147023E+00 -0.1137490E+00 -0.1366644E+00 -0.8820228E+00
-0.2765213E+00
 0.1675000E+01 -0.2136683E+00 -0.2659394E+00  0.3429017E+00  0.2681462E+00  0.6133593E+00 -0.1032907E+01  0.1048715E-01  0.1516701E+00 -0.4635525E+00 -0.2592052E-01  0.3646774E+00 -0.7199223E+00  0.1347070E+00 -0.2599347E+00 -0.7007244E-01 -0.4929380E+00 -0.1129080E+00 -0.1153900E+00 -0.8746149E+00
-0.2566409E+00
 0.1700000E+01 -0.2118241E+00 -0.2469041E+00  0.3427730E+00  0.3035075E+00  0.6110065E+00 -0.1006859E+01  0.1029518E-01  0.1818156E+00 -0.4612016E+00 -0.2421913E-02  0.3640395E+00 -0.6962249E+00  0.1338118E+00 -0.2409126E+00 -0.6939852E-01 -0.4722309E+00 -0.1121257E+00 -0.9455129E-01 -0.8674358E+00
-0.2375177E+00
 0.1725000E+01 -0.2100608E+00 -0.2286870E+00  0.3427699E+00  0.3397663E+00  0.6090370E+00 -0.9813811E+00  0.1013661E-01  0.2125824E+00 -0.4591224E+00  0.2104927E-01  0.3634794E+00 -0.6734534E+00  0.1329500E+00 -0.2226964E+00 -0.6873107E-01 -0.4525830E+00 -0.1114097E+00 -0.7407515E-01 -0.8605698E+00
-0.2191066E+00
 0.1750000E+01 -0.2084072E+00 -0.2112447E+00  0.3429074E+00  0.3769781E+00  0.6074821E+00 -0.9565037E+00  0.1001453E-01  0.2440554E+00 -0.4573476E+00  0.4457950E-01  0.3630170E+00 -0.6516316E+00  0.1321382E+00 -0.2052414E+00 -0.6807935E-01 -0.4339927E+00 -0.1107705E+00 -0.5388725E-01 -0.8541315E+00
-0.2013673E+00
 0.1775000E+01 -0.2068911E+00 -0.1945327E+00  0.3432006E+00  0.4151857E+00  0.6063701E+00 -0.9322549E+00  0.9931530E-02  0.2763122E+00 -0.4559103E+00  0.6825502E-01  0.3626709E+00 -0.6307810E+00  0.1313928E+00 -0.1885011E+00 -0.6745237E-01 -0.4164557E+00 -0.1102183E+00 -0.3391287E-01 -0.8482316E+00
-0.1842586E+00
 0.1800000E+01 -0.2055382E+00 -0.1785055E+00  0.3436618E+00  0.4544191E+00  0.6057250E+00 -0.9086634E+00  0.9889198E-02  0.3094224E+00 -0.4548418E+00  0.9216149E-01  0.3624578E+00 -0.6109204E+00  0.1307295E+00 -0.1724284E+00 -0.6685869E-01 -0.3999654E+00 -0.1097625E+00 -0.1407710E-01 -0.8429738E+00
-0.1677385E+00
 0.1825000E+01 -0.2043713E+00 -0.1631166E+00  0.3442979E+00  0.4946948E+00  0.6055650E+00 -0.8857573E+00  0.9887732E-02  0.3434464E+00 -0.4541703E+00  0.1163835E+00  0.3623918E+00 -0.5920663E+00  0.1301629E+00 -0.1569758E+00 -0.6630604E-01 -0.3845131E+00 -0.1094118E+00  0.5694986E-02 -0.8384518E+00
-0.1517646E+00
 0.1850000E+01 -0.2034103E+00 -0.1483196E+00  0.3451081E+00  0.5360170E+00  0.6059018E+00 -0.8635645E+00  0.9925643E-02  0.3784345E+00 -0.4539189E+00  0.1410043E+00  0.3624838E+00 -0.5742324E+00  0.1297061E+00 -0.1420953E+00 -0.6580109E-01 -0.3700887E+00 -0.1091735E+00  0.2547826E-01 -0.8347468E+00
-0.1362938E+00
 0.1875000E+01 -0.2026710E+00 -0.1340677E+00  0.3460810E+00  0.5783774E+00  0.6067394E+00 -0.8421120E+00  0.9999464E-02  0.4144261E+00 -0.4541050E+00  0.1661048E+00  0.3627407E+00 -0.5574302E+00  0.1293707E+00 -0.1277390E+00 -0.6534916E-01 -0.3566804E+00 -0.1090535E+00  0.4534738E-01 -0.8319258E+00
-0.1212826E+00
 0.1900000E+01 -0.2021652E+00 -0.1203141E+00  0.3471916E+00  0.6217574E+00  0.6080733E+00 -0.8214262E+00  0.1010354E-01  0.4514498E+00 -0.4547383E+00  0.1917634E+00  0.3631653E+00 -0.5416690E+00  0.1291657E+00 -0.1138591E+00 -0.6495403E-01 -0.3442756E+00 -0.1090565E+00  0.6537664E-01 -0.8300392E+00
-0.1066873E+00
 0.1925000E+01 -0.2019001E+00 -0.1070123E+00  0.3483987E+00  0.6661293E+00  0.6098901E+00 -0.8015322E+00  0.1023026E-01  0.4895226E+00 -0.4558204E+00  0.2180553E+00  0.3637557E+00 -0.5269556E+00  0.1290978E+00 -0.1004084E+00 -0.6461783E-01 -0.3328610E+00 -0.1091849E+00  0.8563983E-01 -0.8291201E+00
-0.9246347E-01
 0.1950000E+01 -0.2018786E+00 -0.9411614E-01  0.3496409E+00  0.7114591E+00  0.6121674E+00 -0.7824543E+00  0.1037103E-01  0.5286505E+00 -0.4573432E+00  0.2450515E+00  0.3645052E+00 -0.5132952E+00  0.1291710E+00 -0.8733975E-01 -0.6434114E-01 -0.3224229E+00 -0.1094393E+00  0.1062101E+00 -0.8291829E+00
-0.7856694E-01
 0.1975000E+01 -0.2020991E+00 -0.8157993E-01  0.3508328E+00  0.7577091E+00  0.6148735E+00 -0.7642153E+00  0.1051770E-01  0.5688290E+00 -0.4592869E+00  0.2728179E+00  0.3654020E+00 -0.5006911E+00  0.1293859E+00 -0.7460657E-01 -0.6412327E-01 -0.3129477E+00 -0.1098176E+00  0.1271594E+00 -0.8302229E+00
-0.6495353E-01
 0.2000000E+01 -0.2025555E+00 -0.6935846E-01  0.3518577E+00  0.8048411E+00  0.6179680E+00 -0.7468368E+00  0.1066410E-01  0.6100446E+00 -0.4616198E+00  0.3014147E+00  0.3664293E+00 -0.4891452E+00  0.1297397E+00 -0.6216264E-01 -0.6396253E-01 -0.3044215E+00 -0.1103146E+00  0.1485589E+00 -0.8322160E+00
-0.5157945E-01
 0.2025000E+01 -0.2032376E+00 -0.5740706E-01  0.3525589E+00  0.8528189E+00  0.6214025E+00 -0.7303392E+00  0.1080683E-01  0.6522762E+00 -0.4642967E+00  0.3308952E+00  0.3675654E+00 -0.4786585E+00  0.1302264E+00 -0.4996211E-01 -0.6385651E-01 -0.2968312E+00 -0.1109218E+00  0.1704777E+00 -0.8351187E+00
-0.3840136E-01
 0.2050000E+01 -0.2041311E+00 -0.4568163E-01  0.3527278E+00  0.9016096E+00  0.6251215E+00 -0.7147409E+00  0.1094501E-01  0.6954973E+00 -0.4672603E+00  0.3613055E+00  0.3687841E+00 -0.4692306E+00  0.1308368E+00 -0.3795951E-01 -0.6380216E-01 -0.2901642E+00 -0.1116274E+00  0.1929833E+00 -0.8388701E+00
-0.2537633E-01
 0.2075000E+01 -0.2052178E+00 -0.3413855E-01  0.3520976E+00  0.9511814E+00  0.6290633E+00 -0.7000595E+00  0.1107925E-01  0.7396791E+00 -0.4704415E+00  0.3926837E+00  0.3700553E+00 -0.4608608E+00  0.1315588E+00 -0.2610970E-01 -0.6379571E-01 -0.2844086E+00 -0.1124167E+00  0.2161409E+00 -0.8433921E+00
-0.1246167E-01
 0.2100000E+01 -0.2064760E+00 -0.2273460E-01  0.3503485E+00  0.1001498E+01  0.6331619E+00 -0.6863105E+00  0.1121033E-01  0.7847938E+00 -0.4737608E+00  0.4250592E+00  0.3713456E+00 -0.4535477E+00  0.1323780E+00 -0.1436787E-01 -0.6383257E-01 -0.2795538E+00 -0.1132724E+00  0.2400126E+00 -0.8485913E+00
 0.3852251E-03
 0.2125000E+01 -0.2078805E+00 -0.1142689E-01  0.3471343E+00  0.1052510E+01  0.6373477E+00 -0.6735082E+00  0.1133819E-01  0.8308174E+00 -0.4771296E+00  0.4584525E+00  0.3726193E+00 -0.4472896E+00  0.1332782E+00 -0.2689430E-02 -0.6390743E-01 -0.2755903E+00 -0.1141749E+00  0.2646574E+00 -0.8543610E+00
 0.1320695E-01
 0.2150000E+01 -0.2094037E+00 -0.1727967E-03  0.3421257E+00  0.1104154E+01  0.6415496E+00 -0.6616656E+00  0.1146117E-01  0.8777319E+00 -0.4804517E+00  0.4928751E+00  0.3738392E+00 -0.4420849E+00  0.1342415E+00  0.8969975E-02 -0.6401433E-01 -0.2725098E+00 -0.1151028E+00  0.2901303E+00 -0.8605840E+00
 0.2604624E-01
 0.2175000E+01 -0.2110165E+00  0.1107013E-01  0.3350531E+00  0.1156354E+01  0.6456964E+00 -0.6507939E+00  0.1157523E-01  0.9255236E+00 -0.4836248E+00  0.5283290E+00  0.3749674E+00 -0.4379316E+00  0.1352491E+00  0.2065460E-01 -0.6414691E-01 -0.2703056E+00 -0.1160335E+00  0.3164816E+00 -0.8671361E+00
 0.3894600E-01
 0.2200000E+01 -0.2126884E+00  0.2234421E-01  0.3257310E+00  0.1209032E+01  0.6497182E+00 -0.6409033E+00  0.1167323E-01  0.9741755E+00 -0.4865421E+00  0.5648075E+00  0.3759664E+00 -0.4348283E+00  0.1362819E+00  0.3240862E-01 -0.6429861E-01 -0.2689726E+00 -0.1169436E+00  0.3437563E+00 -0.8738896E+00
 0.5194942E-01
 0.2225000E+01 -0.2143893E+00  0.3369177E-01  0.3140603E+00  0.1262116E+01  0.6535478E+00 -0.6320025E+00  0.1174449E-01  0.1023656E+01 -0.4890939E+00  0.6022950E+00  0.3768000E+00 -0.4327735E+00  0.1373205E+00  0.4427626E-01 -0.6446272E-01 -0.2685075E+00 -0.1178094E+00  0.3719938E+00 -0.8807162E+00
 0.6510004E-01
 0.2250000E+01 -0.2160892E+00  0.4515521E-01  0.3000169E+00  0.1315546E+01  0.6571223E+00 -0.6240990E+00  0.1177548E-01  0.1073907E+01 -0.4911675E+00  0.6407684E+00  0.3774342E+00 -0.4317664E+00  0.1383461E+00  0.5630178E-01 -0.6463248E-01 -0.2689084E+00 -0.1186083E+00  0.4012266E+00 -0.8874896E+00
 0.7844191E-01
 0.2275000E+01 -0.2177592E+00  0.5677712E-01  0.2836359E+00  0.1369269E+01  0.6603841E+00 -0.6171992E+00  0.1175190E-01  0.1124846E+01 -0.4926475E+00  0.6801980E+00  0.3778379E+00 -0.4318062E+00  0.1393403E+00  0.6852958E-01 -0.6480109E-01 -0.2701756E+00 -0.1193185E+00  0.4314804E+00 -0.8940875E+00
 0.9201961E-01
 0.2300000E+01 -0.2193722E+00  0.6860033E-01  0.2649986E+00  0.1423242E+01  0.6632823E+00 -0.6113085E+00  0.1166111E-01  0.1176377E+01 -0.4934135E+00  0.7205484E+00  0.3779837E+00 -0.4328927E+00  0.1402857E+00  0.8100426E-01 -0.6496180E-01 -0.2723107E+00 -0.1199203E+00  0.4627735E+00 -0.9003943E+00
 0.1058783E+00
 0.2325000E+01 -0.2209030E+00  0.8066798E-01  0.2442219E+00  0.1477430E+01  0.6657731E+00 -0.6064311E+00  0.1149377E-01  0.1228406E+01 -0.4933368E+00  0.7617806E+00  0.3778488E+00 -0.4350261E+00  0.1411663E+00  0.9377063E-01 -0.6510817E-01 -0.2753173E+00 -0.1203958E+00  0.4951163E+00 -0.9063033E+00
 0.1200637E+00
 0.2350000E+01 -0.2223288E+00  0.9302351E-01  0.2214517E+00  0.1531803E+01  0.6678214E+00 -0.6025705E+00  0.1124426E-01  0.1280848E+01 -0.4922728E+00  0.8038528E+00  0.3774146E+00 -0.4382069E+00  0.1419677E+00  0.1068738E+00 -0.6523434E-01 -0.2792006E+00 -0.1207280E+00  0.5285116E+00 -0.9117172E+00
 0.1346217E+00
 0.2375000E+01 -0.2236293E+00  0.1057106E+00  0.1968578E+00  0.1586335E+01  0.6694006E+00 -0.5997290E+00  0.1091008E-01  0.1333636E+01 -0.4900530E+00  0.8467230E+00  0.3766679E+00 -0.4424359E+00  0.1426774E+00  0.1203592E+00 -0.6533529E-01 -0.2839674E+00 -0.1209006E+00  0.5629547E+00 -0.9165497E+00
 0.1495984E+00
 0.2400000E+01 -0.2247862E+00  0.1187734E+00  0.1706308E+00  0.1641005E+01  0.6704936E+00 -0.5979085E+00  0.1049108E-01  0.1386715E+01 -0.4864751E+00  0.8903497E+00  0.3756003E+00 -0.4477144E+00  0.1432848E+00  0.1342727E+00 -0.6540704E-01 -0.2896261E+00 -0.1208968E+00  0.5984338E+00 -0.9207242E+00
 0.1650396E+00
 0.2425000E+01 -0.2257839E+00  0.1322561E+00  0.1429789E+00  0.1695795E+01  0.6710929E+00 -0.5971100E+00  0.9988793E-02  0.1440040E+01 -0.4812985E+00  0.9346931E+00  0.3742090E+00 -0.4540435E+00  0.1437814E+00  0.1486601E+00 -0.6544676E-01 -0.2961862E+00 -0.1206987E+00  0.6349309E+00 -0.9241748E+00
 0.1809910E+00
 0.2450000E+01 -0.2266087E+00  0.1462034E+00  0.1141260E+00  0.1750687E+01  0.6712011E+00 -0.5973338E+00  0.9406035E-02  0.1493576E+01 -0.4742462E+00  0.9797149E+00  0.3724962E+00 -0.4614248E+00  0.1441605E+00  0.1635678E+00 -0.6545272E-01 -0.3036586E+00 -0.1202874E+00  0.6724231E+00 -0.9268451E+00
 0.1974978E+00
 0.2475000E+01 -0.2272496E+00  0.1606600E+00  0.8430901E-01  0.1805669E+01  0.6708306E+00 -0.5985796E+00  0.8746630E-02  0.1547292E+01 -0.4650227E+00  0.1025375E+01  0.3704702E+00 -0.4698592E+00  0.1444174E+00  0.1790420E+00 -0.6542422E-01 -0.3120550E+00 -0.1196426E+00  0.7108841E+00 -0.9286894E+00
 0.2146048E+00
 0.2500000E+01 -0.2276983E+00  0.1756708E+00  0.5377622E-01  0.1860728E+01  0.6700037E+00 -0.6008462E+00  0.8015282E-02  0.1601164E+01 -0.4533423E+00  0.1071630E+01  0.3681444E+00 -0.4793477E+00  0.1445485E+00  0.1951289E+00 -0.6536140E-01 -0.3213880E+00 -0.1187430E+00  0.7502863E+00 -0.9296727E+00
 0.2323563E+00
 0.2525000E+01 -0.2279492E+00  0.1912808E+00  0.2278458E-01  0.1915854E+01  0.6687524E+00 -0.6041319E+00  0.7217475E-02  0.1655170E+01 -0.4389646E+00  0.1118431E+01  0.3655380E+00 -0.4898906E+00  0.1445518E+00  0.2118742E+00 -0.6526519E-01 -0.3316709E+00 -0.1175654E+00  0.7906032E+00 -0.9297710E+00
 0.2507955E+00
 0.2550000E+01 -0.2279997E+00  0.2075349E+00 -0.8402364E-02  0.1971038E+01  0.6671181E+00 -0.6084341E+00  0.6359401E-02  0.1709292E+01 -0.4217215E+00  0.1165723E+01  0.3626751E+00 -0.5014872E+00  0.1444265E+00  0.2293232E+00 -0.6513717E-01 -0.3429172E+00 -0.1160839E+00  0.8318113E+00 -0.9289707E+00
 0.2699647E+00
 0.2575000E+01 -0.2278498E+00  0.2244773E+00 -0.3951695E-01  0.2026271E+01  0.6651507E+00 -0.6137493E+00  0.5447888E-02  0.1763515E+01 -0.4015294E+00  0.1213452E+01  0.3595851E+00 -0.5141361E+00  0.1441724E+00  0.2475202E+00 -0.6497954E-01 -0.3551406E+00 -0.1142678E+00  0.8738917E+00 -0.9272676E+00
 0.2899047E+00
 0.2600000E+01 -0.2275018E+00  0.2421521E+00 -0.7028985E-01  0.2081547E+01  0.6629079E+00 -0.6200735E+00  0.4490333E-02  0.1817824E+01 -0.3783871E+00  0.1261564E+01  0.3563013E+00 -0.5278345E+00  0.1437900E+00  0.2665082E+00 -0.6479511E-01 -0.3683547E+00 -0.1120796E+00  0.9168292E+00 -0.9246655E+00
 0.3106542E+00
 0.2625000E+01 -0.2269596E+00  0.2606019E+00 -0.1004525E+00  0.2136861E+01  0.6604545E+00 -0.6274015E+00  0.3494626E-02  0.1872209E+01 -0.3523657E+00  0.1310012E+01  0.3528607E+00 -0.5425784E+00  0.1432801E+00  0.2863286E+00 -0.6458734E-01 -0.3825724E+00 -0.1094741E+00  0.9606084E+00 -0.9211743E+00
 0.3322497E+00
 0.2650000E+01 -0.2262289E+00  0.2798682E+00 -0.1297397E+00  0.2192205E+01  0.6578607E+00 -0.6357272E+00  0.2469080E-02  0.1926658E+01 -0.3235959E+00  0.1358753E+01  0.3493036E+00 -0.5583619E+00  0.1426440E+00  0.3070209E+00 -0.6436028E-01 -0.3978059E+00 -0.1063998E+00  0.1005205E+01 -0.9168094E+00
 0.3547243E+00
 0.2675000E+01 -0.2253171E+00  0.2999906E+00 -0.1578920E+00  0.2247577E+01  0.6552010E+00 -0.6450438E+00  0.1422353E-02  0.1981164E+01 -0.2922565E+00  0.1407750E+01  0.3456722E+00 -0.5751776E+00  0.1418830E+00  0.3286216E+00 -0.6411855E-01 -0.4140663E+00 -0.1028031E+00  0.1050579E+01 -0.9115912E+00
 0.3781080E+00
 0.2700000E+01 -0.2242332E+00  0.3210066E+00 -0.1846584E+00  0.2302972E+01  0.6525528E+00 -0.6553430E+00  0.3633706E-03  0.2035718E+01 -0.2585648E+00  0.1456970E+01  0.3420102E+00 -0.5930158E+00  0.1409986E+00  0.3511646E+00 -0.6386729E-01 -0.4313631E+00 -0.9863584E-01  0.1096667E+01 -0.9055459E+00
 0.4024262E+00
 0.2725000E+01 -0.2229884E+00  0.3429508E+00 -0.2097986E+00  0.2358386E+01  0.6499942E+00 -0.6666159E+00 -0.6987557E-03  0.2090313E+01 -0.2227704E+00  0.1506385E+01  0.3383616E+00 -0.6118649E+00  0.1399927E+00  0.3746798E+00 -0.6361201E-01 -0.4497041E+00 -0.9386184E-01  0.1143393E+01 -0.8987066E+00
 0.4277000E+00
 0.2750000E+01 -0.2215964E+00  0.3658544E+00 -0.2330851E+00  0.2413817E+01  0.6476028E+00 -0.6788519E+00 -0.1754812E-02  0.2144945E+01 -0.1851487E+00  0.1555971E+01  0.3347698E+00 -0.6317110E+00  0.1388679E+00  0.3991932E+00 -0.6335846E-01 -0.4690949E+00 -0.8846208E-01  0.1190670E+01 -0.8911141E+00
 0.4539452E+00
 0.2775000E+01 -0.2200731E+00  0.3897452E+00 -0.2543061E+00  0.2469262E+01  0.6454534E+00 -0.6920396E+00 -0.2795567E-02  0.2199609E+01 -0.1459974E+00  0.1605708E+01  0.3312768E+00 -0.6525379E+00  0.1376274E+00  0.4247261E+00 -0.6311244E-01 -0.4895385E+00 -0.8243583E-01  0.1238419E+01 -0.8828172E+00
 0.4811719E+00
 0.2800000E+01 -0.2184364E+00  0.4146463E+00 -0.2732671E+00  0.2524718E+01  0.6436158E+00 -0.7061661E+00 -0.3811858E-02  0.2254299E+01 -0.1056321E+00  0.1655576E+01  0.3279216E+00 -0.6743271E+00  0.1362759E+00  0.4512948E+00 -0.6287952E-01 -0.5110350E+00 -0.7579940E-01  0.1286568E+01 -0.8738715E+00
 0.5093839E+00
 0.2825000E+01 -0.2167056E+00  0.4405760E+00 -0.2897928E+00  0.2580183E+01  0.6421531E+00 -0.7212174E+00 -0.4794675E-02  0.2309012E+01 -0.6438348E-01  0.1705560E+01  0.3247401E+00 -0.6970576E+00  0.1348190E+00  0.4789101E+00 -0.6266484E-01 -0.5335811E+00 -0.6858366E-01  0.1335056E+01 -0.8643366E+00
 0.5385785E+00
 0.2850000E+01 -0.2148999E+00  0.4675476E+00 -0.3037292E+00  0.2635657E+01  0.6411201E+00 -0.7371779E+00 -0.5735251E-02  0.2363746E+01 -0.2259354E-01  0.1755645E+01  0.3217632E+00 -0.7207061E+00  0.1332634E+00  0.5075774E+00 -0.6247281E-01 -0.5571700E+00 -0.6083139E-01  0.1383835E+01 -0.8542717E+00
 0.5687459E+00
 0.2875000E+01 -0.2130372E+00  0.4955686E+00 -0.3149451E+00  0.2691137E+01  0.6405609E+00 -0.7540308E+00 -0.6625142E-02  0.2418496E+01  0.1938730E-01  0.1805819E+01  0.3190170E+00 -0.7452472E+00  0.1316161E+00  0.5372962E+00 -0.6230681E-01 -0.5817910E+00 -0.5259491E-01  0.1432864E+01 -0.8437289E+00
 0.5998689E+00
 0.2900000E+01 -0.2111328E+00  0.5246410E+00 -0.3233335E+00  0.2746622E+01  0.6405086E+00 -0.7717580E+00 -0.7456307E-02  0.2473262E+01  0.6120349E-01  0.1856070E+01  0.3165218E+00 -0.7706534E+00  0.1298834E+00  0.5680605E+00 -0.6216893E-01 -0.6074296E+00 -0.4393422E-01  0.1482108E+01 -0.8327468E+00
 0.6319228E+00
 0.2925000E+01 -0.2091981E+00  0.5547609E+00 -0.3288123E+00  0.2802112E+01  0.6409835E+00 -0.7903398E+00 -0.8221194E-02  0.2528040E+01  0.1024977E+00  0.1906389E+01  0.3142918E+00 -0.7968950E+00  0.1280692E+00  0.5998591E+00 -0.6205983E-01 -0.6340673E+00 -0.3491549E-01  0.1531539E+01 -0.8213412E+00
 0.6648758E+00
 0.2950000E+01 -0.2072392E+00  0.5859192E+00 -0.3313262E+00  0.2857605E+01  0.6419931E+00 -0.8097554E+00 -0.8912804E-02  0.2582830E+01  0.1429139E+00  0.1956767E+01  0.3123348E+00 -0.8239409E+00  0.1261732E+00  0.6326760E+00 -0.6197859E-01 -0.6616817E+00 -0.2560978E-01  0.1581134E+01 -0.8094971E+00
 0.6986884E+00
 0.2975000E+01 -0.2052561E+00  0.6181015E+00 -0.3308462E+00  0.2913100E+01  0.6435319E+00 -0.8299825E+00 -0.9524771E-02  0.2637629E+01  0.1821009E+00  0.2007195E+01  0.3106525E+00 -0.8517583E+00  0.1241895E+00  0.6664914E+00 -0.6192279E-01 -0.6902466E+00 -0.1609209E-01  0.1630870E+01 -0.7971600E+00
 0.7333138E+00
 0.3000000E+01 -0.2032415E+00  0.6512892E+00 -0.3273711E+00  0.2968598E+01  0.6455818E+00 -0.8509974E+00 -0.1005142E-01  0.2692436E+01  0.2197157E+00  0.2057668E+01  0.3092407E+00 -0.8803135E+00  0.1221054E+00  0.7012826E+00 -0.6188853E-01 -0.7197326E+00 -0.6440374E-02  0.1680730E+01 -0.7842271E+00
 0.7686986E+00
 0.3025000E+01 -0.2011796E+00  0.6854603E+00 -0.3209269E+00  0.3024098E+01  0.6481129E+00 -0.8727755E+00 -0.1048781E-01  0.2747250E+01  0.2554261E+00  0.2108179E+01  0.3080895E+00 -0.9095717E+00  0.1199010E+00  0.7370260E+00 -0.6187069E-01 -0.7501069E+00  0.3265229E-02  0.1730699E+01 -0.7705404E+00
 0.8047830E+00
 0.3050000E+01 -0.1990454E+00  0.7205905E+00 -0.3115670E+00  0.3079599E+01  0.6510847E+00 -0.8952910E+00 -0.1082984E-01  0.2802071E+01  0.2889149E+00  0.2158723E+01  0.3071840E+00 -0.9394974E+00  0.1175492E+00  0.7736985E+00 -0.6186307E-01 -0.7813343E+00  0.1294323E-01  0.1780762E+01 -0.7558805E+00
 0.8415025E+00
 0.3075000E+01 -0.1968026E+00  0.7566549E+00 -0.2993717E+00  0.3135102E+01  0.6544477E+00 -0.9185171E+00 -0.1107420E-01  0.2856896E+01  0.3198821E+00  0.2209294E+01  0.3065049E+00 -0.9700551E+00  0.1150162E+00  0.8112793E+00 -0.6185868E-01 -0.8133771E+00  0.2251153E-01  0.1830909E+01 -0.7399620E+00
 0.8787914E+00
 0.3100000E+01 -0.1944019E+00  0.7936294E+00 -0.2844477E+00  0.3190605E+01  0.6581444E+00 -0.9424264E+00 -0.1121851E-01  0.2911727E+01  0.3480481E+00  0.2259888E+01  0.3060295E+00 -0.1001209E+01  0.1122621E+00  0.8497510E+00 -0.6184999E-01 -0.8461959E+00  0.3188822E-01  0.1881128E+01 -0.7224354E+00
 0.9165868E+00
 0.3125000E+01 -0.1917789E+00  0.8314923E+00 -0.2669274E+00  0.3246109E+01  0.6621119E+00 -0.9669908E+00 -0.1126126E-01  0.2966561E+01  0.3731567E+00  0.2310502E+01  0.3057324E+00 -0.1032924E+01  0.1092408E+00  0.8891005E+00 -0.6182913E-01 -0.8797500E+00  0.4099234E-01  0.1931410E+01 -0.7028964E+00
 0.9548355E+00
 0.3150000E+01 -0.1888520E+00  0.8702255E+00 -0.2469671E+00  0.3301614E+01  0.6662830E+00 -0.9921819E+00 -0.1120188E-01  0.3021398E+01  0.3949776E+00  0.2361133E+01  0.3055859E+00 -0.1065165E+01  0.1059016E+00  0.9293159E+00 -0.6178817E-01 -0.9139980E+00  0.4974459E-01  0.1981748E+01 -0.6809088E+00
 0.9934993E+00
 0.3175000E+01 -0.1855209E+00  0.9098132E+00 -0.2247463E+00  0.3357120E+01  0.6705883E+00 -0.1017971E+01 -0.1104073E-01  0.3076238E+01  0.4133082E+00  0.2411777E+01  0.3055616E+00 -0.1097898E+01  0.1021905E+00  0.9703817E+00 -0.6171930E-01 -0.9488979E+00  0.5806816E-01  0.2032134E+01 -0.6560406E+00
 0.1032558E+01
 0.3200000E+01 -0.1816690E+00  0.9502396E+00 -0.2004658E+00  0.3412626E+01  0.6749575E+00 -0.1044329E+01 -0.1077913E-01  0.3131081E+01  0.4279767E+00  0.2462432E+01  0.3056304E+00 -0.1131090E+01  0.9805363E-01  0.1012271E+01 -0.6161505E-01 -0.9844080E+00  0.6588940E-01  0.2082563E+01 -0.6279075E+00
 0.1072005E+01
 0.3225000E+01 -0.1771682E+00  0.9914830E+00 -0.1743459E+00  0.3468133E+01  0.6793214E+00 -0.1071229E+01 -0.1041928E-01  0.3185926E+01  0.4388429E+00  0.2513096E+01  0.3057637E+00 -0.1164708E+01  0.9344237E-01  0.1054941E+01 -0.6146837E-01 -0.1020487E+01  0.7313857E-01  0.2133028E+01 -0.5962135E+00
 0.1111844E+01
 0.3250000E+01 -0.1718899E+00  0.1033509E+01 -0.1466245E+00  0.3523641E+01  0.6836129E+00 -0.1098640E+01 -0.9964344E-02  0.3240773E+01  0.4458005E+00  0.2563768E+01  0.3059337E+00 -0.1198723E+01  0.8831827E-01  0.1098325E+01 -0.6127286E-01 -0.1057095E+01  0.7975049E-01  0.2183525E+01 -0.5607786E+00
 0.1152072E+01
 0.3275000E+01 -0.1657184E+00  0.1076265E+01 -0.1175547E+00  0.3579149E+01  0.6877682E+00 -0.1126537E+01 -0.9418335E-02  0.3295621E+01  0.4487780E+00  0.2614445E+01  0.3061141E+00 -0.1233105E+01  0.8265750E-01  0.1142348E+01 -0.6102279E-01 -0.1094193E+01  0.8566521E-01  0.2234050E+01 -0.5215476E+00
 0.1192684E+01
 0.3300000E+01 -0.1585641E+00  0.1119686E+01 -0.8740278E-01  0.3634657E+01  0.6917281E+00 -0.1154891E+01 -0.8786131E-02  0.3350471E+01  0.4477395E+00  0.2665128E+01  0.3062802E+00 -0.1267826E+01  0.7645302E-01  0.1186925E+01 -0.6071320E-01 -0.1131742E+01  0.9082862E-01  0.2284599E+01 -0.4785841E+00
 0.1233661E+01
 0.3325000E+01 -0.1503719E+00  0.1163693E+01 -0.5644550E-01  0.3690166E+01  0.6954386E+00 -0.1183675E+01 -0.8073418E-02  0.3405322E+01  0.4426856E+00  0.2715814E+01  0.3064097E+00 -0.1302860E+01  0.6971450E-01  0.1231978E+01 -0.6033995E-01 -0.1169708E+01  0.9519296E-01  0.2335170E+01 -0.4320553E+00
 0.1274981E+01
 0.3350000E+01 -0.1411230E+00  0.1208210E+01 -0.2496764E-01  0.3745676E+01  0.6988515E+00 -0.1212865E+01 -0.7286638E-02  0.3460174E+01  0.4336531E+00  0.2766503E+01  0.3064829E+00 -0.1338182E+01  0.6246675E-01  0.1277439E+01 -0.5989977E-01 -0.1208055E+01  0.9871738E-01  0.2385759E+01 -0.3822134E+00
 0.1316615E+01
 0.3375000E+01 -0.1308323E+00  0.1253166E+01  0.6740697E-02  0.3801186E+01  0.7019253E+00 -0.1242435E+01 -0.6432933E-02  0.3515027E+01  0.4207155E+00  0.2817195E+01  0.3064824E+00 -0.1373768E+01  0.5474733E-01  0.1323248E+01 -0.5939023E-01 -0.1246751E+01  0.1013683E+00  0.2436364E+01 -0.3293786E+00
 0.1358533E+01
 0.3400000E+01 -0.1195423E+00  0.1298499E+01  0.3838676E-01  0.3856696E+01  0.7046253E+00 -0.1272362E+01 -0.5520081E-02  0.3569881E+01  0.4039820E+00  0.2867888E+01  0.3063940E+00 -0.1409597E+01  0.4660425E-01  0.1369358E+01 -0.5880975E-01 -0.1285767E+01  0.1031199E+00  0.2486983E+01 -0.2739244E+00
 0.1400708E+01
 0.3425000E+01 -0.1073175E+00  0.1344155E+01  0.6967791E-01  0.3912207E+01  0.7069239E+00 -0.1302622E+01 -0.4556423E-02  0.3624735E+01  0.3835969E+00  0.2918584E+01  0.3062062E+00 -0.1445648E+01  0.3809378E-01  0.1415726E+01 -0.5815764E-01 -0.1325074E+01  0.1039542E+00  0.2537614E+01 -0.2162660E+00
 0.1443112E+01
 0.3450000E+01 -0.9423957E-01  0.1390091E+01  0.1003244E+00  0.3967717E+01  0.7088010E+00 -0.1333194E+01 -0.3550788E-02  0.3679590E+01  0.3597384E+00  0.2969281E+01  0.3059104E+00 -0.1481903E+01  0.2927872E-01  0.1462320E+01 -0.5743397E-01 -0.1364645E+01  0.1038615E+00  0.2588256E+01 -0.1568509E+00
 0.1485722E+01
 0.3475000E+01 -0.8040308E-01  0.1436270E+01  0.1300419E+00  0.4023228E+01  0.7102436E+00 -0.1364056E+01 -0.2512411E-02  0.3734445E+01  0.3326172E+00  0.3019980E+01  0.3055013E+00 -0.1518344E+01  0.2022693E-01  0.1509112E+01 -0.5663965E-01 -0.1404456E+01  0.1028405E+00  0.2638907E+01 -0.9615194E-01
 0.1528515E+01
 0.3500000E+01 -0.6591319E-01  0.1482662E+01  0.1585546E+00  0.4078739E+01  0.7111737E+00 -0.1395233E+01 -0.1450846E-02  0.3789301E+01  0.3024744E+00  0.3070680E+01  0.3051770E+00 -0.1554979E+01  0.1101018E-01  0.1556077E+01 -0.5581968E-01 -0.1444452E+01  0.1008983E+00  0.2689566E+01 -0.3466060E-01
 0.1571471E+01
 0.3525000E+01 -0.5088342E-01  0.1529240E+01  0.1855974E+00  0.4134251E+01  0.7116044E+00 -0.1426728E+01 -0.3758797E-03  0.3844157E+01  0.2695797E+00  0.3121381E+01  0.3050132E+00 -0.1591790E+01  0.1703082E-02  0.1603193E+01 -0.5498298E-01 -0.1484600E+01  0.9805018E-01  0.2740231E+01  0.2711829E-01
 0.1614573E+01
 0.3550000E+01 -0.3543404E-01  0.1575982E+01  0.2109184E+00  0.4189762E+01  0.7115765E+00 -0.1458544E+01  0.7025612E-03  0.3899013E+01  0.2342289E+00  0.3172084E+01  0.3050730E+00 -0.1628761E+01 -0.7617795E-02  0.1650443E+01 -0.5413828E-01 -0.1524870E+01  0.9432003E-01  0.2790903E+01  0.8867177E-01
 0.1657804E+01
 0.3575000E+01 -0.1969064E-01  0.1622867E+01  0.2342818E+00  0.4245273E+01  0.7111514E+00 -0.1490676E+01  0.1774503E-02  0.3953870E+01  0.1967411E+00  0.3222788E+01  0.3053917E+00 -0.1665875E+01 -0.1687477E-01  0.1697811E+01 -0.5329229E-01 -0.1565241E+01  0.8973972E-01  0.2841580E+01  0.1494836E+00
 0.1701150E+01
 0.3600000E+01 -0.3782908E-02  0.1669879E+01  0.2554695E+00  0.4300783E+01  0.7103981E+00 -0.1523112E+01  0.2830017E-02  0.4008727E+01  0.1574559E+00  0.3273493E+01  0.3059708E+00 -0.1703120E+01 -0.2598983E-01  0.1745282E+01 -0.5244813E-01 -0.1605701E+01  0.8434901E-01  0.2892262E+01  0.2090392E+00
 0.1744598E+01
 0.3625000E+01  0.1215667E-01  0.1717003E+01  0.2742835E+00  0.4356294E+01  0.7093843E+00 -0.1555830E+01  0.3859315E-02  0.4063584E+01  0.1167306E+00  0.3324199E+01  0.3067864E+00 -0.1740481E+01 -0.3488541E-01  0.1792844E+01 -0.5160559E-01 -0.1646247E+01  0.7819523E-01  0.2942948E+01  0.2668302E+00
 0.1788136E+01
 0.3650000E+01  0.2799399E-01  0.1764226E+01  0.2905478E+00  0.4411804E+01  0.7081778E+00 -0.1588804E+01  0.4852840E-02  0.4118441E+01  0.7493617E-01  0.3374906E+01  0.3078075E+00 -0.1777946E+01 -0.4348509E-01  0.1840487E+01 -0.5076331E-01 -0.1686877E+01  0.7133284E-01  0.2993637E+01  0.3223594E+00
 0.1831752E+01
 0.3675000E+01  0.4359459E-01  0.1811534E+01  0.3041100E+00  0.4467315E+01  0.7068507E+00 -0.1622005E+01  0.5801355E-02  0.4173299E+01  0.3245476E-01  0.3425615E+01  0.3090101E+00 -0.1815503E+01 -0.5171438E-01  0.1888200E+01 -0.4992120E-01 -0.1727588E+01  0.6382297E-01  0.3044329E+01  0.3751450E+00
 0.1875436E+01
 0.3700000E+01  0.5882487E-01  0.1858920E+01  0.3148427E+00  0.4522825E+01  0.7054794E+00 -0.1655408E+01  0.6696032E-02  0.4228156E+01 -0.1032453E-01  0.3476324E+01  0.3103800E+00 -0.1853141E+01 -0.5950138E-01  0.1935976E+01 -0.4908141E-01 -0.1768376E+01  0.5573290E-01  0.3095024E+01  0.4247258E+00
 0.1919179E+01
 0.3725000E+01  0.7355331E-01  0.1906372E+01  0.3226449E+00  0.4578334E+01  0.7041389E+00 -0.1688986E+01  0.7528535E-02  0.4283014E+01 -0.5300896E-01  0.3527034E+01  0.3119097E+00 -0.1890848E+01 -0.6677747E-01  0.1983806E+01 -0.4824802E-01 -0.1809237E+01  0.4713542E-01  0.3145721E+01  0.4706647E+00
 0.1962974E+01
 0.3750000E+01  0.8765173E-01  0.1953883E+01  0.3274428E+00  0.4633844E+01  0.7028971E+00 -0.1722715E+01  0.8291099E-02  0.4337871E+01 -0.9520589E-01  0.3577745E+01  0.3135949E+00 -0.1928617E+01 -0.7347802E-01  0.2031684E+01 -0.4742634E-01 -0.1850167E+01  0.3810820E-01  0.3196421E+01  0.5125536E+00
 0.2006812E+01
 0.3775000E+01  0.1009964E+00  0.2001446E+01  0.3291907E+00  0.4689353E+01  0.7018105E+00 -0.1756575E+01  0.8976602E-02  0.4392729E+01 -0.1365264E+00  0.3628457E+01  0.3154318E+00 -0.1966440E+01 -0.7954296E-01  0.2079604E+01 -0.4662227E-01 -0.1891160E+01  0.2873307E-01  0.3247122E+01  0.5500170E+00
 0.2050686E+01
 0.3800000E+01  0.1134695E+00  0.2049055E+01  0.3278711E+00  0.4744861E+01  0.7009213E+00 -0.1790546E+01  0.9578635E-02  0.4447587E+01 -0.1765891E+00  0.3679169E+01  0.3174155E+00 -0.2004310E+01 -0.8491744E-01  0.2127561E+01 -0.4584177E-01 -0.1932212E+01  0.1909530E-01  0.3297824E+01  0.5827159E+00
 0.2094591E+01
 0.3825000E+01  0.1249597E+00  0.2096704E+01  0.3234954E+00  0.4800370E+01  0.7002575E+00 -0.1824613E+01  0.1009156E-01  0.4502445E+01 -0.2150235E+00  0.3729881E+01  0.3195396E+00 -0.2042220E+01 -0.8955232E-01  0.2175551E+01 -0.4509055E-01 -0.1973318E+01  0.9282762E-02  0.3348528E+01  0.6103512E+00
 0.2138522E+01
 0.3850000E+01  0.1353639E+00  0.2144388E+01  0.3161034E+00  0.4855878E+01  0.6998329E+00 -0.1858762E+01  0.1051057E-01  0.4557303E+01 -0.2514734E+00  0.3780593E+01  0.3217955E+00 -0.2080166E+01 -0.9340473E-01  0.2223569E+01 -0.4437388E-01 -0.2014473E+01 -0.6148335E-03  0.3399234E+01  0.6326666E+00
 0.2182473E+01
 0.3875000E+01  0.1445878E+00  0.2192103E+01  0.3057632E+00  0.4911386E+01  0.6996488E+00 -0.1892982E+01  0.1083172E-01  0.4612161E+01 -0.2856009E+00  0.3831305E+01  0.3241723E+00 -0.2118143E+01 -0.9643848E-01  0.2271612E+01 -0.4369643E-01 -0.2055673E+01 -0.1050679E-01  0.3449940E+01  0.6494515E+00
 0.2226441E+01
 0.3900000E+01  0.1525470E+00  0.2239844E+01  0.2925704E+00  0.4966894E+01  0.6996962E+00 -0.1927263E+01  0.1105200E-01  0.4667019E+01 -0.3170888E+00  0.3882017E+01  0.3266574E+00 -0.2156148E+01 -0.9862448E-01  0.2319677E+01 -0.4306227E-01 -0.2096914E+01 -0.2030226E-01  0.3500647E+01  0.6605432E+00
 0.2270422E+01
 0.3925000E+01  0.1591678E+00  0.2287609E+01  0.2766475E+00  0.5022402E+01  0.6999578E+00 -0.1961597E+01  0.1116930E-01  0.4721877E+01 -0.3456439E+00  0.3932729E+01  0.3292364E+00 -0.2194176E+01 -0.9994106E-01  0.2367761E+01 -0.4247492E-01 -0.2138191E+01 -0.2991112E-01  0.3551355E+01  0.6658287E+00
 0.2314415E+01
 0.3950000E+01  0.1643880E+00  0.2335395E+01  0.2581423E+00  0.5077909E+01  0.7004150E+00 -0.1995977E+01  0.1118251E-01  0.4776735E+01 -0.3710002E+00  0.3983440E+01  0.3318945E+00 -0.2232225E+01 -0.1003742E+00  0.2415863E+01 -0.4193737E-01 -0.2179502E+01 -0.3924478E-01  0.3602063E+01  0.6652463E+00
 0.2358415E+01
 0.3975000E+01  0.1681578E+00  0.2383199E+01  0.2372270E+00  0.5133417E+01  0.7010408E+00 -0.2030398E+01  0.1109146E-01  0.4831593E+01 -0.3929207E+00  0.4034151E+01  0.3346159E+00 -0.2270292E+01 -0.9991775E-01  0.2463978E+01 -0.4145230E-01 -0.2220843E+01 -0.4821702E-01  0.3652773E+01  0.6587864E+00
 0.2402422E+01
 0.4000000E+01  0.1704399E+00  0.2431018E+01  0.2140964E+00  0.5188924E+01  0.7018065E+00 -0.2064854E+01  0.1089698E-01  0.4886452E+01 -0.4112003E+00  0.4084861E+01  0.3373848E+00 -0.2308374E+01 -0.9857354E-01  0.2512107E+01 -0.4102209E-01 -0.2262210E+01 -0.5674485E-01  0.3703482E+01  0.6464922E+00
 0.2446435E+01
 0.4025000E+01  0.1712102E+00  0.2478851E+01  0.1889660E+00  0.5244432E+01  0.7026829E+00 -0.2099343E+01  0.1060085E-01  0.4941310E+01 -0.4256674E+00  0.4135570E+01  0.3401854E+00 -0.2346469E+01 -0.9635143E-01  0.2560248E+01 -0.4064877E-01 -0.2303603E+01 -0.6474921E-01  0.3754192E+01  0.6284591E+00
 0.2490451E+01
 0.4050000E+01  0.1704581E+00  0.2526696E+01  0.1620703E+00  0.5299939E+01  0.7036399E+00 -0.2133859E+01  0.1020581E-01  0.4996168E+01 -0.4361857E+00  0.4186279E+01  0.3430021E+00 -0.2384576E+01 -0.9326922E-01  0.2608398E+01 -0.4033406E-01 -0.2345017E+01 -0.7215582E-01  0.3804903E+01  0.6048348E+00
 0.2534471E+01
 0.4075000E+01  0.1681869E+00  0.2574551E+01  0.1336602E+00  0.5355446E+01  0.7046467E+00 -0.2168402E+01  0.9715518E-02  0.5051026E+01 -0.4426557E+00  0.4236986E+01  0.3458190E+00 -0.2422692E+01 -0.8935260E-01  0.2656557E+01 -0.4007930E-01 -0.2386451E+01 -0.7889579E-01  0.3855613E+01  0.5758179E+00
 0.2578495E+01
 0.4100000E+01  0.1644134E+00  0.2622416E+01  0.1040010E+00  0.5410953E+01  0.7056712E+00 -0.2202966E+01  0.9134529E-02  0.5105884E+01 -0.4450152E+00  0.4287694E+01  0.3486197E+00 -0.2460816E+01 -0.8463493E-01  0.2704723E+01 -0.3988542E-01 -0.2427903E+01 -0.8490632E-01  0.3906325E+01  0.5416566E+00
 0.2622521E+01
 0.4125000E+01  0.1591680E+00  0.2670289E+01  0.7336968E-01  0.5466460E+01  0.7066798E+00 -0.2237551E+01  0.8468247E-02  0.5160743E+01 -0.4432403E+00  0.4338400E+01  0.3513873E+00 -0.2498948E+01 -0.7915697E-01  0.2752896E+01 -0.3975287E-01 -0.2469371E+01 -0.9013132E-01  0.3957036E+01  0.5026465E+00
 0.2666550E+01
 0.4150000E+01  0.1524949E+00  0.2718169E+01  0.4205244E-01  0.5521967E+01  0.7076369E+00 -0.2272155E+01  0.7722878E-02  0.5215601E+01 -0.4373458E+00  0.4389105E+01  0.3541042E+00 -0.2537084E+01 -0.7296656E-01  0.2801075E+01 -0.3968165E-01 -0.2510854E+01 -0.9452191E-01  0.4007747E+01  0.4591282E+00
 0.2710581E+01
 0.4175000E+01  0.1444511E+00  0.2766055E+01  0.1034200E-01  0.5577475E+01  0.7085054E+00 -0.2306774E+01  0.6905368E-02  0.5270459E+01 -0.4273846E+00  0.4439810E+01  0.3567520E+00 -0.2575226E+01 -0.6611821E-01  0.2849260E+01 -0.3967126E-01 -0.2552350E+01 -0.9803690E-01  0.4058459E+01  0.4114845E+00
 0.2754616E+01
 0.4200000E+01  0.1351066E+00  0.2813946E+01 -0.2146516E-01  0.5632982E+01  0.7092462E+00 -0.2341409E+01  0.6023340E-02  0.5325317E+01 -0.4134479E+00  0.4490515E+01  0.3593111E+00 -0.2613371E+01 -0.5867260E-01  0.2897449E+01 -0.3972075E-01 -0.2593857E+01 -0.1006432E+00  0.4109170E+01  0.3601369E+00
 0.2798654E+01
 0.4225000E+01  0.1245431E+00  0.2861842E+01 -0.5307155E-01  0.5688489E+01  0.7098191E+00 -0.2376057E+01  0.5085026E-02  0.5380176E+01 -0.3956637E+00  0.4541218E+01  0.3617617E+00 -0.2651520E+01 -0.5069612E-01  0.2945642E+01 -0.3982871E-01 -0.2635376E+01 -0.1023161E+00  0.4159882E+01  0.3055423E+00
 0.2842694E+01
 0.4250000E+01  0.1128542E+00  0.2909742E+01 -0.8418152E-01  0.5743996E+01  0.7101829E+00 -0.2410718E+01  0.4099186E-02  0.5435034E+01 -0.3741963E+00  0.4591922E+01  0.3640830E+00 -0.2689671E+01 -0.4226018E-01  0.2993838E+01 -0.3999333E-01 -0.2676904E+01 -0.1030397E+00  0.4210594E+01  0.2481884E+00
 0.2886738E+01
 0.4275000E+01  0.1001437E+00  0.2957647E+01 -0.1145040E+00  0.5799503E+01  0.7148105E+00 -0.2445385E+01  0.3075027E-02  0.5489892E+01 -0.3492443E+00  0.4642625E+01  0.3675837E+00 -0.2727873E+01 -0.3344065E-01  0.3042037E+01 -0.4026281E-01 -0.2718634E+01 -0.1028067E+00  0.4261306E+01  0.1885896E+00
 0.2930785E+01
 0.4300000E+01  0.8652531E-01  0.3005554E+01 -0.1437551E+00  0.5855010E+01  0.7238569E+00 -0.2480045E+01  0.2022118E-02  0.5544750E+01 -0.3210389E+00  0.4693327E+01  0.3720528E+00 -0.2766113E+01 -0.2431714E-01  0.3090240E+01 -0.4061418E-01 -0.2760586E+01 -0.1016187E+00  0.4312018E+01  0.1272825E+00
 0.2974836E+01
 0.4325000E+01  0.7212123E-01  0.3053464E+01 -0.1716611E+00  0.5910518E+01  0.7371007E+00 -0.2514663E+01  0.9503016E-03  0.5599609E+01 -0.2898420E+00  0.4744030E+01  0.3771331E+00 -0.2804373E+01 -0.1497227E-01  0.3138444E+01 -0.4103623E-01 -0.2802753E+01 -0.9948656E-01  0.4362730E+01  0.6482074E-01
 0.3018889E+01
 0.4350000E+01  0.5706132E-01  0.3101377E+01 -0.1979607E+00  0.5966025E+01  0.7543389E+00 -0.2549215E+01 -0.1304022E-03  0.5654467E+01 -0.2559435E+00  0.4794732E+01  0.3825255E+00 -0.2842637E+01 -0.5490924E-02  0.3186651E+01 -0.4150697E-01 -0.2845115E+01 -0.9642952E-01  0.4413442E+01  0.1770184E-02
 0.3062945E+01
 0.4375000E+01  0.4148182E-01  0.3149292E+01 -0.2224075E+00  0.6021532E+01  0.7752117E+00 -0.2583666E+01 -0.1209886E-02  0.5709325E+01 -0.2196586E+00  0.4845434E+01  0.3879488E+00 -0.2880891E+01  0.4040540E-02  0.3234860E+01 -0.4200888E-01 -0.2887637E+01 -0.9247566E-01  0.4464154E+01 -0.6129648E-01
 0.3107004E+01
 0.4400000E+01  0.2552408E-01  0.3197210E+01 -0.2447727E+00  0.6077039E+01  0.7992263E+00 -0.2617980E+01 -0.2278053E-02  0.5764183E+01 -0.1813251E+00  0.4896136E+01  0.3931670E+00 -0.2919125E+01  0.1353508E-01  0.3283070E+01 -0.4252969E-01 -0.2930283E+01 -0.8766142E-01  0.4514866E+01 -0.1238049E+00
 0.3151065E+01
 0.4425000E+01  0.9333321E-02  0.3245129E+01 -0.2648466E+00  0.6132546E+01  0.8257926E+00 -0.2652122E+01 -0.3324907E-02  0.5819042E+01 -0.1413001E+00  0.4946838E+01  0.3980000E+00 -0.2957332E+01  0.2290579E-01  0.3331281E+01 -0.4306146E-01 -0.2973019E+01 -0.8203129E-01  0.4565578E+01 -0.1851844E+00
 0.3195128E+01
 0.4450000E+01 -0.6942750E-02  0.3293049E+01 -0.2824411E+00  0.6188053E+01  0.8542672E+00 -0.2686059E+01 -0.4340651E-02  0.5873900E+01 -0.9995664E-01  0.4997540E+01  0.4023201E+00 -0.2995512E+01  0.3206669E-01  0.3379494E+01 -0.4359899E-01 -0.3015817E+01 -0.7563739E-01  0.4616290E+01 -0.2448733E+00
 0.3239192E+01
 0.4475000E+01 -0.2315529E-01  0.3340971E+01 -0.2973914E+00  0.6243560E+01  0.8839984E+00 -0.2719772E+01 -0.5315779E-02  0.5928758E+01 -0.5768029E-01  0.5048241E+01  0.4060428E+00 -0.3033663E+01  0.4093358E-01  0.3427708E+01 -0.4413843E-01 -0.3058659E+01 -0.6853902E-01  0.4667003E+01 -0.3023243E+00
 0.3283257E+01
 0.4500000E+01 -0.3915569E-01  0.3388894E+01 -0.3095573E+00  0.6299067E+01  0.9143660E+00 -0.2753255E+01 -0.6241159E-02  0.5983617E+01 -0.1486548E-01  0.5098943E+01  0.4091147E+00 -0.3071788E+01  0.4942475E-01  0.3475923E+01 -0.4467627E-01 -0.3101531E+01 -0.6080209E-01  0.4717715E+01 -0.3570093E+00
 0.3327323E+01
 0.4525000E+01 -0.5479700E-01  0.3436818E+01 -0.3188246E+00  0.6354573E+01  0.9448124E+00 -0.2786520E+01 -0.7108126E-02  0.6038475E+01  0.2808813E-01  0.5149645E+01  0.4115039E+00 -0.3109888E+01  0.5746184E-01  0.3524139E+01 -0.4520887E-01 -0.3144424E+01 -0.5249850E-01  0.4768427E+01 -0.4084246E+00
 0.3371388E+01
 0.4550000E+01 -0.6993526E-01  0.3484743E+01 -0.3251064E+00  0.6410080E+01  0.9748600E+00 -0.2819590E+01 -0.7908560E-02  0.6093333E+01  0.7077942E-01  0.5200347E+01  0.4131928E+00 -0.3147966E+01  0.6497050E-01  0.3572355E+01 -0.4573222E-01 -0.3187332E+01 -0.4370551E-01  0.4819139E+01 -0.4560958E+00
 0.3415453E+01
 0.4575000E+01 -0.8443088E-01  0.3532669E+01 -0.3283436E+00  0.6465587E+01  0.1004118E+01 -0.2852497E+01 -0.8634963E-02  0.6148191E+01  0.1128096E+00  0.5251049E+01  0.4141728E+00 -0.3186025E+01  0.7188117E-01  0.3620572E+01 -0.4624193E-01 -0.3230250E+01 -0.3450496E-01  0.4869852E+01 -0.4995817E+00
 0.3459517E+01
 0.4600000E+01 -0.9814995E-01  0.3580596E+01 -0.3285058E+00  0.6521093E+01  0.1032276E+01 -0.2885277E+01 -0.9280528E-02  0.6203050E+01  0.1537858E+00  0.5301751E+01  0.4144416E+00 -0.3224068E+01  0.7812965E-01  0.3668789E+01 -0.4673336E-01 -0.3273177E+01 -0.2498257E-01  0.4920564E+01 -0.5384792E+00
 0.3503580E+01
 0.4625000E+01 -0.1109655E+00  0.3628523E+01 -0.3255913E+00  0.6576600E+01  0.1059100E+01 -0.2917963E+01 -0.9839205E-02  0.6257908E+01  0.1933251E+00  0.5352452E+01  0.4140016E+00 -0.3262098E+01  0.8365782E-01  0.3717007E+01 -0.4720172E-01 -0.3316109E+01 -0.1522710E-01  0.4971276E+01 -0.5724268E+00
 0.3547640E+01
 0.4650000E+01 -0.1227587E+00  0.3676451E+01 -0.3196272E+00  0.6632106E+01  0.1084414E+01 -0.2950583E+01 -0.1030576E-01  0.6312766E+01  0.2310576E+00  0.5403154E+01  0.4128590E+00 -0.3300117E+01  0.8841410E-01  0.3765226E+01 -0.4764223E-01 -0.3359047E+01 -0.5329530E-02  0.5021988E+01 -0.6011080E+00
 0.3591699E+01
 0.4675000E+01 -0.1334199E+00  0.3724378E+01 -0.3106692E+00  0.6687613E+01  0.1108089E+01 -0.2983163E+01 -0.1067581E-01  0.6367625E+01  0.2666305E+00  0.5453856E+01  0.4110230E+00 -0.3338127E+01  0.9235401E-01  0.3813444E+01 -0.4805022E-01 -0.3401988E+01  0.4617785E-02  0.5072701E+01 -0.6242545E+00
 0.3635755E+01
 0.4700000E+01 -0.1428500E+00  0.3772307E+01 -0.2988011E+00  0.6743119E+01  0.1130039E+01 -0.3015718E+01 -0.1094589E-01  0.6422483E+01  0.2997108E+00  0.5504557E+01  0.4085064E+00 -0.3376131E+01  0.9544057E-01  0.3861663E+01 -0.4842130E-01 -0.3444933E+01  0.1452199E-01  0.5123413E+01 -0.6416489E+00
 0.3679809E+01
 0.4725000E+01 -0.1509609E+00  0.3820235E+01 -0.2841340E+00  0.6798626E+01  0.1150203E+01 -0.3048264E+01 -0.1111346E-01  0.6477341E+01  0.3299889E+00  0.5555259E+01  0.4053250E+00 -0.3414130E+01  0.9764466E-01  0.3909882E+01 -0.4875136E-01 -0.3487879E+01  0.2429058E-01  0.5174125E+01 -0.6531265E+00
 0.3723860E+01
 0.4750000E+01 -0.1576769E+00  0.3868164E+01 -0.2668051E+00  0.6854132E+01  0.1168551E+01 -0.3080810E+01 -0.1117696E-01  0.6532199E+01  0.3571813E+00  0.5605960E+01  0.4014978E+00 -0.3452126E+01  0.9894532E-01  0.3958102E+01 -0.4903665E-01 -0.3530828E+01  0.3383231E-01  0.5224838E+01 -0.6585773E+00
 0.3767909E+01
 0.4775000E+01 -0.1629347E+00  0.3916092E+01 -0.2469766E+00  0.6909639E+01  0.1185069E+01 -0.3113365E+01 -0.1113577E-01  0.6587058E+01  0.3810333E+00  0.5656662E+01  0.3970469E+00 -0.3490120E+01  0.9932996E-01  0.4006321E+01 -0.4927383E-01 -0.3573778E+01  0.4305799E-01  0.5275550E+01 -0.6579468E+00
 0.3811955E+01
 0.4800000E+01 -0.1666850E+00  0.3964021E+01 -0.2248343E+00  0.6965145E+01  0.1199764E+01 -0.3145933E+01 -0.1099027E-01  0.6641916E+01  0.4013214E+00  0.5707363E+01  0.3919979E+00 -0.3528113E+01  0.9879448E-01  0.4054541E+01 -0.4945997E-01 -0.3616729E+01  0.5188137E-01  0.5326262E+01 -0.6512371E+00
 0.3855998E+01
 0.4825000E+01 -0.1688920E+00  0.4011950E+01 -0.2005854E+00  0.7020651E+01  0.1212659E+01 -0.3178519E+01 -0.1074184E-01  0.6696774E+01  0.4178554E+00  0.5758064E+01  0.3863791E+00 -0.3566107E+01  0.9734332E-01  0.4102761E+01 -0.4959262E-01 -0.3659681E+01  0.6021994E-01  0.5376975E+01 -0.6385063E+00
 0.3900039E+01
 0.4850000E+01 -0.1695344E+00  0.4059879E+01 -0.1744572E+00  0.7076158E+01  0.1223794E+01 -0.3211126E+01 -0.1039278E-01  0.6751633E+01  0.4304802E+00  0.5808764E+01  0.3802220E+00 -0.3604102E+01  0.9498947E-01  0.4150981E+01 -0.4966980E-01 -0.3702633E+01  0.6799567E-01  0.5427687E+01 -0.6198686E+00
 0.3944078E+01
 0.4875000E+01 -0.1686053E+00  0.4107808E+01 -0.1466944E+00  0.7131664E+01  0.1233222E+01 -0.3243757E+01 -0.9946364E-02  0.6806491E+01  0.4390774E+00  0.5859465E+01  0.3735613E+00 -0.3642100E+01  0.9175429E-01  0.4199201E+01 -0.4969004E-01 -0.3745586E+01  0.7513580E-01  0.5478399E+01 -0.5954934E+00
 0.3988115E+01
 0.4900000E+01 -0.1661127E+00  0.4155737E+01 -0.1175571E+00  0.7187170E+01  0.1241014E+01 -0.3276415E+01 -0.9406771E-02  0.6861349E+01  0.4435660E+00  0.5910165E+01  0.3664344E+00 -0.3680101E+01  0.8766739E-01  0.4247421E+01 -0.4965235E-01 -0.3788539E+01  0.8157349E-01  0.5529112E+01 -0.5656030E+00
 0.4032150E+01
 0.4925000E+01 -0.1620788E+00  0.4203666E+01 -0.8731821E-01  0.7242677E+01  0.1247255E+01 -0.3309100E+01 -0.8779050E-02  0.6916208E+01  0.4439036E+00  0.5960865E+01  0.3588817E+00 -0.3718105E+01  0.8276634E-01  0.4295641E+01 -0.4955612E-01 -0.3831492E+01  0.8724844E-01  0.5579824E+01 -0.5304718E+00
 0.4076184E+01
 0.4950000E+01 -0.1565402E+00  0.4251595E+01 -0.5626110E-01  0.7298183E+01  0.1252045E+01 -0.3341815E+01 -0.8069080E-02  0.6971066E+01  0.4400868E+00  0.6011565E+01  0.3509464E+00 -0.3756114E+01  0.7709631E-01  0.4343861E+01 -0.4940110E-01 -0.3874446E+01  0.9210749E-01  0.5630536E+01 -0.4904227E+00
 0.4120216E+01
 0.4975000E+01 -0.1495479E+00  0.4299524E+01 -0.2467679E-01  0.7353689E+01  0.1255500E+01 -0.3374561E+01 -0.7283510E-02  0.7025924E+01  0.4321509E+00  0.6062265E+01  0.3426743E+00 -0.3794127E+01  0.7070968E-01  0.4392082E+01 -0.4918738E-01 -0.3917399E+01  0.9610508E-01  0.5681249E+01 -0.4458249E+00
 0.4164247E+01
 0.5000000E+01 -0.1411661E+00  0.4347453E+01  0.7138766E-02  0.7409196E+01  0.1257751E+01 -0.3407340E+01 -0.6429698E-02  0.7080782E+01  0.4201699E+00  0.6112965E+01  0.3341134E+00 -0.3832146E+01  0.6366554E-01  0.4440302E+01 -0.4891528E-01 -0.3960351E+01  0.9920374E-01  0.5731961E+01 -0.3970902E+00
 0.4208277E+01
