 0.2500000E-01 -0.3956904E+00  0.8847768E-01 -0.8357968E-01 -0.2583341E+00  0.4376860E+00  0.7236729E+00  0.2434899E-01 -0.5797410E+00  0.4121353E+00  0.1570093E+00 -0.8009056E-01 -0.1397840E+00 -0.1054881E+01 -0.4152991E-01  0.1356070E+00  0.5219432E+00 -0.7452167E-01  0.3119644E+00  0.5508827E+00
 0.3866660E+00
 0.5000000E-01 -0.3955677E+00  0.8845360E-01 -0.8353793E-01 -0.2582411E+00  0.4374910E+00  0.7233910E+00  0.2435195E-01 -0.5794796E+00  0.4119536E+00  0.1569383E+00 -0.8009037E-01 -0.1397233E+00 -0.1054466E+01 -0.4160101E-01  0.1355467E+00  0.5217205E+00 -0.7453601E-01  0.3118291E+00  0.5506541E+00
 0.3864816E+00
 0.7500000E-01 -0.3953575E+00  0.8840486E-01 -0.8346441E-01 -0.2580797E+00  0.4371514E+00  0.7229191E+00  0.2435604E-01 -0.5790299E+00  0.4116498E+00  0.1568213E+00 -0.8008744E-01 -0.1396168E+00 -0.1053756E+01 -0.4172415E-01  0.1354476E+00  0.5213399E+00 -0.7455875E-01  0.3116037E+00  0.5502712E+00
 0.3861714E+00
 0.1000000E+00 -0.3950557E+00  0.8832522E-01 -0.8335710E-01 -0.2578451E+00  0.4366573E+00  0.7222585E+00  0.2435949E-01 -0.5783838E+00  0.4112253E+00  0.1566600E+00 -0.8007928E-01 -0.1394614E+00 -0.1052741E+01 -0.4190342E-01  0.1353112E+00  0.5207950E+00 -0.7458860E-01  0.3112895E+00  0.5497355E+00
 0.3857351E+00
 0.1250000E+00 -0.3946590E+00  0.8820979E-01 -0.8321528E-01 -0.2575335E+00  0.4360012E+00  0.7214127E+00  0.2435991E-01 -0.5775362E+00  0.4106828E+00  0.1564559E+00 -0.8006304E-01 -0.1392551E+00 -0.1051412E+01 -0.4214288E-01  0.1351386E+00  0.5200802E+00 -0.7462381E-01  0.3108888E+00  0.5490498E+00
 0.3851732E+00
 0.1500000E+00 -0.3941645E+00  0.8805528E-01 -0.8303959E-01 -0.2571428E+00  0.4351778E+00  0.7203879E+00  0.2435484E-01 -0.5764857E+00  0.4100268E+00  0.1562102E+00 -0.8003585E-01 -0.1389975E+00 -0.1049765E+01 -0.4244606E-01  0.1349302E+00  0.5191916E+00 -0.7466220E-01  0.3104040E+00  0.5482192E+00
 0.3844883E+00
 0.1750000E+00 -0.3935711E+00  0.8785995E-01 -0.8283161E-01 -0.2566726E+00  0.4341847E+00  0.7191927E+00  0.2434223E-01 -0.5752339E+00  0.4092632E+00  0.1559232E+00 -0.7999523E-01 -0.1386901E+00 -0.1047801E+01 -0.4281569E-01  0.1346861E+00  0.5181272E+00 -0.7470136E-01  0.3098372E+00  0.5472508E+00
 0.3836846E+00
 0.2000000E+00 -0.3928797E+00  0.8762330E-01 -0.8259346E-01 -0.2561249E+00  0.4330217E+00  0.7178385E+00  0.2432065E-01 -0.5737848E+00  0.4083992E+00  0.1555950E+00 -0.7993955E-01 -0.1383348E+00 -0.1045525E+01 -0.4325335E-01  0.1344058E+00  0.5168871E+00 -0.7473896E-01  0.3091908E+00  0.5461537E+00
 0.3827684E+00
 0.2250000E+00 -0.3920935E+00  0.8734582E-01 -0.8232743E-01 -0.2555033E+00  0.4316909E+00  0.7163383E+00  0.2428929E-01 -0.5721448E+00  0.4074426E+00  0.1552258E+00 -0.7986832E-01 -0.1379347E+00 -0.1042949E+01 -0.4375936E-01  0.1340889E+00  0.5154745E+00 -0.7477311E-01  0.3084671E+00  0.5449382E+00
 0.3817473E+00
 0.2500000E+00 -0.3912182E+00  0.8702871E-01 -0.8203586E-01 -0.2548127E+00  0.4301966E+00  0.7147059E+00  0.2424788E-01 -0.5703226E+00  0.4064018E+00  0.1548161E+00 -0.7978224E-01 -0.1374931E+00 -0.1040088E+01 -0.4433263E-01  0.1337357E+00  0.5138946E+00 -0.7480270E-01  0.3076693E+00  0.5436153E+00
 0.3806299E+00
 0.2750000E+00 -0.3902622E+00  0.8667360E-01 -0.8172110E-01 -0.2540596E+00  0.4285444E+00  0.7129553E+00  0.2419655E-01 -0.5683284E+00  0.4052858E+00  0.1543673E+00 -0.7968313E-01 -0.1370136E+00 -0.1036964E+01 -0.4497066E-01  0.1333471E+00  0.5121551E+00 -0.7482760E-01  0.3068017E+00  0.5421967E+00
 0.3794256E+00
 0.3000000E+00 -0.3892353E+00  0.8628240E-01 -0.8138547E-01 -0.2532510E+00  0.4267413E+00  0.7111013E+00  0.2413566E-01 -0.5661741E+00  0.4041043E+00  0.1538813E+00 -0.7957365E-01 -0.1365000E+00 -0.1033601E+01 -0.4566969E-01  0.1329249E+00  0.5102655E+00 -0.7484876E-01  0.3058699E+00  0.5406952E+00
 0.3781442E+00
 0.3250000E+00 -0.3881494E+00  0.8585706E-01 -0.8103130E-01 -0.2523944E+00  0.4247952E+00  0.7091598E+00  0.2406572E-01 -0.5638724E+00  0.4028682E+00  0.1533610E+00 -0.7945694E-01 -0.1359561E+00 -0.1030026E+01 -0.4642494E-01  0.1324713E+00  0.5082364E+00 -0.7486802E-01  0.3048805E+00  0.5391251E+00
 0.3767964E+00
 0.3500000E+00 -0.3870171E+00  0.8539947E-01 -0.8066089E-01 -0.2514978E+00  0.4227143E+00  0.7071496E+00  0.2398729E-01 -0.5614371E+00  0.4015903E+00  0.1528098E+00 -0.7933637E-01 -0.1353859E+00 -0.1026269E+01 -0.4723104E-01  0.1319891E+00  0.5060795E+00 -0.7488784E-01  0.3038415E+00  0.5375033E+00
 0.3753944E+00
 0.3750000E+00 -0.3858517E+00  0.8491128E-01 -0.8027655E-01 -0.2505691E+00  0.4205071E+00  0.7050940E+00  0.2390089E-01 -0.5588824E+00  0.4002848E+00  0.1522315E+00 -0.7921531E-01 -0.1347933E+00 -0.1022359E+01 -0.4808242E-01  0.1314815E+00  0.5038070E+00 -0.7491103E-01  0.3027617E+00  0.5358495E+00
 0.3739527E+00
 0.4000000E+00 -0.3846667E+00  0.8439387E-01 -0.7988059E-01 -0.2496165E+00  0.4181822E+00  0.7030211E+00  0.2380694E-01 -0.5562227E+00  0.3989675E+00  0.1516305E+00 -0.7909698E-01 -0.1341823E+00 -0.1018328E+01 -0.4897375E-01  0.1309522E+00  0.5014314E+00 -0.7494045E-01  0.3016504E+00  0.5341860E+00
 0.3724883E+00
 0.4250000E+00 -0.3834758E+00  0.8384823E-01 -0.7947532E-01 -0.2486479E+00  0.4157476E+00  0.7009637E+00  0.2370577E-01 -0.5534727E+00  0.3976554E+00  0.1510111E+00 -0.7898434E-01 -0.1335569E+00 -0.1014207E+01 -0.4990019E-01  0.1304047E+00  0.4989653E+00 -0.7497883E-01  0.3005175E+00  0.5325373E+00
 0.3710207E+00
 0.4500000E+00 -0.3822922E+00  0.8327501E-01 -0.7906301E-01 -0.2476711E+00  0.4132115E+00  0.6989590E+00  0.2359757E-01 -0.5506471E+00  0.3963662E+00  0.1503782E+00 -0.7888008E-01 -0.1329209E+00 -0.1010029E+01 -0.5085758E-01  0.1298432E+00  0.4964213E+00 -0.7502871E-01  0.2993733E+00  0.5309295E+00
 0.3695718E+00
 0.4750000E+00 -0.3811294E+00  0.8267452E-01 -0.7864592E-01 -0.2466938E+00  0.4105814E+00  0.6970464E+00  0.2348242E-01 -0.5477601E+00  0.3951180E+00  0.1497366E+00 -0.7878664E-01 -0.1322780E+00 -0.1005825E+01 -0.5184249E-01  0.1292715E+00  0.4938118E+00 -0.7509236E-01  0.2982284E+00  0.5293895E+00
 0.3681648E+00
 0.5000000E+00 -0.3799885E+00  0.8205074E-01 -0.7822894E-01 -0.2457181E+00  0.4078666E+00  0.6952518E+00  0.2335335E-01 -0.5448206E+00  0.3939197E+00  0.1490853E+00 -0.7870320E-01 -0.1316322E+00 -0.1001599E+01 -0.5284694E-01  0.1286881E+00  0.4911356E+00 -0.7516785E-01  0.2970837E+00  0.5279319E+00
 0.3668178E+00
 0.5250000E+00 -0.3788781E+00  0.8141116E-01 -0.7781435E-01 -0.2447488E+00  0.4050829E+00  0.6936085E+00  0.2320957E-01 -0.5418409E+00  0.3927851E+00  0.1484276E+00 -0.7863086E-01 -0.1309866E+00 -0.9973717E+00 -0.5386791E-01  0.1280955E+00  0.4884026E+00 -0.7525610E-01  0.2959465E+00  0.5265779E+00
 0.3655507E+00
 0.5500000E+00 -0.3778032E+00  0.8077019E-01 -0.7740014E-01 -0.2437869E+00  0.4022518E+00  0.6921437E+00  0.2305550E-01 -0.5388229E+00  0.3917151E+00  0.1477644E+00 -0.7857341E-01 -0.1303398E+00 -0.9931477E+00 -0.5491632E-01  0.1274952E+00  0.4856204E+00 -0.7536338E-01  0.2948178E+00  0.5253341E+00
 0.3643758E+00
 0.5750000E+00 -0.3767704E+00  0.8013586E-01 -0.7698867E-01 -0.2428361E+00  0.3994005E+00  0.6908817E+00  0.2289064E-01 -0.5357818E+00  0.3907221E+00  0.1470996E+00 -0.7853102E-01 -0.1296946E+00 -0.9889456E+00 -0.5599138E-01  0.1268902E+00  0.4828024E+00 -0.7548968E-01  0.2937045E+00  0.5242178E+00
 0.3633071E+00
 0.6000000E+00 -0.3757845E+00  0.7951445E-01 -0.7658239E-01 -0.2418995E+00  0.3965623E+00  0.6898437E+00  0.2271477E-01 -0.5327358E+00  0.3898170E+00  0.1464366E+00 -0.7850333E-01 -0.1290537E+00 -0.9847810E+00 -0.5709256E-01  0.1262838E+00  0.4799653E+00 -0.7563461E-01  0.2926130E+00  0.5232445E+00
 0.3623571E+00
 0.6250000E+00 -0.3748479E+00  0.7890986E-01 -0.7618401E-01 -0.2409784E+00  0.3937754E+00  0.6890467E+00  0.2252823E-01 -0.5297071E+00  0.3890083E+00  0.1457789E+00 -0.7848926E-01 -0.1284198E+00 -0.9806666E+00 -0.5821962E-01  0.1256793E+00  0.4771309E+00 -0.7579720E-01  0.2915486E+00  0.5224260E+00
 0.3615356E+00
 0.6500000E+00 -0.3739599E+00  0.7832379E-01 -0.7579695E-01 -0.2400734E+00  0.3910808E+00  0.6885014E+00  0.2233203E-01 -0.5267252E+00  0.3883012E+00  0.1451302E+00 -0.7848687E-01 -0.1277961E+00 -0.9766117E+00 -0.5937236E-01  0.1250803E+00  0.4743282E+00 -0.7597580E-01  0.2905150E+00  0.5217697E+00
 0.3608491E+00
 0.6750000E+00 -0.3731166E+00  0.7775658E-01 -0.7542602E-01 -0.2391843E+00  0.3885178E+00  0.6882116E+00  0.2212781E-01 -0.5238302E+00  0.3876970E+00  0.1444938E+00 -0.7849343E-01 -0.1271874E+00 -0.9726256E+00 -0.6055019E-01  0.1244909E+00  0.4715964E+00 -0.7616793E-01  0.2895142E+00  0.5212775E+00
 0.3603004E+00
 0.7000000E+00 -0.3723110E+00  0.7720776E-01 -0.7507784E-01 -0.2383118E+00  0.3861211E+00  0.6881728E+00  0.2191768E-01 -0.5210736E+00  0.3871922E+00  0.1438736E+00 -0.7850540E-01 -0.1266013E+00 -0.9687211E+00 -0.6175166E-01  0.1239157E+00  0.4689844E+00 -0.7637021E-01  0.2885465E+00  0.5209453E+00
 0.3598880E+00
 0.7250000E+00 -0.3715342E+00  0.7667631E-01 -0.7476050E-01 -0.2374590E+00  0.3839183E+00  0.6883723E+00  0.2170393E-01 -0.5185149E+00  0.3867789E+00  0.1432742E+00 -0.7851872E-01 -0.1260484E+00 -0.9649224E+00 -0.6297409E-01  0.1233611E+00  0.4665472E+00 -0.7657844E-01  0.2876115E+00  0.5207625E+00
 0.3596062E+00
 0.7500000E+00 -0.3707767E+00  0.7616057E-01 -0.7448249E-01 -0.2366337E+00  0.3819272E+00  0.6887897E+00  0.2148863E-01 -0.5162144E+00  0.3864447E+00  0.1427027E+00 -0.7852910E-01 -0.1255420E+00 -0.9612721E+00 -0.6421347E-01  0.1228357E+00  0.4643384E+00 -0.7678774E-01  0.2867095E+00  0.5207126E+00
 0.3594455E+00
 0.7750000E+00 -0.3700307E+00  0.7565804E-01 -0.7425115E-01 -0.2358494E+00  0.3801555E+00  0.6893981E+00  0.2127339E-01 -0.5142221E+00  0.3861740E+00  0.1421689E+00 -0.7853244E-01 -0.1250959E+00 -0.9578353E+00 -0.6546455E-01  0.1223507E+00  0.4624018E+00 -0.7699281E-01  0.2858442E+00  0.5207743E+00
 0.3593934E+00
 0.8000000E+00 -0.3692934E+00  0.7516513E-01 -0.7407141E-01 -0.2351251E+00  0.3785998E+00  0.6901657E+00  0.2105912E-01 -0.5125713E+00  0.3859487E+00  0.1416853E+00 -0.7852530E-01 -0.1247217E+00 -0.9546960E+00 -0.6672103E-01  0.1219184E+00  0.4607649E+00 -0.7718825E-01  0.2850241E+00  0.5209226E+00
 0.3594349E+00
 0.8250000E+00 -0.3685686E+00  0.7467719E-01 -0.7394529E-01 -0.2344822E+00  0.3772471E+00  0.6910573E+00  0.2084607E-01 -0.5112751E+00  0.3857494E+00  0.1412657E+00 -0.7850537E-01 -0.1244271E+00 -0.9519451E+00 -0.6797581E-01  0.1215511E+00  0.4594379E+00 -0.7736891E-01  0.2842639E+00  0.5211302E+00
 0.3595533E+00
 0.8500000E+00 -0.3678683E+00  0.7418861E-01 -0.7387202E-01 -0.2339412E+00  0.3760762E+00  0.6920350E+00  0.2063392E-01 -0.5103286E+00  0.3855567E+00  0.1409228E+00 -0.7847191E-01 -0.1242147E+00 -0.9496636E+00 -0.6922121E-01  0.1212584E+00  0.4584151E+00 -0.7753021E-01  0.2835841E+00  0.5213682E+00
 0.3597308E+00
 0.8750000E+00 -0.3672124E+00  0.7369321E-01 -0.7384860E-01 -0.2335173E+00  0.3750597E+00  0.6930590E+00  0.2042197E-01 -0.5097121E+00  0.3853514E+00  0.1406662E+00 -0.7842599E-01 -0.1240831E+00 -0.9479089E+00 -0.7044895E-01  0.1210460E+00  0.4576782E+00 -0.7766847E-01  0.2830075E+00  0.5216066E+00
 0.3599484E+00
 0.9000000E+00 -0.3666260E+00  0.7318458E-01 -0.7387046E-01 -0.2332189E+00  0.3741667E+00  0.6940873E+00  0.2020930E-01 -0.5093958E+00  0.3851156E+00  0.1405010E+00 -0.7837052E-01 -0.1240273E+00 -0.9467089E+00 -0.7165026E-01  0.1209159E+00  0.4572001E+00 -0.7778123E-01  0.2825560E+00  0.5218144E+00
 0.3601860E+00
 0.9250000E+00 -0.3661355E+00  0.7265633E-01 -0.7393205E-01 -0.2330475E+00  0.3733636E+00  0.6950753E+00  0.1999485E-01 -0.5093429E+00  0.3848336E+00  0.1404283E+00 -0.7830990E-01 -0.1240401E+00 -0.9460630E+00 -0.7281587E-01  0.1208665E+00  0.4569480E+00 -0.7786749E-01  0.2822469E+00  0.5219603E+00
 0.3604223E+00
 0.9500000E+00 -0.3657644E+00  0.7210234E-01 -0.7402726E-01 -0.2329988E+00  0.3726158E+00  0.6959759E+00  0.1977755E-01 -0.5095127E+00  0.3844929E+00  0.1404455E+00 -0.7824935E-01 -0.1241128E+00 -0.9459472E+00 -0.7393608E-01  0.1208933E+00  0.4568856E+00 -0.7792789E-01  0.2820906E+00  0.5220128E+00
 0.3606343E+00
 0.9750000E+00 -0.3655299E+00  0.7151679E-01 -0.7414965E-01 -0.2330639E+00  0.3718883E+00  0.6967394E+00  0.1955633E-01 -0.5098621E+00  0.3840859E+00  0.1405469E+00 -0.7819405E-01 -0.1242360E+00 -0.9463206E+00 -0.7500092E-01  0.1209900E+00  0.4569745E+00 -0.7796478E-01  0.2820903E+00  0.5219412E+00
 0.3607978E+00
 0.1000000E+01 -0.3654412E+00  0.7089416E-01 -0.7429267E-01 -0.2332309E+00  0.3711465E+00  0.6973144E+00  0.1933017E-01 -0.5103472E+00  0.3836112E+00  0.1407250E+00 -0.7814835E-01 -0.1243998E+00 -0.9471304E+00 -0.7600028E-01  0.1211488E+00  0.4571754E+00 -0.7798197E-01  0.2822429E+00  0.5217174E+00
 0.3608868E+00
 0.1025000E+01 -0.3654997E+00  0.7022918E-01 -0.7444964E-01 -0.2334860E+00  0.3703559E+00  0.6976484E+00  0.1909806E-01 -0.5109230E+00  0.3830757E+00  0.1409710E+00 -0.7811526E-01 -0.1245938E+00 -0.9483161E+00 -0.7692417E-01  0.1213613E+00  0.4574488E+00 -0.7798430E-01  0.2825400E+00  0.5213174E+00
 0.3608749E+00
 0.1050000E+01 -0.3656999E+00  0.6951679E-01 -0.7461387E-01 -0.2338135E+00  0.3694825E+00  0.6976903E+00  0.1885906E-01 -0.5115449E+00  0.3824941E+00  0.1412752E+00 -0.7809619E-01 -0.1248076E+00 -0.9498118E+00 -0.7776285E-01  0.1216185E+00  0.4577549E+00 -0.7797694E-01  0.2829694E+00  0.5207249E+00
 0.3607354E+00
 0.1075000E+01 -0.3659803E+00  0.6879365E-01 -0.7477277E-01 -0.2341653E+00  0.3684984E+00  0.6973877E+00  0.1860449E-01 -0.5121093E+00  0.3818657E+00  0.1416068E+00 -0.7807934E-01 -0.1250167E+00 -0.9514168E+00 -0.7850682E-01  0.1218928E+00  0.4579956E+00 -0.7795488E-01  0.2834773E+00  0.5199198E+00
 0.3604412E+00
 0.1100000E+01 -0.3663166E+00  0.6807861E-01 -0.7491886E-01 -0.2345192E+00  0.3673924E+00  0.6966964E+00  0.1833348E-01 -0.5125655E+00  0.3812079E+00  0.1419519E+00 -0.7806147E-01 -0.1252085E+00 -0.9530396E+00 -0.7914737E-01  0.1221719E+00  0.4581261E+00 -0.7791968E-01  0.2840401E+00  0.5189005E+00
 0.3599679E+00
 0.1125000E+01 -0.3666824E+00  0.6739246E-01 -0.7504505E-01 -0.2348535E+00  0.3661621E+00  0.6955796E+00  0.1804541E-01 -0.5128657E+00  0.3805377E+00  0.1422967E+00 -0.7803838E-01 -0.1253711E+00 -0.9545895E+00 -0.7967649E-01  0.1224436E+00  0.4581047E+00 -0.7787165E-01  0.2846332E+00  0.5176756E+00
 0.3592943E+00
 0.1150000E+01 -0.3670502E+00  0.6675512E-01 -0.7514486E-01 -0.2351470E+00  0.3648150E+00  0.6940109E+00  0.1773997E-01 -0.5129662E+00  0.3798699E+00  0.1426278E+00 -0.7800543E-01 -0.1254929E+00 -0.9559788E+00 -0.8008695E-01  0.1226963E+00  0.4578933E+00 -0.7780993E-01  0.2852323E+00  0.5162641E+00
 0.3584038E+00
 0.1175000E+01 -0.3673927E+00  0.6618268E-01 -0.7521245E-01 -0.2353795E+00  0.3633679E+00  0.6919759E+00  0.1741729E-01 -0.5128284E+00  0.3792145E+00  0.1429323E+00 -0.7795787E-01 -0.1255635E+00 -0.9571242E+00 -0.8037242E-01  0.1229189E+00  0.4574588E+00 -0.7773288E-01  0.2858134E+00  0.5146921E+00
 0.3572847E+00
 0.1200000E+01 -0.3676835E+00  0.6568538E-01 -0.7524264E-01 -0.2355322E+00  0.3618459E+00  0.6894747E+00  0.1707806E-01 -0.5124196E+00  0.3785767E+00  0.1431983E+00 -0.7789119E-01 -0.1255735E+00 -0.9579479E+00 -0.8052755E-01  0.1231009E+00  0.4567741E+00 -0.7763849E-01  0.2863537E+00  0.5129904E+00
 0.3559324E+00
 0.1225000E+01 -0.3678977E+00  0.6526682E-01 -0.7523094E-01 -0.2355878E+00  0.3602802E+00  0.6865232E+00  0.1672362E-01 -0.5117136E+00  0.3779566E+00  0.1434145E+00 -0.7780124E-01 -0.1255143E+00 -0.9583782E+00 -0.8054815E-01  0.1232331E+00  0.4558188E+00 -0.7752468E-01  0.2868316E+00  0.5111899E+00
 0.3543500E+00
 0.1250000E+01 -0.3680124E+00  0.6492462E-01 -0.7517354E-01 -0.2355301E+00  0.3587043E+00  0.6831532E+00  0.1635594E-01 -0.5106915E+00  0.3773503E+00  0.1435711E+00 -0.7768426E-01 -0.1253785E+00 -0.9583506E+00 -0.8043140E-01  0.1233072E+00  0.4545799E+00 -0.7738950E-01  0.2872272E+00  0.5093192E+00
 0.3525489E+00
 0.1275000E+01 -0.3680061E+00  0.6465201E-01 -0.7506749E-01 -0.2353451E+00  0.3571506E+00  0.6794110E+00  0.1597752E-01 -0.5093426E+00  0.3767508E+00  0.1436596E+00 -0.7753688E-01 -0.1251599E+00 -0.9578078E+00 -0.8017603E-01  0.1233164E+00  0.4530529E+00 -0.7723117E-01  0.2875224E+00  0.5074017E+00
 0.3505487E+00
 0.1300000E+01 -0.3678600E+00  0.6443966E-01 -0.7491087E-01 -0.2350202E+00  0.3556466E+00  0.6753536E+00  0.1559113E-01 -0.5076649E+00  0.3761497E+00  0.1436726E+00 -0.7735606E-01 -0.1248538E+00 -0.9567011E+00 -0.7978259E-01  0.1232552E+00  0.4512413E+00 -0.7704808E-01  0.2877011E+00  0.5054557E+00
 0.3483760E+00
 0.1325000E+01 -0.3675570E+00  0.6427717E-01 -0.7470300E-01 -0.2345450E+00  0.3542126E+00  0.6710445E+00  0.1519961E-01 -0.5056656E+00  0.3755378E+00  0.1436045E+00 -0.7713909E-01 -0.1244574E+00 -0.9549907E+00 -0.7925352E-01  0.1231196E+00  0.4491576E+00 -0.7683874E-01  0.2877496E+00  0.5034939E+00
 0.3460628E+00
 0.1350000E+01 -0.3670830E+00  0.6415420E-01 -0.7444462E-01 -0.2339117E+00  0.3528609E+00  0.6665488E+00  0.1480572E-01 -0.5033615E+00  0.3749064E+00  0.1434510E+00 -0.7688359E-01 -0.1239698E+00 -0.9526474E+00 -0.7859326E-01  0.1229068E+00  0.4468219E+00 -0.7660176E-01  0.2876565E+00  0.5015253E+00
 0.3436435E+00
 0.1375000E+01 -0.3664265E+00  0.6406110E-01 -0.7413797E-01 -0.2331150E+00  0.3515971E+00  0.6619289E+00  0.1441203E-01 -0.5007783E+00  0.3742482E+00  0.1432094E+00 -0.7658756E-01 -0.1233926E+00 -0.9496530E+00 -0.7780817E-01  0.1226158E+00  0.4442622E+00 -0.7633584E-01  0.2874130E+00  0.4995563E+00
 0.3411533E+00
 0.1400000E+01 -0.3655792E+00  0.6398943E-01 -0.7378676E-01 -0.2321527E+00  0.3504211E+00  0.6572423E+00  0.1402088E-01 -0.4979498E+00  0.3735577E+00  0.1428788E+00 -0.7624949E-01 -0.1227296E+00 -0.9460018E+00 -0.7690629E-01  0.1222469E+00  0.4415122E+00 -0.7603987E-01  0.2870129E+00  0.4975921E+00
 0.3386257E+00
 0.1425000E+01 -0.3645359E+00  0.6393254E-01 -0.7339613E-01 -0.2310261E+00  0.3493301E+00  0.6525405E+00  0.1363438E-01 -0.4949166E+00  0.3728315E+00  0.1424598E+00 -0.7586841E-01 -0.1219874E+00 -0.9417015E+00 -0.7589698E-01  0.1218023E+00  0.4386104E+00 -0.7571292E-01  0.2864531E+00  0.4956382E+00
 0.3360920E+00
 0.1450000E+01 -0.3632952E+00  0.6388630E-01 -0.7297255E-01 -0.2297403E+00  0.3483204E+00  0.6478693E+00  0.1325442E-01 -0.4917244E+00  0.3720688E+00  0.1419546E+00 -0.7544403E-01 -0.1211750E+00 -0.9367738E+00 -0.7479041E-01  0.1212853E+00  0.4355978E+00 -0.7535442E-01  0.2857330E+00  0.4937009E+00
 0.3335807E+00
 0.1475000E+01 -0.3618597E+00  0.6384959E-01 -0.7252362E-01 -0.2283042E+00  0.3473891E+00  0.6432699E+00  0.1288292E-01 -0.4884220E+00  0.3712715E+00  0.1413671E+00 -0.7497687E-01 -0.1203038E+00 -0.9312556E+00 -0.7359698E-01  0.1207008E+00  0.4325166E+00 -0.7496421E-01  0.2848551E+00  0.4917885E+00
 0.3311180E+00
 0.1500000E+01 -0.3602356E+00  0.6382398E-01 -0.7205765E-01 -0.2267309E+00  0.3465350E+00  0.6387799E+00  0.1252196E-01 -0.4850594E+00  0.3704440E+00  0.1407028E+00 -0.7446833E-01 -0.1193875E+00 -0.9251981E+00 -0.7232683E-01  0.1200550E+00  0.4294086E+00 -0.7454268E-01  0.2838248E+00  0.4899115E+00
 0.3287279E+00
 0.1525000E+01 -0.3584338E+00  0.6381271E-01 -0.7158303E-01 -0.2250375E+00  0.3457589E+00  0.6344350E+00  0.1217390E-01 -0.4816856E+00  0.3695931E+00  0.1399687E+00 -0.7392078E-01 -0.1184406E+00 -0.9186676E+00 -0.7098937E-01  0.1193556E+00  0.4263142E+00 -0.7409087E-01  0.2826506E+00  0.4880828E+00
 0.3264328E+00
 0.1550000E+01 -0.3564690E+00  0.6381916E-01 -0.7110762E-01 -0.2232447E+00  0.3450629E+00  0.6302700E+00  0.1184121E-01 -0.4783474E+00  0.3687284E+00  0.1391738E+00 -0.7333762E-01 -0.1174782E+00 -0.9117431E+00 -0.6959311E-01  0.1186116E+00  0.4232724E+00 -0.7361058E-01  0.2813441E+00  0.4863177E+00
 0.3242544E+00
 0.1575000E+01 -0.3543602E+00  0.6384599E-01 -0.7063844E-01 -0.2213757E+00  0.3444499E+00  0.6263192E+00  0.1152623E-01 -0.4750876E+00  0.3678617E+00  0.1383289E+00 -0.7272319E-01 -0.1165147E+00 -0.9045150E+00 -0.6814558E-01  0.1178336E+00  0.4203190E+00 -0.7310442E-01  0.2799202E+00  0.4846343E+00
 0.3222136E+00
 0.1600000E+01 -0.3521302E+00  0.6389518E-01 -0.7018157E-01 -0.2194561E+00  0.3439228E+00  0.6226174E+00  0.1123112E-01 -0.4719450E+00  0.3670069E+00  0.1374460E+00 -0.7208283E-01 -0.1155637E+00 -0.8970819E+00 -0.6665343E-01  0.1170332E+00  0.4174872E+00 -0.7257583E-01  0.2783968E+00  0.4830529E+00
 0.3203313E+00
 0.1625000E+01 -0.3498054E+00  0.6396885E-01 -0.6974236E-01 -0.2175129E+00  0.3434854E+00  0.6191999E+00  0.1095797E-01 -0.4689542E+00  0.3661796E+00  0.1365386E+00 -0.7142274E-01 -0.1146379E+00 -0.8895485E+00 -0.6512262E-01  0.1162228E+00  0.4148067E+00 -0.7202910E-01  0.2767945E+00  0.4815955E+00
 0.3186277E+00
 0.1650000E+01 -0.3474154E+00  0.6407004E-01 -0.6932562E-01 -0.2155742E+00  0.3431426E+00  0.6161020E+00  0.1070909E-01 -0.4661467E+00  0.3653971E+00  0.1356208E+00 -0.7075000E-01 -0.1137490E+00 -0.8820228E+00 -0.6355865E-01  0.1154150E+00  0.4123049E+00 -0.7146933E-01  0.2751362E+00  0.4802859E+00
 0.3171228E+00
 0.1675000E+01 -0.3449925E+00  0.6420299E-01 -0.6893583E-01 -0.2136683E+00  0.3429017E+00  0.6133593E+00  0.1048715E-01 -0.4635525E+00  0.3646774E+00  0.1347070E+00 -0.7007244E-01 -0.1129080E+00 -0.8746149E+00 -0.6196678E-01  0.1146222E+00  0.4100083E+00 -0.7090238E-01  0.2734468E+00  0.4791489E+00
 0.3158363E+00
 0.1700000E+01 -0.3425715E+00  0.6437250E-01 -0.6857738E-01 -0.2118241E+00  0.3427730E+00  0.6110065E+00  0.1029518E-01 -0.4612016E+00  0.3640395E+00  0.1338118E+00 -0.6939852E-01 -0.1121257E+00 -0.8674358E+00 -0.6035224E-01  0.1138570E+00  0.4079439E+00 -0.7033476E-01  0.2717525E+00  0.4782095E+00
 0.3147866E+00
 0.1725000E+01 -0.3401688E+00  0.6458252E-01 -0.6825319E-01 -0.2100608E+00  0.3427699E+00  0.6090370E+00  0.1013661E-01 -0.4591224E+00  0.3634794E+00  0.1329500E+00 -0.6873107E-01 -0.1114097E+00 -0.8605698E+00 -0.5874000E-01  0.1131327E+00  0.4061393E+00 -0.6976935E-01  0.2700732E+00  0.4774604E+00
 0.3139657E+00
 0.1750000E+01 -0.3378236E+00  0.6483400E-01 -0.6796783E-01 -0.2084072E+00  0.3429074E+00  0.6074821E+00  0.1001453E-01 -0.4573476E+00  0.3630170E+00  0.1321382E+00 -0.6807935E-01 -0.1107705E+00 -0.8541315E+00 -0.5713706E-01  0.1124629E+00  0.4046245E+00 -0.6921425E-01  0.2684400E+00  0.4769265E+00
 0.3133879E+00
 0.1775000E+01 -0.3355746E+00  0.6512176E-01 -0.6772593E-01 -0.2068911E+00  0.3432006E+00  0.6063701E+00  0.9931530E-02 -0.4559103E+00  0.3626709E+00  0.1313928E+00 -0.6745237E-01 -0.1102183E+00 -0.8482316E+00 -0.5555041E-01  0.1118612E+00  0.4034293E+00 -0.6867741E-01  0.2668844E+00  0.4766306E+00
 0.3130658E+00
 0.1800000E+01 -0.3334594E+00  0.6543055E-01 -0.6753211E-01 -0.2055382E+00  0.3436618E+00  0.6057250E+00  0.9889198E-02 -0.4548418E+00  0.3624578E+00  0.1307295E+00 -0.6685869E-01 -0.1097625E+00 -0.8429738E+00 -0.5398694E-01  0.1113404E+00  0.4025817E+00 -0.6816637E-01  0.2654366E+00  0.4765924E+00
 0.3130095E+00
 0.1825000E+01 -0.3315125E+00  0.6573053E-01 -0.6739081E-01 -0.2043713E+00  0.3442979E+00  0.6055650E+00  0.9887732E-02 -0.4541703E+00  0.3623918E+00  0.1301629E+00 -0.6630604E-01 -0.1094118E+00 -0.8384518E+00 -0.5245331E-01  0.1109124E+00  0.4021055E+00 -0.6768807E-01  0.2641255E+00  0.4768276E+00
 0.3132262E+00
 0.1850000E+01 -0.3297650E+00  0.6597348E-01 -0.6730620E-01 -0.2034103E+00  0.3451081E+00  0.6059018E+00  0.9925643E-02 -0.4539189E+00  0.3624838E+00  0.1297061E+00 -0.6580109E-01 -0.1091735E+00 -0.8347468E+00 -0.5095584E-01  0.1105877E+00  0.4020191E+00 -0.6724860E-01  0.2629777E+00  0.4773469E+00
 0.3137194E+00
 0.1875000E+01 -0.3282430E+00  0.6609171E-01 -0.6728212E-01 -0.2026710E+00  0.3460810E+00  0.6067394E+00  0.9999464E-02 -0.4541050E+00  0.3627407E+00  0.1293707E+00 -0.6534916E-01 -0.1090535E+00 -0.8319258E+00 -0.4950039E-01  0.1103748E+00  0.4023338E+00 -0.6685302E-01  0.2620164E+00  0.4781554E+00
 0.3144885E+00
 0.1900000E+01 -0.3269671E+00  0.6600277E-01 -0.6732198E-01 -0.2021652E+00  0.3471916E+00  0.6080733E+00  0.1010354E-01 -0.4547383E+00  0.3631653E+00  0.1291657E+00 -0.6495403E-01 -0.1090565E+00 -0.8300392E+00 -0.4809228E-01  0.1102807E+00  0.4030524E+00 -0.6650513E-01  0.2612612E+00  0.4792522E+00
 0.3155286E+00
 0.1925000E+01 -0.3259514E+00  0.6562127E-01 -0.6742856E-01 -0.2019001E+00  0.3483987E+00  0.6098901E+00  0.1023026E-01 -0.4558204E+00  0.3637557E+00  0.1290978E+00 -0.6461783E-01 -0.1091849E+00 -0.8291201E+00 -0.4673621E-01  0.1103097E+00  0.4041690E+00 -0.6620737E-01  0.2607270E+00  0.4806294E+00
 0.3168301E+00
 0.1950000E+01 -0.3252039E+00  0.6487306E-01 -0.6760351E-01 -0.2018786E+00  0.3496409E+00  0.6121674E+00  0.1037103E-01 -0.4573432E+00  0.3645052E+00  0.1291710E+00 -0.6434114E-01 -0.1094393E+00 -0.8291829E+00 -0.4543624E-01  0.1104638E+00  0.4056678E+00 -0.6596082E-01  0.2604240E+00  0.4822724E+00
 0.3183786E+00
 0.1975000E+01 -0.3247256E+00  0.6370436E-01 -0.6784667E-01 -0.2020991E+00  0.3508328E+00  0.6148735E+00  0.1051770E-01 -0.4592869E+00  0.3654020E+00  0.1293859E+00 -0.6412327E-01 -0.1098176E+00 -0.8302229E+00 -0.4419572E-01  0.1107422E+00  0.4075237E+00 -0.6576533E-01  0.2603561E+00  0.4841597E+00
 0.3201549E+00
 0.2000000E+01 -0.3245115E+00  0.6208308E-01 -0.6815536E-01 -0.2025555E+00  0.3518577E+00  0.6179680E+00  0.1066410E-01 -0.4616198E+00  0.3664293E+00  0.1297397E+00 -0.6396253E-01 -0.1103146E+00 -0.8322160E+00 -0.4301732E-01  0.1111411E+00  0.4097023E+00 -0.6561972E-01  0.2605215E+00  0.4862633E+00
 0.3221354E+00
 0.2025000E+01 -0.3245504E+00  0.5999532E-01 -0.6852396E-01 -0.2032376E+00  0.3525589E+00  0.6214025E+00  0.1080683E-01 -0.4642967E+00  0.3675654E+00  0.1302264E+00 -0.6385651E-01 -0.1109218E+00 -0.8351187E+00 -0.4190301E-01  0.1116541E+00  0.4121609E+00 -0.6552193E-01  0.2609116E+00  0.4885489E+00
 0.3242923E+00
 0.2050000E+01 -0.3248257E+00  0.5744074E-01 -0.6894399E-01 -0.2041311E+00  0.3527278E+00  0.6251215E+00  0.1094501E-01 -0.4672603E+00  0.3687841E+00  0.1308368E+00 -0.6380216E-01 -0.1116274E+00 -0.8388701E+00 -0.4085417E-01  0.1122724E+00  0.4148484E+00 -0.6546915E-01  0.2615122E+00  0.4909767E+00
 0.3265942E+00
 0.2075000E+01 -0.3253154E+00  0.5442892E-01 -0.6940445E-01 -0.2052178E+00  0.3520976E+00  0.6290633E+00  0.1107925E-01 -0.4704415E+00  0.3700553E+00  0.1315588E+00 -0.6379571E-01 -0.1124167E+00 -0.8433921E+00 -0.3987156E-01  0.1129846E+00  0.4177055E+00 -0.6545784E-01  0.2623038E+00  0.4935020E+00
 0.3290067E+00
 0.2100000E+01 -0.3259926E+00  0.5097698E-01 -0.6989230E-01 -0.2064760E+00  0.3503485E+00  0.6331619E+00  0.1121033E-01 -0.4737608E+00  0.3713456E+00  0.1323780E+00 -0.6383257E-01 -0.1132724E+00 -0.8485913E+00 -0.3895545E-01  0.1137777E+00  0.4206651E+00 -0.6548370E-01  0.2632624E+00  0.4960768E+00
 0.3314928E+00
 0.2125000E+01 -0.3268260E+00  0.4710799E-01 -0.7039289E-01 -0.2078805E+00  0.3471343E+00  0.6373477E+00  0.1133819E-01 -0.4771296E+00  0.3726193E+00  0.1332782E+00 -0.6390743E-01 -0.1141749E+00 -0.8543610E+00 -0.3810562E-01  0.1146366E+00  0.4236522E+00 -0.6554179E-01  0.2643602E+00  0.4986503E+00
 0.3340143E+00
 0.2150000E+01 -0.3277814E+00  0.4285000E-01 -0.7089019E-01 -0.2094037E+00  0.3421257E+00  0.6415496E+00  0.1146117E-01 -0.4804517E+00  0.3738392E+00  0.1342415E+00 -0.6401433E-01 -0.1151028E+00 -0.8605840E+00 -0.3732154E-01  0.1155451E+00  0.4265855E+00 -0.6562665E-01  0.2655667E+00  0.5011703E+00
 0.3365321E+00
 0.2175000E+01 -0.3288224E+00  0.3823543E-01 -0.7136716E-01 -0.2110165E+00  0.3350531E+00  0.6456964E+00  0.1157523E-01 -0.4836248E+00  0.3749674E+00  0.1352491E+00 -0.6414691E-01 -0.1160335E+00 -0.8671361E+00 -0.3660236E-01  0.1164864E+00  0.4293783E+00 -0.6573247E-01  0.2668498E+00  0.5035843E+00
 0.3390069E+00
 0.2200000E+01 -0.3299116E+00  0.3330049E-01 -0.7180609E-01 -0.2126884E+00  0.3257310E+00  0.6497182E+00  0.1167323E-01 -0.4865421E+00  0.3759664E+00  0.1362819E+00 -0.6429861E-01 -0.1169436E+00 -0.8738896E+00 -0.3594702E-01  0.1174429E+00  0.4319393E+00 -0.6585329E-01  0.2681767E+00  0.5058410E+00
 0.3414006E+00
 0.2225000E+01 -0.3310119E+00  0.2808479E-01 -0.7218922E-01 -0.2143893E+00  0.3140603E+00  0.6535478E+00  0.1174449E-01 -0.4890939E+00  0.3768000E+00  0.1373205E+00 -0.6446272E-01 -0.1178094E+00 -0.8807162E+00 -0.3535432E-01  0.1183973E+00  0.4341723E+00 -0.6598308E-01  0.2695148E+00  0.5078909E+00
 0.3436766E+00
 0.2250000E+01 -0.3320867E+00  0.2263094E-01 -0.7249943E-01 -0.2160892E+00  0.3000169E+00  0.6571223E+00  0.1177548E-01 -0.4911675E+00  0.3774342E+00  0.1383461E+00 -0.6463248E-01 -0.1186083E+00 -0.8874896E+00 -0.3482302E-01  0.1193320E+00  0.4359746E+00 -0.6611584E-01  0.2708326E+00  0.5096879E+00
 0.3458004E+00
 0.2275000E+01 -0.3331014E+00  0.1698416E-01 -0.7272089E-01 -0.2177592E+00  0.2836359E+00  0.6603841E+00  0.1175190E-01 -0.4926475E+00  0.3778379E+00  0.1393403E+00 -0.6480109E-01 -0.1193185E+00 -0.8940875E+00 -0.3435180E-01  0.1202301E+00  0.4372347E+00 -0.6624569E-01  0.2721005E+00  0.5111900E+00
 0.3477407E+00
 0.2300000E+01 -0.3340231E+00  0.1119185E-01 -0.7283917E-01 -0.2193722E+00  0.2649986E+00  0.6632823E+00  0.1166111E-01 -0.4934135E+00  0.3779837E+00  0.1402857E+00 -0.6496180E-01 -0.1199203E+00 -0.9003943E+00 -0.3393941E-01  0.1210748E+00  0.4378287E+00 -0.6636694E-01  0.2732915E+00  0.5123602E+00
 0.3494696E+00
 0.2325000E+01 -0.3348223E+00  0.5303173E-02 -0.7284075E-01 -0.2209030E+00  0.2442219E+00  0.6657731E+00  0.1149377E-01 -0.4933368E+00  0.3778488E+00  0.1411663E+00 -0.6510817E-01 -0.1203958E+00 -0.9063033E+00 -0.3358463E-01  0.1218505E+00  0.4376162E+00 -0.6647438E-01  0.2743819E+00  0.5131672E+00
 0.3509635E+00
 0.2350000E+01 -0.3354731E+00 -0.6313667E-03 -0.7271167E-01 -0.2223288E+00  0.2214517E+00  0.6678214E+00  0.1124426E-01 -0.4922728E+00  0.3774146E+00  0.1419677E+00 -0.6523434E-01 -0.1207280E+00 -0.9117172E+00 -0.3328637E-01  0.1225428E+00  0.4364344E+00 -0.6656345E-01  0.2753513E+00  0.5135865E+00
 0.3522029E+00
 0.2375000E+01 -0.3359537E+00 -0.6560421E-02 -0.7243582E-01 -0.2236293E+00  0.1968578E+00  0.6694006E+00  0.1091008E-01 -0.4900530E+00  0.3766679E+00  0.1426774E+00 -0.6533529E-01 -0.1209006E+00 -0.9165497E+00 -0.3304367E-01  0.1231391E+00  0.4340918E+00 -0.6663050E-01  0.2761829E+00  0.5135998E+00
 0.3531735E+00
 0.2400000E+01 -0.3362468E+00 -0.1243225E-01 -0.7199323E-01 -0.2247862E+00  0.1706308E+00  0.6704936E+00  0.1049108E-01 -0.4864751E+00  0.3756003E+00  0.1432848E+00 -0.6540704E-01 -0.1208968E+00 -0.9207242E+00 -0.3285572E-01  0.1236290E+00  0.4303638E+00 -0.6667296E-01  0.2768633E+00  0.5131964E+00
 0.3538655E+00
 0.2425000E+01 -0.3363398E+00 -0.1819522E-01 -0.7135882E-01 -0.2257839E+00  0.1429789E+00  0.6710929E+00  0.9988793E-02 -0.4812985E+00  0.3742090E+00  0.1437814E+00 -0.6544676E-01 -0.1206987E+00 -0.9241748E+00 -0.3272189E-01  0.1240040E+00  0.4249938E+00 -0.6668938E-01  0.2773824E+00  0.5123726E+00
 0.3542749E+00
 0.2450000E+01 -0.3362245E+00 -0.2379828E-01 -0.7050182E-01 -0.2266087E+00  0.1141260E+00  0.6712011E+00  0.9406035E-02 -0.4742462E+00  0.3724962E+00  0.1441605E+00 -0.6545272E-01 -0.1202874E+00 -0.9268451E+00 -0.3264171E-01  0.1242575E+00  0.4177068E+00 -0.6667945E-01  0.2777334E+00  0.5111323E+00
 0.3544025E+00
 0.2475000E+01 -0.3358973E+00 -0.2919144E-01 -0.6938640E-01 -0.2272496E+00  0.8430901E-01  0.6708306E+00  0.8746630E-02 -0.4650227E+00  0.3704702E+00  0.1444174E+00 -0.6542422E-01 -0.1196426E+00 -0.9286894E+00 -0.3261484E-01  0.1243847E+00  0.4082346E+00 -0.6664389E-01  0.2779127E+00  0.5094870E+00
 0.3542547E+00
 0.2500000E+01 -0.3353590E+00 -0.3432627E-01 -0.6797340E-01 -0.2276983E+00  0.5377622E-01  0.6700037E+00  0.8015282E-02 -0.4533423E+00  0.3681444E+00  0.1445485E+00 -0.6536140E-01 -0.1187430E+00 -0.9296727E+00 -0.3264105E-01  0.1243821E+00  0.3963476E+00 -0.6658438E-01  0.2779203E+00  0.5074557E+00
 0.3538433E+00
 0.2525000E+01 -0.3346146E+00 -0.3915639E-01 -0.6622361E-01 -0.2279492E+00  0.2278458E-01  0.6687524E+00  0.7217475E-02 -0.4389646E+00  0.3655380E+00  0.1445518E+00 -0.6526519E-01 -0.1175654E+00 -0.9297710E+00 -0.3272019E-01  0.1242473E+00  0.3818806E+00 -0.6650348E-01  0.2777595E+00  0.5050649E+00
 0.3531853E+00
 0.2550000E+01 -0.3336732E+00 -0.4363787E-01 -0.6410191E-01 -0.2279997E+00 -0.8402364E-02  0.6671181E+00  0.6359401E-02 -0.4217215E+00  0.3626751E+00  0.1444265E+00 -0.6513717E-01 -0.1160839E+00 -0.9289707E+00 -0.3285211E-01  0.1239783E+00  0.3647455E+00 -0.6640455E-01  0.2774371E+00  0.5023478E+00
 0.3523027E+00
 0.2575000E+01 -0.3325473E+00 -0.4772969E-01 -0.6158135E-01 -0.2278498E+00 -0.3951695E-01  0.6651507E+00  0.5447888E-02 -0.4015294E+00  0.3595851E+00  0.1441724E+00 -0.6497954E-01 -0.1142678E+00 -0.9272676E+00 -0.3303661E-01  0.1235734E+00  0.3449299E+00 -0.6629170E-01  0.2769630E+00  0.4993444E+00
 0.3512221E+00
 0.2600000E+01 -0.3312528E+00 -0.5139417E-01 -0.5864600E-01 -0.2275018E+00 -0.7028985E-01  0.6629079E+00  0.4490333E-02 -0.3783871E+00  0.3563013E+00  0.1437900E+00 -0.6479511E-01 -0.1120796E+00 -0.9246655E+00 -0.3327340E-01  0.1230310E+00  0.3224876E+00 -0.6616973E-01  0.2763498E+00  0.4961005E+00
 0.3499748E+00
 0.2625000E+01 -0.3298084E+00 -0.5459734E-01 -0.5529174E-01 -0.2269596E+00 -0.1004525E+00  0.6604545E+00  0.3494626E-02 -0.3523657E+00  0.3528607E+00  0.1432801E+00 -0.6458734E-01 -0.1094741E+00 -0.9211743E+00 -0.3356203E-01  0.1223494E+00  0.2975270E+00 -0.6604407E-01  0.2756124E+00  0.4926669E+00
 0.3485954E+00
 0.2650000E+01 -0.3282354E+00 -0.5730924E-01 -0.5152549E-01 -0.2262289E+00 -0.1297397E+00  0.6578607E+00  0.2469080E-02 -0.3235959E+00  0.3493036E+00  0.1426440E+00 -0.6436028E-01 -0.1063998E+00 -0.9168094E+00 -0.3390184E-01  0.1215262E+00  0.2702010E+00 -0.6592064E-01  0.2747675E+00  0.4890985E+00
 0.3471220E+00
 0.2675000E+01 -0.3265576E+00 -0.5950430E-01 -0.4736359E-01 -0.2253171E+00 -0.1578920E+00  0.6552010E+00  0.1422353E-02 -0.2922565E+00  0.3456722E+00  0.1418830E+00 -0.6411855E-01 -0.1028031E+00 -0.9115912E+00 -0.3429191E-01  0.1205588E+00  0.2406975E+00 -0.6580572E-01  0.2738339E+00  0.4854533E+00
 0.3455950E+00
 0.2700000E+01 -0.3248011E+00 -0.6116156E-01 -0.4283006E-01 -0.2242332E+00 -0.1846584E+00  0.6525528E+00  0.3633706E-03 -0.2585648E+00  0.3420102E+00  0.1409986E+00 -0.6386729E-01 -0.9863584E-01 -0.9055459E+00 -0.3473096E-01  0.1194439E+00  0.2092342E+00 -0.6570574E-01  0.2728318E+00  0.4817913E+00
 0.3440563E+00
 0.2725000E+01 -0.3229936E+00 -0.6226490E-01 -0.3795510E-01 -0.2229884E+00 -0.2097986E+00  0.6499942E+00 -0.6987557E-03 -0.2227704E+00  0.3383616E+00  0.1399927E+00 -0.6361201E-01 -0.9386184E-01 -0.8987066E+00 -0.3521737E-01  0.1181772E+00  0.1760526E+00 -0.6562707E-01  0.2717836E+00  0.4781728E+00
 0.3425488E+00
 0.2750000E+01 -0.3211642E+00 -0.6280325E-01 -0.3277385E-01 -0.2215964E+00 -0.2330851E+00  0.6476028E+00 -0.1754812E-02 -0.1851487E+00  0.3347698E+00  0.1388679E+00 -0.6335846E-01 -0.8846208E-01 -0.8911141E+00 -0.3574911E-01  0.1167537E+00  0.1414148E+00 -0.6557577E-01  0.2707138E+00  0.4746576E+00
 0.3411149E+00
 0.2775000E+01 -0.3193426E+00 -0.6277066E-01 -0.2732553E-01 -0.2200731E+00 -0.2543061E+00  0.6454534E+00 -0.2795567E-02 -0.1459974E+00  0.3312768E+00  0.1376274E+00 -0.6311244E-01 -0.8243583E-01 -0.8828172E+00 -0.3632375E-01  0.1151671E+00  0.1055998E+00 -0.6555733E-01  0.2696484E+00  0.4713033E+00
 0.3397956E+00
 0.2800000E+01 -0.3175580E+00 -0.6216646E-01 -0.2165272E-01 -0.2184364E+00 -0.2732671E+00  0.6436158E+00 -0.3811858E-02 -0.1056321E+00  0.3279216E+00  0.1362759E+00 -0.6287952E-01 -0.7579940E-01 -0.8738715E+00 -0.3693846E-01  0.1134101E+00  0.6890073E-01 -0.6557639E-01  0.2686151E+00  0.4681636E+00
 0.3386298E+00
 0.2825000E+01 -0.3158383E+00 -0.6099520E-01 -0.1580076E-01 -0.2167056E+00 -0.2897928E+00  0.6421531E+00 -0.4794675E-02 -0.6438348E-01  0.3247401E+00  0.1348190E+00 -0.6266484E-01 -0.6858366E-01 -0.8643366E+00 -0.3759004E-01  0.1114736E+00  0.3162165E-01 -0.6563652E-01  0.2676422E+00  0.4652874E+00
 0.3376525E+00
 0.2850000E+01 -0.3142082E+00 -0.5926671E-01 -0.9817236E-02 -0.2148999E+00 -0.3037292E+00  0.6411201E+00 -0.5735251E-02 -0.2259354E-01  0.3217632E+00  0.1332634E+00 -0.6247281E-01 -0.6083139E-01 -0.8542717E+00 -0.3827498E-01  0.1093456E+00 -0.5924944E-02 -0.6573997E-01  0.2667568E+00  0.4627170E+00
 0.3368945E+00
 0.2875000E+01 -0.3126883E+00 -0.5699599E-01 -0.3751509E-02 -0.2130372E+00 -0.3149451E+00  0.6405609E+00 -0.6625142E-02  0.1938730E-01  0.3190170E+00  0.1316161E+00 -0.6230681E-01 -0.5259491E-01 -0.8437289E+00 -0.3898945E-01  0.1070096E+00 -0.4342121E-01 -0.6588755E-01  0.2659840E+00  0.4604876E+00
 0.3363809E+00
 0.2900000E+01 -0.3112938E+00 -0.5420309E-01  0.2345775E-02 -0.2111328E+00 -0.3233335E+00  0.6405086E+00 -0.7456307E-02  0.6120349E-01  0.3165218E+00  0.1298834E+00 -0.6216893E-01 -0.4393422E-01 -0.8327468E+00 -0.3972938E-01  0.1044417E+00 -0.8054680E-01 -0.6607844E-01  0.2653447E+00  0.4586258E+00
 0.3361308E+00
 0.2925000E+01 -0.3100336E+00 -0.5091296E-01  0.8423153E-02 -0.2091981E+00 -0.3288123E+00  0.6409835E+00 -0.8221194E-02  0.1024977E+00  0.3142918E+00  0.1280692E+00 -0.6205983E-01 -0.3491549E-01 -0.8213412E+00 -0.4049048E-01  0.1016080E+00 -0.1169818E+00 -0.6631023E-01  0.2648541E+00  0.4571495E+00
 0.3361566E+00
 0.2950000E+01 -0.3089098E+00 -0.4715519E-01  0.1442883E-01 -0.2072392E+00 -0.3313262E+00  0.6419931E+00 -0.8912804E-02  0.1429139E+00  0.3123348E+00  0.1261732E+00 -0.6197859E-01 -0.2560978E-01 -0.8094971E+00 -0.4126830E-01  0.9846399E-01 -0.1524098E+00 -0.6657896E-01  0.2645207E+00  0.4560671E+00
 0.3364637E+00
 0.2975000E+01 -0.3079178E+00 -0.4296381E-01  0.2031116E-01 -0.2052561E+00 -0.3308462E+00  0.6435319E+00 -0.9524771E-02  0.1821009E+00  0.3106525E+00  0.1241895E+00 -0.6192279E-01 -0.1609209E-01 -0.7971600E+00 -0.4205820E-01  0.9495527E-01 -0.1865206E+00 -0.6687920E-01  0.2643452E+00  0.4553782E+00
 0.3370503E+00
 0.3000000E+01 -0.3070464E+00 -0.3837690E-01  0.2601913E-01 -0.2032415E+00 -0.3273711E+00  0.6455818E+00 -0.1005142E-01  0.2197157E+00  0.3092407E+00  0.1221054E+00 -0.6188853E-01 -0.6440374E-02 -0.7842271E+00 -0.4285542E-01  0.9102396E-01 -0.2190133E+00 -0.6720428E-01  0.2643205E+00  0.4550733E+00
 0.3379080E+00
 0.3025000E+01 -0.3062788E+00 -0.3343635E-01  0.3150283E-01 -0.2011796E+00 -0.3209269E+00  0.6481129E+00 -0.1048781E-01  0.2554261E+00  0.3080895E+00  0.1199010E+00 -0.6187069E-01  0.3265229E-02 -0.7705404E+00 -0.4365510E-01  0.8661692E-01 -0.2495993E+00 -0.6754653E-01  0.2644317E+00  0.4551347E+00
 0.3390218E+00
 0.3050000E+01 -0.3055935E+00 -0.2818736E-01  0.3671393E-01 -0.1990454E+00 -0.3115670E+00  0.6510847E+00 -0.1082984E-01  0.2889149E+00  0.3071840E+00  0.1175492E+00 -0.6186307E-01  0.1294323E-01 -0.7558805E+00 -0.4445226E-01  0.8169438E-01 -0.2780048E+00 -0.6789750E-01  0.2646564E+00  0.4555374E+00
 0.3403709E+00
 0.3075000E+01 -0.3049650E+00 -0.2267812E-01  0.4160615E-01 -0.1968026E+00 -0.2993717E+00  0.6544477E+00 -0.1107420E-01  0.3198821E+00  0.3065049E+00  0.1150162E+00 -0.6185868E-01  0.2251153E-01 -0.7399620E+00 -0.4524189E-01  0.7623539E-01 -0.3039736E+00 -0.6824823E-01  0.2649660E+00  0.4562499E+00
 0.3419295E+00
 0.3100000E+01 -0.3043651E+00 -0.1695932E-01  0.4613573E-01 -0.1944019E+00 -0.2844477E+00  0.6581444E+00 -0.1121851E-01  0.3480481E+00  0.3060295E+00  0.1122621E+00 -0.6184999E-01  0.3188822E-01 -0.7224354E+00 -0.4601891E-01  0.7023914E-01 -0.3272698E+00 -0.6858953E-01  0.2653262E+00  0.4572353E+00
 0.3436676E+00
 0.3125000E+01 -0.3037635E+00 -0.1108366E-01  0.5026179E-01 -0.1917789E+00 -0.2669274E+00  0.6621119E+00 -0.1126126E-01  0.3731567E+00  0.3057324E+00  0.1092408E+00 -0.6182913E-01  0.4099234E-01 -0.7028964E+00 -0.4677827E-01  0.6372298E-01 -0.3476799E+00 -0.6891218E-01  0.2656978E+00  0.4584528E+00
 0.3455519E+00
 0.3150000E+01 -0.3031291E+00 -0.5105422E-02  0.5394681E-01 -0.1888520E+00 -0.2469671E+00  0.6662830E+00 -0.1120188E-01  0.3949776E+00  0.3055859E+00  0.1059016E+00 -0.6178817E-01  0.4974459E-01 -0.6809088E+00 -0.4751490E-01  0.5671903E-01 -0.3650150E+00 -0.6920714E-01  0.2660377E+00  0.4598588E+00
 0.3475471E+00
 0.3175000E+01 -0.3024306E+00  0.9201085E-03  0.5715699E-01 -0.1855209E+00 -0.2247463E+00  0.6705883E+00 -0.1104073E-01  0.4133082E+00  0.3055616E+00  0.1021905E+00 -0.6171930E-01  0.5806816E-01 -0.6560406E+00 -0.4822385E-01  0.4927075E-01 -0.3791130E+00 -0.6946579E-01  0.2663001E+00  0.4614080E+00
 0.3496162E+00
 0.3200000E+01 -0.3016372E+00  0.6937111E-02  0.5986255E-01 -0.1816690E+00 -0.2004658E+00  0.6749575E+00 -0.1077913E-01  0.4279767E+00  0.3056304E+00  0.9805363E-01 -0.6161505E-01  0.6588940E-01 -0.6279075E+00 -0.4890025E-01  0.4143016E-01 -0.3898400E+00 -0.6968001E-01  0.2664377E+00  0.4630546E+00
 0.3517220E+00
 0.3225000E+01 -0.3007197E+00  0.1288977E-01  0.6203811E-01 -0.1771682E+00 -0.1743459E+00  0.6793214E+00 -0.1041928E-01  0.4388429E+00  0.3057637E+00  0.9344237E-01 -0.6146837E-01  0.7313857E-01 -0.5962135E+00 -0.4953944E-01  0.3325573E-01 -0.3970918E+00 -0.6984234E-01  0.2664031E+00  0.4647532E+00
 0.3538276E+00
 0.3250000E+01 -0.2996505E+00  0.1872281E-01  0.6366289E-01 -0.1718899E+00 -0.1466245E+00  0.6836129E+00 -0.9964344E-02  0.4458005E+00  0.3059337E+00  0.8831827E-01 -0.6127286E-01  0.7975049E-01 -0.5607786E+00 -0.5013695E-01  0.2481084E-01 -0.4007955E+00 -0.6994611E-01  0.2661500E+00  0.4664601E+00
 0.3558971E+00
 0.3275000E+01 -0.2984046E+00  0.2438198E-01  0.6472101E-01 -0.1657184E+00 -0.1175547E+00  0.6877682E+00 -0.9418335E-02  0.4487780E+00  0.3061141E+00  0.8265750E-01 -0.6102279E-01  0.8566521E-01 -0.5215476E+00 -0.5068858E-01  0.1616268E-01 -0.4009095E+00 -0.6998547E-01  0.2656352E+00  0.4681337E+00
 0.3578967E+00
 0.3300000E+01 -0.2969597E+00  0.2981461E-01  0.6520160E-01 -0.1585641E+00 -0.8740278E-01  0.6917281E+00 -0.8786131E-02  0.4477395E+00  0.3062802E+00  0.7645302E-01 -0.6071320E-01  0.9082862E-01 -0.4785841E+00 -0.5119048E-01  0.7381281E-02 -0.3974252E+00 -0.6995546E-01  0.2648192E+00  0.4697353E+00
 0.3597946E+00
 0.3325000E+01 -0.2952966E+00  0.3497009E-01  0.6509900E-01 -0.1503719E+00 -0.5644550E-01  0.6954386E+00 -0.8073418E-02  0.4426856E+00  0.3064097E+00  0.6971450E-01 -0.6033995E-01  0.9519296E-01 -0.4320553E+00 -0.5163913E-01 -0.1461225E-02 -0.3903663E+00 -0.6985205E-01  0.2636679E+00  0.4712296E+00
 0.3615618E+00
 0.3350000E+01 -0.2933995E+00  0.3980033E-01  0.6441281E-01 -0.1411230E+00 -0.2496764E-01  0.6988515E+00 -0.7286638E-02  0.4336531E+00  0.3064829E+00  0.6246675E-01 -0.5989977E-01  0.9871738E-01 -0.3822134E+00 -0.5203142E-01 -0.1029133E-01 -0.3797893E+00 -0.6967215E-01  0.2621528E+00  0.4725854E+00
 0.3631727E+00
 0.3375000E+01 -0.2912558E+00  0.4426024E-01  0.6314792E-01 -0.1308323E+00  0.6740697E-02  0.7019253E+00 -0.6432933E-02  0.4207155E+00  0.3064824E+00  0.5474733E-01 -0.5939023E-01  0.1013683E+00 -0.3293786E+00 -0.5236470E-01 -0.1903484E-01 -0.3657831E+00 -0.6941362E-01  0.2602520E+00  0.4737757E+00
 0.3646048E+00
 0.3400000E+01 -0.2888564E+00  0.4830813E-01  0.6131454E-01 -0.1195423E+00  0.3838676E-01  0.7046253E+00 -0.5520081E-02  0.4039820E+00  0.3063940E+00  0.4660425E-01 -0.5880975E-01  0.1031199E+00 -0.2739244E+00 -0.5263675E-01 -0.2761758E-01 -0.3484681E+00 -0.6907525E-01  0.2579501E+00  0.4747778E+00
 0.3658394E+00
 0.3425000E+01 -0.2861958E+00  0.5190615E-01  0.5892807E-01 -0.1073175E+00  0.6967791E-01  0.7069239E+00 -0.4556423E-02  0.3835969E+00  0.3062062E+00  0.3809378E-01 -0.5815764E-01  0.1039542E+00 -0.2162660E+00 -0.5284583E-01 -0.3596607E-01 -0.3279956E+00 -0.6865675E-01  0.2552382E+00  0.4755738E+00
 0.3668615E+00
 0.3450000E+01 -0.2832717E+00  0.5502060E-01  0.5600905E-01 -0.9423957E-01  0.1003244E+00  0.7088010E+00 -0.3550788E-02  0.3597384E+00  0.3059104E+00  0.2927872E-01 -0.5743397E-01  0.1038615E+00 -0.1568509E+00 -0.5299072E-01 -0.4400820E-01 -0.3045460E+00 -0.6815874E-01  0.2521134E+00  0.4761506E+00
 0.3676602E+00
 0.3475000E+01 -0.2800853E+00  0.5762229E-01  0.5258295E-01 -0.8040308E-01  0.1300419E+00  0.7102436E+00 -0.2512411E-02  0.3326172E+00  0.3055013E+00  0.2022693E-01 -0.5663965E-01  0.1028405E+00 -0.9615194E-01 -0.5307067E-01 -0.5167392E-01 -0.2783280E+00 -0.6758269E-01  0.2485784E+00  0.4764997E+00
 0.3682282E+00
 0.3500000E+01 -0.2765893E+00  0.5968677E-01  0.4867999E-01 -0.6591319E-01  0.1585546E+00  0.7111737E+00 -0.1450846E-02  0.3024744E+00  0.3051770E+00  0.1101018E-01 -0.5581968E-01  0.1008983E+00 -0.3466060E-01 -0.5310096E-01 -0.5889591E-01 -0.2495761E+00 -0.6690668E-01  0.2445872E+00  0.4767471E+00
 0.3684645E+00
 0.3525000E+01 -0.2727691E+00  0.6119463E-01  0.4433483E-01 -0.5088342E-01  0.1855974E+00  0.7116044E+00 -0.3758797E-03  0.2695797E+00  0.3050132E+00  0.1703082E-02 -0.5498298E-01  0.9805018E-01  0.2711829E-01 -0.5308019E-01 -0.6561021E-01 -0.2185488E+00 -0.6613987E-01  0.2401147E+00  0.4769742E+00
 0.3683504E+00
 0.3550000E+01 -0.2686200E+00  0.6213163E-01  0.3958633E-01 -0.3543404E-01  0.2109184E+00  0.7115765E+00  0.7025612E-03  0.2342289E+00  0.3050730E+00 -0.7617795E-02 -0.5413828E-01  0.9432003E-01  0.8867177E-01 -0.5300744E-01 -0.7175685E-01 -0.1855263E+00 -0.6529394E-01  0.2351402E+00  0.4772652E+00
 0.3678813E+00
 0.3575000E+01 -0.2641518E+00  0.6248886E-01  0.3447715E-01 -0.1969064E-01  0.2342818E+00  0.7111514E+00  0.1774503E-02  0.1967411E+00  0.3053917E+00 -0.1687477E-01 -0.5329229E-01  0.8973972E-01  0.1494836E+00 -0.5288234E-01 -0.7728046E-01 -0.1508078E+00 -0.6438112E-01  0.2296525E+00  0.4776869E+00
 0.3670679E+00
 0.3600000E+01 -0.2593884E+00  0.6226284E-01  0.2905341E-01 -0.3782908E-02  0.2554695E+00  0.7103981E+00  0.2830017E-02  0.1574559E+00  0.3059708E+00 -0.2598983E-01 -0.5244813E-01  0.8434901E-01  0.2090392E+00 -0.5270468E-01 -0.8213080E-01 -0.1147091E+00 -0.6341302E-01  0.2236525E+00  0.4782735E+00
 0.3659348E+00
 0.3625000E+01 -0.2543641E+00  0.6145552E-01  0.2336424E-01  0.1215667E-01  0.2742835E+00  0.7093843E+00  0.3859315E-02  0.1167306E+00  0.3067864E+00 -0.3488541E-01 -0.5160559E-01  0.7819523E-01  0.2668302E+00 -0.5247351E-01 -0.8626328E-01 -0.7755924E-01 -0.6240124E-01  0.2171532E+00  0.4790299E+00
 0.3645179E+00
 0.3650000E+01 -0.2491173E+00  0.6007430E-01  0.1746134E-01  0.2799399E-01  0.2905478E+00  0.7081778E+00  0.4852840E-02  0.7493617E-01  0.3078075E+00 -0.4348509E-01 -0.5076331E-01  0.7133284E-01  0.3223594E+00 -0.5218628E-01 -0.8963943E-01 -0.3969792E-01 -0.6135855E-01  0.2101746E+00  0.4799501E+00
 0.3628619E+00
 0.3675000E+01 -0.2436872E+00  0.5813196E-01  0.1139851E-01  0.4359459E-01  0.3041100E+00  0.7068507E+00  0.5801355E-02  0.3245476E-01  0.3090101E+00 -0.5171438E-01 -0.4992120E-01  0.6382297E-01  0.3751450E+00 -0.5183883E-01 -0.9222727E-01 -0.1472036E-02 -0.6029940E-01  0.2027383E+00  0.4810330E+00
 0.3610180E+00
 0.3700000E+01 -0.2381125E+00  0.5564652E-01  0.5231168E-02  0.5882487E-01  0.3148427E+00  0.7054794E+00  0.6696032E-02 -0.1032453E-01  0.3103800E+00 -0.5950138E-01 -0.4908141E-01  0.5573290E-01  0.4247258E+00 -0.5142603E-01 -0.9400173E-01  0.3676738E-01 -0.5923901E-01  0.1948647E+00  0.4822868E+00
 0.3590417E+00
 0.3725000E+01 -0.2324305E+00  0.5264109E-01 -0.9841939E-03  0.7355331E-01  0.3226449E+00  0.7041389E+00  0.7528535E-02 -0.5300896E-01  0.3119097E+00 -0.6677747E-01 -0.4824802E-01  0.4713542E-01  0.4706647E+00 -0.5094242E-01 -0.9494488E-01  0.7466848E-01 -0.5819229E-01  0.1865751E+00  0.4837245E+00
 0.3569890E+00
 0.3750000E+01 -0.2266750E+00  0.4914368E-01 -0.7190512E-02  0.8765173E-01  0.3274428E+00  0.7028971E+00  0.8291099E-02 -0.9520589E-01  0.3135949E+00 -0.7347802E-01 -0.4742634E-01  0.3810820E-01  0.5125536E+00 -0.5038261E-01 -0.9504615E-01  0.1118819E+00 -0.5717306E-01  0.1778928E+00  0.4853597E+00
 0.3549128E+00
 0.3775000E+01 -0.2208744E+00  0.4518688E-01 -0.1333069E-01  0.1009964E+00  0.3291907E+00  0.7018105E+00  0.8976602E-02 -0.1365264E+00  0.3154318E+00 -0.7954296E-01 -0.4662227E-01  0.2873307E-01  0.5500170E+00 -0.4974148E-01 -0.9430253E-01  0.1480640E+00 -0.5619359E-01  0.1688451E+00  0.4872030E+00
 0.3528597E+00
 0.3800000E+01 -0.2150509E+00  0.4080761E-01 -0.1934814E-01  0.1134695E+00  0.3278711E+00  0.7009213E+00  0.9578635E-02 -0.1765891E+00  0.3174155E+00 -0.8491744E-01 -0.4584177E-01  0.1909530E-01  0.5827159E+00 -0.4901435E-01 -0.9271858E-01  0.1828801E+00 -0.5526439E-01  0.1594642E+00  0.4892607E+00
 0.3508674E+00
 0.3825000E+01 -0.2092203E+00  0.3604675E-01 -0.2518729E-01  0.1249597E+00  0.3234954E+00  0.7002575E+00  0.1009156E-01 -0.2150235E+00  0.3195396E+00 -0.8955232E-01 -0.4509055E-01  0.9282762E-02  0.6103512E+00 -0.4819707E-01 -0.9030653E-01  0.2160078E+00 -0.5439422E-01  0.1497874E+00  0.4915335E+00
 0.3489643E+00
 0.3850000E+01 -0.2033933E+00  0.3094878E-01 -0.3079414E-01  0.1353639E+00  0.3161034E+00  0.6998329E+00  0.1051057E-01 -0.2514734E+00  0.3217955E+00 -0.9340473E-01 -0.4437388E-01 -0.6148335E-03  0.6326666E+00 -0.4728621E-01 -0.8708612E-01  0.2471396E+00 -0.5359004E-01  0.1398574E+00  0.4940167E+00
 0.3471689E+00
 0.3875000E+01 -0.1975762E+00  0.2556132E-01 -0.3611675E-01  0.1445878E+00  0.3057632E+00  0.6996488E+00  0.1083172E-01 -0.2856009E+00  0.3241723E+00 -0.9643848E-01 -0.4369643E-01 -0.1050679E-01  0.6494515E+00 -0.4627914E-01 -0.8308454E-01  0.2759862E+00 -0.5285722E-01  0.1297225E+00  0.4967005E+00
 0.3454907E+00
 0.3900000E+01 -0.1917722E+00  0.1993475E-01 -0.4110573E-01  0.1525470E+00  0.2925704E+00  0.6996962E+00  0.1105200E-01 -0.3170888E+00  0.3266574E+00 -0.9862448E-01 -0.4306227E-01 -0.2030226E-01  0.6605432E+00 -0.4517398E-01 -0.7833615E-01  0.3022792E+00 -0.5219972E-01  0.1194363E+00  0.4995706E+00
 0.3439315E+00
 0.3925000E+01 -0.1859823E+00  0.1412166E-01 -0.4571472E-01  0.1591678E+00  0.2766475E+00  0.6999578E+00  0.1116930E-01 -0.3456439E+00  0.3292364E+00 -0.9994106E-01 -0.4247492E-01 -0.2991112E-01  0.6658287E+00 -0.4396943E-01 -0.7288230E-01  0.3257735E+00 -0.5162041E-01  0.1090571E+00  0.5026090E+00
 0.3424874E+00
 0.3950000E+01 -0.1802066E+00  0.8176439E-02 -0.4990080E-01  0.1643880E+00  0.2581423E+00  0.7004150E+00  0.1118251E-01 -0.3710002E+00  0.3318945E+00 -0.1003742E+00 -0.4193737E-01 -0.3924478E-01  0.6652463E+00 -0.4266323E-01 -0.6677086E-01  0.3462497E+00 -0.5112130E-01  0.9871250E-01  0.5057962E+00
 0.3411546E+00
 0.3975000E+01 -0.1744436E+00  0.2154700E-02 -0.5362496E-01  0.1681578E+00  0.2372270E+00  0.7010408E+00  0.1109146E-01 -0.3929207E+00  0.3346159E+00 -0.9991775E-01 -0.4145230E-01 -0.4821702E-01  0.6587864E+00 -0.4125489E-01 -0.6005593E-01  0.3635163E+00 -0.5070390E-01  0.8845893E-01  0.5091106E+00
 0.3399208E+00
 0.4000000E+01 -0.1686917E+00 -0.3887205E-02 -0.5685240E-01  0.1704399E+00  0.2140964E+00  0.7018065E+00  0.1089698E-01 -0.4112003E+00  0.3373848E+00 -0.9857354E-01 -0.4102209E-01 -0.5674485E-01  0.6464922E+00 -0.3974428E-01 -0.5279727E-01  0.3774112E+00 -0.5036924E-01  0.7834805E-01  0.5125300E+00
 0.3387720E+00
 0.4025000E+01 -0.1629490E+00 -0.9892726E-02 -0.5955290E-01  0.1712102E+00  0.1889660E+00  0.7026829E+00  0.1060085E-01 -0.4256674E+00  0.3401854E+00 -0.9635143E-01 -0.4064877E-01 -0.6474921E-01  0.6284591E+00 -0.3813161E-01 -0.4505983E-01  0.3878038E+00 -0.5011803E-01  0.6842256E-01  0.5160322E+00
 0.3376934E+00
 0.4050000E+01 -0.1572137E+00 -0.1580564E-01 -0.6170114E-01  0.1704581E+00  0.1620703E+00  0.7036399E+00  0.1020581E-01 -0.4361857E+00  0.3430021E+00 -0.9326922E-01 -0.4033406E-01 -0.7215582E-01  0.6048348E+00 -0.3641745E-01 -0.3691314E-01  0.3945958E+00 -0.4995054E-01  0.5871246E-01  0.5195944E+00
 0.3366699E+00
 0.4075000E+01 -0.1514839E+00 -0.2157059E-01 -0.6327687E-01  0.1681869E+00  0.1336602E+00  0.7046467E+00  0.9715518E-02 -0.4426557E+00  0.3458190E+00 -0.8935260E-01 -0.4007930E-01 -0.7889579E-01  0.5758179E+00 -0.3460272E-01 -0.2843070E-01  0.3977224E+00 -0.4986664E-01  0.4923304E-01  0.5231937E+00
 0.3356855E+00
 0.4100000E+01 -0.1457579E+00 -0.2713359E-01 -0.6426516E-01  0.1644134E+00  0.1040010E+00  0.7056712E+00  0.9134529E-02 -0.4450152E+00  0.3486197E+00 -0.8463493E-01 -0.3988542E-01 -0.8490632E-01  0.5416566E+00 -0.3268876E-01 -0.1968930E-01  0.3971528E+00 -0.4986569E-01  0.3998550E-01  0.5268059E+00
 0.3347239E+00
 0.4125000E+01 -0.1400335E+00 -0.3244252E-01 -0.6465656E-01  0.1591680E+00  0.7336968E-01  0.7066798E+00  0.8468247E-02 -0.4432403E+00  0.3513873E+00 -0.7915697E-01 -0.3975287E-01 -0.9013132E-01  0.5026465E+00 -0.3067739E-01 -0.1076832E-01  0.3928908E+00 -0.4994652E-01  0.3096030E-01  0.5304058E+00
 0.3337676E+00
 0.4150000E+01 -0.1343088E+00 -0.3744767E-01 -0.6444715E-01  0.1524949E+00  0.4205244E-01  0.7076369E+00  0.7722878E-02 -0.4373458E+00  0.3541042E+00 -0.7296656E-01 -0.3968165E-01 -0.9452191E-01  0.4591282E+00 -0.2857083E-01 -0.1748998E-02  0.3849745E+00 -0.5010743E-01  0.2214173E-01  0.5339669E+00
 0.3327987E+00
 0.4175000E+01 -0.1285814E+00 -0.4210215E-01 -0.6363860E-01  0.1444511E+00  0.1034200E-01  0.7085054E+00  0.6905368E-02 -0.4273846E+00  0.3567520E+00 -0.6611821E-01 -0.3967126E-01 -0.9803690E-01  0.4114845E+00 -0.2637174E-01  0.7286315E-02  0.3734760E+00 -0.5034615E-01  0.1351228E-01  0.5374610E+00
 0.3317983E+00
 0.4200000E+01 -0.1228490E+00 -0.4636232E-01 -0.6223818E-01  0.1351066E+00 -0.2146516E-01  0.7092462E+00  0.6023340E-02 -0.4134479E+00  0.3593111E+00 -0.5867260E-01 -0.3972075E-01 -0.1006432E+00  0.3601369E+00 -0.2408313E-01  0.1625493E-01  0.3585011E+00 -0.5065994E-01  0.5055496E-02  0.5408588E+00
 0.3307468E+00
 0.4225000E+01 -0.1171092E+00 -0.5018829E-01 -0.6025870E-01  0.1245431E+00 -0.5307155E-01  0.7098191E+00  0.5085026E-02 -0.3956637E+00  0.3617617E+00 -0.5069612E-01 -0.3982871E-01 -0.1023161E+00  0.3055423E+00 -0.2170837E-01  0.2507457E-01  0.3401881E+00 -0.5104557E-01 -0.3242574E-02  0.5441292E+00
 0.3296242E+00
 0.4250000E+01 -0.1113599E+00 -0.5354418E-01 -0.5771834E-01  0.1128542E+00 -0.8418152E-01  0.7101829E+00  0.4099186E-02 -0.3741963E+00  0.3640830E+00 -0.4226018E-01 -0.3999333E-01 -0.1030397E+00  0.2481884E+00 -0.1925126E-01  0.3366417E-01  0.3187062E+00 -0.5149938E-01 -0.1139306E-01  0.5472407E+00
 0.3284101E+00
 0.4275000E+01 -0.1062216E+00 -0.5639853E-01 -0.5464057E-01  0.1001437E+00 -0.1145040E+00  0.7148105E+00  0.3075027E-02 -0.3492443E+00  0.3675837E+00 -0.3344065E-01 -0.4026281E-01 -0.1028067E+00  0.1885896E+00 -0.1699321E-01  0.4194462E-01  0.2942548E+00 -0.5208286E-01 -0.1972591E-01  0.5531315E+00
 0.3291818E+00
 0.4300000E+01 -0.1016504E+00 -0.5872459E-01 -0.5105386E-01  0.8652531E-01 -0.1437551E+00  0.7238569E+00  0.2022118E-02 -0.3210389E+00  0.3720528E+00 -0.2431714E-01 -0.4061418E-01 -0.1016187E+00  0.1272825E+00 -0.1494189E-01  0.4983949E-01  0.2670608E+00 -0.5277707E-01 -0.2832301E-01  0.5617274E+00
 0.3320231E+00
 0.4325000E+01 -0.9754473E-01 -0.6050053E-01 -0.4699147E-01  0.7212123E-01 -0.1716611E+00  0.7371007E+00  0.9503016E-03 -0.2898420E+00  0.3771331E+00 -0.1497227E-01 -0.4103623E-01 -0.9948656E-01  0.6482074E-01 -0.1301227E-01  0.5727579E-01  0.2373769E+00 -0.5357417E-01 -0.3712944E-01  0.5726417E+00
 0.3368807E+00
 0.4350000E+01 -0.9380782E-01 -0.6170970E-01 -0.4249111E-01  0.5706132E-01 -0.1979607E+00  0.7543389E+00 -0.1304022E-03 -0.2559435E+00  0.3825255E+00 -0.5490924E-02 -0.4150697E-01 -0.9642952E-01  0.1770184E-02 -0.1120241E-01  0.6418463E-01  0.2054792E+00 -0.5445461E-01 -0.4620279E-01  0.5854935E+00
 0.3436899E+00
 0.4375000E+01 -0.9032776E-01 -0.6234074E-01 -0.3759461E-01  0.4148182E-01 -0.2224075E+00  0.7752117E+00 -0.1209886E-02 -0.2196586E+00  0.3879488E+00  0.4040540E-02 -0.4200888E-01 -0.9247566E-01 -0.6129648E-01 -0.9510721E-02  0.7050190E-01  0.1716649E+00 -0.5540101E-01 -0.5558997E-01  0.5998085E+00
 0.3523227E+00
 0.4400000E+01 -0.8699005E-01 -0.6238772E-01 -0.3234752E-01  0.2552408E-01 -0.2447727E+00  0.7992263E+00 -0.2278053E-02 -0.1813251E+00  0.3931670E+00  0.1353508E-01 -0.4252969E-01 -0.8766142E-01 -0.1238049E+00 -0.7936723E-02  0.7616884E-01  0.1362487E+00 -0.5639842E-01 -0.6532420E-01  0.6150761E+00
 0.3625971E+00
 0.4425000E+01 -0.8369086E-01 -0.6185018E-01 -0.2679869E-01  0.9333321E-02 -0.2648466E+00  0.8257926E+00 -0.3324907E-02 -0.1413001E+00  0.3980000E+00  0.2290579E-01 -0.4306146E-01 -0.8203129E-01 -0.1851844E+00 -0.6481359E-02  0.8113264E-01  0.9956105E-01 -0.5743381E-01 -0.7542377E-01  0.6308046E+00
 0.3742910E+00
 0.4450000E+01 -0.8034733E-01 -0.6073313E-01 -0.2099982E-01 -0.6942750E-02 -0.2824411E+00  0.8542672E+00 -0.4340651E-02 -0.9995664E-01  0.4023201E+00  0.3206669E-01 -0.4359899E-01 -0.7563739E-01 -0.2448733E+00 -0.5146743E-02  0.8534695E-01  0.6194398E-01 -0.5849543E-01 -0.8589220E-01  0.6465636E+00
 0.3871561E+00
 0.4475000E+01 -0.7690233E-01 -0.5904701E-01 -0.1500497E-01 -0.2315529E-01 -0.2973914E+00  0.8839984E+00 -0.5315779E-02 -0.5768029E-01  0.4060428E+00  0.4093358E-01 -0.4413843E-01 -0.6853902E-01 -0.3023243E+00 -0.3935564E-02  0.8877227E-01  0.2374854E-01 -0.5957225E-01 -0.9671960E-01  0.6620031E+00
 0.4009321E+00
 0.4500000E+01 -0.7332322E-01 -0.5680761E-01 -0.8870054E-02 -0.3915569E-01 -0.3095573E+00  0.9143660E+00 -0.6241159E-02 -0.1486548E-01  0.4091147E+00  0.4942475E-01 -0.4467627E-01 -0.6080209E-01 -0.3570093E+00 -0.2850355E-02  0.9137639E-01 -0.1466867E-01 -0.6065366E-01 -0.1078844E+00  0.6768552E+00
 0.4153586E+00
 0.4525000E+01 -0.6959683E-01 -0.5403590E-01 -0.2652318E-02 -0.5479700E-01 -0.3188246E+00  0.9448124E+00 -0.7108126E-02  0.2808813E-01  0.4115039E+00  0.5746184E-01 -0.4520887E-01 -0.5249850E-01 -0.4084246E+00 -0.1892819E-02  0.9313471E-01 -0.5294888E-01 -0.6172933E-01 -0.1193551E+00  0.6909226E+00
 0.4301843E+00
 0.4550000E+01 -0.6572325E-01 -0.5075784E-01  0.3590188E-02 -0.6993526E-01 -0.3251064E+00  0.9748600E+00 -0.7908560E-02  0.7077942E-01  0.4131928E+00  0.6497050E-01 -0.4573222E-01 -0.4370551E-01 -0.4560958E+00 -0.1063360E-02  0.9403041E-01 -0.9073442E-01 -0.6278927E-01 -0.1310922E+00  0.7040636E+00
 0.4451738E+00
 0.4575000E+01 -0.6171054E-01 -0.4700413E-01  0.9799159E-02 -0.8443088E-01 -0.3283436E+00  0.1004118E+01 -0.8634963E-02  0.1128096E+00  0.4141728E+00  0.7188117E-01 -0.4624193E-01 -0.3450496E-01 -0.4995817E+00 -0.3608307E-03  0.9405470E-01 -0.1276721E+00 -0.6382387E-01 -0.1430497E+00  0.7161781E+00
 0.4601127E+00
 0.4600000E+01 -0.5757082E-01 -0.4280993E-01  0.1591658E-01 -0.9814995E-01 -0.3285058E+00  0.1032276E+01 -0.9280528E-02  0.1537858E+00  0.4144416E+00  0.7812965E-01 -0.4673336E-01 -0.2498257E-01 -0.5384792E+00  0.2175385E-03  0.9320689E-01 -0.1634167E+00 -0.6482402E-01 -0.1551760E+00  0.7271956E+00
 0.4748113E+00
 0.4625000E+01 -0.5331788E-01 -0.3821454E-01  0.2188529E-01 -0.1109655E+00 -0.3255913E+00  0.1059100E+01 -0.9839205E-02  0.1933251E+00  0.4140016E+00  0.8365782E-01 -0.4720172E-01 -0.1522710E-01 -0.5724268E+00  0.6761101E-03  0.9149437E-01 -0.1976339E+00 -0.6578122E-01 -0.1674149E+00  0.7370673E+00
 0.4891072E+00
 0.4650000E+01 -0.4896577E-01 -0.3326102E-01  0.2764946E-01 -0.1227587E+00 -0.3196272E+00  0.1084414E+01 -0.1030576E-01  0.2310576E+00  0.4128590E+00  0.8841410E-01 -0.4764223E-01 -0.5329530E-02 -0.6011080E+00  0.1020754E-02  0.8893262E-01 -0.2300035E+00 -0.6668761E-01 -0.1797060E+00  0.7457603E+00
 0.5028658E+00
 0.4675000E+01 -0.4452813E-01 -0.2799578E-01  0.3315520E-01 -0.1334199E+00 -0.3106692E+00  0.1108089E+01 -0.1067581E-01  0.2666305E+00  0.4110230E+00  0.9235401E-01 -0.4805022E-01  0.4617785E-02 -0.6242545E+00  0.1258700E-02  0.8554503E-01 -0.2602226E+00 -0.6753611E-01 -0.1919853E+00  0.7532542E+00
 0.5159793E+00
 0.4700000E+01 -0.4001782E-01 -0.2246816E-01  0.3835099E-01 -0.1428500E+00 -0.2988011E+00  0.1130039E+01 -0.1094589E-01  0.2997108E+00  0.4085064E+00  0.9544057E-01 -0.4842130E-01  0.1452199E-01 -0.6416489E+00  0.1398286E-02  0.8136269E-01 -0.2880085E+00 -0.6832044E-01 -0.2041855E+00  0.7595393E+00
 0.5283652E+00
 0.4725000E+01 -0.3544687E-01 -0.1672997E-01  0.4318822E-01 -0.1509609E+00 -0.2841340E+00  0.1150203E+01 -0.1111346E-01  0.3299889E+00  0.4053250E+00  0.9764466E-01 -0.4875136E-01  0.2429058E-01 -0.6531265E+00  0.1448597E-02  0.7642413E-01 -0.3131008E+00 -0.6903511E-01 -0.2162381E+00  0.7646147E+00
 0.5399624E+00
 0.4750000E+01 -0.3082645E-01 -0.1083498E-01  0.4762159E-01 -0.1576769E+00 -0.2668051E+00  0.1168551E+01 -0.1117696E-01  0.3571813E+00  0.4014978E+00  0.9894532E-01 -0.4903665E-01  0.3383231E-01 -0.6585773E+00  0.1418944E-02  0.7077496E-01 -0.3352647E+00 -0.6967549E-01 -0.2280764E+00  0.7684885E+00
 0.5507287E+00
 0.4775000E+01 -0.2616689E-01 -0.4838444E-02  0.5160960E-01 -0.1629347E+00 -0.2469766E+00  0.1185069E+01 -0.1113577E-01  0.3810333E+00  0.3970469E+00  0.9932996E-01 -0.4927383E-01  0.4305799E-01 -0.6579468E+00  0.1318147E-02  0.6446745E-01 -0.3542924E+00 -0.7023776E-01 -0.2396406E+00  0.7711769E+00
 0.5606373E+00
 0.4800000E+01 -0.2147769E-01  0.1203445E-02  0.5511489E-01 -0.1666850E+00 -0.2248343E+00  0.1199764E+01 -0.1099027E-01  0.4013214E+00  0.3919979E+00  0.9879448E-01 -0.4945997E-01  0.5188137E-01 -0.6512371E+00  0.1153663E-02  0.5756006E-01 -0.3700056E+00 -0.7071891E-01 -0.2508822E+00  0.7727038E+00
 0.5696745E+00
 0.4825000E+01 -0.1676747E-01  0.7234054E-02  0.5810461E-01 -0.1688920E+00 -0.2005854E+00  0.1212659E+01 -0.1074184E-01  0.4178554E+00  0.3863791E+00  0.9734332E-01 -0.4959262E-01  0.6021994E-01 -0.6385063E+00  0.9307180E-03  0.5011686E-01 -0.3822569E+00 -0.7111682E-01 -0.2617687E+00  0.7731011E+00
 0.5778379E+00
 0.4850000E+01 -0.1204398E-01  0.1319686E-01  0.6055074E-01 -0.1695344E+00 -0.1744572E+00  0.1223794E+01 -0.1039278E-01  0.4304802E+00  0.3802220E+00  0.9498947E-01 -0.4966980E-01  0.6799567E-01 -0.6198686E+00  0.6516973E-03  0.4220698E-01 -0.3909313E+00 -0.7143021E-01 -0.2722843E+00  0.7724088E+00
 0.5851351E+00
 0.4875000E+01 -0.7314020E-02  0.1903597E-01  0.6243033E-01 -0.1686053E+00 -0.1466944E+00  0.1233222E+01 -0.9946364E-02  0.4390774E+00  0.3735613E+00  0.9175429E-01 -0.4969004E-01  0.7513580E-01 -0.5954934E+00  0.3159455E-03  0.3390395E-01 -0.3959473E+00 -0.7165866E-01 -0.2824279E+00  0.7706745E+00
 0.5915827E+00
 0.4900000E+01 -0.2583380E-02  0.2469665E-01  0.6372574E-01 -0.1661127E+00 -0.1175571E+00  0.1241014E+01 -0.9406771E-02  0.4435660E+00  0.3664344E+00  0.8766739E-01 -0.4965235E-01  0.8157349E-01 -0.5656030E+00 -0.8008006E-04  0.2528503E-01 -0.3972577E+00 -0.7180257E-01 -0.2922105E+00  0.7679539E+00
 0.5972062E+00
 0.4925000E+01  0.2143225E-02  0.3012585E-01  0.6442479E-01 -0.1620788E+00 -0.8731821E-01  0.1247255E+01 -0.8779050E-02  0.4439036E+00  0.3588817E+00  0.8276634E-01 -0.4955612E-01  0.8724844E-01 -0.5304718E+00 -0.5424657E-03  0.1643043E-01 -0.3948498E+00 -0.7186308E-01 -0.3016524E+00  0.7643106E+00
 0.6020393E+00
 0.4950000E+01  0.6862264E-02  0.3527266E-01  0.6452088E-01 -0.1565402E+00 -0.5626110E-01  0.1252045E+01 -0.8069080E-02  0.4400868E+00  0.3509464E+00  0.7709631E-01 -0.4940110E-01  0.9210749E-01 -0.4904227E+00 -0.1079456E-02  0.7422657E-02 -0.3887459E+00 -0.7184207E-01 -0.3107808E+00  0.7598164E+00
 0.6061236E+00
 0.4975000E+01  0.1157151E-01  0.4008885E-01  0.6401306E-01 -0.1495479E+00 -0.2467679E-01  0.1255500E+01 -0.7283510E-02  0.4321509E+00  0.3426743E+00  0.7070968E-01 -0.4918738E-01  0.9610508E-01 -0.4458249E+00 -0.1701073E-02 -0.1654336E-02 -0.3790029E+00 -0.7174208E-01 -0.3196292E+00  0.7545508E+00
 0.6095088E+00
 0.5000000E+01  0.1627016E-01  0.4452927E-01  0.6290604E-01 -0.1411661E+00  0.7138766E-02  0.1257751E+01 -0.6429698E-02  0.4201699E+00  0.3341134E+00  0.6366554E-01 -0.4891528E-01  0.9920374E-01 -0.3970902E+00 -0.2418737E-02 -0.1071590E-01 -0.3657117E+00 -0.7156627E-01 -0.3282366E+00  0.7486009E+00
 0.6122523E+00
