-0.3606601E+01  0.8203813E-04
-0.3648681E+01  0.1422692E-03
-0.3649290E+01  0.1195814E-02
-0.3648596E+01  0.4548126E-02
-0.3648374E+01  0.8229271E-02
-0.3646571E+01  0.7916137E-02
-0.3644530E+01  0.3949739E-02
-0.3638260E+01  0.9364955E-03
-0.3640937E+01  0.2544929E-03
-0.3631891E+01  0.5911547E-04
-0.2202717E+01  0.5395423E-04
-0.2198425E+01  0.3730740E-03
-0.2190915E+01  0.2680012E-02
-0.2183181E+01  0.9831248E-02
-0.2174736E+01  0.1804479E-01
-0.2165830E+01  0.1712250E-01
-0.2157192E+01  0.8585982E-02
-0.2147998E+01  0.2251011E-02
-0.2139739E+01  0.3138609E-03
-0.2120482E+01  0.1753777E-04
-0.1444439E+01  0.7421845E-04
-0.1444312E+01  0.5333000E-03
-0.1444489E+01  0.3716230E-02
-0.1444776E+01  0.1434071E-01
-0.1445043E+01  0.2714777E-01
-0.1445337E+01  0.2663124E-01
-0.1445630E+01  0.1373470E-01
-0.1446007E+01  0.3743612E-02
-0.1446295E+01  0.4908201E-03
-0.1448214E+01  0.4617807E-04
-0.7462473E+00  0.2309633E-03
-0.7450473E+00  0.2626598E-02
-0.7441090E+00  0.1769053E-01
-0.7431124E+00  0.6576885E-01
-0.7420956E+00  0.1217753E+00
-0.7410760E+00  0.1159160E+00
-0.7400515E+00  0.5840676E-01
-0.7390109E+00  0.1530538E-01
-0.7379843E+00  0.1990645E-02
-0.7367226E+00  0.1382295E-03
 0.3185733E-01  0.3055119E-03
 0.3294420E-01  0.3434573E-02
 0.3395809E-01  0.2231694E-01
 0.3496625E-01  0.8494662E-01
 0.3596922E-01  0.1588971E+00
 0.3695627E-01  0.1533482E+00
 0.3794485E-01  0.7811925E-01
 0.3892804E-01  0.2082685E-01
 0.3992786E-01  0.2725777E-02
 0.4071914E-01  0.2129267E-03
 0.7529495E+00  0.3766366E-03
 0.7540340E+00  0.4767603E-02
 0.7549038E+00  0.3177430E-01
 0.7558136E+00  0.1183820E+00
 0.7567153E+00  0.2191823E+00
 0.7576130E+00  0.2087082E+00
 0.7585148E+00  0.1050829E+00
 0.7594187E+00  0.2749783E-01
 0.7603431E+00  0.3614070E-02
 0.7613586E+00  0.2322822E-03
 0.1396960E+01  0.2220614E-03
 0.1397013E+01  0.1936202E-02
 0.1397291E+01  0.1201317E-01
 0.1397528E+01  0.4681099E-01
 0.1397750E+01  0.8825410E-01
 0.1397977E+01  0.8612327E-01
 0.1398213E+01  0.4440177E-01
 0.1398443E+01  0.1205076E-01
 0.1398637E+01  0.1572678E-02
 0.1398925E+01  0.1545157E-03
 0.1983658E+01  0.2100608E-03
 0.1983677E+01  0.1127519E-02
 0.1983792E+01  0.8542951E-02
 0.1983716E+01  0.2964153E-01
 0.1983669E+01  0.5153297E-01
 0.1983638E+01  0.4554783E-01
 0.1983566E+01  0.2119770E-01
 0.1983578E+01  0.4838212E-02
 0.1983442E+01  0.5791019E-03
 0.1983829E+01  0.9692081E-04
 0.2387515E+01  0.1091648E-03
 0.2394017E+01  0.4177028E-03
 0.2395313E+01  0.3258354E-02
 0.2397076E+01  0.1072186E-01
 0.2399175E+01  0.1742267E-01
 0.2401172E+01  0.1384207E-01
 0.2403304E+01  0.5754749E-02
 0.2405583E+01  0.9357692E-03
 0.2408851E+01  0.8928477E-04
 0.2413574E+01  0.7383684E-04
 0.3745465E+01  0.9036444E-04
 0.3765045E+01  0.3190584E-03
 0.3727951E+01  0.1124123E-02
 0.3709179E+01  0.5312248E-02
 0.3689157E+01  0.9973431E-02
 0.3666430E+01  0.1051538E-01
 0.3648472E+01  0.5371126E-02
 0.3618813E+01  0.1593063E-02
 0.3616304E+01  0.3435733E-03
 0.3529973E+01  0.1145908E-03
