 0.1000000E-01 -0.7399831E+00
 0.2000000E-01 -0.7299326E+00
 0.3000000E-01 -0.7198481E+00
 0.4000000E-01 -0.7097298E+00
 0.5000000E-01 -0.6995772E+00
 0.6000000E-01 -0.6893903E+00
 0.7000000E-01 -0.6791688E+00
 0.8000000E-01 -0.6689122E+00
 0.9000000E-01 -0.6586203E+00
 0.1000000E+00 -0.6482925E+00
 0.1100000E+00 -0.6379285E+00
 0.1200000E+00 -0.6275277E+00
 0.1300000E+00 -0.6170895E+00
 0.1400000E+00 -0.6066133E+00
 0.1500000E+00 -0.5960984E+00
 0.1600000E+00 -0.5855440E+00
 0.1700000E+00 -0.5749494E+00
 0.1800000E+00 -0.5643137E+00
 0.1900000E+00 -0.5536361E+00
 0.2000000E+00 -0.5429155E+00
 0.2100000E+00 -0.5321510E+00
 0.2200000E+00 -0.5213416E+00
 0.2300000E+00 -0.5104861E+00
 0.2400000E+00 -0.4995833E+00
 0.2500000E+00 -0.4886321E+00
 0.2600000E+00 -0.4776311E+00
 0.2700000E+00 -0.4665792E+00
 0.2800000E+00 -0.4554747E+00
 0.2900000E+00 -0.4443165E+00
 0.3000000E+00 -0.4331029E+00
 0.3100000E+00 -0.4218324E+00
 0.3200000E+00 -0.4105035E+00
 0.3300000E+00 -0.3991144E+00
 0.3400000E+00 -0.3876636E+00
 0.3500000E+00 -0.3761492E+00
 0.3600000E+00 -0.3645694E+00
 0.3700000E+00 -0.3529224E+00
 0.3800000E+00 -0.3412064E+00
 0.3900000E+00 -0.3294192E+00
 0.4000000E+00 -0.3175590E+00
 0.4100000E+00 -0.3056236E+00
 0.4200000E+00 -0.2936111E+00
 0.4300000E+00 -0.2815192E+00
 0.4400000E+00 -0.2693457E+00
 0.4500000E+00 -0.2570884E+00
 0.4600000E+00 -0.2447450E+00
 0.4700000E+00 -0.2323133E+00
 0.4800000E+00 -0.2197908E+00
 0.4900000E+00 -0.2071751E+00
 0.5000000E+00 -0.1944639E+00
 0.5100000E+00 -0.1816546E+00
 0.5200000E+00 -0.1687448E+00
 0.5300000E+00 -0.1557318E+00
 0.5400000E+00 -0.1426133E+00
 0.5500000E+00 -0.1293865E+00
 0.5600000E+00 -0.1160490E+00
 0.5700000E+00 -0.1025980E+00
 0.5800000E+00 -0.8903094E-01
 0.5900000E+00 -0.7534524E-01
 0.6000000E+00 -0.6153824E-01
 0.6100000E+00 -0.4760730E-01
 0.6200000E+00 -0.3354979E-01
 0.6300000E+00 -0.1936311E-01
 0.6400000E+00 -0.5044663E-02
 0.6500000E+00  0.9408127E-02
 0.6600000E+00  0.2399779E-01
 0.6700000E+00  0.3872683E-01
 0.6800000E+00  0.5359769E-01
 0.6900000E+00  0.6861277E-01
 0.7000000E+00  0.8377438E-01
 0.7100000E+00  0.9908479E-01
 0.7200000E+00  0.1145462E+00
 0.7300000E+00  0.1301606E+00
 0.7400000E+00  0.1459299E+00
 0.7500000E+00  0.1618561E+00
 0.7600000E+00  0.1779409E+00
 0.7700000E+00  0.1941857E+00
 0.7800000E+00  0.2105920E+00
 0.7900000E+00  0.2271610E+00
 0.8000000E+00  0.2438937E+00
 0.8100000E+00  0.2607909E+00
 0.8200000E+00  0.2778532E+00
 0.8300000E+00  0.2950809E+00
 0.8400000E+00  0.3124740E+00
 0.8500000E+00  0.3300324E+00
 0.8600000E+00  0.3477554E+00
 0.8700000E+00  0.3656421E+00
 0.8800000E+00  0.3836914E+00
 0.8900000E+00  0.4019015E+00
 0.9000000E+00  0.4202704E+00
 0.9100000E+00  0.4387957E+00
 0.9200000E+00  0.4574743E+00
 0.9300000E+00  0.4763028E+00
 0.9400000E+00  0.4952774E+00
 0.9500000E+00  0.5143934E+00
 0.9600000E+00  0.5336458E+00
 0.9700000E+00  0.5530289E+00
 0.9800000E+00  0.5725364E+00
 0.9900000E+00  0.5921614E+00
 0.1000000E+01  0.6118961E+00
 0.1010000E+01  0.6317323E+00
 0.1020000E+01  0.6516608E+00
 0.1030000E+01  0.6716718E+00
 0.1040000E+01  0.6917547E+00
 0.1050000E+01  0.7118981E+00
 0.1060000E+01  0.7320897E+00
 0.1070000E+01  0.7523165E+00
 0.1080000E+01  0.7725646E+00
 0.1090000E+01  0.7928194E+00
 0.1100000E+01  0.8130652E+00
 0.1110000E+01  0.8332858E+00
 0.1120000E+01  0.8534641E+00
 0.1130000E+01  0.8735819E+00
 0.1140000E+01  0.8936207E+00
 0.1150000E+01  0.9135611E+00
 0.1160000E+01  0.9333829E+00
 0.1170000E+01  0.9530654E+00
 0.1180000E+01  0.9725873E+00
 0.1190000E+01  0.9919268E+00
 0.1200000E+01  0.1011062E+01
 0.1210000E+01  0.1029970E+01
 0.1220000E+01  0.1048628E+01
 0.1230000E+01  0.1067013E+01
 0.1240000E+01  0.1085103E+01
 0.1250000E+01  0.1102875E+01
 0.1260000E+01  0.1120307E+01
 0.1270000E+01  0.1137375E+01
 0.1280000E+01  0.1154061E+01
 0.1290000E+01  0.1170341E+01
 0.1300000E+01  0.1186198E+01
 0.1310000E+01  0.1201611E+01
 0.1320000E+01  0.1216564E+01
 0.1330000E+01  0.1231041E+01
 0.1340000E+01  0.1245026E+01
 0.1350000E+01  0.1258508E+01
 0.1360000E+01  0.1271474E+01
 0.1370000E+01  0.1283917E+01
 0.1380000E+01  0.1295827E+01
 0.1390000E+01  0.1307201E+01
 0.1400000E+01  0.1318036E+01
 0.1410000E+01  0.1328330E+01
 0.1420000E+01  0.1338086E+01
 0.1430000E+01  0.1347308E+01
 0.1440000E+01  0.1356000E+01
 0.1450000E+01  0.1364173E+01
 0.1460000E+01  0.1371835E+01
 0.1470000E+01  0.1379000E+01
 0.1480000E+01  0.1385682E+01
 0.1490000E+01  0.1391896E+01
 0.1500000E+01  0.1397660E+01
 0.1510000E+01  0.1402994E+01
 0.1520000E+01  0.1407917E+01
 0.1530000E+01  0.1412450E+01
 0.1540000E+01  0.1416616E+01
 0.1550000E+01  0.1420437E+01
 0.1560000E+01  0.1423936E+01
 0.1570000E+01  0.1427135E+01
 0.1580000E+01  0.1430059E+01
 0.1590000E+01  0.1432729E+01
 0.1600000E+01  0.1435167E+01
 0.1610000E+01  0.1437396E+01
 0.1620000E+01  0.1439437E+01
 0.1630000E+01  0.1441308E+01
 0.1640000E+01  0.1443029E+01
 0.1650000E+01  0.1444617E+01
 0.1660000E+01  0.1446089E+01
 0.1670000E+01  0.1447460E+01
 0.1680000E+01  0.1448743E+01
 0.1690000E+01  0.1449952E+01
 0.1700000E+01  0.1451097E+01
 0.1710000E+01  0.1452187E+01
 0.1720000E+01  0.1453231E+01
 0.1730000E+01  0.1454237E+01
 0.1740000E+01  0.1455209E+01
 0.1750000E+01  0.1456152E+01
 0.1760000E+01  0.1457069E+01
 0.1770000E+01  0.1457963E+01
 0.1780000E+01  0.1458835E+01
 0.1790000E+01  0.1459686E+01
 0.1800000E+01  0.1460514E+01
 0.1810000E+01  0.1461319E+01
 0.1820000E+01  0.1462099E+01
 0.1830000E+01  0.1462852E+01
 0.1840000E+01  0.1463573E+01
 0.1850000E+01  0.1464261E+01
 0.1860000E+01  0.1464911E+01
 0.1870000E+01  0.1465519E+01
 0.1880000E+01  0.1466081E+01
 0.1890000E+01  0.1466592E+01
 0.1900000E+01  0.1467048E+01
 0.1910000E+01  0.1467445E+01
 0.1920000E+01  0.1467777E+01
 0.1930000E+01  0.1468040E+01
 0.1940000E+01  0.1468229E+01
 0.1950000E+01  0.1468341E+01
 0.1960000E+01  0.1468370E+01
 0.1970000E+01  0.1468313E+01
 0.1980000E+01  0.1468165E+01
 0.1990000E+01  0.1467923E+01
 0.2000000E+01  0.1467582E+01
 0.2010000E+01  0.1467140E+01
 0.2020000E+01  0.1466593E+01
 0.2030000E+01  0.1465938E+01
 0.2040000E+01  0.1465172E+01
 0.2050000E+01  0.1464293E+01
 0.2060000E+01  0.1463297E+01
 0.2070000E+01  0.1462184E+01
 0.2080000E+01  0.1460951E+01
 0.2090000E+01  0.1459595E+01
 0.2100000E+01  0.1458117E+01
 0.2110000E+01  0.1456513E+01
 0.2120000E+01  0.1454783E+01
 0.2130000E+01  0.1452926E+01
 0.2140000E+01  0.1450941E+01
 0.2150000E+01  0.1448827E+01
 0.2160000E+01  0.1446584E+01
 0.2170000E+01  0.1444212E+01
 0.2180000E+01  0.1441709E+01
 0.2190000E+01  0.1439077E+01
 0.2200000E+01  0.1436314E+01
 0.2210000E+01  0.1433422E+01
 0.2220000E+01  0.1430400E+01
 0.2230000E+01  0.1427248E+01
 0.2240000E+01  0.1423968E+01
 0.2250000E+01  0.1420560E+01
 0.2260000E+01  0.1417024E+01
 0.2270000E+01  0.1413361E+01
 0.2280000E+01  0.1409571E+01
 0.2290000E+01  0.1405657E+01
 0.2300000E+01  0.1401617E+01
 0.2310000E+01  0.1397455E+01
 0.2320000E+01  0.1393170E+01
 0.2330000E+01  0.1388763E+01
 0.2340000E+01  0.1384237E+01
 0.2350000E+01  0.1379591E+01
 0.2360000E+01  0.1374828E+01
 0.2370000E+01  0.1369947E+01
 0.2380000E+01  0.1364952E+01
 0.2390000E+01  0.1359842E+01
 0.2400000E+01  0.1354620E+01
 0.2410000E+01  0.1349286E+01
 0.2420000E+01  0.1343842E+01
 0.2430000E+01  0.1338290E+01
 0.2440000E+01  0.1332630E+01
 0.2450000E+01  0.1326864E+01
 0.2460000E+01  0.1320995E+01
 0.2470000E+01  0.1315022E+01
 0.2480000E+01  0.1308947E+01
 0.2490000E+01  0.1302773E+01
 0.2500000E+01  0.1296500E+01
 0.2510000E+01  0.1290130E+01
 0.2520000E+01  0.1283664E+01
 0.2530000E+01  0.1277104E+01
 0.2540000E+01  0.1270452E+01
 0.2550000E+01  0.1263708E+01
 0.2560000E+01  0.1256874E+01
 0.2570000E+01  0.1249953E+01
 0.2580000E+01  0.1242944E+01
 0.2590000E+01  0.1235850E+01
 0.2600000E+01  0.1228673E+01
 0.2610000E+01  0.1221413E+01
 0.2620000E+01  0.1214072E+01
 0.2630000E+01  0.1206651E+01
 0.2640000E+01  0.1199153E+01
 0.2650000E+01  0.1191578E+01
 0.2660000E+01  0.1183927E+01
 0.2670000E+01  0.1176203E+01
 0.2680000E+01  0.1168407E+01
 0.2690000E+01  0.1160539E+01
 0.2700000E+01  0.1152602E+01
 0.2710000E+01  0.1144596E+01
 0.2720000E+01  0.1136524E+01
 0.2730000E+01  0.1128386E+01
 0.2740000E+01  0.1120183E+01
 0.2750000E+01  0.1111918E+01
 0.2760000E+01  0.1103591E+01
 0.2770000E+01  0.1095203E+01
 0.2780000E+01  0.1086756E+01
 0.2790000E+01  0.1078251E+01
 0.2800000E+01  0.1069689E+01
 0.2810000E+01  0.1061072E+01
 0.2820000E+01  0.1052400E+01
 0.2830000E+01  0.1043675E+01
 0.2840000E+01  0.1034897E+01
 0.2850000E+01  0.1026068E+01
 0.2860000E+01  0.1017189E+01
 0.2870000E+01  0.1008261E+01
 0.2880000E+01  0.9992853E+00
 0.2890000E+01  0.9902622E+00
 0.2900000E+01  0.9811930E+00
 0.2910000E+01  0.9720785E+00
 0.2920000E+01  0.9629197E+00
 0.2930000E+01  0.9537174E+00
 0.2940000E+01  0.9444725E+00
 0.2950000E+01  0.9351858E+00
 0.2960000E+01  0.9258579E+00
 0.2970000E+01  0.9164898E+00
 0.2980000E+01  0.9070820E+00
 0.2990000E+01  0.8976352E+00
 0.3000000E+01  0.8881501E+00
 0.3010000E+01  0.8786273E+00
 0.3020000E+01  0.8690672E+00
 0.3030000E+01  0.8594704E+00
 0.3040000E+01  0.8498375E+00
 0.3050000E+01  0.8401687E+00
 0.3060000E+01  0.8304646E+00
 0.3070000E+01  0.8207255E+00
 0.3080000E+01  0.8109516E+00
 0.3090000E+01  0.8011433E+00
 0.3100000E+01  0.7913009E+00
 0.3110000E+01  0.7814244E+00
 0.3120000E+01  0.7715141E+00
 0.3130000E+01  0.7615700E+00
 0.3140000E+01  0.7515922E+00
 0.3150000E+01  0.7415807E+00
 0.3160000E+01  0.7315355E+00
 0.3170000E+01  0.7214565E+00
 0.3180000E+01  0.7113435E+00
 0.3190000E+01  0.7011965E+00
 0.3200000E+01  0.6910151E+00
 0.3210000E+01  0.6807990E+00
 0.3220000E+01  0.6705481E+00
 0.3230000E+01  0.6602618E+00
 0.3240000E+01  0.6499398E+00
 0.3250000E+01  0.6395816E+00
 0.3260000E+01  0.6291867E+00
 0.3270000E+01  0.6187545E+00
 0.3280000E+01  0.6082844E+00
 0.3290000E+01  0.5977757E+00
 0.3300000E+01  0.5872276E+00
 0.3310000E+01  0.5766395E+00
 0.3320000E+01  0.5660104E+00
 0.3330000E+01  0.5553395E+00
 0.3340000E+01  0.5446258E+00
 0.3350000E+01  0.5338684E+00
 0.3360000E+01  0.5230662E+00
 0.3370000E+01  0.5122181E+00
 0.3380000E+01  0.5013229E+00
 0.3390000E+01  0.4903795E+00
 0.3400000E+01  0.4793866E+00
 0.3410000E+01  0.4683428E+00
 0.3420000E+01  0.4572469E+00
 0.3430000E+01  0.4460973E+00
 0.3440000E+01  0.4348926E+00
 0.3450000E+01  0.4236313E+00
 0.3460000E+01  0.4123118E+00
 0.3470000E+01  0.4009324E+00
 0.3480000E+01  0.3894915E+00
 0.3490000E+01  0.3779873E+00
 0.3500000E+01  0.3664181E+00
 0.3510000E+01  0.3547820E+00
 0.3520000E+01  0.3430770E+00
 0.3530000E+01  0.3313013E+00
 0.3540000E+01  0.3194529E+00
 0.3550000E+01  0.3075296E+00
 0.3560000E+01  0.2955295E+00
 0.3570000E+01  0.2834504E+00
 0.3580000E+01  0.2712900E+00
 0.3590000E+01  0.2590463E+00
 0.3600000E+01  0.2467168E+00
 0.3610000E+01  0.2342993E+00
 0.3620000E+01  0.2217914E+00
 0.3630000E+01  0.2091907E+00
 0.3640000E+01  0.1964949E+00
 0.3650000E+01  0.1837014E+00
 0.3660000E+01  0.1708077E+00
 0.3670000E+01  0.1578114E+00
 0.3680000E+01  0.1447098E+00
 0.3690000E+01  0.1315004E+00
 0.3700000E+01  0.1181807E+00
 0.3710000E+01  0.1047479E+00
 0.3720000E+01  0.9119957E-01
 0.3730000E+01  0.7753295E-01
 0.3740000E+01  0.6374544E-01
 0.3750000E+01  0.4983442E-01
 0.3760000E+01  0.3579724E-01
 0.3770000E+01  0.2163131E-01
 0.3780000E+01  0.7334021E-02
 0.3790000E+01 -0.7097202E-02
 0.3800000E+01 -0.2166490E-01
 0.3810000E+01 -0.3637158E-01
 0.3820000E+01 -0.5121969E-01
 0.3830000E+01 -0.6621164E-01
 0.3840000E+01 -0.8134976E-01
 0.3850000E+01 -0.9663632E-01
 0.3860000E+01 -0.1120735E+00
 0.3870000E+01 -0.1276634E+00
 0.3880000E+01 -0.1434080E+00
 0.3890000E+01 -0.1593091E+00
 0.3900000E+01 -0.1753685E+00
 0.3910000E+01 -0.1915877E+00
 0.3920000E+01 -0.2079682E+00
 0.3930000E+01 -0.2245112E+00
 0.3940000E+01 -0.2412178E+00
 0.3950000E+01 -0.2580887E+00
 0.3960000E+01 -0.2751247E+00
 0.3970000E+01 -0.2923260E+00
 0.3980000E+01 -0.3096928E+00
 0.3990000E+01 -0.3272249E+00
 0.4000000E+01 -0.3449217E+00
 0.4010000E+01 -0.3627825E+00
 0.4020000E+01 -0.3808059E+00
 0.4030000E+01 -0.3989906E+00
 0.4040000E+01 -0.4173343E+00
 0.4050000E+01 -0.4358349E+00
 0.4060000E+01 -0.4544893E+00
 0.4070000E+01 -0.4732942E+00
 0.4080000E+01 -0.4922458E+00
 0.4090000E+01 -0.5113396E+00
 0.4100000E+01 -0.5305706E+00
 0.4110000E+01 -0.5499333E+00
 0.4120000E+01 -0.5694215E+00
 0.4130000E+01 -0.5890282E+00
 0.4140000E+01 -0.6087460E+00
 0.4150000E+01 -0.6285666E+00
 0.4160000E+01 -0.6484811E+00
 0.4170000E+01 -0.6684797E+00
 0.4180000E+01 -0.6885519E+00
 0.4190000E+01 -0.7086864E+00
 0.4200000E+01 -0.7288712E+00
 0.4210000E+01 -0.7490933E+00
 0.4220000E+01 -0.7693390E+00
 0.4230000E+01 -0.7895937E+00
 0.4240000E+01 -0.8098420E+00
 0.4250000E+01 -0.8300678E+00
 0.4260000E+01 -0.8502539E+00
 0.4270000E+01 -0.8703826E+00
 0.4280000E+01 -0.8904353E+00
 0.4290000E+01 -0.9103927E+00
 0.4300000E+01 -0.9302347E+00
 0.4310000E+01 -0.9499408E+00
 0.4320000E+01 -0.9694897E+00
 0.4330000E+01 -0.9888598E+00
 0.4340000E+01 -0.1008029E+01
 0.4350000E+01 -0.1026974E+01
 0.4360000E+01 -0.1045674E+01
 0.4370000E+01 -0.1064104E+01
 0.4380000E+01 -0.1082243E+01
 0.4390000E+01 -0.1100067E+01
 0.4400000E+01 -0.1117554E+01
 0.4410000E+01 -0.1134682E+01
 0.4420000E+01 -0.1151430E+01
 0.4430000E+01 -0.1167776E+01
 0.4440000E+01 -0.1183701E+01
 0.4450000E+01 -0.1199187E+01
 0.4460000E+01 -0.1214214E+01
 0.4470000E+01 -0.1228768E+01
 0.4480000E+01 -0.1242833E+01
 0.4490000E+01 -0.1256395E+01
 0.4500000E+01 -0.1269444E+01
 0.4510000E+01 -0.1281970E+01
 0.4520000E+01 -0.1293966E+01
 0.4530000E+01 -0.1305426E+01
 0.4540000E+01 -0.1316346E+01
 0.4550000E+01 -0.1326727E+01
 0.4560000E+01 -0.1336568E+01
 0.4570000E+01 -0.1345875E+01
 0.4580000E+01 -0.1354651E+01
 0.4590000E+01 -0.1362906E+01
 0.4600000E+01 -0.1370648E+01
 0.4610000E+01 -0.1377892E+01
 0.4620000E+01 -0.1384649E+01
 0.4630000E+01 -0.1390937E+01
 0.4640000E+01 -0.1396771E+01
 0.4650000E+01 -0.1402172E+01
 0.4660000E+01 -0.1407159E+01
 0.4670000E+01 -0.1411753E+01
 0.4680000E+01 -0.1415976E+01
 0.4690000E+01 -0.1419850E+01
 0.4700000E+01 -0.1423399E+01
 0.4710000E+01 -0.1426645E+01
 0.4720000E+01 -0.1429611E+01
 0.4730000E+01 -0.1432320E+01
 0.4740000E+01 -0.1434794E+01
 0.4750000E+01 -0.1437055E+01
 0.4760000E+01 -0.1439124E+01
 0.4770000E+01 -0.1441020E+01
 0.4780000E+01 -0.1442764E+01
 0.4790000E+01 -0.1444372E+01
 0.4800000E+01 -0.1445862E+01
 0.4810000E+01 -0.1447248E+01
 0.4820000E+01 -0.1448544E+01
 0.4830000E+01 -0.1449764E+01
 0.4840000E+01 -0.1450918E+01
 0.4850000E+01 -0.1452017E+01
 0.4860000E+01 -0.1453068E+01
 0.4870000E+01 -0.1454079E+01
 0.4880000E+01 -0.1455056E+01
 0.4890000E+01 -0.1456003E+01
 0.4900000E+01 -0.1456924E+01
 0.4910000E+01 -0.1457822E+01
 0.4920000E+01 -0.1458698E+01
 0.4930000E+01 -0.1459552E+01
 0.4940000E+01 -0.1460384E+01
 0.4950000E+01 -0.1461193E+01
 0.4960000E+01 -0.1461977E+01
 0.4970000E+01 -0.1462734E+01
 0.4980000E+01 -0.1463461E+01
 0.4990000E+01 -0.1464154E+01
 0.5000000E+01 -0.1464810E+01
 0.5010000E+01 -0.1465425E+01
 0.5020000E+01 -0.1465994E+01
 0.5030000E+01 -0.1466514E+01
 0.5040000E+01 -0.1466979E+01
 0.5050000E+01 -0.1467386E+01
 0.5060000E+01 -0.1467728E+01
 0.5070000E+01 -0.1468003E+01
 0.5080000E+01 -0.1468204E+01
 0.5090000E+01 -0.1468329E+01
 0.5100000E+01 -0.1468371E+01
 0.5110000E+01 -0.1468328E+01
 0.5120000E+01 -0.1468195E+01
 0.5130000E+01 -0.1467968E+01
 0.5140000E+01 -0.1467643E+01
 0.5150000E+01 -0.1467217E+01
 0.5160000E+01 -0.1466687E+01
 0.5170000E+01 -0.1466050E+01
 0.5180000E+01 -0.1465301E+01
 0.5190000E+01 -0.1464440E+01
 0.5200000E+01 -0.1463464E+01
 0.5210000E+01 -0.1462369E+01
 0.5220000E+01 -0.1461155E+01
 0.5230000E+01 -0.1459819E+01
 0.5240000E+01 -0.1458360E+01
 0.5250000E+01 -0.1456777E+01
 0.5260000E+01 -0.1455067E+01
 0.5270000E+01 -0.1453230E+01
 0.5280000E+01 -0.1451266E+01
 0.5290000E+01 -0.1449173E+01
 0.5300000E+01 -0.1446950E+01
 0.5310000E+01 -0.1444598E+01
 0.5320000E+01 -0.1442117E+01
 0.5330000E+01 -0.1439505E+01
 0.5340000E+01 -0.1436763E+01
 0.5350000E+01 -0.1433891E+01
 0.5360000E+01 -0.1430890E+01
 0.5370000E+01 -0.1427759E+01
 0.5380000E+01 -0.1424499E+01
 0.5390000E+01 -0.1421111E+01
 0.5400000E+01 -0.1417595E+01
 0.5410000E+01 -0.1413952E+01
 0.5420000E+01 -0.1410183E+01
 0.5430000E+01 -0.1406288E+01
 0.5440000E+01 -0.1402269E+01
 0.5450000E+01 -0.1398126E+01
 0.5460000E+01 -0.1393860E+01
 0.5470000E+01 -0.1389473E+01
 0.5480000E+01 -0.1384966E+01
 0.5490000E+01 -0.1380339E+01
 0.5500000E+01 -0.1375594E+01
 0.5510000E+01 -0.1370732E+01
 0.5520000E+01 -0.1365755E+01
 0.5530000E+01 -0.1360664E+01
 0.5540000E+01 -0.1355459E+01
 0.5550000E+01 -0.1350143E+01
 0.5560000E+01 -0.1344717E+01
 0.5570000E+01 -0.1339181E+01
 0.5580000E+01 -0.1333539E+01
 0.5590000E+01 -0.1327790E+01
 0.5600000E+01 -0.1321936E+01
 0.5610000E+01 -0.1315980E+01
 0.5620000E+01 -0.1309921E+01
 0.5630000E+01 -0.1303763E+01
 0.5640000E+01 -0.1297506E+01
 0.5650000E+01 -0.1291151E+01
 0.5660000E+01 -0.1284700E+01
 0.5670000E+01 -0.1278155E+01
 0.5680000E+01 -0.1271517E+01
 0.5690000E+01 -0.1264788E+01
 0.5700000E+01 -0.1257969E+01
 0.5710000E+01 -0.1251061E+01
 0.5720000E+01 -0.1244066E+01
 0.5730000E+01 -0.1236986E+01
 0.5740000E+01 -0.1229822E+01
 0.5750000E+01 -0.1222575E+01
 0.5760000E+01 -0.1215246E+01
 0.5770000E+01 -0.1207838E+01
 0.5780000E+01 -0.1200352E+01
 0.5790000E+01 -0.1192789E+01
 0.5800000E+01 -0.1185151E+01
 0.5810000E+01 -0.1177438E+01
 0.5820000E+01 -0.1169653E+01
 0.5830000E+01 -0.1161797E+01
 0.5840000E+01 -0.1153871E+01
 0.5850000E+01 -0.1145876E+01
 0.5860000E+01 -0.1137814E+01
 0.5870000E+01 -0.1129686E+01
 0.5880000E+01 -0.1121494E+01
 0.5890000E+01 -0.1113239E+01
 0.5900000E+01 -0.1104921E+01
 0.5910000E+01 -0.1096543E+01
 0.5920000E+01 -0.1088105E+01
 0.5930000E+01 -0.1079610E+01
 0.5940000E+01 -0.1071057E+01
 0.5950000E+01 -0.1062448E+01
 0.5960000E+01 -0.1053785E+01
 0.5970000E+01 -0.1045068E+01
 0.5980000E+01 -0.1036298E+01
 0.5990000E+01 -0.1027478E+01
 0.6000000E+01 -0.1018607E+01
 0.6010000E+01 -0.1009687E+01
 0.6020000E+01 -0.1000718E+01
 0.6030000E+01 -0.9917024E+00
 0.6040000E+01 -0.9826404E+00
 0.6050000E+01 -0.9735331E+00
 0.6060000E+01 -0.9643813E+00
 0.6070000E+01 -0.9551859E+00
 0.6080000E+01 -0.9459477E+00
 0.6090000E+01 -0.9366676E+00
 0.6100000E+01 -0.9273463E+00
 0.6110000E+01 -0.9179845E+00
 0.6120000E+01 -0.9085830E+00
 0.6130000E+01 -0.8991424E+00
 0.6140000E+01 -0.8896633E+00
 0.6150000E+01 -0.8801464E+00
 0.6160000E+01 -0.8705923E+00
 0.6170000E+01 -0.8610013E+00
 0.6180000E+01 -0.8513741E+00
 0.6190000E+01 -0.8417110E+00
 0.6200000E+01 -0.8320125E+00
 0.6210000E+01 -0.8222789E+00
 0.6220000E+01 -0.8125106E+00
 0.6230000E+01 -0.8027078E+00
 0.6240000E+01 -0.7928707E+00
 0.6250000E+01 -0.7829997E+00
 0.6260000E+01 -0.7730947E+00
 0.6270000E+01 -0.7631560E+00
 0.6280000E+01 -0.7531836E+00
 0.6290000E+01 -0.7431775E+00
 0.6300000E+01 -0.7331376E+00
 0.6310000E+01 -0.7230640E+00
 0.6320000E+01 -0.7129565E+00
 0.6330000E+01 -0.7028148E+00
 0.6340000E+01 -0.6926389E+00
 0.6350000E+01 -0.6824284E+00
 0.6360000E+01 -0.6721830E+00
 0.6370000E+01 -0.6619024E+00
 0.6380000E+01 -0.6515861E+00
 0.6390000E+01 -0.6412338E+00
 0.6400000E+01 -0.6308447E+00
 0.6410000E+01 -0.6204185E+00
 0.6420000E+01 -0.6099545E+00
 0.6430000E+01 -0.5994519E+00
 0.6440000E+01 -0.5889102E+00
 0.6450000E+01 -0.5783285E+00
 0.6460000E+01 -0.5677060E+00
 0.6470000E+01 -0.5570418E+00
 0.6480000E+01 -0.5463350E+00
 0.6490000E+01 -0.5355847E+00
 0.6500000E+01 -0.5247897E+00
 0.6510000E+01 -0.5139489E+00
 0.6520000E+01 -0.5030614E+00
 0.6530000E+01 -0.4921257E+00
 0.6540000E+01 -0.4811407E+00
 0.6550000E+01 -0.4701052E+00
 0.6560000E+01 -0.4590176E+00
 0.6570000E+01 -0.4478767E+00
 0.6580000E+01 -0.4366809E+00
 0.6590000E+01 -0.4254287E+00
 0.6600000E+01 -0.4141185E+00
 0.6610000E+01 -0.4027488E+00
 0.6620000E+01 -0.3913178E+00
 0.6630000E+01 -0.3798239E+00
 0.6640000E+01 -0.3682651E+00
 0.6650000E+01 -0.3566398E+00
 0.6660000E+01 -0.3449459E+00
 0.6670000E+01 -0.3331816E+00
 0.6680000E+01 -0.3213449E+00
 0.6690000E+01 -0.3094337E+00
 0.6700000E+01 -0.2974460E+00
 0.6710000E+01 -0.2853795E+00
 0.6720000E+01 -0.2732323E+00
 0.6730000E+01 -0.2610019E+00
 0.6740000E+01 -0.2486863E+00
 0.6750000E+01 -0.2362829E+00
 0.6760000E+01 -0.2237896E+00
 0.6770000E+01 -0.2112039E+00
 0.6780000E+01 -0.1985233E+00
 0.6790000E+01 -0.1857456E+00
 0.6800000E+01 -0.1728680E+00
 0.6810000E+01 -0.1598882E+00
 0.6820000E+01 -0.1468036E+00
 0.6830000E+01 -0.1336115E+00
 0.6840000E+01 -0.1203096E+00
 0.6850000E+01 -0.1068950E+00
 0.6860000E+01 -0.9336520E-01
 0.6870000E+01 -0.7971759E-01
 0.6880000E+01 -0.6594951E-01
 0.6890000E+01 -0.5205833E-01
 0.6900000E+01 -0.3804143E-01
 0.6910000E+01 -0.2389618E-01
 0.6920000E+01 -0.9619982E-02
 0.6930000E+01  0.4789740E-02
 0.6940000E+01  0.1933553E-01
 0.6950000E+01  0.3401991E-01
 0.6960000E+01  0.4884533E-01
 0.6970000E+01  0.6381421E-01
 0.6980000E+01  0.7892890E-01
 0.6990000E+01  0.9419168E-01
 0.7000000E+01  0.1096047E+00
 0.7010000E+01  0.1251702E+00
 0.7020000E+01  0.1408900E+00
 0.7030000E+01  0.1567660E+00
 0.7040000E+01  0.1728001E+00
 0.7050000E+01  0.1889938E+00
 0.7060000E+01  0.2053485E+00
 0.7070000E+01  0.2218655E+00
 0.7080000E+01  0.2385460E+00
 0.7090000E+01  0.2553907E+00
 0.7100000E+01  0.2724004E+00
 0.7110000E+01  0.2895754E+00
 0.7120000E+01  0.3069158E+00
 0.7130000E+01  0.3244216E+00
 0.7140000E+01  0.3420922E+00
 0.7150000E+01  0.3599269E+00
 0.7160000E+01  0.3779246E+00
 0.7170000E+01  0.3960837E+00
 0.7180000E+01  0.4144023E+00
 0.7190000E+01  0.4328780E+00
 0.7200000E+01  0.4515081E+00
 0.7210000E+01  0.4702893E+00
 0.7220000E+01  0.4892178E+00
 0.7230000E+01  0.5082893E+00
 0.7240000E+01  0.5274988E+00
 0.7250000E+01  0.5468410E+00
 0.7260000E+01  0.5663096E+00
 0.7270000E+01  0.5858979E+00
 0.7280000E+01  0.6055986E+00
 0.7290000E+01  0.6254034E+00
 0.7300000E+01  0.6453035E+00
 0.7310000E+01  0.6652894E+00
 0.7320000E+01  0.6853506E+00
 0.7330000E+01  0.7054760E+00
 0.7340000E+01  0.7256536E+00
 0.7350000E+01  0.7458706E+00
 0.7360000E+01  0.7661135E+00
 0.7370000E+01  0.7863678E+00
 0.7380000E+01  0.8066183E+00
 0.7390000E+01  0.8268487E+00
 0.7400000E+01  0.8470424E+00
 0.7410000E+01  0.8671814E+00
 0.7420000E+01  0.8872475E+00
 0.7430000E+01  0.9072214E+00
 0.7440000E+01  0.9270832E+00
 0.7450000E+01  0.9468123E+00
 0.7460000E+01  0.9663877E+00
 0.7470000E+01  0.9857877E+00
 0.7480000E+01  0.1004990E+01
 0.7490000E+01  0.1023973E+01
 0.7500000E+01  0.1042713E+01
 0.7510000E+01  0.1061188E+01
 0.7520000E+01  0.1079374E+01
 0.7530000E+01  0.1097250E+01
 0.7540000E+01  0.1114792E+01
 0.7550000E+01  0.1131979E+01
 0.7560000E+01  0.1148789E+01
 0.7570000E+01  0.1165200E+01
 0.7580000E+01  0.1181194E+01
 0.7590000E+01  0.1196751E+01
 0.7600000E+01  0.1211852E+01
 0.7610000E+01  0.1226482E+01
 0.7620000E+01  0.1240626E+01
 0.7630000E+01  0.1254269E+01
 0.7640000E+01  0.1267401E+01
 0.7650000E+01  0.1280011E+01
 0.7660000E+01  0.1292091E+01
 0.7670000E+01  0.1303637E+01
 0.7680000E+01  0.1314643E+01
 0.7690000E+01  0.1325110E+01
 0.7700000E+01  0.1335037E+01
 0.7710000E+01  0.1344428E+01
 0.7720000E+01  0.1353288E+01
 0.7730000E+01  0.1361625E+01
 0.7740000E+01  0.1369449E+01
 0.7750000E+01  0.1376771E+01
 0.7760000E+01  0.1383605E+01
 0.7770000E+01  0.1389966E+01
 0.7780000E+01  0.1395872E+01
 0.7790000E+01  0.1401340E+01
 0.7800000E+01  0.1406392E+01
 0.7810000E+01  0.1411047E+01
 0.7820000E+01  0.1415327E+01
 0.7830000E+01  0.1419256E+01
 0.7840000E+01  0.1422855E+01
 0.7850000E+01  0.1426147E+01
 0.7860000E+01  0.1429156E+01
 0.7870000E+01  0.1431904E+01
 0.7880000E+01  0.1434414E+01
 0.7890000E+01  0.1436708E+01
 0.7900000E+01  0.1438806E+01
 0.7910000E+01  0.1440729E+01
 0.7920000E+01  0.1442496E+01
 0.7930000E+01  0.1444124E+01
 0.7940000E+01  0.1445632E+01
 0.7950000E+01  0.1447033E+01
 0.7960000E+01  0.1448343E+01
 0.7970000E+01  0.1449574E+01
 0.7980000E+01  0.1450738E+01
 0.7990000E+01  0.1451845E+01
 0.8000000E+01  0.1452903E+01
