-0.2921535E+01 -0.2888785E+01
-0.2918281E+01 -0.2686633E+01
-0.2914414E+01 -0.2485381E+01
-0.2909955E+01 -0.2284682E+01
-0.2904889E+01 -0.2084321E+01
-0.2899169E+01 -0.1884152E+01
-0.2892703E+01 -0.1684025E+01
-0.2885330E+01 -0.1483696E+01
-0.2876768E+01 -0.1282694E+01
-0.2866500E+01 -0.1080096E+01
-0.2853569E+01 -0.8741728E+00
-0.2836160E+01 -0.6619195E+00
-0.2811037E+01 -0.4389884E+00
-0.2773605E+01 -0.2022925E+00
-0.2720720E+01  0.3912315E-01
-0.2654231E+01  0.2498034E+00
-0.2695864E+01 -0.2885379E+01
-0.2692153E+01 -0.2682619E+01
-0.2687783E+01 -0.2480740E+01
-0.2682795E+01 -0.2279390E+01
-0.2677185E+01 -0.2078343E+01
-0.2670909E+01 -0.1877437E+01
-0.2663878E+01 -0.1676503E+01
-0.2655935E+01 -0.1475269E+01
-0.2646791E+01 -0.1273222E+01
-0.2635915E+01 -0.1069385E+01
-0.2622298E+01 -0.8619628E+00
-0.2603996E+01 -0.6479343E+00
-0.2577519E+01 -0.4231930E+00
-0.2537970E+01 -0.1856278E+00
-0.2482180E+01  0.5402472E-01
-0.2412392E+01  0.2602115E+00
-0.2470193E+01 -0.2881474E+01
-0.2466142E+01 -0.2678090E+01
-0.2461408E+01 -0.2475575E+01
-0.2456057E+01 -0.2273565E+01
-0.2450093E+01 -0.2071824E+01
-0.2443482E+01 -0.1870174E+01
-0.2436142E+01 -0.1668429E+01
-0.2427923E+01 -0.1466290E+01
-0.2418546E+01 -0.1263205E+01
-0.2407482E+01 -0.1058144E+01
-0.2393691E+01 -0.8492587E+00
-0.2375129E+01 -0.6335322E+00
-0.2348072E+01 -0.4071191E+00
-0.2307353E+01 -0.1687984E+00
-0.2249881E+01  0.6952522E-01
-0.2178241E+01  0.2729791E+00
-0.2245303E+01 -0.2877160E+01
-0.2241085E+01 -0.2673172E+01
-0.2236176E+01 -0.2470035E+01
-0.2230667E+01 -0.2267377E+01
-0.2224572E+01 -0.2064951E+01
-0.2217860E+01 -0.1862568E+01
-0.2210461E+01 -0.1660024E+01
-0.2202234E+01 -0.1456996E+01
-0.2192911E+01 -0.1252899E+01
-0.2181969E+01 -0.1046655E+01
-0.2168346E+01 -0.8363773E+00
-0.2149891E+01 -0.6190703E+00
-0.2122630E+01 -0.3911529E+00
-0.2081141E+01 -0.1521774E+00
-0.2022560E+01  0.8522773E-01
-0.1949794E+01  0.2873003E+00
-0.2021869E+01 -0.2872580E+01
-0.2017687E+01 -0.2668028E+01
-0.2012803E+01 -0.2464294E+01
-0.2007332E+01 -0.2261005E+01
-0.2001295E+01 -0.2057905E+01
-0.1994668E+01 -0.1854796E+01
-0.1987384E+01 -0.1651460E+01
-0.1979309E+01 -0.1447554E+01
-0.1970187E+01 -0.1242462E+01
-0.1959499E+01 -0.1035074E+01
-0.1946151E+01 -0.8234782E+00
-0.1927867E+01 -0.6047247E+00
-0.1900390E+01 -0.3755014E+00
-0.1858084E+01 -0.1360304E+00
-0.1798520E+01  0.1007161E+00
-0.1724934E+01  0.3026796E+00
-0.1800270E+01 -0.2867886E+01
-0.1796319E+01 -0.2662811E+01
-0.1791627E+01 -0.2458498E+01
-0.1786336E+01 -0.2254580E+01
-0.1780475E+01 -0.2050801E+01
-0.1774020E+01 -0.1846954E+01
-0.1766907E+01 -0.1642809E+01
-0.1759009E+01 -0.1438008E+01
-0.1750076E+01 -0.1231916E+01
-0.1739588E+01 -0.1023405E+01
-0.1726416E+01 -0.8105630E+00
-0.1708129E+01 -0.5905149E+00
-0.1680153E+01 -0.3602309E+00
-0.1636698E+01 -0.1204852E+00
-0.1575988E+01  0.1159042E+00
-0.1501539E+01  0.3194169E+00
-0.1580545E+01 -0.2863193E+01
-0.1576988E+01 -0.2657623E+01
-0.1572599E+01 -0.2452723E+01
-0.1567553E+01 -0.2248151E+01
-0.1561889E+01 -0.2043652E+01
-0.1555582E+01 -0.1839018E+01
-0.1548569E+01 -0.1634012E+01
-0.1540727E+01 -0.1428265E+01
-0.1531814E+01 -0.1221136E+01
-0.1521310E+01 -0.1011498E+01
-0.1508034E+01 -0.7974712E+00
-0.1489375E+01 -0.5762855E+00
-0.1460385E+01 -0.3451884E+00
-0.1415156E+01 -0.1052933E+00
-0.1352701E+01  0.1313875E+00
-0.1276592E+01  0.3383873E+00
-0.1362416E+01 -0.2858550E+01
-0.1359384E+01 -0.2652495E+01
-0.1355352E+01 -0.2446967E+01
-0.1350541E+01 -0.2241673E+01
-0.1345000E+01 -0.2036372E+01
-0.1338702E+01 -0.1830855E+01
-0.1331583E+01 -0.1624883E+01
-0.1323524E+01 -0.1418091E+01
-0.1314293E+01 -0.1209841E+01
-0.1303366E+01 -0.9990318E+00
-0.1289500E+01 -0.7838410E+00
-0.1269840E+01 -0.5616268E+00
-0.1238948E+01 -0.3298589E+00
-0.1190727E+01 -0.8969375E-01
-0.1124961E+01  0.1481407E+00
-0.1045280E+01  0.3600781E+00
-0.1145207E+01 -0.2853967E+01
-0.1142827E+01 -0.2647432E+01
-0.1139175E+01 -0.2441200E+01
-0.1134535E+01 -0.2235069E+01
-0.1128962E+01 -0.2028821E+01
-0.1122426E+01 -0.1822258E+01
-0.1114854E+01 -0.1615149E+01
-0.1106132E+01 -0.1407137E+01
-0.1096033E+01 -0.1197607E+01
-0.1084021E+01 -0.9855022E+00
-0.1068750E+01 -0.7690822E+00
-0.1046994E+01 -0.5458390E+00
-0.1012549E+01 -0.3133955E+00
-0.9588563E+00 -0.7276235E-01
-0.8865458E+00  0.1665843E+00
-0.8002049E+00  0.3832646E+00
-0.9276155E+00 -0.2849453E+01
-0.9260229E+00 -0.2642493E+01
-0.9227738E+00 -0.2435467E+01
-0.9182336E+00 -0.2228330E+01
-0.9124428E+00 -0.2020916E+01
-0.9053429E+00 -0.1813055E+01
-0.8968439E+00 -0.1604533E+01
-0.8868215E+00 -0.1395017E+01
-0.8750404E+00 -0.1183931E+01
-0.8609187E+00 -0.9702835E+00
-0.8429012E+00 -0.7524448E+00
-0.8171077E+00 -0.5280664E+00
-0.7759889E+00 -0.2949478E+00
-0.7120520E+00 -0.5411059E-01
-0.6275696E+00  0.1855779E+00
-0.5303515E+00  0.4041949E+00
-0.7074247E+00 -0.2844954E+01
-0.7066423E+00 -0.2637864E+01
-0.7038160E+00 -0.2430034E+01
-0.6993624E+00 -0.2221709E+01
-0.6932251E+00 -0.2012833E+01
-0.6852537E+00 -0.1803300E+01
-0.6752947E+00 -0.1592945E+01
-0.6631833E+00 -0.1381483E+01
-0.6486365E+00 -0.1168401E+01
-0.6309366E+00 -0.9528089E+00
-0.6080896E+00 -0.7332435E+00
-0.5749955E+00 -0.5076100E+00
-0.5217666E+00 -0.2740982E+00
-0.4397521E+00 -0.3432236E-01
-0.3359818E+00  0.2026304E+00
-0.2268035E+00  0.4199784E+00
-0.4815575E+00 -0.2840064E+01
-0.4810513E+00 -0.2633825E+01
-0.4785255E+00 -0.2425534E+01
-0.4742352E+00 -0.2215973E+01
-0.4678182E+00 -0.2005318E+01
-0.4588744E+00 -0.1793615E+01
-0.4470796E+00 -0.1580822E+01
-0.4321553E+00 -0.1366762E+01
-0.4136957E+00 -0.1151043E+01
-0.3906956E+00 -0.9329440E+00
-0.3603530E+00 -0.7112572E+00
-0.3155776E+00 -0.4842693E+00
-0.2435132E+00 -0.2506431E+00
-0.1375670E+00 -0.1184225E-01
-0.1791954E-01  0.2259995E+00
 0.9006025E-01  0.4500191E+00
-0.2484309E+00 -0.2833966E+01
-0.2462182E+00 -0.2630656E+01
-0.2432071E+00 -0.2422987E+01
-0.2389211E+00 -0.2212599E+01
-0.2323991E+00 -0.2000040E+01
-0.2227552E+00 -0.1785640E+01
-0.2092892E+00 -0.1569620E+01
-0.1914606E+00 -0.1352063E+01
-0.1686395E+00 -0.1132836E+01
-0.1394119E+00 -0.9114913E+00
-0.9997276E-01 -0.6871137E+00
-0.4139528E-01 -0.4580796E+00
 0.4868485E-01 -0.2218013E+00
 0.1642374E+00  0.2416639E-01
 0.2722681E+00  0.2718648E+00
 0.3550895E+00  0.5000310E+00
-0.1409437E-01 -0.2829594E+01
-0.8872576E-02 -0.2629286E+01
-0.2666855E-02 -0.2423453E+01
 0.3650637E-02 -0.2213277E+01
 0.1126493E-01 -0.1999241E+01
 0.2161874E-01 -0.1781888E+01
 0.3604420E-01 -0.1561819E+01
 0.5564201E-01 -0.1339631E+01
 0.8144701E-01 -0.1115726E+01
 0.1152413E+00 -0.8900641E+00
 0.1612896E+00 -0.6617708E+00
 0.2279562E+00 -0.4281423E+00
 0.3206437E+00 -0.1835948E+00
 0.4212158E+00  0.7261862E-01
 0.5024536E+00  0.3216941E+00
 0.5591469E+00  0.5434495E+00
 0.2207383E+00 -0.2827560E+01
 0.2034677E+00 -0.2632481E+01
 0.2187538E+00 -0.2427149E+01
 0.2347043E+00 -0.2218491E+01
 0.2482385E+00 -0.2004019E+01
 0.2614082E+00 -0.1783904E+01
 0.2767850E+00 -0.1559120E+01
 0.2966440E+00 -0.1331041E+01
 0.3228628E+00 -0.1101005E+01
 0.3575851E+00 -0.8695610E+00
 0.4047027E+00 -0.6355616E+00
 0.4698788E+00 -0.3948807E+00
 0.5515211E+00 -0.1419220E+00
 0.6300975E+00  0.1169734E+00
 0.6887069E+00  0.3596985E+00
 0.7275486E+00  0.5730467E+00
 0.3445144E+00 -0.2865223E+01
 0.3596724E+00 -0.2654581E+01
 0.3811948E+00 -0.2433118E+01
 0.4270552E+00 -0.2227388E+01
 0.4592357E+00 -0.2014451E+01
 0.4807497E+00 -0.1791450E+01
 0.4988289E+00 -0.1560973E+01
 0.5187762E+00 -0.1325733E+01
 0.5440535E+00 -0.1088328E+01
 0.5772762E+00 -0.8501175E+00
 0.6215817E+00 -0.6098233E+00
 0.6798368E+00 -0.3629317E+00
 0.7469705E+00 -0.1062444E+00
 0.8069285E+00  0.1494876E+00
 0.8497232E+00  0.3846174E+00
 0.8769703E+00  0.5912157E+00
