 0.10000E-01  0.10000E+01  0.58754E-17
 0.20000E-01  0.10000E+01 -0.42263E-16
 0.30000E-01  0.10000E+01  0.84591E-16
 0.40000E-01  0.10000E+01  0.68635E-17
 0.50000E-01  0.10000E+01  0.23865E-15
 0.60000E-01  0.10000E+01  0.13060E-15
 0.70000E-01  0.10000E+01  0.16562E-16
 0.80000E-01  0.10000E+01  0.11872E-15
 0.90000E-01  0.10000E+01  0.25607E-15
 0.10000E+00  0.10000E+01  0.62836E-16
 0.11000E+00  0.10000E+01  0.10643E-15
 0.12000E+00  0.10000E+01 -0.17583E-15
 0.13000E+00  0.10000E+01 -0.18319E-16
 0.14000E+00  0.10000E+01 -0.72103E-16
 0.15000E+00  0.10000E+01 -0.11695E-16
 0.16000E+00  0.10000E+01  0.12174E-15
 0.17000E+00  0.10000E+01  0.42761E-15
 0.18000E+00  0.10000E+01 -0.37879E-15
 0.19000E+00  0.99999E+00 -0.13361E-15
 0.20000E+00  0.99999E+00  0.33612E-15
 0.21000E+00  0.99999E+00 -0.66793E-15
 0.22000E+00  0.99999E+00 -0.73147E-16
 0.23000E+00  0.99999E+00 -0.39545E-15
 0.24000E+00  0.99999E+00  0.99184E-16
 0.25000E+00  0.99999E+00 -0.50907E-15
 0.26000E+00  0.99999E+00  0.17042E-15
 0.27000E+00  0.99999E+00  0.15229E-15
 0.28000E+00  0.99999E+00 -0.49071E-15
 0.29000E+00  0.99999E+00  0.55562E-16
 0.30000E+00  0.99999E+00 -0.14541E-15
 0.31000E+00  0.99999E+00 -0.51486E-15
 0.32000E+00  0.99998E+00 -0.10038E-14
 0.33000E+00  0.99998E+00 -0.11986E-14
 0.34000E+00  0.99998E+00 -0.14647E-14
 0.35000E+00  0.99998E+00  0.50061E-16
 0.36000E+00  0.99998E+00  0.10854E-14
 0.37000E+00  0.99998E+00 -0.61574E-15
 0.38000E+00  0.99998E+00  0.86864E-15
 0.39000E+00  0.99998E+00 -0.81732E-15
 0.40000E+00  0.99998E+00  0.28329E-15
 0.41000E+00  0.99998E+00 -0.15735E-14
 0.42000E+00  0.99997E+00 -0.94266E-15
 0.43000E+00  0.99997E+00  0.89229E-15
 0.44000E+00  0.99997E+00 -0.33751E-15
 0.45000E+00  0.99997E+00 -0.48994E-15
 0.46000E+00  0.99997E+00 -0.86840E-15
 0.47000E+00  0.99997E+00  0.41945E-15
 0.48000E+00  0.99997E+00 -0.30244E-15
 0.49000E+00  0.99996E+00 -0.12983E-14
 0.50000E+00  0.99996E+00 -0.24415E-15
 0.51000E+00  0.99996E+00  0.14555E-14
 0.52000E+00  0.99996E+00  0.57074E-15
 0.53000E+00  0.99996E+00  0.35600E-16
 0.54000E+00  0.99996E+00  0.83371E-15
 0.55000E+00  0.99996E+00  0.16320E-14
 0.56000E+00  0.99995E+00  0.19416E-15
 0.57000E+00  0.99995E+00  0.79546E-15
 0.58000E+00  0.99995E+00  0.88359E-15
 0.59000E+00  0.99995E+00  0.20717E-15
 0.60000E+00  0.99995E+00 -0.26618E-15
 0.61000E+00  0.99995E+00 -0.23823E-15
 0.62000E+00  0.99994E+00 -0.13879E-16
 0.63000E+00  0.99994E+00 -0.59059E-15
 0.64000E+00  0.99994E+00  0.72723E-15
 0.65000E+00  0.99994E+00  0.16465E-14
 0.66000E+00  0.99994E+00  0.65742E-15
 0.67000E+00  0.99993E+00  0.17602E-15
 0.68000E+00  0.99993E+00  0.11366E-15
 0.69000E+00  0.99993E+00  0.30383E-15
 0.70000E+00  0.99993E+00 -0.25663E-15
 0.71000E+00  0.99993E+00 -0.91952E-15
 0.72000E+00  0.99992E+00  0.45465E-15
 0.73000E+00  0.99992E+00  0.52865E-15
 0.74000E+00  0.99992E+00  0.74697E-15
 0.75000E+00  0.99992E+00 -0.82420E-16
 0.76000E+00  0.99992E+00  0.20964E-17
 0.77000E+00  0.99991E+00  0.11463E-14
 0.78000E+00  0.99991E+00 -0.10293E-14
 0.79000E+00  0.99991E+00  0.50263E-15
 0.80000E+00  0.99991E+00 -0.13039E-15
 0.81000E+00  0.99990E+00  0.13084E-14
 0.82000E+00  0.99990E+00  0.12078E-14
 0.83000E+00  0.99990E+00 -0.82071E-15
 0.84000E+00  0.99990E+00 -0.15955E-14
 0.85000E+00  0.99989E+00 -0.10173E-15
 0.86000E+00  0.99989E+00  0.12730E-14
 0.87000E+00  0.99989E+00 -0.12559E-14
 0.88000E+00  0.99989E+00 -0.34838E-15
 0.89000E+00  0.99988E+00 -0.61349E-15
 0.90000E+00  0.99988E+00 -0.12512E-14
 0.91000E+00  0.99988E+00  0.10661E-14
 0.92000E+00  0.99988E+00 -0.17913E-15
 0.93000E+00  0.99987E+00  0.25417E-15
 0.94000E+00  0.99987E+00 -0.33106E-15
 0.95000E+00  0.99987E+00  0.99048E-15
 0.96000E+00  0.99986E+00 -0.10165E-14
 0.97000E+00  0.99986E+00  0.17198E-15
 0.98000E+00  0.99986E+00  0.34831E-15
 0.99000E+00  0.99986E+00  0.15365E-14
 0.10000E+01  0.99985E+00  0.87913E-15
 0.10100E+01  0.99985E+00 -0.46859E-15
 0.10200E+01  0.99985E+00  0.32732E-15
 0.10300E+01  0.99984E+00 -0.39908E-15
 0.10400E+01  0.99984E+00  0.17696E-15
 0.10500E+01  0.99984E+00 -0.48665E-15
 0.10600E+01  0.99984E+00  0.15721E-14
 0.10700E+01  0.99983E+00 -0.85083E-15
 0.10800E+01  0.99983E+00  0.19357E-15
 0.10900E+01  0.99983E+00 -0.30814E-15
 0.11000E+01  0.99982E+00 -0.43607E-15
 0.11100E+01  0.99982E+00  0.17179E-14
 0.11200E+01  0.99982E+00 -0.33306E-15
 0.11300E+01  0.99981E+00  0.72999E-15
 0.11400E+01  0.99981E+00  0.19470E-15
 0.11500E+01  0.99981E+00  0.11189E-14
 0.11600E+01  0.99980E+00 -0.82162E-15
 0.11700E+01  0.99980E+00 -0.37066E-15
 0.11800E+01  0.99980E+00 -0.80065E-15
 0.11900E+01  0.99979E+00 -0.42589E-15
 0.12000E+01  0.99979E+00 -0.20308E-14
 0.12100E+01  0.99979E+00 -0.78484E-15
 0.12200E+01  0.99978E+00 -0.16096E-15
 0.12300E+01  0.99978E+00 -0.89872E-15
 0.12400E+01  0.99977E+00  0.11721E-14
 0.12500E+01  0.99977E+00  0.14733E-14
 0.12600E+01  0.99977E+00  0.23401E-15
 0.12700E+01  0.99976E+00  0.10307E-14
 0.12800E+01  0.99976E+00 -0.11150E-14
 0.12900E+01  0.99976E+00  0.10881E-15
 0.13000E+01  0.99975E+00  0.65571E-16
 0.13100E+01  0.99975E+00 -0.11682E-15
 0.13200E+01  0.99974E+00  0.43121E-16
 0.13300E+01  0.99974E+00  0.13518E-14
 0.13400E+01  0.99974E+00 -0.16089E-15
 0.13500E+01  0.99973E+00 -0.10644E-14
 0.13600E+01  0.99973E+00  0.30009E-15
 0.13700E+01  0.99972E+00  0.21742E-16
 0.13800E+01  0.99972E+00 -0.32637E-15
 0.13900E+01  0.99972E+00  0.12283E-14
 0.14000E+01  0.99971E+00  0.16735E-14
 0.14100E+01  0.99971E+00 -0.34860E-15
 0.14200E+01  0.99970E+00  0.14165E-14
 0.14300E+01  0.99970E+00 -0.27838E-15
 0.14400E+01  0.99970E+00 -0.31624E-14
 0.14500E+01  0.99969E+00 -0.63021E-15
 0.14600E+01  0.99969E+00  0.89161E-15
 0.14700E+01  0.99968E+00  0.35851E-15
 0.14800E+01  0.99968E+00  0.77179E-15
 0.14900E+01  0.99967E+00  0.63171E-15
 0.15000E+01  0.99967E+00  0.16496E-14
 0.15100E+01  0.99967E+00 -0.47512E-15
 0.15200E+01  0.99966E+00  0.29169E-14
 0.15300E+01  0.99966E+00  0.98670E-15
 0.15400E+01  0.99965E+00 -0.43815E-15
 0.15500E+01  0.99965E+00  0.18799E-14
 0.15600E+01  0.99964E+00  0.16535E-14
 0.15700E+01  0.99964E+00  0.22650E-15
 0.15800E+01  0.99963E+00 -0.46055E-15
 0.15900E+01  0.99963E+00 -0.10074E-15
 0.16000E+01  0.99963E+00 -0.19741E-15
 0.16100E+01  0.99962E+00  0.24018E-16
 0.16200E+01  0.99962E+00  0.26356E-14
 0.16300E+01  0.99961E+00 -0.30579E-15
 0.16400E+01  0.99961E+00 -0.93290E-15
 0.16500E+01  0.99960E+00 -0.70397E-16
 0.16600E+01  0.99960E+00 -0.18202E-15
 0.16700E+01  0.99959E+00  0.95166E-15
 0.16800E+01  0.99959E+00  0.44507E-16
 0.16900E+01  0.99958E+00 -0.11523E-14
 0.17000E+01  0.99958E+00 -0.44096E-15
 0.17100E+01  0.99957E+00 -0.12626E-15
 0.17200E+01  0.99957E+00  0.13697E-14
 0.17300E+01  0.99956E+00 -0.13175E-14
 0.17400E+01  0.99956E+00  0.33236E-15
 0.17500E+01  0.99955E+00 -0.67769E-15
 0.17600E+01  0.99955E+00 -0.12468E-14
 0.17700E+01  0.99954E+00  0.30842E-16
 0.17800E+01  0.99954E+00  0.71811E-16
 0.17900E+01  0.99953E+00 -0.15279E-14
 0.18000E+01  0.99953E+00  0.10071E-14
 0.18100E+01  0.99952E+00  0.97287E-15
 0.18200E+01  0.99952E+00 -0.11498E-14
 0.18300E+01  0.99951E+00  0.22224E-14
 0.18400E+01  0.99950E+00 -0.10026E-14
 0.18500E+01  0.99950E+00  0.79216E-15
 0.18600E+01  0.99949E+00  0.11644E-14
 0.18700E+01  0.99949E+00 -0.15137E-14
 0.18800E+01  0.99948E+00  0.10894E-14
 0.18900E+01  0.99948E+00  0.26228E-14
 0.19000E+01  0.99947E+00 -0.27443E-14
 0.19100E+01  0.99947E+00  0.17324E-14
 0.19200E+01  0.99946E+00 -0.69848E-15
 0.19300E+01  0.99945E+00  0.61485E-15
 0.19400E+01  0.99945E+00  0.17331E-14
 0.19500E+01  0.99944E+00 -0.57595E-15
 0.19600E+01  0.99944E+00 -0.31415E-15
 0.19700E+01  0.99943E+00 -0.43286E-15
 0.19800E+01  0.99943E+00  0.67423E-15
 0.19900E+01  0.99942E+00  0.30522E-14
 0.20000E+01  0.99941E+00 -0.25444E-14
 0.20100E+01  0.99941E+00  0.18234E-15
 0.20200E+01  0.99940E+00 -0.30251E-14
 0.20300E+01  0.99940E+00  0.83658E-15
 0.20400E+01  0.99939E+00  0.17825E-14
 0.20500E+01  0.99939E+00 -0.29801E-15
 0.20600E+01  0.99938E+00 -0.10321E-14
 0.20700E+01  0.99937E+00  0.21060E-15
 0.20800E+01  0.99937E+00 -0.40764E-15
 0.20900E+01  0.99936E+00 -0.23935E-14
 0.21000E+01  0.99936E+00  0.78662E-15
 0.21100E+01  0.99935E+00 -0.27183E-15
 0.21200E+01  0.99934E+00  0.32905E-14
 0.21300E+01  0.99934E+00 -0.10125E-14
 0.21400E+01  0.99933E+00 -0.24833E-14
 0.21500E+01  0.99932E+00  0.12294E-14
 0.21600E+01  0.99932E+00 -0.51017E-15
 0.21700E+01  0.99931E+00 -0.23928E-14
 0.21800E+01  0.99931E+00  0.37169E-16
 0.21900E+01  0.99930E+00  0.14405E-14
 0.22000E+01  0.99929E+00  0.30481E-14
 0.22100E+01  0.99929E+00 -0.22290E-14
 0.22200E+01  0.99928E+00  0.67597E-15
 0.22300E+01  0.99927E+00  0.18582E-14
 0.22400E+01  0.99927E+00  0.11694E-14
 0.22500E+01  0.99926E+00 -0.27905E-14
 0.22600E+01  0.99925E+00  0.13829E-14
 0.22700E+01  0.99925E+00 -0.39886E-14
 0.22800E+01  0.99924E+00  0.15724E-14
 0.22900E+01  0.99923E+00  0.41915E-15
 0.23000E+01  0.99923E+00  0.51657E-15
 0.23100E+01  0.99922E+00  0.21633E-15
 0.23200E+01  0.99921E+00  0.58768E-15
 0.23300E+01  0.99921E+00 -0.38629E-15
 0.23400E+01  0.99920E+00 -0.26248E-14
 0.23500E+01  0.99919E+00 -0.52607E-15
 0.23600E+01  0.99919E+00  0.26746E-14
 0.23700E+01  0.99918E+00 -0.41112E-15
 0.23800E+01  0.99917E+00  0.76080E-15
 0.23900E+01  0.99917E+00  0.22174E-14
 0.24000E+01  0.99916E+00 -0.17695E-14
 0.24100E+01  0.99915E+00  0.20691E-14
 0.24200E+01  0.99914E+00 -0.19068E-14
 0.24300E+01  0.99914E+00 -0.28009E-14
 0.24400E+01  0.99913E+00 -0.67530E-15
 0.24500E+01  0.99912E+00 -0.15018E-14
 0.24600E+01  0.99912E+00  0.16602E-15
 0.24700E+01  0.99911E+00  0.22873E-15
 0.24800E+01  0.99910E+00  0.92586E-15
 0.24900E+01  0.99909E+00 -0.11197E-14
 0.25000E+01  0.99909E+00  0.91531E-15
 0.25100E+01  0.99908E+00  0.15005E-14
 0.25200E+01  0.99907E+00 -0.49506E-15
 0.25300E+01  0.99907E+00  0.54008E-14
 0.25400E+01  0.99906E+00 -0.29061E-15
 0.25500E+01  0.99905E+00  0.17847E-14
 0.25600E+01  0.99904E+00  0.89247E-15
 0.25700E+01  0.99904E+00  0.56326E-14
 0.25800E+01  0.99903E+00  0.38171E-14
 0.25900E+01  0.99902E+00  0.22792E-14
 0.26000E+01  0.99901E+00 -0.22047E-15
 0.26100E+01  0.99901E+00  0.26362E-15
 0.26200E+01  0.99900E+00  0.11248E-14
 0.26300E+01  0.99899E+00  0.25734E-15
 0.26400E+01  0.99898E+00 -0.17000E-15
 0.26500E+01  0.99898E+00 -0.16209E-14
 0.26600E+01  0.99897E+00  0.32873E-14
 0.26700E+01  0.99896E+00 -0.28158E-14
 0.26800E+01  0.99895E+00 -0.12289E-14
 0.26900E+01  0.99894E+00  0.14119E-14
 0.27000E+01  0.99894E+00  0.27070E-14
 0.27100E+01  0.99893E+00  0.33216E-14
 0.27200E+01  0.99892E+00 -0.18623E-14
 0.27300E+01  0.99891E+00  0.67634E-15
 0.27400E+01  0.99891E+00  0.42074E-14
 0.27500E+01  0.99890E+00  0.34356E-14
 0.27600E+01  0.99889E+00 -0.28905E-14
 0.27700E+01  0.99888E+00 -0.91296E-15
 0.27800E+01  0.99887E+00  0.21500E-15
 0.27900E+01  0.99886E+00 -0.98303E-15
 0.28000E+01  0.99886E+00 -0.17335E-14
 0.28100E+01  0.99885E+00 -0.15433E-14
 0.28200E+01  0.99884E+00  0.40701E-15
 0.28300E+01  0.99883E+00 -0.17465E-14
 0.28400E+01  0.99882E+00  0.16626E-14
 0.28500E+01  0.99882E+00  0.11271E-14
 0.28600E+01  0.99881E+00 -0.11815E-14
 0.28700E+01  0.99880E+00 -0.22558E-15
 0.28800E+01  0.99879E+00  0.21218E-14
 0.28900E+01  0.99878E+00  0.25649E-14
 0.29000E+01  0.99877E+00 -0.22544E-14
 0.29100E+01  0.99877E+00  0.13537E-14
 0.29200E+01  0.99876E+00 -0.23808E-14
 0.29300E+01  0.99875E+00 -0.64647E-15
 0.29400E+01  0.99874E+00  0.38908E-14
 0.29500E+01  0.99873E+00  0.14737E-14
 0.29600E+01  0.99872E+00 -0.30398E-15
 0.29700E+01  0.99871E+00  0.11147E-14
 0.29800E+01  0.99871E+00 -0.28016E-14
 0.29900E+01  0.99870E+00 -0.20806E-15
 0.30000E+01  0.99869E+00 -0.93940E-15
 0.30100E+01  0.99868E+00 -0.11157E-14
 0.30200E+01  0.99867E+00  0.11484E-14
 0.30300E+01  0.99866E+00  0.39472E-15
 0.30400E+01  0.99865E+00 -0.17433E-15
 0.30500E+01  0.99865E+00  0.17144E-14
 0.30600E+01  0.99864E+00 -0.28857E-16
 0.30700E+01  0.99863E+00 -0.78140E-15
 0.30800E+01  0.99862E+00  0.16218E-14
 0.30900E+01  0.99861E+00  0.10021E-14
 0.31000E+01  0.99860E+00 -0.16077E-14
 0.31100E+01  0.99859E+00 -0.24877E-15
 0.31200E+01  0.99858E+00 -0.83234E-15
 0.31300E+01  0.99857E+00 -0.44505E-15
 0.31400E+01  0.99856E+00 -0.42128E-15
 0.31500E+01  0.99856E+00  0.58702E-15
 0.31600E+01  0.99855E+00 -0.86912E-15
 0.31700E+01  0.99854E+00 -0.99119E-15
 0.31800E+01  0.99853E+00  0.35110E-15
 0.31900E+01  0.99852E+00  0.21940E-15
 0.32000E+01  0.99851E+00 -0.12497E-14
 0.32100E+01  0.99850E+00 -0.31917E-15
 0.32200E+01  0.99849E+00  0.22131E-14
 0.32300E+01  0.99848E+00  0.15693E-14
 0.32400E+01  0.99847E+00 -0.16943E-15
 0.32500E+01  0.99846E+00 -0.49746E-15
 0.32600E+01  0.99845E+00  0.43596E-15
 0.32700E+01  0.99844E+00 -0.37216E-15
 0.32800E+01  0.99844E+00 -0.10484E-14
 0.32900E+01  0.99843E+00 -0.77662E-15
 0.33000E+01  0.99842E+00  0.98202E-15
 0.33100E+01  0.99841E+00 -0.13348E-14
 0.33200E+01  0.99840E+00  0.10718E-14
 0.33300E+01  0.99839E+00  0.68651E-15
 0.33400E+01  0.99838E+00  0.32968E-15
 0.33500E+01  0.99837E+00 -0.10456E-14
 0.33600E+01  0.99836E+00  0.39157E-15
 0.33700E+01  0.99835E+00  0.61118E-15
 0.33800E+01  0.99834E+00  0.60053E-15
 0.33900E+01  0.99833E+00 -0.68000E-15
 0.34000E+01  0.99832E+00  0.14298E-14
 0.34100E+01  0.99831E+00  0.43722E-15
 0.34200E+01  0.99830E+00 -0.39816E-15
 0.34300E+01  0.99829E+00 -0.52945E-15
 0.34400E+01  0.99828E+00  0.72132E-15
 0.34500E+01  0.99827E+00  0.18802E-14
 0.34600E+01  0.99826E+00 -0.92899E-15
 0.34700E+01  0.99825E+00  0.66677E-15
 0.34800E+01  0.99824E+00 -0.48130E-15
 0.34900E+01  0.99823E+00  0.10389E-14
 0.35000E+01  0.99822E+00 -0.64098E-15
 0.35100E+01  0.99821E+00  0.29200E-15
 0.35200E+01  0.99820E+00  0.16264E-14
 0.35300E+01  0.99819E+00 -0.55965E-15
 0.35400E+01  0.99818E+00 -0.12176E-14
 0.35500E+01  0.99817E+00  0.44683E-15
 0.35600E+01  0.99816E+00  0.48123E-15
 0.35700E+01  0.99815E+00  0.72063E-16
 0.35800E+01  0.99814E+00  0.41712E-15
 0.35900E+01  0.99813E+00 -0.23896E-16
 0.36000E+01  0.99812E+00  0.99050E-15
 0.36100E+01  0.99811E+00  0.12880E-14
 0.36200E+01  0.99810E+00 -0.25863E-15
 0.36300E+01  0.99809E+00  0.14823E-14
 0.36400E+01  0.99808E+00 -0.60744E-15
 0.36500E+01  0.99807E+00  0.13705E-15
 0.36600E+01  0.99806E+00 -0.11589E-14
 0.36700E+01  0.99805E+00  0.14084E-14
 0.36800E+01  0.99804E+00 -0.12019E-14
 0.36900E+01  0.99802E+00 -0.15572E-14
 0.37000E+01  0.99801E+00 -0.23920E-14
 0.37100E+01  0.99800E+00  0.23477E-16
 0.37200E+01  0.99799E+00  0.65628E-15
 0.37300E+01  0.99798E+00 -0.11069E-15
 0.37400E+01  0.99797E+00 -0.12561E-15
 0.37500E+01  0.99796E+00 -0.30314E-15
 0.37600E+01  0.99795E+00  0.14385E-15
 0.37700E+01  0.99794E+00 -0.12959E-14
 0.37800E+01  0.99793E+00 -0.86633E-15
 0.37900E+01  0.99792E+00 -0.51113E-15
 0.38000E+01  0.99791E+00  0.70674E-15
 0.38100E+01  0.99790E+00  0.62826E-15
 0.38200E+01  0.99788E+00  0.12426E-14
 0.38300E+01  0.99787E+00  0.27939E-14
 0.38400E+01  0.99786E+00 -0.23777E-14
 0.38500E+01  0.99785E+00  0.76817E-15
 0.38600E+01  0.99784E+00  0.38854E-14
 0.38700E+01  0.99783E+00  0.45609E-15
 0.38800E+01  0.99782E+00  0.10856E-14
 0.38900E+01  0.99781E+00  0.50039E-15
 0.39000E+01  0.99780E+00  0.51552E-16
 0.39100E+01  0.99779E+00 -0.46092E-15
 0.39200E+01  0.99777E+00  0.15585E-15
 0.39300E+01  0.99776E+00  0.23362E-14
 0.39400E+01  0.99775E+00 -0.83523E-15
 0.39500E+01  0.99774E+00  0.92322E-15
 0.39600E+01  0.99773E+00 -0.13554E-14
 0.39700E+01  0.99772E+00 -0.66472E-15
 0.39800E+01  0.99771E+00  0.69004E-15
 0.39900E+01  0.99769E+00  0.15928E-16
 0.40000E+01  0.99768E+00 -0.18353E-14
 0.40100E+01  0.99767E+00  0.37401E-14
 0.40200E+01  0.99766E+00 -0.12995E-14
 0.40300E+01  0.99765E+00 -0.16894E-14
 0.40400E+01  0.99764E+00  0.36570E-15
 0.40500E+01  0.99763E+00 -0.52618E-15
 0.40600E+01  0.99761E+00 -0.10315E-15
 0.40700E+01  0.99760E+00  0.73783E-15
 0.40800E+01  0.99759E+00 -0.36168E-14
 0.40900E+01  0.99758E+00  0.15499E-14
 0.41000E+01  0.99757E+00  0.31776E-15
 0.41100E+01  0.99756E+00  0.98342E-16
 0.41200E+01  0.99754E+00 -0.19414E-14
 0.41300E+01  0.99753E+00  0.22850E-14
 0.41400E+01  0.99752E+00 -0.34675E-14
 0.41500E+01  0.99751E+00 -0.13516E-14
 0.41600E+01  0.99750E+00  0.95276E-15
 0.41700E+01  0.99749E+00 -0.30397E-14
 0.41800E+01  0.99747E+00  0.18072E-14
 0.41900E+01  0.99746E+00 -0.29157E-14
 0.42000E+01  0.99745E+00  0.67767E-15
 0.42100E+01  0.99744E+00 -0.93478E-15
 0.42200E+01  0.99743E+00 -0.28022E-15
 0.42300E+01  0.99741E+00 -0.14127E-14
 0.42400E+01  0.99740E+00  0.10500E-14
 0.42500E+01  0.99739E+00  0.39340E-14
 0.42600E+01  0.99738E+00 -0.25409E-15
 0.42700E+01  0.99737E+00  0.13986E-14
 0.42800E+01  0.99735E+00  0.34864E-16
 0.42900E+01  0.99734E+00  0.23750E-14
 0.43000E+01  0.99733E+00 -0.32204E-14
 0.43100E+01  0.99732E+00 -0.31669E-14
 0.43200E+01  0.99730E+00  0.44131E-15
 0.43300E+01  0.99729E+00  0.21772E-14
 0.43400E+01  0.99728E+00 -0.36914E-14
 0.43500E+01  0.99727E+00 -0.83869E-15
 0.43600E+01  0.99725E+00  0.13658E-15
 0.43700E+01  0.99724E+00 -0.78124E-15
 0.43800E+01  0.99723E+00  0.64792E-15
 0.43900E+01  0.99722E+00  0.24745E-15
 0.44000E+01  0.99720E+00  0.40274E-15
 0.44100E+01  0.99719E+00  0.10476E-14
 0.44200E+01  0.99718E+00 -0.28554E-14
 0.44300E+01  0.99717E+00 -0.52355E-15
 0.44400E+01  0.99715E+00  0.24519E-14
 0.44500E+01  0.99714E+00 -0.44708E-14
 0.44600E+01  0.99713E+00  0.17565E-14
 0.44700E+01  0.99712E+00  0.14886E-14
 0.44800E+01  0.99710E+00  0.42953E-14
 0.44900E+01  0.99709E+00  0.15482E-14
 0.45000E+01  0.99708E+00  0.79666E-15
 0.45100E+01  0.99707E+00 -0.14027E-16
 0.45200E+01  0.99705E+00  0.20697E-14
 0.45300E+01  0.99704E+00 -0.41733E-14
 0.45400E+01  0.99703E+00  0.24417E-14
 0.45500E+01  0.99701E+00  0.15355E-14
 0.45600E+01  0.99700E+00  0.15551E-14
 0.45700E+01  0.99699E+00 -0.14830E-14
 0.45800E+01  0.99698E+00  0.12807E-14
 0.45900E+01  0.99696E+00  0.23738E-15
 0.46000E+01  0.99695E+00  0.23810E-15
 0.46100E+01  0.99694E+00 -0.26197E-14
 0.46200E+01  0.99692E+00 -0.25373E-14
 0.46300E+01  0.99691E+00 -0.87245E-15
 0.46400E+01  0.99690E+00 -0.32465E-14
 0.46500E+01  0.99688E+00 -0.81273E-15
 0.46600E+01  0.99687E+00 -0.39552E-15
 0.46700E+01  0.99686E+00 -0.19369E-14
 0.46800E+01  0.99684E+00 -0.95118E-15
 0.46900E+01  0.99683E+00  0.11504E-14
 0.47000E+01  0.99682E+00  0.15668E-14
 0.47100E+01  0.99680E+00  0.54605E-16
 0.47200E+01  0.99679E+00  0.19496E-14
 0.47300E+01  0.99678E+00  0.83937E-15
 0.47400E+01  0.99676E+00  0.21564E-14
 0.47500E+01  0.99675E+00  0.76545E-15
 0.47600E+01  0.99674E+00 -0.24221E-14
 0.47700E+01  0.99672E+00 -0.65603E-15
 0.47800E+01  0.99671E+00  0.12414E-14
 0.47900E+01  0.99670E+00 -0.95378E-15
 0.48000E+01  0.99668E+00  0.12206E-14
 0.48100E+01  0.99667E+00  0.15001E-14
 0.48200E+01  0.99666E+00 -0.50227E-14
 0.48300E+01  0.99664E+00  0.21721E-14
 0.48400E+01  0.99663E+00 -0.57386E-15
 0.48500E+01  0.99662E+00 -0.11030E-14
 0.48600E+01  0.99660E+00  0.75050E-15
 0.48700E+01  0.99659E+00  0.18662E-14
 0.48800E+01  0.99657E+00  0.31423E-14
 0.48900E+01  0.99656E+00  0.26341E-14
 0.49000E+01  0.99655E+00  0.29038E-14
 0.49100E+01  0.99653E+00  0.15157E-14
 0.49200E+01  0.99652E+00 -0.11955E-14
 0.49300E+01  0.99651E+00 -0.77819E-15
 0.49400E+01  0.99649E+00  0.37513E-15
 0.49500E+01  0.99648E+00  0.28015E-14
 0.49600E+01  0.99646E+00  0.99740E-15
 0.49700E+01  0.99645E+00 -0.15996E-14
 0.49800E+01  0.99644E+00 -0.14979E-14
 0.49900E+01  0.99642E+00 -0.20094E-14
 0.50000E+01  0.99641E+00 -0.30259E-14
 0.50100E+01  0.99639E+00  0.93182E-15
 0.50200E+01  0.99638E+00 -0.15927E-14
 0.50300E+01  0.99637E+00  0.61031E-15
 0.50400E+01  0.99635E+00 -0.32954E-14
 0.50500E+01  0.99634E+00  0.20314E-17
 0.50600E+01  0.99632E+00 -0.67719E-15
 0.50700E+01  0.99631E+00  0.14534E-14
 0.50800E+01  0.99629E+00  0.16441E-14
 0.50900E+01  0.99628E+00 -0.23991E-14
 0.51000E+01  0.99627E+00  0.34817E-15
 0.51100E+01  0.99625E+00 -0.59882E-15
 0.51200E+01  0.99624E+00 -0.25828E-15
 0.51300E+01  0.99622E+00 -0.74766E-15
 0.51400E+01  0.99621E+00 -0.72879E-15
 0.51500E+01  0.99619E+00  0.14360E-14
 0.51600E+01  0.99618E+00  0.31008E-14
 0.51700E+01  0.99616E+00 -0.70037E-15
 0.51800E+01  0.99615E+00  0.13262E-14
 0.51900E+01  0.99614E+00 -0.73834E-15
 0.52000E+01  0.99612E+00 -0.35222E-15
 0.52100E+01  0.99611E+00 -0.73787E-15
 0.52200E+01  0.99609E+00  0.23065E-14
 0.52300E+01  0.99608E+00 -0.19228E-14
 0.52400E+01  0.99606E+00 -0.16307E-14
 0.52500E+01  0.99605E+00  0.33395E-14
 0.52600E+01  0.99603E+00  0.71253E-15
 0.52700E+01  0.99602E+00  0.27013E-14
 0.52800E+01  0.99600E+00 -0.11047E-14
 0.52900E+01  0.99599E+00  0.26517E-14
 0.53000E+01  0.99597E+00 -0.59593E-15
 0.53100E+01  0.99596E+00  0.49871E-15
 0.53200E+01  0.99594E+00 -0.20173E-15
 0.53300E+01  0.99593E+00 -0.23287E-14
 0.53400E+01  0.99591E+00 -0.10395E-14
 0.53500E+01  0.99590E+00  0.15997E-14
 0.53600E+01  0.99588E+00 -0.58677E-15
 0.53700E+01  0.99587E+00 -0.35291E-15
 0.53800E+01  0.99585E+00 -0.37663E-15
 0.53900E+01  0.99584E+00 -0.15945E-14
 0.54000E+01  0.99582E+00  0.13395E-14
 0.54100E+01  0.99581E+00 -0.13731E-14
 0.54200E+01  0.99579E+00  0.65402E-15
 0.54300E+01  0.99578E+00 -0.27743E-15
 0.54400E+01  0.99576E+00  0.35002E-15
 0.54500E+01  0.99575E+00 -0.75212E-15
 0.54600E+01  0.99573E+00 -0.26115E-14
 0.54700E+01  0.99572E+00 -0.10367E-14
 0.54800E+01  0.99570E+00  0.12624E-14
 0.54900E+01  0.99569E+00  0.12212E-14
 0.55000E+01  0.99567E+00  0.95372E-16
 0.55100E+01  0.99566E+00 -0.92750E-15
 0.55200E+01  0.99564E+00 -0.17872E-14
 0.55300E+01  0.99563E+00  0.54904E-15
 0.55400E+01  0.99561E+00 -0.22092E-15
 0.55500E+01  0.99560E+00 -0.19551E-14
 0.55600E+01  0.99558E+00 -0.97645E-15
 0.55700E+01  0.99556E+00 -0.13013E-14
 0.55800E+01  0.99555E+00  0.15760E-14
 0.55900E+01  0.99553E+00 -0.38010E-15
 0.56000E+01  0.99552E+00  0.10797E-14
 0.56100E+01  0.99550E+00 -0.16495E-14
 0.56200E+01  0.99549E+00  0.76834E-15
 0.56300E+01  0.99547E+00 -0.16056E-14
 0.56400E+01  0.99545E+00 -0.14636E-14
 0.56500E+01  0.99544E+00  0.61836E-15
 0.56600E+01  0.99542E+00 -0.13114E-14
 0.56700E+01  0.99541E+00  0.23799E-15
 0.56800E+01  0.99539E+00 -0.54754E-15
 0.56900E+01  0.99538E+00 -0.11063E-14
 0.57000E+01  0.99536E+00  0.38845E-15
 0.57100E+01  0.99534E+00 -0.11843E-16
 0.57200E+01  0.99533E+00  0.46889E-15
 0.57300E+01  0.99531E+00 -0.83287E-15
 0.57400E+01  0.99530E+00  0.84850E-15
 0.57500E+01  0.99528E+00 -0.98968E-15
 0.57600E+01  0.99526E+00  0.20007E-15
 0.57700E+01  0.99525E+00  0.61772E-15
 0.57800E+01  0.99523E+00 -0.54261E-15
 0.57900E+01  0.99522E+00  0.51807E-15
 0.58000E+01  0.99520E+00  0.10653E-14
 0.58100E+01  0.99518E+00  0.79294E-15
 0.58200E+01  0.99517E+00  0.41096E-15
 0.58300E+01  0.99515E+00 -0.18491E-15
 0.58400E+01  0.99514E+00 -0.13276E-16
 0.58500E+01  0.99512E+00  0.39284E-15
 0.58600E+01  0.99510E+00 -0.11232E-14
 0.58700E+01  0.99509E+00  0.74137E-16
 0.58800E+01  0.99507E+00 -0.99647E-15
 0.58900E+01  0.99505E+00  0.19513E-16
 0.59000E+01  0.99504E+00  0.53492E-15
 0.59100E+01  0.99502E+00  0.10859E-14
 0.59200E+01  0.99501E+00 -0.32587E-16
 0.59300E+01  0.99499E+00  0.43041E-16
 0.59400E+01  0.99497E+00  0.64837E-15
 0.59500E+01  0.99496E+00  0.59952E-16
 0.59600E+01  0.99494E+00  0.35406E-16
 0.59700E+01  0.99492E+00  0.76034E-17
 0.59800E+01  0.99491E+00  0.21864E-15
 0.59900E+01  0.99489E+00  0.13563E-14
 0.60000E+01  0.99487E+00 -0.16779E-14
 0.60100E+01  0.99486E+00  0.17097E-16
 0.60200E+01  0.99484E+00  0.17997E-14
 0.60300E+01  0.99482E+00  0.14632E-14
 0.60400E+01  0.99481E+00  0.74639E-15
 0.60500E+01  0.99479E+00 -0.63249E-15
 0.60600E+01  0.99477E+00 -0.32193E-15
 0.60700E+01  0.99476E+00 -0.11523E-14
 0.60800E+01  0.99474E+00 -0.13704E-14
 0.60900E+01  0.99472E+00 -0.14209E-15
 0.61000E+01  0.99471E+00 -0.64089E-15
 0.61100E+01  0.99469E+00  0.13448E-14
 0.61200E+01  0.99467E+00 -0.12614E-15
 0.61300E+01  0.99466E+00  0.12497E-14
 0.61400E+01  0.99464E+00 -0.11475E-14
 0.61500E+01  0.99462E+00  0.22803E-15
 0.61600E+01  0.99461E+00  0.13580E-14
 0.61700E+01  0.99459E+00  0.83918E-16
 0.61800E+01  0.99457E+00 -0.59200E-15
 0.61900E+01  0.99455E+00  0.26183E-14
 0.62000E+01  0.99454E+00  0.67808E-15
 0.62100E+01  0.99452E+00  0.13348E-14
 0.62200E+01  0.99450E+00 -0.14263E-14
 0.62300E+01  0.99449E+00  0.10140E-14
 0.62400E+01  0.99447E+00 -0.80841E-15
 0.62500E+01  0.99445E+00 -0.48301E-15
 0.62600E+01  0.99443E+00  0.22603E-15
 0.62700E+01  0.99442E+00  0.39250E-15
 0.62800E+01  0.99440E+00 -0.59148E-15
 0.62900E+01  0.99438E+00  0.12347E-15
 0.63000E+01  0.99436E+00  0.17081E-14
 0.63100E+01  0.99435E+00 -0.26361E-14
 0.63200E+01  0.99433E+00 -0.13590E-14
 0.63300E+01  0.99431E+00  0.10859E-14
 0.63400E+01  0.99430E+00 -0.47026E-15
 0.63500E+01  0.99428E+00 -0.15640E-14
 0.63600E+01  0.99426E+00  0.17029E-14
 0.63700E+01  0.99424E+00 -0.16483E-14
 0.63800E+01  0.99423E+00  0.85209E-15
 0.63900E+01  0.99421E+00  0.79607E-15
 0.64000E+01  0.99419E+00  0.12611E-15
 0.64100E+01  0.99417E+00 -0.69173E-15
 0.64200E+01  0.99416E+00 -0.12530E-14
 0.64300E+01  0.99414E+00  0.85292E-15
 0.64400E+01  0.99412E+00  0.20222E-15
 0.64500E+01  0.99410E+00  0.27706E-15
 0.64600E+01  0.99408E+00 -0.21434E-14
 0.64700E+01  0.99407E+00  0.90518E-15
 0.64800E+01  0.99405E+00 -0.75516E-15
 0.64900E+01  0.99403E+00  0.17687E-14
 0.65000E+01  0.99401E+00  0.11299E-15
 0.65100E+01  0.99400E+00 -0.22301E-14
 0.65200E+01  0.99398E+00 -0.35855E-16
 0.65300E+01  0.99396E+00 -0.22059E-15
 0.65400E+01  0.99394E+00 -0.37970E-16
 0.65500E+01  0.99392E+00  0.34234E-15
 0.65600E+01  0.99391E+00  0.46365E-15
 0.65700E+01  0.99389E+00 -0.89844E-15
 0.65800E+01  0.99387E+00 -0.31187E-15
 0.65900E+01  0.99385E+00  0.83514E-15
 0.66000E+01  0.99383E+00 -0.29951E-15
 0.66100E+01  0.99382E+00  0.12232E-14
 0.66200E+01  0.99380E+00 -0.19742E-15
 0.66300E+01  0.99378E+00  0.19544E-15
 0.66400E+01  0.99376E+00  0.19244E-14
 0.66500E+01  0.99374E+00 -0.23019E-15
 0.66600E+01  0.99373E+00  0.29352E-15
 0.66700E+01  0.99371E+00 -0.80071E-15
 0.66800E+01  0.99369E+00 -0.17159E-14
 0.66900E+01  0.99367E+00  0.30407E-14
 0.67000E+01  0.99365E+00 -0.10191E-14
 0.67100E+01  0.99363E+00 -0.15391E-14
 0.67200E+01  0.99362E+00  0.39375E-15
 0.67300E+01  0.99360E+00  0.90932E-15
 0.67400E+01  0.99358E+00  0.10069E-14
 0.67500E+01  0.99356E+00  0.30006E-15
 0.67600E+01  0.99354E+00 -0.81521E-15
 0.67700E+01  0.99352E+00  0.12349E-14
 0.67800E+01  0.99351E+00  0.64227E-15
 0.67900E+01  0.99349E+00 -0.17534E-14
 0.68000E+01  0.99347E+00  0.62441E-15
 0.68100E+01  0.99345E+00 -0.23301E-14
 0.68200E+01  0.99343E+00  0.30912E-14
 0.68300E+01  0.99341E+00  0.61351E-16
 0.68400E+01  0.99339E+00  0.22795E-14
 0.68500E+01  0.99338E+00 -0.15272E-14
 0.68600E+01  0.99336E+00 -0.37950E-14
 0.68700E+01  0.99334E+00  0.70173E-15
 0.68800E+01  0.99332E+00  0.46284E-16
 0.68900E+01  0.99330E+00 -0.82259E-15
 0.69000E+01  0.99328E+00 -0.14513E-15
 0.69100E+01  0.99326E+00  0.43468E-15
 0.69200E+01  0.99325E+00 -0.23548E-15
 0.69300E+01  0.99323E+00 -0.23677E-16
 0.69400E+01  0.99321E+00  0.23771E-15
 0.69500E+01  0.99319E+00  0.16908E-14
 0.69600E+01  0.99317E+00  0.31723E-16
 0.69700E+01  0.99315E+00  0.24623E-14
 0.69800E+01  0.99313E+00  0.80560E-15
 0.69900E+01  0.99311E+00 -0.84474E-15
 0.70000E+01  0.99309E+00 -0.14830E-14
 0.70100E+01  0.99308E+00  0.13328E-14
 0.70200E+01  0.99306E+00 -0.25664E-15
 0.70300E+01  0.99304E+00 -0.15251E-14
 0.70400E+01  0.99302E+00  0.23762E-14
 0.70500E+01  0.99300E+00 -0.10046E-14
 0.70600E+01  0.99298E+00 -0.13104E-14
 0.70700E+01  0.99296E+00 -0.74879E-15
 0.70800E+01  0.99294E+00 -0.68935E-15
 0.70900E+01  0.99292E+00  0.13778E-14
 0.71000E+01  0.99290E+00 -0.66232E-16
 0.71100E+01  0.99288E+00  0.18739E-15
 0.71200E+01  0.99286E+00 -0.66333E-15
 0.71300E+01  0.99285E+00 -0.23623E-14
 0.71400E+01  0.99283E+00  0.20466E-14
 0.71500E+01  0.99281E+00 -0.79997E-15
 0.71600E+01  0.99279E+00  0.45903E-15
 0.71700E+01  0.99277E+00  0.29999E-14
 0.71800E+01  0.99275E+00  0.80597E-16
 0.71900E+01  0.99273E+00 -0.94747E-15
 0.72000E+01  0.99271E+00  0.17427E-15
 0.72100E+01  0.99269E+00  0.21133E-14
 0.72200E+01  0.99267E+00  0.26201E-16
 0.72300E+01  0.99265E+00  0.64081E-15
 0.72400E+01  0.99263E+00  0.56184E-15
 0.72500E+01  0.99261E+00  0.13411E-14
 0.72600E+01  0.99259E+00 -0.15268E-14
 0.72700E+01  0.99257E+00 -0.41047E-17
 0.72800E+01  0.99255E+00  0.76856E-15
 0.72900E+01  0.99253E+00  0.72714E-15
 0.73000E+01  0.99251E+00 -0.11448E-14
 0.73100E+01  0.99250E+00  0.15700E-14
 0.73200E+01  0.99248E+00  0.73265E-15
 0.73300E+01  0.99246E+00 -0.83455E-15
 0.73400E+01  0.99244E+00 -0.48205E-15
 0.73500E+01  0.99242E+00  0.11031E-14
 0.73600E+01  0.99240E+00 -0.11029E-14
 0.73700E+01  0.99238E+00  0.84421E-15
 0.73800E+01  0.99236E+00 -0.17587E-15
 0.73900E+01  0.99234E+00 -0.84768E-15
 0.74000E+01  0.99232E+00  0.33216E-15
 0.74100E+01  0.99230E+00  0.92049E-15
 0.74200E+01  0.99228E+00  0.12598E-14
 0.74300E+01  0.99226E+00  0.47629E-16
 0.74400E+01  0.99224E+00 -0.69600E-15
 0.74500E+01  0.99222E+00  0.87330E-15
 0.74600E+01  0.99220E+00  0.55475E-15
 0.74700E+01  0.99218E+00 -0.19408E-15
 0.74800E+01  0.99216E+00  0.16373E-14
 0.74900E+01  0.99214E+00  0.86037E-15
 0.75000E+01  0.99212E+00 -0.43148E-15
 0.75100E+01  0.99210E+00  0.39633E-15
 0.75200E+01  0.99208E+00  0.43601E-15
 0.75300E+01  0.99206E+00 -0.13244E-15
 0.75400E+01  0.99204E+00  0.14908E-15
 0.75500E+01  0.99202E+00  0.16549E-16
 0.75600E+01  0.99200E+00 -0.73756E-15
 0.75700E+01  0.99198E+00  0.10015E-14
 0.75800E+01  0.99196E+00  0.49605E-16
 0.75900E+01  0.99194E+00 -0.19198E-15
 0.76000E+01  0.99191E+00 -0.27444E-16
 0.76100E+01  0.99189E+00  0.61643E-15
 0.76200E+01  0.99187E+00 -0.13492E-15
 0.76300E+01  0.99185E+00  0.53402E-15
 0.76400E+01  0.99183E+00 -0.52431E-16
 0.76500E+01  0.99181E+00 -0.65888E-15
 0.76600E+01  0.99179E+00  0.48055E-15
 0.76700E+01  0.99177E+00 -0.54077E-15
 0.76800E+01  0.99175E+00  0.19340E-15
 0.76900E+01  0.99173E+00 -0.29415E-15
 0.77000E+01  0.99171E+00 -0.91857E-16
 0.77100E+01  0.99169E+00  0.10580E-14
 0.77200E+01  0.99167E+00  0.80189E-15
 0.77300E+01  0.99165E+00 -0.29026E-15
 0.77400E+01  0.99163E+00 -0.55600E-15
 0.77500E+01  0.99161E+00  0.77841E-15
 0.77600E+01  0.99159E+00  0.73827E-17
 0.77700E+01  0.99157E+00 -0.88380E-15
 0.77800E+01  0.99155E+00 -0.11964E-14
 0.77900E+01  0.99152E+00 -0.11189E-15
 0.78000E+01  0.99150E+00 -0.59570E-15
 0.78100E+01  0.99148E+00 -0.94149E-15
 0.78200E+01  0.99146E+00 -0.41599E-15
 0.78300E+01  0.99144E+00 -0.11547E-15
 0.78400E+01  0.99142E+00  0.12411E-14
 0.78500E+01  0.99140E+00 -0.70849E-15
 0.78600E+01  0.99138E+00  0.30563E-15
 0.78700E+01  0.99136E+00 -0.15550E-14
 0.78800E+01  0.99134E+00 -0.58986E-15
 0.78900E+01  0.99132E+00  0.58345E-15
 0.79000E+01  0.99129E+00  0.56197E-15
 0.79100E+01  0.99127E+00 -0.48022E-15
 0.79200E+01  0.99125E+00 -0.24677E-14
 0.79300E+01  0.99123E+00 -0.12426E-14
 0.79400E+01  0.99121E+00  0.99364E-15
 0.79500E+01  0.99119E+00 -0.12633E-14
 0.79600E+01  0.99117E+00  0.74311E-16
 0.79700E+01  0.99115E+00  0.96648E-16
 0.79800E+01  0.99113E+00 -0.90835E-15
 0.79900E+01  0.99110E+00  0.54847E-15
 0.80000E+01  0.99108E+00  0.19995E-15
 0.80100E+01  0.99106E+00 -0.23617E-15
 0.80200E+01  0.99104E+00  0.53764E-15
 0.80300E+01  0.99102E+00 -0.21517E-14
 0.80400E+01  0.99100E+00 -0.12958E-14
 0.80500E+01  0.99098E+00  0.87466E-15
 0.80600E+01  0.99096E+00  0.90343E-15
 0.80700E+01  0.99093E+00  0.11827E-14
 0.80800E+01  0.99091E+00 -0.30186E-14
 0.80900E+01  0.99089E+00  0.12427E-14
 0.81000E+01  0.99087E+00 -0.31518E-14
 0.81100E+01  0.99085E+00  0.38692E-14
 0.81200E+01  0.99083E+00  0.18096E-14
 0.81300E+01  0.99081E+00  0.26551E-14
 0.81400E+01  0.99078E+00 -0.33907E-14
 0.81500E+01  0.99076E+00 -0.75311E-15
 0.81600E+01  0.99074E+00 -0.84192E-15
 0.81700E+01  0.99072E+00 -0.14696E-14
 0.81800E+01  0.99070E+00 -0.18570E-14
 0.81900E+01  0.99068E+00  0.33097E-15
 0.82000E+01  0.99066E+00 -0.17211E-14
 0.82100E+01  0.99063E+00  0.23120E-14
 0.82200E+01  0.99061E+00  0.71312E-15
 0.82300E+01  0.99059E+00  0.14761E-14
 0.82400E+01  0.99057E+00 -0.10987E-16
 0.82500E+01  0.99055E+00 -0.11817E-14
 0.82600E+01  0.99052E+00  0.16505E-14
 0.82700E+01  0.99050E+00  0.19778E-14
 0.82800E+01  0.99048E+00  0.62934E-15
 0.82900E+01  0.99046E+00  0.89141E-15
 0.83000E+01  0.99044E+00  0.28249E-14
 0.83100E+01  0.99042E+00 -0.40879E-14
 0.83200E+01  0.99039E+00 -0.10877E-14
 0.83300E+01  0.99037E+00  0.17566E-14
 0.83400E+01  0.99035E+00 -0.12755E-14
 0.83500E+01  0.99033E+00  0.40558E-14
 0.83600E+01  0.99031E+00 -0.49764E-15
 0.83700E+01  0.99028E+00 -0.17511E-14
 0.83800E+01  0.99026E+00 -0.50814E-15
 0.83900E+01  0.99024E+00  0.12274E-15
 0.84000E+01  0.99022E+00 -0.34392E-14
 0.84100E+01  0.99020E+00 -0.10652E-14
 0.84200E+01  0.99017E+00 -0.26352E-14
 0.84300E+01  0.99015E+00 -0.90835E-15
 0.84400E+01  0.99013E+00 -0.30607E-15
 0.84500E+01  0.99011E+00  0.10093E-14
 0.84600E+01  0.99009E+00 -0.26822E-15
 0.84700E+01  0.99006E+00  0.79507E-15
 0.84800E+01  0.99004E+00 -0.24578E-14
 0.84900E+01  0.99002E+00 -0.18409E-14
 0.85000E+01  0.99000E+00  0.37718E-14
 0.85100E+01  0.98997E+00 -0.15341E-14
 0.85200E+01  0.98995E+00  0.50103E-14
 0.85300E+01  0.98993E+00  0.37398E-14
 0.85400E+01  0.98991E+00 -0.41781E-15
 0.85500E+01  0.98988E+00 -0.29936E-14
 0.85600E+01  0.98986E+00 -0.48505E-15
 0.85700E+01  0.98984E+00 -0.11419E-14
 0.85800E+01  0.98982E+00  0.84467E-16
 0.85900E+01  0.98980E+00 -0.66056E-14
 0.86000E+01  0.98977E+00 -0.42879E-15
 0.86100E+01  0.98975E+00  0.11205E-14
 0.86200E+01  0.98973E+00  0.30594E-14
 0.86300E+01  0.98971E+00 -0.20589E-15
 0.86400E+01  0.98968E+00  0.41840E-14
 0.86500E+01  0.98966E+00 -0.13547E-14
 0.86600E+01  0.98964E+00 -0.51494E-15
 0.86700E+01  0.98961E+00 -0.29063E-14
 0.86800E+01  0.98959E+00 -0.75952E-15
 0.86900E+01  0.98957E+00 -0.11070E-14
 0.87000E+01  0.98955E+00 -0.25178E-15
 0.87100E+01  0.98952E+00 -0.50605E-14
 0.87200E+01  0.98950E+00  0.10841E-14
 0.87300E+01  0.98948E+00 -0.28720E-14
 0.87400E+01  0.98946E+00  0.39789E-15
 0.87500E+01  0.98943E+00 -0.32457E-14
 0.87600E+01  0.98941E+00  0.16189E-14
 0.87700E+01  0.98939E+00 -0.24691E-14
 0.87800E+01  0.98936E+00  0.33116E-14
 0.87900E+01  0.98934E+00  0.30933E-16
 0.88000E+01  0.98932E+00  0.22911E-14
 0.88100E+01  0.98930E+00  0.42252E-15
 0.88200E+01  0.98927E+00 -0.28688E-14
 0.88300E+01  0.98925E+00 -0.10819E-14
 0.88400E+01  0.98923E+00 -0.55485E-15
 0.88500E+01  0.98920E+00  0.18761E-14
 0.88600E+01  0.98918E+00  0.12770E-14
 0.88700E+01  0.98916E+00  0.25421E-15
 0.88800E+01  0.98913E+00 -0.59799E-15
 0.88900E+01  0.98911E+00  0.20583E-15
 0.89000E+01  0.98909E+00 -0.24070E-14
 0.89100E+01  0.98907E+00 -0.34703E-17
 0.89200E+01  0.98904E+00 -0.20239E-14
 0.89300E+01  0.98902E+00 -0.14772E-14
 0.89400E+01  0.98900E+00  0.10327E-14
 0.89500E+01  0.98897E+00 -0.69584E-15
 0.89600E+01  0.98895E+00  0.20180E-14
 0.89700E+01  0.98893E+00  0.57957E-15
 0.89800E+01  0.98890E+00 -0.31744E-14
 0.89900E+01  0.98888E+00 -0.16115E-15
 0.90000E+01  0.98886E+00  0.19734E-14
 0.90100E+01  0.98883E+00 -0.17882E-14
 0.90200E+01  0.98881E+00 -0.72032E-15
 0.90300E+01  0.98879E+00  0.21958E-14
 0.90400E+01  0.98876E+00  0.55958E-15
 0.90500E+01  0.98874E+00 -0.50333E-14
 0.90600E+01  0.98872E+00  0.15467E-15
 0.90700E+01  0.98869E+00 -0.49841E-14
 0.90800E+01  0.98867E+00  0.75427E-15
 0.90900E+01  0.98865E+00  0.27249E-14
 0.91000E+01  0.98862E+00 -0.16008E-14
 0.91100E+01  0.98860E+00  0.18522E-14
 0.91200E+01  0.98858E+00  0.35313E-14
 0.91300E+01  0.98855E+00 -0.31338E-14
 0.91400E+01  0.98853E+00  0.16754E-15
 0.91500E+01  0.98851E+00  0.28565E-14
 0.91600E+01  0.98848E+00 -0.42850E-14
 0.91700E+01  0.98846E+00 -0.21070E-15
 0.91800E+01  0.98843E+00  0.18389E-14
 0.91900E+01  0.98841E+00  0.14086E-14
 0.92000E+01  0.98839E+00  0.14773E-14
 0.92100E+01  0.98836E+00 -0.60721E-14
 0.92200E+01  0.98834E+00 -0.44970E-15
 0.92300E+01  0.98832E+00  0.50939E-14
 0.92400E+01  0.98829E+00 -0.15428E-14
 0.92500E+01  0.98827E+00  0.23713E-16
 0.92600E+01  0.98824E+00 -0.16816E-14
 0.92700E+01  0.98822E+00 -0.33328E-14
 0.92800E+01  0.98820E+00  0.22580E-14
 0.92900E+01  0.98817E+00 -0.13329E-14
 0.93000E+01  0.98815E+00  0.21998E-14
 0.93100E+01  0.98812E+00 -0.23976E-14
 0.93200E+01  0.98810E+00  0.80718E-15
 0.93300E+01  0.98808E+00 -0.39920E-14
 0.93400E+01  0.98805E+00 -0.57398E-16
 0.93500E+01  0.98803E+00 -0.77258E-15
 0.93600E+01  0.98801E+00 -0.37587E-14
 0.93700E+01  0.98798E+00 -0.69210E-14
 0.93800E+01  0.98796E+00  0.42620E-15
 0.93900E+01  0.98793E+00  0.10996E-14
 0.94000E+01  0.98791E+00  0.33784E-14
 0.94100E+01  0.98788E+00 -0.11063E-14
 0.94200E+01  0.98786E+00  0.57743E-14
 0.94300E+01  0.98784E+00 -0.21614E-14
 0.94400E+01  0.98781E+00 -0.47693E-14
 0.94500E+01  0.98779E+00  0.65967E-14
 0.94600E+01  0.98776E+00  0.20494E-14
 0.94700E+01  0.98774E+00  0.19442E-14
 0.94800E+01  0.98772E+00  0.12393E-14
 0.94900E+01  0.98769E+00  0.17116E-14
 0.95000E+01  0.98767E+00 -0.55066E-14
 0.95100E+01  0.98764E+00  0.23316E-14
 0.95200E+01  0.98762E+00 -0.10997E-13
 0.95300E+01  0.98759E+00  0.23906E-14
 0.95400E+01  0.98757E+00  0.42942E-14
 0.95500E+01  0.98755E+00 -0.29672E-14
 0.95600E+01  0.98752E+00 -0.59485E-15
 0.95700E+01  0.98750E+00 -0.38389E-14
 0.95800E+01  0.98747E+00 -0.25832E-15
 0.95900E+01  0.98745E+00 -0.68170E-15
 0.96000E+01  0.98742E+00  0.27320E-14
 0.96100E+01  0.98740E+00  0.29684E-14
 0.96200E+01  0.98737E+00  0.47852E-14
 0.96300E+01  0.98735E+00  0.23046E-14
 0.96400E+01  0.98732E+00 -0.40646E-14
 0.96500E+01  0.98730E+00  0.14834E-14
 0.96600E+01  0.98728E+00  0.46585E-16
 0.96700E+01  0.98725E+00 -0.35925E-14
 0.96800E+01  0.98723E+00 -0.21602E-14
 0.96900E+01  0.98720E+00 -0.27268E-14
 0.97000E+01  0.98718E+00  0.48837E-14
 0.97100E+01  0.98715E+00 -0.14890E-14
 0.97200E+01  0.98713E+00  0.60412E-14
 0.97300E+01  0.98710E+00  0.17810E-14
 0.97400E+01  0.98708E+00 -0.12407E-13
 0.97500E+01  0.98705E+00  0.74852E-14
 0.97600E+01  0.98703E+00 -0.22057E-14
 0.97700E+01  0.98700E+00 -0.10751E-14
 0.97800E+01  0.98698E+00 -0.69957E-14
 0.97900E+01  0.98695E+00  0.57262E-14
 0.98000E+01  0.98693E+00 -0.19471E-14
 0.98100E+01  0.98690E+00  0.49759E-14
 0.98200E+01  0.98688E+00  0.17689E-14
 0.98300E+01  0.98685E+00  0.24469E-16
 0.98400E+01  0.98683E+00 -0.70052E-14
 0.98500E+01  0.98680E+00  0.41774E-14
 0.98600E+01  0.98678E+00 -0.29071E-14
 0.98700E+01  0.98676E+00  0.36151E-14
 0.98800E+01  0.98673E+00  0.17928E-14
 0.98900E+01  0.98670E+00  0.12874E-14
 0.99000E+01  0.98668E+00  0.53978E-14
 0.99100E+01  0.98665E+00  0.16806E-14
 0.99200E+01  0.98663E+00  0.41388E-14
 0.99300E+01  0.98660E+00  0.25871E-14
 0.99400E+01  0.98658E+00 -0.49835E-14
 0.99500E+01  0.98655E+00  0.10305E-13
 0.99600E+01  0.98653E+00  0.39512E-14
 0.99700E+01  0.98650E+00  0.23311E-14
 0.99800E+01  0.98648E+00  0.82533E-15
 0.99900E+01  0.98645E+00  0.31281E-14
 0.10000E+02  0.98643E+00 -0.54649E-14
 0.10010E+02  0.98640E+00  0.78451E-14
 0.10020E+02  0.98638E+00  0.40914E-14
 0.10030E+02  0.98635E+00 -0.10856E-13
 0.10040E+02  0.98633E+00  0.44990E-14
 0.10050E+02  0.98630E+00  0.22934E-15
 0.10060E+02  0.98628E+00 -0.23970E-14
 0.10070E+02  0.98625E+00 -0.48338E-16
 0.10080E+02  0.98623E+00 -0.28086E-14
 0.10090E+02  0.98620E+00  0.96710E-14
 0.10100E+02  0.98618E+00 -0.54225E-14
 0.10110E+02  0.98615E+00 -0.89268E-15
 0.10120E+02  0.98612E+00  0.60992E-14
 0.10130E+02  0.98610E+00  0.86577E-14
 0.10140E+02  0.98607E+00  0.19780E-14
 0.10150E+02  0.98605E+00  0.29415E-15
 0.10160E+02  0.98602E+00 -0.60819E-15
 0.10170E+02  0.98600E+00  0.45790E-14
 0.10180E+02  0.98597E+00 -0.28844E-14
 0.10190E+02  0.98595E+00 -0.36042E-14
 0.10200E+02  0.98592E+00 -0.15642E-14
 0.10210E+02  0.98589E+00 -0.45513E-14
 0.10220E+02  0.98587E+00 -0.38895E-14
 0.10230E+02  0.98584E+00 -0.13085E-13
 0.10240E+02  0.98582E+00  0.35172E-14
 0.10250E+02  0.98579E+00  0.49868E-14
 0.10260E+02  0.98577E+00 -0.30123E-14
 0.10270E+02  0.98574E+00 -0.35059E-14
 0.10280E+02  0.98571E+00  0.73596E-14
 0.10290E+02  0.98569E+00 -0.98683E-14
 0.10300E+02  0.98566E+00 -0.35366E-14
 0.10310E+02  0.98564E+00  0.22430E-15
 0.10320E+02  0.98561E+00  0.22427E-16
 0.10330E+02  0.98559E+00  0.72668E-15
 0.10340E+02  0.98556E+00  0.68912E-14
 0.10350E+02  0.98553E+00 -0.37103E-14
 0.10360E+02  0.98551E+00  0.13762E-13
 0.10370E+02  0.98548E+00  0.90591E-14
 0.10380E+02  0.98546E+00  0.64628E-14
 0.10390E+02  0.98543E+00 -0.83192E-14
 0.10400E+02  0.98540E+00 -0.46347E-14
 0.10410E+02  0.98538E+00 -0.72848E-14
 0.10420E+02  0.98535E+00  0.47591E-14
 0.10430E+02  0.98533E+00 -0.13342E-14
 0.10440E+02  0.98530E+00 -0.60987E-14
 0.10450E+02  0.98527E+00 -0.47702E-14
 0.10460E+02  0.98525E+00  0.68832E-14
 0.10470E+02  0.98522E+00  0.49183E-14
 0.10480E+02  0.98520E+00  0.34882E-14
 0.10490E+02  0.98517E+00  0.26129E-14
 0.10500E+02  0.98514E+00 -0.80081E-14
 0.10510E+02  0.98512E+00 -0.67651E-14
 0.10520E+02  0.98509E+00 -0.39610E-14
 0.10530E+02  0.98507E+00  0.54525E-14
 0.10540E+02  0.98504E+00 -0.70341E-14
 0.10550E+02  0.98501E+00  0.17064E-14
 0.10560E+02  0.98499E+00  0.45039E-14
 0.10570E+02  0.98496E+00 -0.90129E-15
 0.10580E+02  0.98493E+00  0.47692E-14
 0.10590E+02  0.98491E+00 -0.53843E-14
 0.10600E+02  0.98488E+00 -0.18738E-14
 0.10610E+02  0.98485E+00  0.51676E-14
 0.10620E+02  0.98483E+00 -0.72361E-14
 0.10630E+02  0.98480E+00  0.61834E-14
 0.10640E+02  0.98478E+00 -0.61880E-14
 0.10650E+02  0.98475E+00  0.52186E-15
 0.10660E+02  0.98472E+00 -0.31884E-14
 0.10670E+02  0.98470E+00 -0.15656E-13
 0.10680E+02  0.98467E+00 -0.38396E-14
 0.10690E+02  0.98464E+00 -0.32210E-14
 0.10700E+02  0.98462E+00 -0.46602E-14
 0.10710E+02  0.98459E+00  0.10951E-13
 0.10720E+02  0.98456E+00 -0.94871E-14
 0.10730E+02  0.98454E+00  0.51026E-14
 0.10740E+02  0.98451E+00  0.24270E-14
 0.10750E+02  0.98448E+00 -0.38320E-14
 0.10760E+02  0.98446E+00  0.90009E-14
 0.10770E+02  0.98443E+00  0.29690E-14
 0.10780E+02  0.98440E+00  0.56608E-14
 0.10790E+02  0.98438E+00 -0.94489E-14
 0.10800E+02  0.98435E+00 -0.24298E-14
 0.10810E+02  0.98432E+00 -0.18931E-14
 0.10820E+02  0.98430E+00  0.64673E-14
 0.10830E+02  0.98427E+00 -0.13020E-13
 0.10840E+02  0.98424E+00 -0.53555E-14
 0.10850E+02  0.98422E+00 -0.11859E-14
 0.10860E+02  0.98419E+00 -0.45794E-14
 0.10870E+02  0.98416E+00  0.47823E-14
 0.10880E+02  0.98414E+00  0.36581E-14
 0.10890E+02  0.98411E+00  0.35990E-14
 0.10900E+02  0.98408E+00 -0.66318E-14
 0.10910E+02  0.98406E+00  0.81438E-14
 0.10920E+02  0.98403E+00  0.65445E-14
 0.10930E+02  0.98400E+00  0.33785E-14
 0.10940E+02  0.98398E+00 -0.32063E-14
 0.10950E+02  0.98395E+00 -0.28959E-14
 0.10960E+02  0.98392E+00  0.32163E-14
 0.10970E+02  0.98389E+00  0.49054E-14
 0.10980E+02  0.98387E+00  0.43728E-14
 0.10990E+02  0.98384E+00 -0.54545E-14
 0.11000E+02  0.98381E+00  0.27756E-14
 0.11010E+02  0.98379E+00  0.23711E-14
 0.11020E+02  0.98376E+00  0.22843E-14
 0.11030E+02  0.98373E+00 -0.33086E-14
 0.11040E+02  0.98371E+00 -0.43665E-14
 0.11050E+02  0.98368E+00 -0.47515E-14
 0.11060E+02  0.98365E+00  0.17839E-14
 0.11070E+02  0.98362E+00  0.71204E-14
 0.11080E+02  0.98360E+00 -0.11938E-14
 0.11090E+02  0.98357E+00 -0.73138E-14
 0.11100E+02  0.98354E+00  0.31932E-14
 0.11110E+02  0.98352E+00  0.46399E-14
 0.11120E+02  0.98349E+00 -0.31544E-14
 0.11130E+02  0.98346E+00 -0.18875E-14
 0.11140E+02  0.98343E+00 -0.17656E-14
 0.11150E+02  0.98341E+00 -0.20078E-14
 0.11160E+02  0.98338E+00 -0.36075E-14
 0.11170E+02  0.98335E+00 -0.28524E-14
 0.11180E+02  0.98332E+00 -0.19967E-14
 0.11190E+02  0.98330E+00 -0.74447E-14
 0.11200E+02  0.98327E+00 -0.23442E-14
 0.11210E+02  0.98324E+00 -0.17022E-13
 0.11220E+02  0.98322E+00 -0.17428E-14
 0.11230E+02  0.98319E+00 -0.27151E-14
 0.11240E+02  0.98316E+00  0.35153E-14
 0.11250E+02  0.98313E+00 -0.77366E-14
 0.11260E+02  0.98311E+00 -0.68474E-15
 0.11270E+02  0.98308E+00  0.84135E-14
 0.11280E+02  0.98305E+00 -0.66499E-14
 0.11290E+02  0.98302E+00 -0.72744E-14
 0.11300E+02  0.98300E+00 -0.32265E-14
 0.11310E+02  0.98297E+00  0.45634E-14
 0.11320E+02  0.98294E+00 -0.36091E-14
 0.11330E+02  0.98291E+00 -0.37391E-14
 0.11340E+02  0.98289E+00  0.65346E-14
 0.11350E+02  0.98286E+00  0.10400E-13
 0.11360E+02  0.98283E+00 -0.18221E-16
 0.11370E+02  0.98280E+00 -0.53313E-14
 0.11380E+02  0.98277E+00 -0.29653E-14
 0.11390E+02  0.98275E+00 -0.58308E-14
 0.11400E+02  0.98272E+00 -0.45033E-15
 0.11410E+02  0.98269E+00  0.11263E-14
 0.11420E+02  0.98266E+00 -0.51318E-15
 0.11430E+02  0.98264E+00  0.96243E-14
 0.11440E+02  0.98261E+00 -0.35523E-14
 0.11450E+02  0.98258E+00 -0.57146E-15
 0.11460E+02  0.98255E+00  0.16600E-14
 0.11470E+02  0.98252E+00 -0.55223E-14
 0.11480E+02  0.98250E+00 -0.71023E-14
 0.11490E+02  0.98247E+00 -0.72791E-14
 0.11500E+02  0.98244E+00 -0.54722E-14
 0.11510E+02  0.98241E+00  0.36080E-15
 0.11520E+02  0.98239E+00  0.52158E-14
 0.11530E+02  0.98236E+00 -0.14321E-14
 0.11540E+02  0.98233E+00 -0.28009E-14
 0.11550E+02  0.98230E+00 -0.90822E-14
 0.11560E+02  0.98227E+00 -0.18405E-14
 0.11570E+02  0.98225E+00  0.76275E-14
 0.11580E+02  0.98222E+00  0.16533E-13
 0.11590E+02  0.98219E+00  0.12137E-14
 0.11600E+02  0.98216E+00 -0.37972E-15
 0.11610E+02  0.98213E+00 -0.77881E-15
 0.11620E+02  0.98211E+00  0.73844E-15
 0.11630E+02  0.98208E+00  0.72866E-14
 0.11640E+02  0.98205E+00 -0.10979E-13
 0.11650E+02  0.98202E+00 -0.56734E-14
 0.11660E+02  0.98199E+00  0.12197E-13
 0.11670E+02  0.98197E+00  0.16093E-13
 0.11680E+02  0.98194E+00 -0.10076E-13
 0.11690E+02  0.98191E+00 -0.29473E-14
 0.11700E+02  0.98188E+00  0.77942E-14
 0.11710E+02  0.98185E+00 -0.74794E-14
 0.11720E+02  0.98182E+00  0.13442E-13
 0.11730E+02  0.98180E+00 -0.16578E-13
 0.11740E+02  0.98177E+00  0.10781E-13
 0.11750E+02  0.98174E+00  0.12043E-13
 0.11760E+02  0.98171E+00 -0.96317E-14
 0.11770E+02  0.98168E+00  0.12498E-14
 0.11780E+02  0.98165E+00  0.14267E-13
 0.11790E+02  0.98163E+00  0.73170E-14
 0.11800E+02  0.98160E+00  0.13690E-13
 0.11810E+02  0.98157E+00 -0.80964E-14
 0.11820E+02  0.98154E+00 -0.13124E-13
 0.11830E+02  0.98151E+00 -0.16923E-13
 0.11840E+02  0.98148E+00 -0.80608E-14
 0.11850E+02  0.98146E+00  0.14544E-13
 0.11860E+02  0.98143E+00  0.84634E-14
 0.11870E+02  0.98140E+00  0.65937E-14
 0.11880E+02  0.98137E+00  0.18058E-13
 0.11890E+02  0.98134E+00  0.17578E-13
 0.11900E+02  0.98131E+00  0.49934E-14
 0.11910E+02  0.98129E+00 -0.41782E-14
 0.11920E+02  0.98126E+00 -0.16699E-13
 0.11930E+02  0.98123E+00  0.26935E-13
 0.11940E+02  0.98120E+00  0.15158E-14
 0.11950E+02  0.98117E+00 -0.14574E-14
 0.11960E+02  0.98114E+00  0.13979E-13
 0.11970E+02  0.98111E+00 -0.19839E-13
 0.11980E+02  0.98109E+00 -0.49383E-14
 0.11990E+02  0.98106E+00  0.98449E-14
 0.12000E+02  0.98103E+00  0.69072E-14
 0.12010E+02  0.98100E+00 -0.11667E-13
 0.12020E+02  0.98097E+00  0.14031E-13
 0.12030E+02  0.98094E+00 -0.51464E-14
 0.12040E+02  0.98091E+00  0.17128E-14
 0.12050E+02  0.98088E+00 -0.34067E-13
 0.12060E+02  0.98086E+00  0.23222E-14
 0.12070E+02  0.98083E+00 -0.17132E-13
 0.12080E+02  0.98080E+00  0.16774E-13
 0.12090E+02  0.98077E+00 -0.20615E-13
 0.12100E+02  0.98074E+00 -0.46187E-14
 0.12110E+02  0.98071E+00  0.19787E-13
 0.12120E+02  0.98068E+00 -0.68689E-14
 0.12130E+02  0.98065E+00 -0.48543E-14
 0.12140E+02  0.98063E+00 -0.19375E-13
 0.12150E+02  0.98060E+00 -0.11586E-13
 0.12160E+02  0.98057E+00  0.16423E-13
 0.12170E+02  0.98054E+00  0.27834E-13
 0.12180E+02  0.98051E+00  0.98323E-14
 0.12190E+02  0.98048E+00  0.88093E-14
 0.12200E+02  0.98045E+00 -0.23442E-13
 0.12210E+02  0.98042E+00  0.29675E-14
 0.12220E+02  0.98039E+00 -0.10252E-13
 0.12230E+02  0.98036E+00 -0.11141E-13
 0.12240E+02  0.98034E+00  0.76475E-14
 0.12250E+02  0.98031E+00  0.19028E-14
 0.12260E+02  0.98028E+00  0.10983E-13
 0.12270E+02  0.98025E+00  0.83201E-14
 0.12280E+02  0.98022E+00  0.24661E-14
 0.12290E+02  0.98019E+00 -0.74843E-14
 0.12300E+02  0.98016E+00  0.57551E-14
 0.12310E+02  0.98013E+00 -0.21930E-13
 0.12320E+02  0.98010E+00  0.10903E-13
 0.12330E+02  0.98007E+00  0.46559E-14
 0.12340E+02  0.98004E+00  0.21766E-14
 0.12350E+02  0.98002E+00 -0.21584E-13
 0.12360E+02  0.97999E+00  0.79700E-14
 0.12370E+02  0.97996E+00  0.16911E-13
 0.12380E+02  0.97993E+00  0.11533E-13
 0.12390E+02  0.97990E+00 -0.79823E-14
 0.12400E+02  0.97987E+00 -0.46661E-14
 0.12410E+02  0.97984E+00  0.12384E-13
 0.12420E+02  0.97981E+00  0.95730E-14
 0.12430E+02  0.97978E+00 -0.11422E-13
 0.12440E+02  0.97975E+00 -0.41113E-14
 0.12450E+02  0.97972E+00 -0.13186E-14
 0.12460E+02  0.97969E+00  0.18717E-14
 0.12470E+02  0.97966E+00  0.60351E-14
 0.12480E+02  0.97963E+00 -0.53108E-15
 0.12490E+02  0.97960E+00 -0.11446E-13
 0.12500E+02  0.97958E+00  0.14600E-13
 0.12510E+02  0.97955E+00 -0.69893E-15
 0.12520E+02  0.97952E+00 -0.11019E-14
 0.12530E+02  0.97949E+00  0.18213E-13
 0.12540E+02  0.97946E+00 -0.53524E-14
 0.12550E+02  0.97943E+00  0.63835E-14
 0.12560E+02  0.97940E+00 -0.20362E-14
 0.12570E+02  0.97937E+00  0.11900E-13
 0.12580E+02  0.97934E+00 -0.92868E-14
 0.12590E+02  0.97931E+00  0.57959E-14
 0.12600E+02  0.97928E+00 -0.11850E-13
 0.12610E+02  0.97925E+00 -0.38201E-14
 0.12620E+02  0.97922E+00  0.83471E-14
 0.12630E+02  0.97919E+00 -0.18896E-13
 0.12640E+02  0.97916E+00  0.55110E-14
 0.12650E+02  0.97913E+00  0.83464E-14
 0.12660E+02  0.97910E+00 -0.11562E-14
 0.12670E+02  0.97907E+00 -0.39857E-14
 0.12680E+02  0.97904E+00  0.58669E-14
 0.12690E+02  0.97901E+00  0.47776E-14
 0.12700E+02  0.97898E+00  0.11593E-13
 0.12710E+02  0.97895E+00 -0.18017E-14
 0.12720E+02  0.97892E+00 -0.73830E-14
 0.12730E+02  0.97889E+00  0.13808E-14
 0.12740E+02  0.97886E+00 -0.82988E-14
 0.12750E+02  0.97883E+00 -0.14111E-13
 0.12760E+02  0.97880E+00 -0.49379E-14
 0.12770E+02  0.97878E+00 -0.35749E-14
 0.12780E+02  0.97875E+00  0.20005E-13
 0.12790E+02  0.97872E+00  0.58040E-14
 0.12800E+02  0.97869E+00  0.15210E-13
 0.12810E+02  0.97866E+00  0.17436E-13
 0.12820E+02  0.97863E+00  0.32069E-14
 0.12830E+02  0.97860E+00  0.13003E-14
 0.12840E+02  0.97857E+00  0.64797E-14
 0.12850E+02  0.97854E+00 -0.74433E-14
 0.12860E+02  0.97851E+00 -0.14383E-13
 0.12870E+02  0.97848E+00  0.11477E-13
 0.12880E+02  0.97845E+00  0.23841E-14
 0.12890E+02  0.97842E+00 -0.23336E-14
 0.12900E+02  0.97839E+00  0.34766E-14
 0.12910E+02  0.97836E+00  0.48333E-14
 0.12920E+02  0.97833E+00  0.14299E-14
 0.12930E+02  0.97830E+00  0.10339E-13
 0.12940E+02  0.97827E+00  0.11469E-13
 0.12950E+02  0.97824E+00 -0.45308E-14
 0.12960E+02  0.97821E+00 -0.45209E-14
 0.12970E+02  0.97818E+00  0.90467E-14
 0.12980E+02  0.97815E+00  0.11385E-13
 0.12990E+02  0.97812E+00 -0.39060E-14
 0.13000E+02  0.97809E+00 -0.80260E-14
 0.13010E+02  0.97805E+00 -0.54839E-14
 0.13020E+02  0.97802E+00  0.82782E-14
 0.13030E+02  0.97799E+00 -0.56861E-14
 0.13040E+02  0.97796E+00 -0.49639E-14
 0.13050E+02  0.97793E+00  0.78793E-14
 0.13060E+02  0.97790E+00  0.56948E-14
 0.13070E+02  0.97787E+00 -0.43571E-14
 0.13080E+02  0.97784E+00 -0.50217E-14
 0.13090E+02  0.97781E+00  0.53235E-14
 0.13100E+02  0.97778E+00 -0.10009E-13
 0.13110E+02  0.97775E+00  0.17333E-13
 0.13120E+02  0.97772E+00  0.21993E-14
 0.13130E+02  0.97769E+00  0.17202E-14
 0.13140E+02  0.97766E+00  0.12380E-13
 0.13150E+02  0.97763E+00 -0.30224E-14
 0.13160E+02  0.97760E+00  0.17978E-13
 0.13170E+02  0.97757E+00 -0.10095E-13
 0.13180E+02  0.97754E+00  0.94199E-14
 0.13190E+02  0.97751E+00  0.88307E-14
 0.13200E+02  0.97748E+00  0.69003E-14
 0.13210E+02  0.97745E+00 -0.86733E-14
 0.13220E+02  0.97742E+00  0.56087E-14
 0.13230E+02  0.97739E+00  0.62429E-14
 0.13240E+02  0.97736E+00  0.12824E-13
 0.13250E+02  0.97733E+00 -0.33151E-14
 0.13260E+02  0.97730E+00  0.15399E-13
 0.13270E+02  0.97727E+00  0.71138E-14
 0.13280E+02  0.97723E+00 -0.11788E-13
 0.13290E+02  0.97720E+00  0.63022E-14
 0.13300E+02  0.97717E+00  0.11615E-14
 0.13310E+02  0.97714E+00  0.96000E-14
 0.13320E+02  0.97711E+00 -0.76249E-14
 0.13330E+02  0.97708E+00  0.13642E-13
 0.13340E+02  0.97705E+00 -0.10318E-13
 0.13350E+02  0.97702E+00 -0.14875E-13
 0.13360E+02  0.97699E+00  0.17590E-14
 0.13370E+02  0.97696E+00  0.53165E-14
 0.13380E+02  0.97693E+00  0.16108E-14
 0.13390E+02  0.97690E+00  0.12451E-13
 0.13400E+02  0.97687E+00  0.92989E-14
 0.13410E+02  0.97684E+00  0.11200E-14
 0.13420E+02  0.97681E+00 -0.12269E-13
 0.13430E+02  0.97678E+00 -0.12128E-13
 0.13440E+02  0.97674E+00 -0.15801E-13
 0.13450E+02  0.97671E+00  0.61969E-14
 0.13460E+02  0.97668E+00 -0.33436E-14
 0.13470E+02  0.97665E+00  0.29223E-14
 0.13480E+02  0.97662E+00  0.81212E-14
 0.13490E+02  0.97659E+00  0.15589E-13
 0.13500E+02  0.97656E+00  0.15241E-13
 0.13510E+02  0.97653E+00  0.23698E-13
 0.13520E+02  0.97650E+00  0.66953E-14
 0.13530E+02  0.97647E+00 -0.13601E-13
 0.13540E+02  0.97644E+00  0.99213E-14
 0.13550E+02  0.97640E+00 -0.10246E-13
 0.13560E+02  0.97637E+00  0.11564E-13
 0.13570E+02  0.97634E+00 -0.21974E-13
 0.13580E+02  0.97631E+00  0.22511E-14
 0.13590E+02  0.97628E+00 -0.40608E-15
 0.13600E+02  0.97625E+00  0.26306E-13
 0.13610E+02  0.97622E+00 -0.31146E-13
 0.13620E+02  0.97619E+00 -0.11783E-13
 0.13630E+02  0.97616E+00  0.22894E-13
 0.13640E+02  0.97613E+00 -0.10233E-13
 0.13650E+02  0.97609E+00  0.13579E-13
 0.13660E+02  0.97606E+00 -0.38301E-13
 0.13670E+02  0.97603E+00 -0.17094E-13
 0.13680E+02  0.97600E+00  0.20026E-14
 0.13690E+02  0.97597E+00  0.52491E-14
 0.13700E+02  0.97594E+00  0.25181E-13
 0.13710E+02  0.97591E+00 -0.97585E-14
 0.13720E+02  0.97588E+00  0.16196E-13
 0.13730E+02  0.97585E+00 -0.13371E-13
 0.13740E+02  0.97581E+00  0.11952E-13
 0.13750E+02  0.97578E+00  0.16492E-14
 0.13760E+02  0.97575E+00  0.21813E-14
 0.13770E+02  0.97572E+00  0.91556E-14
 0.13780E+02  0.97569E+00  0.17744E-13
 0.13790E+02  0.97566E+00 -0.14139E-13
 0.13800E+02  0.97563E+00  0.80583E-14
 0.13810E+02  0.97560E+00 -0.72261E-15
 0.13820E+02  0.97556E+00  0.18520E-15
 0.13830E+02  0.97553E+00  0.90249E-14
 0.13840E+02  0.97550E+00 -0.87837E-14
 0.13850E+02  0.97547E+00 -0.39337E-14
 0.13860E+02  0.97544E+00 -0.58952E-14
 0.13870E+02  0.97541E+00  0.10197E-13
 0.13880E+02  0.97538E+00 -0.20560E-13
 0.13890E+02  0.97535E+00  0.97298E-14
 0.13900E+02  0.97531E+00  0.37838E-13
 0.13910E+02  0.97528E+00 -0.10990E-13
 0.13920E+02  0.97525E+00 -0.56026E-14
 0.13930E+02  0.97522E+00  0.17965E-13
 0.13940E+02  0.97519E+00 -0.12795E-13
 0.13950E+02  0.97516E+00 -0.49145E-13
 0.13960E+02  0.97513E+00  0.48449E-14
 0.13970E+02  0.97509E+00 -0.28292E-14
 0.13980E+02  0.97506E+00 -0.56727E-14
 0.13990E+02  0.97503E+00 -0.20871E-13
 0.14000E+02  0.97500E+00 -0.51927E-14
 0.14010E+02  0.97497E+00  0.27322E-14
 0.14020E+02  0.97494E+00 -0.19442E-13
 0.14030E+02  0.97490E+00 -0.22225E-13
 0.14040E+02  0.97487E+00  0.19248E-13
 0.14050E+02  0.97484E+00  0.63645E-14
 0.14060E+02  0.97481E+00  0.29819E-14
 0.14070E+02  0.97478E+00 -0.23158E-14
 0.14080E+02  0.97475E+00  0.25692E-13
 0.14090E+02  0.97472E+00  0.72702E-14
 0.14100E+02  0.97468E+00 -0.14191E-13
 0.14110E+02  0.97465E+00  0.17641E-14
 0.14120E+02  0.97462E+00 -0.57573E-14
 0.14130E+02  0.97459E+00  0.30720E-13
 0.14140E+02  0.97456E+00  0.13637E-13
 0.14150E+02  0.97453E+00 -0.17698E-13
 0.14160E+02  0.97449E+00  0.20017E-13
 0.14170E+02  0.97446E+00  0.12640E-13
 0.14180E+02  0.97443E+00 -0.67032E-14
 0.14190E+02  0.97440E+00 -0.10041E-14
 0.14200E+02  0.97437E+00  0.48359E-14
 0.14210E+02  0.97433E+00  0.23207E-14
 0.14220E+02  0.97430E+00  0.10873E-14
 0.14230E+02  0.97427E+00  0.19318E-13
 0.14240E+02  0.97424E+00 -0.25316E-13
 0.14250E+02  0.97421E+00  0.25471E-14
 0.14260E+02  0.97418E+00  0.19977E-14
 0.14270E+02  0.97414E+00 -0.17134E-13
 0.14280E+02  0.97411E+00 -0.44650E-14
 0.14290E+02  0.97408E+00  0.13382E-13
 0.14300E+02  0.97405E+00 -0.24309E-14
 0.14310E+02  0.97402E+00 -0.21280E-13
 0.14320E+02  0.97398E+00 -0.16285E-13
 0.14330E+02  0.97395E+00  0.29375E-13
 0.14340E+02  0.97392E+00 -0.68112E-14
 0.14350E+02  0.97389E+00 -0.87062E-14
 0.14360E+02  0.97386E+00 -0.15115E-13
 0.14370E+02  0.97382E+00  0.44206E-14
 0.14380E+02  0.97379E+00 -0.24792E-13
 0.14390E+02  0.97376E+00  0.33487E-13
 0.14400E+02  0.97373E+00  0.13556E-13
 0.14410E+02  0.97370E+00  0.15068E-13
 0.14420E+02  0.97366E+00 -0.21818E-13
 0.14430E+02  0.97363E+00  0.22725E-13
 0.14440E+02  0.97360E+00 -0.21595E-13
 0.14450E+02  0.97357E+00 -0.67914E-14
 0.14460E+02  0.97354E+00  0.33567E-14
 0.14470E+02  0.97350E+00 -0.25156E-13
 0.14480E+02  0.97347E+00  0.15711E-14
 0.14490E+02  0.97344E+00  0.18832E-13
 0.14500E+02  0.97341E+00 -0.16243E-13
 0.14510E+02  0.97338E+00 -0.24890E-14
 0.14520E+02  0.97334E+00  0.12556E-13
 0.14530E+02  0.97331E+00 -0.80370E-14
 0.14540E+02  0.97328E+00  0.15642E-13
 0.14550E+02  0.97325E+00  0.44795E-14
 0.14560E+02  0.97321E+00 -0.19321E-13
 0.14570E+02  0.97318E+00 -0.11619E-13
 0.14580E+02  0.97315E+00  0.19533E-13
 0.14590E+02  0.97312E+00 -0.40377E-14
 0.14600E+02  0.97309E+00 -0.24769E-14
 0.14610E+02  0.97305E+00 -0.13079E-13
 0.14620E+02  0.97302E+00  0.39488E-13
 0.14630E+02  0.97299E+00 -0.96962E-14
 0.14640E+02  0.97296E+00  0.16107E-13
 0.14650E+02  0.97292E+00  0.46394E-14
 0.14660E+02  0.97289E+00  0.25765E-13
 0.14670E+02  0.97286E+00  0.26807E-13
 0.14680E+02  0.97283E+00  0.30303E-14
 0.14690E+02  0.97279E+00 -0.85803E-15
 0.14700E+02  0.97276E+00  0.52783E-14
 0.14710E+02  0.97273E+00  0.14676E-13
 0.14720E+02  0.97270E+00  0.27418E-13
 0.14730E+02  0.97266E+00  0.19198E-14
 0.14740E+02  0.97263E+00 -0.13438E-13
 0.14750E+02  0.97260E+00 -0.39258E-13
 0.14760E+02  0.97257E+00  0.31793E-13
 0.14770E+02  0.97254E+00  0.70625E-14
 0.14780E+02  0.97250E+00  0.14636E-13
 0.14790E+02  0.97247E+00  0.31170E-13
 0.14800E+02  0.97244E+00 -0.25604E-13
 0.14810E+02  0.97241E+00 -0.46299E-14
 0.14820E+02  0.97237E+00 -0.18318E-13
 0.14830E+02  0.97234E+00 -0.13700E-14
 0.14840E+02  0.97231E+00 -0.17710E-13
 0.14850E+02  0.97227E+00 -0.34829E-13
 0.14860E+02  0.97224E+00  0.12624E-13
 0.14870E+02  0.97221E+00  0.16316E-13
 0.14880E+02  0.97218E+00 -0.17817E-13
 0.14890E+02  0.97214E+00  0.49462E-14
 0.14900E+02  0.97211E+00  0.74823E-14
 0.14910E+02  0.97208E+00 -0.25223E-13
 0.14920E+02  0.97205E+00 -0.45129E-13
 0.14930E+02  0.97201E+00  0.11031E-13
 0.14940E+02  0.97198E+00  0.12336E-13
 0.14950E+02  0.97195E+00  0.14404E-13
 0.14960E+02  0.97192E+00  0.57511E-14
 0.14970E+02  0.97188E+00 -0.33483E-14
 0.14980E+02  0.97185E+00  0.27486E-14
 0.14990E+02  0.97182E+00 -0.13440E-13
 0.15000E+02  0.97179E+00 -0.11124E-14
 0.15010E+02  0.97175E+00  0.68366E-14
 0.15020E+02  0.97172E+00  0.31756E-14
 0.15030E+02  0.97169E+00  0.14400E-13
 0.15040E+02  0.97165E+00 -0.11891E-13
 0.15050E+02  0.97162E+00  0.18807E-13
 0.15060E+02  0.97159E+00  0.11502E-13
 0.15070E+02  0.97156E+00  0.34800E-13
 0.15080E+02  0.97152E+00 -0.46993E-15
 0.15090E+02  0.97149E+00  0.24025E-13
 0.15100E+02  0.97146E+00 -0.12697E-13
 0.15110E+02  0.97142E+00 -0.96854E-14
 0.15120E+02  0.97139E+00  0.69993E-14
 0.15130E+02  0.97136E+00 -0.23660E-14
 0.15140E+02  0.97133E+00 -0.27673E-13
 0.15150E+02  0.97129E+00 -0.58982E-13
 0.15160E+02  0.97126E+00 -0.81930E-14
 0.15170E+02  0.97123E+00 -0.30715E-13
 0.15180E+02  0.97119E+00  0.41824E-13
 0.15190E+02  0.97116E+00  0.17571E-13
 0.15200E+02  0.97113E+00  0.52163E-13
 0.15210E+02  0.97109E+00  0.39326E-13
 0.15220E+02  0.97106E+00 -0.81613E-15
 0.15230E+02  0.97103E+00 -0.34411E-13
 0.15240E+02  0.97100E+00 -0.21642E-14
 0.15250E+02  0.97096E+00  0.82983E-14
 0.15260E+02  0.97093E+00 -0.11892E-13
 0.15270E+02  0.97090E+00  0.21734E-13
 0.15280E+02  0.97086E+00 -0.10188E-13
 0.15290E+02  0.97083E+00  0.34200E-13
 0.15300E+02  0.97080E+00 -0.13089E-13
 0.15310E+02  0.97076E+00  0.24890E-13
 0.15320E+02  0.97073E+00  0.36748E-13
 0.15330E+02  0.97070E+00 -0.39929E-14
 0.15340E+02  0.97067E+00 -0.96553E-14
 0.15350E+02  0.97063E+00  0.19282E-13
 0.15360E+02  0.97060E+00  0.13221E-13
 0.15370E+02  0.97057E+00 -0.28111E-13
 0.15380E+02  0.97053E+00 -0.25538E-13
 0.15390E+02  0.97050E+00  0.88025E-13
 0.15400E+02  0.97047E+00 -0.26733E-13
 0.15410E+02  0.97043E+00  0.78819E-14
 0.15420E+02  0.97040E+00 -0.34609E-13
 0.15430E+02  0.97037E+00 -0.77171E-14
 0.15440E+02  0.97033E+00  0.69440E-13
 0.15450E+02  0.97030E+00  0.31605E-13
 0.15460E+02  0.97027E+00 -0.14819E-13
 0.15470E+02  0.97023E+00 -0.76126E-14
 0.15480E+02  0.97020E+00  0.36478E-13
 0.15490E+02  0.97017E+00  0.28039E-13
 0.15500E+02  0.97013E+00 -0.46560E-14
 0.15510E+02  0.97010E+00  0.47449E-13
 0.15520E+02  0.97007E+00 -0.22591E-13
 0.15530E+02  0.97003E+00 -0.11905E-13
 0.15540E+02  0.97000E+00  0.17718E-13
 0.15550E+02  0.96997E+00  0.62003E-14
 0.15560E+02  0.96993E+00  0.16062E-13
 0.15570E+02  0.96990E+00  0.16819E-13
 0.15580E+02  0.96987E+00 -0.94381E-14
 0.15590E+02  0.96983E+00 -0.17168E-14
 0.15600E+02  0.96980E+00 -0.37585E-13
 0.15610E+02  0.96977E+00  0.40161E-13
 0.15620E+02  0.96973E+00 -0.11791E-13
 0.15630E+02  0.96970E+00  0.20311E-13
 0.15640E+02  0.96967E+00 -0.51185E-13
 0.15650E+02  0.96963E+00  0.54382E-13
 0.15660E+02  0.96960E+00  0.65953E-14
 0.15670E+02  0.96957E+00 -0.65332E-14
 0.15680E+02  0.96953E+00  0.35981E-13
 0.15690E+02  0.96950E+00  0.41906E-13
 0.15700E+02  0.96947E+00  0.66412E-14
 0.15710E+02  0.96943E+00 -0.97889E-14
 0.15720E+02  0.96940E+00  0.46117E-14
 0.15730E+02  0.96936E+00  0.33175E-13
 0.15740E+02  0.96933E+00  0.98657E-14
 0.15750E+02  0.96930E+00 -0.23645E-13
 0.15760E+02  0.96926E+00 -0.11513E-13
 0.15770E+02  0.96923E+00 -0.19038E-13
 0.15780E+02  0.96920E+00 -0.24845E-13
 0.15790E+02  0.96916E+00 -0.23925E-13
 0.15800E+02  0.96913E+00 -0.37705E-13
 0.15810E+02  0.96910E+00  0.80931E-14
 0.15820E+02  0.96906E+00 -0.45493E-13
 0.15830E+02  0.96903E+00  0.34464E-14
 0.15840E+02  0.96900E+00 -0.72447E-15
 0.15850E+02  0.96896E+00 -0.16742E-13
 0.15860E+02  0.96893E+00  0.62530E-14
 0.15870E+02  0.96889E+00  0.10934E-13
 0.15880E+02  0.96886E+00 -0.33895E-14
 0.15890E+02  0.96883E+00 -0.75495E-14
 0.15900E+02  0.96879E+00  0.81096E-14
 0.15910E+02  0.96876E+00  0.84115E-14
 0.15920E+02  0.96873E+00  0.30881E-13
 0.15930E+02  0.96869E+00  0.39714E-14
 0.15940E+02  0.96866E+00 -0.23972E-13
 0.15950E+02  0.96862E+00 -0.28872E-14
 0.15960E+02  0.96859E+00 -0.21174E-13
 0.15970E+02  0.96856E+00  0.18447E-14
 0.15980E+02  0.96852E+00 -0.40296E-13
 0.15990E+02  0.96849E+00  0.28100E-13
 0.16000E+02  0.96846E+00 -0.94386E-14
 0.16010E+02  0.96842E+00 -0.44799E-14
 0.16020E+02  0.96839E+00  0.31772E-13
 0.16030E+02  0.96835E+00  0.36405E-14
 0.16040E+02  0.96832E+00  0.43018E-13
 0.16050E+02  0.96829E+00 -0.17664E-13
 0.16060E+02  0.96825E+00  0.38829E-14
 0.16070E+02  0.96822E+00  0.40496E-14
 0.16080E+02  0.96818E+00 -0.83897E-14
 0.16090E+02  0.96815E+00 -0.23025E-13
 0.16100E+02  0.96812E+00 -0.50005E-13
 0.16110E+02  0.96808E+00  0.11217E-13
 0.16120E+02  0.96805E+00 -0.16143E-13
 0.16130E+02  0.96801E+00 -0.34540E-13
 0.16140E+02  0.96798E+00  0.40160E-13
 0.16150E+02  0.96795E+00 -0.19844E-13
 0.16160E+02  0.96791E+00 -0.15046E-13
 0.16170E+02  0.96788E+00 -0.16032E-13
 0.16180E+02  0.96784E+00  0.42219E-14
 0.16190E+02  0.96781E+00  0.39493E-13
 0.16200E+02  0.96778E+00 -0.33920E-13
 0.16210E+02  0.96774E+00  0.17203E-13
 0.16220E+02  0.96771E+00  0.26293E-13
 0.16230E+02  0.96767E+00  0.60740E-13
 0.16240E+02  0.96764E+00 -0.35134E-13
 0.16250E+02  0.96761E+00  0.45936E-13
 0.16260E+02  0.96757E+00  0.34307E-14
 0.16270E+02  0.96754E+00  0.16551E-14
 0.16280E+02  0.96750E+00  0.32574E-13
 0.16290E+02  0.96747E+00 -0.14429E-13
 0.16300E+02  0.96744E+00 -0.26065E-13
 0.16310E+02  0.96740E+00  0.12659E-13
 0.16320E+02  0.96737E+00  0.25554E-13
 0.16330E+02  0.96733E+00 -0.44450E-13
 0.16340E+02  0.96730E+00  0.29980E-15
 0.16350E+02  0.96726E+00  0.14799E-13
 0.16360E+02  0.96723E+00 -0.79921E-14
 0.16370E+02  0.96720E+00  0.19515E-13
 0.16380E+02  0.96716E+00  0.61604E-13
 0.16390E+02  0.96713E+00 -0.10112E-13
 0.16400E+02  0.96709E+00 -0.16456E-13
 0.16410E+02  0.96706E+00 -0.61071E-14
 0.16420E+02  0.96703E+00  0.16146E-13
 0.16430E+02  0.96699E+00  0.81099E-13
 0.16440E+02  0.96696E+00  0.21956E-13
 0.16450E+02  0.96692E+00 -0.71595E-14
 0.16460E+02  0.96689E+00 -0.32653E-14
 0.16470E+02  0.96685E+00  0.24252E-13
 0.16480E+02  0.96682E+00  0.47785E-13
 0.16490E+02  0.96679E+00 -0.66467E-14
 0.16500E+02  0.96675E+00 -0.87604E-14
 0.16510E+02  0.96672E+00 -0.26151E-13
 0.16520E+02  0.96668E+00  0.98061E-14
 0.16530E+02  0.96665E+00  0.76713E-14
 0.16540E+02  0.96661E+00 -0.47858E-13
 0.16550E+02  0.96658E+00 -0.44920E-14
 0.16560E+02  0.96654E+00 -0.23084E-13
 0.16570E+02  0.96651E+00 -0.35483E-13
 0.16580E+02  0.96648E+00  0.35487E-13
 0.16590E+02  0.96644E+00 -0.74441E-14
 0.16600E+02  0.96641E+00 -0.17894E-13
 0.16610E+02  0.96637E+00  0.42445E-14
 0.16620E+02  0.96634E+00 -0.17123E-13
 0.16630E+02  0.96630E+00  0.25222E-13
 0.16640E+02  0.96627E+00  0.17518E-13
 0.16650E+02  0.96624E+00  0.97945E-13
 0.16660E+02  0.96620E+00  0.18865E-14
 0.16670E+02  0.96617E+00  0.42765E-13
 0.16680E+02  0.96613E+00 -0.20278E-13
 0.16690E+02  0.96610E+00 -0.49876E-14
 0.16700E+02  0.96606E+00 -0.50857E-14
 0.16710E+02  0.96603E+00  0.54661E-13
 0.16720E+02  0.96599E+00 -0.64013E-13
 0.16730E+02  0.96596E+00  0.72705E-14
 0.16740E+02  0.96592E+00  0.14866E-13
 0.16750E+02  0.96589E+00 -0.50175E-13
 0.16760E+02  0.96586E+00  0.13795E-13
 0.16770E+02  0.96582E+00  0.69531E-13
 0.16780E+02  0.96579E+00  0.16222E-13
 0.16790E+02  0.96575E+00  0.36975E-13
 0.16800E+02  0.96572E+00 -0.27469E-13
 0.16810E+02  0.96568E+00  0.54763E-13
 0.16820E+02  0.96565E+00  0.14343E-13
 0.16830E+02  0.96561E+00 -0.57131E-13
 0.16840E+02  0.96558E+00  0.25739E-13
 0.16850E+02  0.96554E+00 -0.69222E-13
 0.16860E+02  0.96551E+00  0.72764E-13
 0.16870E+02  0.96547E+00  0.13864E-13
 0.16880E+02  0.96544E+00  0.58623E-13
 0.16890E+02  0.96541E+00  0.36350E-13
 0.16900E+02  0.96537E+00 -0.40534E-13
 0.16910E+02  0.96534E+00  0.75268E-13
 0.16920E+02  0.96530E+00 -0.63252E-13
 0.16930E+02  0.96527E+00 -0.47869E-13
 0.16940E+02  0.96523E+00  0.21491E-13
 0.16950E+02  0.96520E+00 -0.36528E-13
 0.16960E+02  0.96516E+00  0.72359E-13
 0.16970E+02  0.96513E+00 -0.51880E-14
 0.16980E+02  0.96509E+00  0.94175E-13
 0.16990E+02  0.96506E+00  0.25397E-13
 0.17000E+02  0.96502E+00 -0.73099E-13
 0.17010E+02  0.96499E+00 -0.42744E-13
 0.17020E+02  0.96495E+00  0.35823E-13
 0.17030E+02  0.96492E+00  0.37480E-14
 0.17040E+02  0.96488E+00  0.80250E-13
 0.17050E+02  0.96485E+00 -0.25398E-13
 0.17060E+02  0.96481E+00  0.28912E-13
 0.17070E+02  0.96478E+00  0.51682E-13
 0.17080E+02  0.96474E+00 -0.36315E-13
 0.17090E+02  0.96471E+00  0.11829E-12
 0.17100E+02  0.96467E+00 -0.57710E-13
 0.17110E+02  0.96464E+00 -0.10205E-12
 0.17120E+02  0.96461E+00  0.77889E-13
 0.17130E+02  0.96457E+00  0.43403E-13
 0.17140E+02  0.96454E+00  0.25518E-13
 0.17150E+02  0.96450E+00  0.22468E-14
 0.17160E+02  0.96447E+00 -0.16534E-13
 0.17170E+02  0.96443E+00 -0.82318E-13
 0.17180E+02  0.96440E+00  0.50222E-14
 0.17190E+02  0.96436E+00 -0.12474E-13
 0.17200E+02  0.96433E+00 -0.30547E-13
 0.17210E+02  0.96429E+00 -0.87641E-13
 0.17220E+02  0.96426E+00  0.35109E-13
 0.17230E+02  0.96422E+00 -0.23675E-13
 0.17240E+02  0.96419E+00  0.71563E-13
 0.17250E+02  0.96415E+00  0.65536E-13
 0.17260E+02  0.96412E+00 -0.27830E-14
 0.17270E+02  0.96408E+00 -0.12763E-12
 0.17280E+02  0.96405E+00  0.64039E-13
 0.17290E+02  0.96401E+00 -0.44203E-14
 0.17300E+02  0.96398E+00 -0.78609E-14
 0.17310E+02  0.96394E+00 -0.16907E-13
 0.17320E+02  0.96391E+00 -0.69081E-13
 0.17330E+02  0.96387E+00  0.65870E-13
 0.17340E+02  0.96384E+00  0.50238E-13
 0.17350E+02  0.96380E+00  0.15663E-12
 0.17360E+02  0.96377E+00 -0.26218E-13
 0.17370E+02  0.96373E+00  0.24791E-13
 0.17380E+02  0.96370E+00  0.91600E-14
 0.17390E+02  0.96366E+00 -0.41097E-13
 0.17400E+02  0.96362E+00  0.25170E-13
 0.17410E+02  0.96359E+00  0.19135E-13
 0.17420E+02  0.96355E+00 -0.10586E-12
 0.17430E+02  0.96352E+00 -0.27739E-13
 0.17440E+02  0.96348E+00  0.13291E-13
 0.17450E+02  0.96345E+00 -0.51818E-13
 0.17460E+02  0.96341E+00  0.24424E-13
 0.17470E+02  0.96338E+00  0.48203E-13
 0.17480E+02  0.96334E+00 -0.33358E-13
 0.17490E+02  0.96331E+00  0.28292E-13
 0.17500E+02  0.96327E+00  0.49131E-13
 0.17510E+02  0.96324E+00 -0.64831E-13
 0.17520E+02  0.96320E+00  0.34104E-13
 0.17530E+02  0.96317E+00  0.43008E-13
 0.17540E+02  0.96313E+00 -0.46111E-13
 0.17550E+02  0.96310E+00 -0.89645E-13
 0.17560E+02  0.96306E+00  0.12681E-13
 0.17570E+02  0.96303E+00  0.18521E-13
 0.17580E+02  0.96299E+00  0.19087E-13
 0.17590E+02  0.96296E+00 -0.23732E-13
 0.17600E+02  0.96292E+00 -0.27420E-13
 0.17610E+02  0.96289E+00  0.41830E-13
 0.17620E+02  0.96285E+00  0.92969E-14
 0.17630E+02  0.96281E+00  0.20701E-14
 0.17640E+02  0.96278E+00 -0.88660E-13
 0.17650E+02  0.96274E+00 -0.14969E-13
 0.17660E+02  0.96271E+00 -0.40879E-13
 0.17670E+02  0.96267E+00 -0.62568E-13
 0.17680E+02  0.96264E+00 -0.46648E-13
 0.17690E+02  0.96260E+00 -0.47395E-13
 0.17700E+02  0.96257E+00  0.60078E-13
 0.17710E+02  0.96253E+00  0.84678E-14
 0.17720E+02  0.96250E+00  0.24135E-13
 0.17730E+02  0.96246E+00  0.86461E-14
 0.17740E+02  0.96243E+00  0.13061E-13
 0.17750E+02  0.96239E+00 -0.21259E-13
 0.17760E+02  0.96236E+00  0.11177E-13
 0.17770E+02  0.96232E+00 -0.17855E-14
 0.17780E+02  0.96228E+00  0.19502E-13
 0.17790E+02  0.96225E+00 -0.22815E-13
 0.17800E+02  0.96221E+00  0.51945E-13
 0.17810E+02  0.96218E+00 -0.16692E-13
 0.17820E+02  0.96214E+00  0.10441E-12
 0.17830E+02  0.96211E+00  0.84537E-14
 0.17840E+02  0.96207E+00  0.24819E-13
 0.17850E+02  0.96204E+00 -0.10629E-13
 0.17860E+02  0.96200E+00  0.27172E-13
 0.17870E+02  0.96197E+00  0.12193E-12
 0.17880E+02  0.96193E+00 -0.34453E-13
 0.17890E+02  0.96189E+00  0.92422E-13
 0.17900E+02  0.96186E+00  0.66580E-14
 0.17910E+02  0.96182E+00 -0.79465E-14
 0.17920E+02  0.96179E+00 -0.53430E-13
 0.17930E+02  0.96175E+00  0.97933E-14
 0.17940E+02  0.96172E+00 -0.41932E-13
 0.17950E+02  0.96168E+00  0.99070E-13
 0.17960E+02  0.96165E+00  0.12510E-14
 0.17970E+02  0.96161E+00  0.83844E-14
 0.17980E+02  0.96157E+00  0.29033E-13
 0.17990E+02  0.96154E+00 -0.48621E-16
 0.18000E+02  0.96150E+00  0.71331E-14
 0.18010E+02  0.96147E+00 -0.14957E-12
 0.18020E+02  0.96143E+00  0.23495E-13
 0.18030E+02  0.96140E+00  0.36271E-13
 0.18040E+02  0.96136E+00  0.14203E-12
 0.18050E+02  0.96133E+00 -0.76456E-13
 0.18060E+02  0.96129E+00 -0.29685E-14
 0.18070E+02  0.96125E+00  0.99420E-13
 0.18080E+02  0.96122E+00 -0.11160E-12
 0.18090E+02  0.96118E+00 -0.81883E-13
 0.18100E+02  0.96115E+00  0.97099E-14
 0.18110E+02  0.96111E+00 -0.28377E-13
 0.18120E+02  0.96108E+00 -0.18445E-12
 0.18130E+02  0.96104E+00 -0.53550E-13
 0.18140E+02  0.96100E+00 -0.11995E-12
 0.18150E+02  0.96097E+00 -0.18886E-13
 0.18160E+02  0.96093E+00  0.11365E-12
 0.18170E+02  0.96090E+00  0.16020E-12
 0.18180E+02  0.96086E+00 -0.57418E-13
 0.18190E+02  0.96083E+00  0.11421E-13
 0.18200E+02  0.96079E+00  0.37868E-13
 0.18210E+02  0.96075E+00 -0.49450E-13
 0.18220E+02  0.96072E+00 -0.58541E-13
 0.18230E+02  0.96068E+00 -0.13538E-12
 0.18240E+02  0.96065E+00 -0.17260E-12
 0.18250E+02  0.96061E+00  0.34962E-14
 0.18260E+02  0.96058E+00 -0.93071E-13
 0.18270E+02  0.96054E+00 -0.16699E-13
 0.18280E+02  0.96050E+00  0.19555E-13
 0.18290E+02  0.96047E+00 -0.52752E-13
 0.18300E+02  0.96043E+00 -0.42218E-13
 0.18310E+02  0.96040E+00  0.33219E-13
 0.18320E+02  0.96036E+00 -0.34698E-13
 0.18330E+02  0.96032E+00 -0.52375E-13
 0.18340E+02  0.96029E+00 -0.64491E-13
 0.18350E+02  0.96025E+00 -0.74154E-13
 0.18360E+02  0.96022E+00 -0.27593E-13
 0.18370E+02  0.96018E+00 -0.41744E-14
 0.18380E+02  0.96015E+00 -0.15591E-13
 0.18390E+02  0.96011E+00 -0.18072E-13
 0.18400E+02  0.96007E+00  0.43697E-13
 0.18410E+02  0.96004E+00 -0.77355E-13
 0.18420E+02  0.96000E+00 -0.68053E-13
 0.18430E+02  0.95997E+00  0.62138E-13
 0.18440E+02  0.95993E+00 -0.72751E-14
 0.18450E+02  0.95989E+00  0.72626E-13
 0.18460E+02  0.95986E+00  0.14796E-13
 0.18470E+02  0.95982E+00  0.26610E-13
 0.18480E+02  0.95979E+00 -0.96097E-13
 0.18490E+02  0.95975E+00 -0.10360E-13
 0.18500E+02  0.95971E+00  0.89065E-13
 0.18510E+02  0.95968E+00 -0.64206E-13
 0.18520E+02  0.95964E+00  0.95534E-14
 0.18530E+02  0.95961E+00  0.12632E-12
 0.18540E+02  0.95957E+00  0.23827E-12
 0.18550E+02  0.95953E+00  0.27148E-13
 0.18560E+02  0.95950E+00  0.33440E-13
 0.18570E+02  0.95946E+00  0.27079E-13
 0.18580E+02  0.95943E+00 -0.40924E-13
 0.18590E+02  0.95939E+00  0.53101E-13
 0.18600E+02  0.95936E+00  0.10822E-12
 0.18610E+02  0.95932E+00  0.27359E-13
 0.18620E+02  0.95928E+00 -0.13708E-12
 0.18630E+02  0.95925E+00  0.23660E-12
 0.18640E+02  0.95921E+00  0.84215E-13
 0.18650E+02  0.95917E+00  0.92923E-14
 0.18660E+02  0.95914E+00  0.20025E-13
 0.18670E+02  0.95910E+00  0.82357E-13
 0.18680E+02  0.95907E+00 -0.92332E-14
 0.18690E+02  0.95903E+00 -0.21366E-14
 0.18700E+02  0.95899E+00 -0.90198E-13
 0.18710E+02  0.95896E+00 -0.53342E-13
 0.18720E+02  0.95892E+00 -0.41711E-13
 0.18730E+02  0.95889E+00 -0.62678E-13
 0.18740E+02  0.95885E+00 -0.98976E-13
 0.18750E+02  0.95881E+00  0.16818E-12
 0.18760E+02  0.95878E+00 -0.55748E-14
 0.18770E+02  0.95874E+00 -0.99239E-13
 0.18780E+02  0.95871E+00 -0.58146E-13
 0.18790E+02  0.95867E+00 -0.27952E-13
 0.18800E+02  0.95863E+00  0.76052E-13
 0.18810E+02  0.95860E+00  0.94844E-14
 0.18820E+02  0.95856E+00  0.77015E-14
 0.18830E+02  0.95853E+00  0.62113E-13
 0.18840E+02  0.95849E+00  0.68563E-13
 0.18850E+02  0.95845E+00  0.11580E-13
 0.18860E+02  0.95842E+00  0.91182E-13
 0.18870E+02  0.95838E+00 -0.14088E-12
 0.18880E+02  0.95834E+00  0.10857E-13
 0.18890E+02  0.95831E+00 -0.26970E-13
 0.18900E+02  0.95827E+00 -0.95360E-13
 0.18910E+02  0.95824E+00  0.40522E-13
 0.18920E+02  0.95820E+00 -0.16057E-12
 0.18930E+02  0.95816E+00  0.10406E-12
 0.18940E+02  0.95813E+00  0.12185E-12
 0.18950E+02  0.95809E+00  0.31056E-13
 0.18960E+02  0.95806E+00 -0.55588E-13
 0.18970E+02  0.95802E+00  0.78275E-13
 0.18980E+02  0.95798E+00 -0.13590E-13
 0.18990E+02  0.95795E+00  0.10031E-12
 0.19000E+02  0.95791E+00  0.79277E-13
 0.19010E+02  0.95787E+00 -0.95892E-14
 0.19020E+02  0.95784E+00 -0.18081E-13
 0.19030E+02  0.95780E+00  0.35895E-13
 0.19040E+02  0.95777E+00  0.14601E-12
 0.19050E+02  0.95773E+00  0.90233E-13
 0.19060E+02  0.95769E+00  0.32142E-13
 0.19070E+02  0.95766E+00  0.51613E-13
 0.19080E+02  0.95762E+00 -0.73632E-13
 0.19090E+02  0.95758E+00 -0.44098E-13
 0.19100E+02  0.95755E+00 -0.22477E-13
 0.19110E+02  0.95751E+00  0.53919E-13
 0.19120E+02  0.95747E+00 -0.17630E-12
 0.19130E+02  0.95744E+00  0.68075E-13
 0.19140E+02  0.95740E+00 -0.62618E-13
 0.19150E+02  0.95737E+00 -0.16232E-13
 0.19160E+02  0.95733E+00 -0.12072E-12
 0.19170E+02  0.95729E+00 -0.33332E-13
 0.19180E+02  0.95726E+00 -0.90600E-13
 0.19190E+02  0.95722E+00  0.63578E-13
 0.19200E+02  0.95718E+00  0.31539E-14
 0.19210E+02  0.95715E+00  0.10331E-12
 0.19220E+02  0.95711E+00  0.11132E-13
 0.19230E+02  0.95708E+00 -0.78962E-13
 0.19240E+02  0.95704E+00  0.19695E-12
 0.19250E+02  0.95700E+00 -0.72695E-13
 0.19260E+02  0.95697E+00  0.78354E-13
 0.19270E+02  0.95693E+00  0.15700E-12
 0.19280E+02  0.95689E+00  0.26137E-13
 0.19290E+02  0.95686E+00 -0.25940E-13
 0.19300E+02  0.95682E+00 -0.78646E-13
 0.19310E+02  0.95678E+00 -0.47880E-13
 0.19320E+02  0.95675E+00  0.24712E-13
 0.19330E+02  0.95671E+00 -0.53809E-13
 0.19340E+02  0.95667E+00 -0.21961E-13
 0.19350E+02  0.95664E+00  0.13444E-13
 0.19360E+02  0.95660E+00 -0.14788E-12
 0.19370E+02  0.95657E+00 -0.74477E-13
 0.19380E+02  0.95653E+00 -0.86476E-13
 0.19390E+02  0.95649E+00 -0.57855E-13
 0.19400E+02  0.95646E+00  0.11295E-12
 0.19410E+02  0.95642E+00  0.55077E-13
 0.19420E+02  0.95638E+00 -0.12962E-12
 0.19430E+02  0.95635E+00  0.92644E-13
 0.19440E+02  0.95631E+00 -0.12173E-13
 0.19450E+02  0.95627E+00 -0.40069E-13
 0.19460E+02  0.95624E+00 -0.87603E-13
 0.19470E+02  0.95620E+00 -0.46924E-13
 0.19480E+02  0.95616E+00  0.20892E-12
 0.19490E+02  0.95613E+00  0.13594E-12
 0.19500E+02  0.95609E+00 -0.61995E-13
 0.19510E+02  0.95606E+00 -0.69926E-13
 0.19520E+02  0.95602E+00  0.47430E-13
 0.19530E+02  0.95598E+00 -0.94305E-13
 0.19540E+02  0.95595E+00 -0.52504E-13
 0.19550E+02  0.95591E+00  0.35435E-14
 0.19560E+02  0.95587E+00  0.24342E-13
 0.19570E+02  0.95584E+00  0.90905E-14
 0.19580E+02  0.95580E+00  0.53443E-13
 0.19590E+02  0.95576E+00 -0.35772E-13
 0.19600E+02  0.95573E+00  0.67904E-13
 0.19610E+02  0.95569E+00 -0.22812E-13
 0.19620E+02  0.95565E+00 -0.59697E-13
 0.19630E+02  0.95562E+00 -0.30504E-13
 0.19640E+02  0.95558E+00 -0.80392E-15
 0.19650E+02  0.95554E+00  0.48263E-13
 0.19660E+02  0.95551E+00  0.47390E-13
 0.19670E+02  0.95547E+00 -0.94438E-13
 0.19680E+02  0.95543E+00 -0.16760E-13
 0.19690E+02  0.95540E+00 -0.65349E-14
 0.19700E+02  0.95536E+00 -0.50718E-13
 0.19710E+02  0.95532E+00  0.96779E-14
 0.19720E+02  0.95529E+00 -0.10476E-12
 0.19730E+02  0.95525E+00 -0.96195E-15
 0.19740E+02  0.95521E+00  0.12977E-12
 0.19750E+02  0.95518E+00 -0.21524E-13
 0.19760E+02  0.95514E+00  0.54231E-13
 0.19770E+02  0.95510E+00 -0.87299E-14
 0.19780E+02  0.95507E+00 -0.65077E-13
 0.19790E+02  0.95503E+00  0.15081E-12
 0.19800E+02  0.95499E+00 -0.16690E-12
 0.19810E+02  0.95496E+00 -0.69267E-13
 0.19820E+02  0.95492E+00 -0.37509E-13
 0.19830E+02  0.95489E+00 -0.11671E-12
 0.19840E+02  0.95485E+00 -0.12014E-12
 0.19850E+02  0.95481E+00 -0.58909E-13
 0.19860E+02  0.95478E+00  0.53976E-13
 0.19870E+02  0.95474E+00 -0.83852E-13
 0.19880E+02  0.95470E+00 -0.24789E-13
 0.19890E+02  0.95467E+00  0.17771E-12
 0.19900E+02  0.95463E+00 -0.23588E-13
 0.19910E+02  0.95459E+00 -0.16522E-12
 0.19920E+02  0.95456E+00  0.94824E-14
 0.19930E+02  0.95452E+00  0.11386E-12
 0.19940E+02  0.95448E+00  0.45697E-13
 0.19950E+02  0.95445E+00  0.26954E-13
 0.19960E+02  0.95441E+00  0.97750E-15
 0.19970E+02  0.95437E+00  0.97098E-13
 0.19980E+02  0.95434E+00 -0.28522E-12
 0.19990E+02  0.95430E+00  0.14083E-12
 0.20000E+02  0.95426E+00 -0.90223E-13
