 0.5001250E-02  0.1076140E-05
 0.1500375E-01  0.1653729E-05
 0.2500625E-01  0.2500494E-05
 0.3500875E-01  0.3721047E-05
 0.4501125E-01  0.5451266E-05
 0.5501375E-01  0.7863886E-05
 0.6501625E-01  0.1117362E-04
 0.7501875E-01  0.1564107E-04
 0.8502126E-01  0.2157437E-04
 0.9502376E-01  0.2932724E-04
 0.1050263E+00  0.3929184E-04
 0.1150288E+00  0.5188483E-04
 0.1250313E+00  0.6752491E-04
 0.1350338E+00  0.8660099E-04
 0.1450363E+00  0.1094309E-03
 0.1550388E+00  0.1362127E-03
 0.1650413E+00  0.1669716E-03
 0.1750438E+00  0.2015090E-03
 0.1850463E+00  0.2393617E-03
 0.1950488E+00  0.2797785E-03
 0.2050513E+00  0.3217224E-03
 0.2150538E+00  0.3639035E-03
 0.2250563E+00  0.4048419E-03
 0.2350588E+00  0.4429576E-03
 0.2450613E+00  0.4766747E-03
 0.2550638E+00  0.5045308E-03
 0.2650663E+00  0.5252753E-03
 0.2750688E+00  0.5379489E-03
 0.2850713E+00  0.5419376E-03
 0.2950738E+00  0.5370029E-03
 0.3050763E+00  0.5232912E-03
 0.3150788E+00  0.5013274E-03
 0.3250813E+00  0.4719968E-03
 0.3350838E+00  0.4365106E-03
 0.3450863E+00  0.3963525E-03
 0.3550888E+00  0.3531982E-03
 0.3650913E+00  0.3088081E-03
 0.3750938E+00  0.2648982E-03
 0.3850963E+00  0.2230061E-03
 0.3950988E+00  0.1843736E-03
 0.4051013E+00  0.1498665E-03
 0.4151038E+00  0.1199473E-03
 0.4251063E+00  0.9470190E-04
 0.4351088E+00  0.7391147E-04
 0.4451113E+00  0.5714753E-04
 0.4551138E+00  0.4387001E-04
 0.4651163E+00  0.3350916E-04
 0.4751188E+00  0.2552243E-04
 0.4851213E+00  0.1942591E-04
 0.4951238E+00  0.1480649E-04
 0.5051263E+00  0.1132311E-04
 0.5151288E+00  0.8704443E-05
 0.5251313E+00  0.6747353E-05
 0.5351338E+00  0.5317854E-05
 0.5451363E+00  0.4354109E-05
 0.5551388E+00  0.3869756E-05
 0.5651413E+00  0.3955232E-05
 0.5751438E+00  0.4774909E-05
 0.5851463E+00  0.6559300E-05
 0.5951488E+00  0.9594437E-05
 0.6051513E+00  0.1421410E-04
 0.6151538E+00  0.2080322E-04
 0.6251563E+00  0.2982082E-04
 0.6351588E+00  0.4184733E-04
 0.6451613E+00  0.5765499E-04
 0.6551638E+00  0.7829397E-04
 0.6651663E+00  0.1051828E-03
 0.6751688E+00  0.1401926E-03
 0.6851713E+00  0.1857185E-03
 0.6951738E+00  0.2447426E-03
 0.7051763E+00  0.3208955E-03
 0.7151788E+00  0.4185369E-03
 0.7251813E+00  0.5428681E-03
 0.7351838E+00  0.7000920E-03
 0.7451863E+00  0.8976194E-03
 0.7551888E+00  0.1144309E-02
 0.7651913E+00  0.1450718E-02
 0.7751938E+00  0.1829327E-02
 0.7851963E+00  0.2294728E-02
 0.7951988E+00  0.2863759E-02
 0.8052013E+00  0.3555613E-02
 0.8152038E+00  0.4391970E-02
 0.8252063E+00  0.5397190E-02
 0.8352088E+00  0.6598617E-02
 0.8452113E+00  0.8026991E-02
 0.8552138E+00  0.9716935E-02
 0.8652163E+00  0.1170742E-01
 0.8752188E+00  0.1404213E-01
 0.8852213E+00  0.1676959E-01
 0.8952238E+00  0.1994306E-01
 0.9052263E+00  0.2362011E-01
 0.9152288E+00  0.2786210E-01
 0.9252313E+00  0.3273343E-01
 0.9352338E+00  0.3830105E-01
 0.9452363E+00  0.4463410E-01
 0.9552388E+00  0.5180375E-01
 0.9652413E+00  0.5988339E-01
 0.9752438E+00  0.6894882E-01
 0.9852463E+00  0.7907840E-01
 0.9952488E+00  0.9035288E-01
 0.1005251E+01  0.1028548E+00
 0.1015254E+01  0.1166671E+00
 0.1025256E+01  0.1318723E+00
 0.1035259E+01  0.1485494E+00
 0.1045261E+01  0.1667733E+00
 0.1055264E+01  0.1866120E+00
 0.1065266E+01  0.2081256E+00
 0.1075269E+01  0.2313653E+00
 0.1085271E+01  0.2563725E+00
 0.1095274E+01  0.2831789E+00
 0.1105276E+01  0.3118054E+00
 0.1115279E+01  0.3422624E+00
 0.1125281E+01  0.3745489E+00
 0.1135284E+01  0.4086519E+00
 0.1145286E+01  0.4445453E+00
 0.1155289E+01  0.4821889E+00
 0.1165291E+01  0.5215277E+00
 0.1175294E+01  0.5624913E+00
 0.1185296E+01  0.6049931E+00
 0.1195299E+01  0.6489304E+00
 0.1205301E+01  0.6941846E+00
 0.1215304E+01  0.7406212E+00
 0.1225306E+01  0.7880904E+00
 0.1235309E+01  0.8364274E+00
 0.1245311E+01  0.8854538E+00
 0.1255314E+01  0.9349783E+00
 0.1265316E+01  0.9847983E+00
 0.1275319E+01  0.1034702E+01
 0.1285321E+01  0.1084469E+01
 0.1295324E+01  0.1133876E+01
 0.1305326E+01  0.1182694E+01
 0.1315329E+01  0.1230694E+01
 0.1325331E+01  0.1277647E+01
 0.1335334E+01  0.1323325E+01
 0.1345336E+01  0.1367504E+01
 0.1355339E+01  0.1409961E+01
 0.1365341E+01  0.1450482E+01
 0.1375344E+01  0.1488857E+01
 0.1385346E+01  0.1524884E+01
 0.1395349E+01  0.1558373E+01
 0.1405351E+01  0.1589148E+01
 0.1415354E+01  0.1617048E+01
 0.1425356E+01  0.1641929E+01
 0.1435359E+01  0.1663667E+01
 0.1445361E+01  0.1682158E+01
 0.1455364E+01  0.1697318E+01
 0.1465366E+01  0.1709083E+01
 0.1475369E+01  0.1717409E+01
 0.1485371E+01  0.1722271E+01
 0.1495374E+01  0.1723663E+01
 0.1505376E+01  0.1721597E+01
 0.1515379E+01  0.1716106E+01
 0.1525381E+01  0.1707240E+01
 0.1535384E+01  0.1695070E+01
 0.1545386E+01  0.1679686E+01
 0.1555389E+01  0.1661195E+01
 0.1565391E+01  0.1639723E+01
 0.1575394E+01  0.1615409E+01
 0.1585396E+01  0.1588406E+01
 0.1595399E+01  0.1558877E+01
 0.1605401E+01  0.1526996E+01
 0.1615404E+01  0.1492941E+01
 0.1625406E+01  0.1456898E+01
 0.1635409E+01  0.1419059E+01
 0.1645411E+01  0.1379618E+01
 0.1655414E+01  0.1338774E+01
 0.1665416E+01  0.1296726E+01
 0.1675419E+01  0.1253675E+01
 0.1685421E+01  0.1209821E+01
 0.1695424E+01  0.1165359E+01
 0.1705426E+01  0.1120482E+01
 0.1715429E+01  0.1075374E+01
 0.1725431E+01  0.1030211E+01
 0.1735434E+01  0.9851613E+00
 0.1745436E+01  0.9403816E+00
 0.1755439E+01  0.8960198E+00
 0.1765441E+01  0.8522141E+00
 0.1775444E+01  0.8090924E+00
 0.1785446E+01  0.7667734E+00
 0.1795449E+01  0.7253658E+00
 0.1805451E+01  0.6849681E+00
 0.1815454E+01  0.6456684E+00
 0.1825456E+01  0.6075437E+00
 0.1835459E+01  0.5706598E+00
 0.1845461E+01  0.5350708E+00
 0.1855464E+01  0.5008196E+00
 0.1865466E+01  0.4679383E+00
 0.1875469E+01  0.4364487E+00
 0.1885471E+01  0.4063636E+00
 0.1895474E+01  0.3776875E+00
 0.1905476E+01  0.3504176E+00
 0.1915479E+01  0.3245446E+00
 0.1925481E+01  0.3000534E+00
 0.1935484E+01  0.2769234E+00
 0.1945486E+01  0.2551292E+00
 0.1955489E+01  0.2346404E+00
 0.1965491E+01  0.2154223E+00
 0.1975494E+01  0.1974361E+00
 0.1985496E+01  0.1806394E+00
 0.1995499E+01  0.1649870E+00
 0.2005501E+01  0.1504313E+00
 0.2015504E+01  0.1369229E+00
 0.2025506E+01  0.1244118E+00
 0.2035509E+01  0.1128477E+00
 0.2045511E+01  0.1021802E+00
 0.2055514E+01  0.9235976E-01
 0.2065516E+01  0.8333760E-01
 0.2075519E+01  0.7506592E-01
 0.2085521E+01  0.6749800E-01
 0.2095524E+01  0.6058831E-01
 0.2105526E+01  0.5429257E-01
 0.2115529E+01  0.4856784E-01
 0.2125531E+01  0.4337267E-01
 0.2135534E+01  0.3866721E-01
 0.2145536E+01  0.3441340E-01
 0.2155539E+01  0.3057506E-01
 0.2165541E+01  0.2711805E-01
 0.2175544E+01  0.2401025E-01
 0.2185546E+01  0.2122163E-01
 0.2195549E+01  0.1872418E-01
 0.2205551E+01  0.1649186E-01
 0.2215554E+01  0.1450046E-01
 0.2225556E+01  0.1272753E-01
 0.2235559E+01  0.1115227E-01
 0.2245561E+01  0.9755399E-02
 0.2255564E+01  0.8519128E-02
 0.2265566E+01  0.7427049E-02
 0.2275569E+01  0.6464100E-02
 0.2285571E+01  0.5616509E-02
 0.2295574E+01  0.4871738E-02
 0.2305576E+01  0.4218427E-02
 0.2315579E+01  0.3646325E-02
 0.2325581E+01  0.3146219E-02
 0.2335584E+01  0.2709843E-02
 0.2345586E+01  0.2329801E-02
 0.2355589E+01  0.1999477E-02
 0.2365591E+01  0.1712954E-02
 0.2375594E+01  0.1464943E-02
 0.2385596E+01  0.1250713E-02
 0.2395599E+01  0.1066040E-02
 0.2405601E+01  0.9071583E-03
 0.2415604E+01  0.7707169E-03
 0.2425606E+01  0.6537485E-03
 0.2435609E+01  0.5536356E-03
 0.2445611E+01  0.4680799E-03
 0.2455614E+01  0.3950738E-03
 0.2465616E+01  0.3328705E-03
 0.2475619E+01  0.2799554E-03
 0.2485621E+01  0.2350186E-03
 0.2495624E+01  0.1969282E-03
 0.2505626E+01  0.1647062E-03
 0.2515629E+01  0.1375071E-03
 0.2525631E+01  0.1145991E-03
 0.2535634E+01  0.9534858E-04
 0.2545636E+01  0.7920665E-04
 0.2555639E+01  0.6569878E-04
 0.2565641E+01  0.5441563E-04
 0.2575644E+01  0.4500554E-04
 0.2585646E+01  0.3716791E-04
 0.2595649E+01  0.3064723E-04
 0.2605651E+01  0.2522757E-04
 0.2615654E+01  0.2072747E-04
 0.2625656E+01  0.1699507E-04
 0.2635659E+01  0.1390363E-04
 0.2645661E+01  0.1134752E-04
 0.2655664E+01  0.9238631E-05
 0.2665666E+01  0.7503241E-05
 0.2675669E+01  0.6079479E-05
 0.2685671E+01  0.4915216E-05
 0.2695674E+01  0.3966394E-05
 0.2705676E+01  0.3195728E-05
 0.2715679E+01  0.2571683E-05
 0.2725681E+01  0.2067667E-05
 0.2735684E+01  0.1661377E-05
 0.2745686E+01  0.1334237E-05
 0.2755689E+01  0.1070906E-05
