  -6.0000000000000000       -6.0000000000000000        170.88000000268221     
  -5.6470588235294121       -6.0000000000000000        137.04983803766709     
  -5.2941176470588234       -6.0000000000000000        109.11864651301426     
  -4.9411764705882355       -6.0000000000000000        86.364882343751233     
  -4.5882352941176467       -6.0000000000000000        68.113553611677702     
  -4.2352941176470589       -6.0000000000000000        53.736219565365928     
  -3.8823529411764706       -6.0000000000000000        42.650990620160528     
  -3.5294117647058822       -6.0000000000000000        34.322528358178573     
  -3.1764705882352939       -6.0000000000000000        28.262045528309596     
  -2.8235294117647056       -6.0000000000000000        24.027306046215500     
  -2.4705882352941173       -6.0000000000000000        21.222624994330648     
  -2.1176470588235290       -6.0000000000000000        19.498868621861828     
  -1.7647058823529411       -6.0000000000000000        18.553454344788250     
  -1.4117647058823524       -6.0000000000000000        18.130350745861559     
  -1.0588235294117645       -6.0000000000000000        18.020077574605832     
 -0.70588235294117574       -6.0000000000000000        18.059705747317562     
 -0.35294117647058787       -6.0000000000000000        18.132857347065684     
   0.0000000000000000       -6.0000000000000000        18.169705623691556     
  0.35294117647058876       -6.0000000000000000        18.146974993808954     
  0.70588235294117663       -6.0000000000000000        18.087941040804104     
   1.0588235294117654       -6.0000000000000000        18.062430514835643     
   1.4117647058823533       -6.0000000000000000        18.186821332834640     
   1.7647058823529420       -6.0000000000000000        18.624042578504596     
   2.1176470588235308       -6.0000000000000000        19.583574502321447     
   2.4705882352941178       -6.0000000000000000        21.321448521533533     
   2.8235294117647065       -6.0000000000000000        24.140247220161665     
   3.1764705882352953       -6.0000000000000000        28.389104348999044     
   3.5294117647058822       -6.0000000000000000        34.463704825611266     
   3.8823529411764710       -6.0000000000000000        42.806284734336494     
   4.2352941176470598       -6.0000000000000000        53.905631326285189     
   4.5882352941176485       -6.0000000000000000        68.297083019340263     
   4.9411764705882355       -6.0000000000000000        86.562529398156997     
   5.2941176470588243       -6.0000000000000000        109.33041121416338     
   5.6470588235294130       -6.0000000000000000        137.27572038555942     
   6.0000000000000000       -6.0000000000000000        171.11999999731779     
  
  -6.0000000000000000       -5.6470588235294121        168.81231735345241     
  -5.6470588235294121       -5.6470588235294121        134.98174016353303     
  -5.2941176470588234       -5.6470588235294121        107.05013341397601     
  -4.9411764705882355       -5.6470588235294121        84.295954019808761     
  -4.5882352941176467       -5.6470588235294121        66.044210062831013     
  -4.2352941176470589       -5.6470588235294121        51.666460791615037     
  -3.8823529411764706       -5.6470588235294121        40.580816621505420     
  -3.5294117647058822       -5.6470588235294121        32.251939134619256     
  -3.1764705882352939       -5.6470588235294121        26.191041079846066     
  -2.8235294117647056       -5.6470588235294121        21.955886372847758     
  -2.4705882352941173       -5.6470588235294121        19.150790096058689     
  -2.1176470588235290       -5.6470588235294121        17.426618498685656     
  -1.7647058823529411       -5.6470588235294121        16.480788996707865     
  -1.4117647058823524       -5.6470588235294121        16.057270172876962     
  -1.0588235294117645       -5.6470588235294121        15.946581776717018     
 -0.70588235294117574       -5.6470588235294121        15.985794724524538     
 -0.35294117647058787       -5.6470588235294121        16.058531099368444     
   0.0000000000000000       -5.6470588235294121        16.094964151090100     
  0.35294117647058876       -5.6470588235294121        16.071818296303285     
  0.70588235294117663       -5.6470588235294121        16.012369118394222     
   1.0588235294117654       -5.6470588235294121        15.986443367521543     
   1.4117647058823533       -5.6470588235294121        16.110418960616329     
   1.7647058823529420       -5.6470588235294121        16.547224981382072     
   2.1176470588235308       -5.6470588235294121        17.506341680294710     
   2.4705882352941178       -5.6470588235294121        19.243800474602583     
   2.8235294117647065       -5.6470588235294121        22.062183948326499     
   3.1764705882352953       -5.6470588235294121        26.310625852259665     
   3.5294117647058822       -5.6470588235294121        32.384811103967678     
   3.8823529411764710       -5.6470588235294121        40.726975787788689     
   4.2352941176470598       -5.6470588235294121        51.825907154833168     
   4.5882352941176485       -5.6470588235294121        66.216943622984047     
   4.9411764705882355       -5.6470588235294121        84.481974776896550     
   5.2941176470588243       -5.6470588235294121        107.24944136799871     
   5.6470588235294130       -5.6470588235294121        135.19433531449059     
   6.0000000000000000       -5.6470588235294121        169.03819970134472     
  
  -6.0000000000000000       -5.2941176470588234        166.87037661165294     
  -5.6470588235294121       -5.2941176470588234        133.03938419682942     
  -5.2941176470588234       -5.2941176470588234        105.10736222236814     
  -4.9411764705882355       -5.2941176470588234        82.352767603296684     
  -4.5882352941176467       -5.2941176470588234        64.100608421414734     
  -4.2352941176470589       -5.2941176470588234        49.722443925294534     
  -3.8823529411764706       -5.2941176470588234        38.636384530280701     
  -3.5294117647058822       -5.2941176470588234        30.307091818490328     
  -3.1764705882352939       -5.2941176470588234        24.245778538812921     
  -2.8235294117647056       -5.2941176470588234        20.010208606910393     
  -2.4705882352941173       -5.2941176470588234        17.204697105217118     
  -2.1176470588235290       -5.2941176470588234        15.480110282939865     
  -1.7647058823529411       -5.2941176470588234        14.533865556057862     
  -1.4117647058823524       -5.2941176470588234        14.109931507322745     
  -1.0588235294117645       -5.2941176470588234        13.998827886258590     
 -0.70588235294117574       -5.2941176470588234        14.037625609161895     
 -0.35294117647058787       -5.2941176470588234        14.109946759101589     
   0.0000000000000000       -5.2941176470588234        14.145964585919030     
  0.35294117647058876       -5.2941176470588234        14.122403506228004     
  0.70588235294117663       -5.2941176470588234        14.062539103414723     
   1.0588235294117654       -5.2941176470588234        14.036198127637833     
   1.4117647058823533       -5.2941176470588234        14.159758495828402     
   1.7647058823529420       -5.2941176470588234        14.596149291689935     
   2.1176470588235308       -5.2941176470588234        15.554850765698358     
   2.4705882352941178       -5.2941176470588234        17.291894335102015     
   2.8235294117647065       -5.2941176470588234        20.109862583921718     
   3.1764705882352953       -5.2941176470588234        24.357889262950668     
   3.5294117647058822       -5.2941176470588234        30.431659289754471     
   3.8823529411764710       -5.2941176470588234        38.773408748671272     
   4.2352941176470598       -5.2941176470588234        49.871924890811535     
   4.5882352941176485       -5.2941176470588234        64.262546134058184     
   4.9411764705882355       -5.2941176470588234        82.527162063066484     
   5.2941176470588243       -5.2941176470588234        105.29421342926443     
   5.6470588235294130       -5.2941176470588234        133.23869215085210     
   6.0000000000000000       -5.2941176470588234        167.08214131280198     
  
  -6.0000000000000000       -4.9411764705882355        165.05417777728391     
  -5.6470588235294121       -4.9411764705882355        131.22277013755615     
  -5.2941176470588234       -4.9411764705882355        103.29033293819069     
  -4.9411764705882355       -4.9411764705882355        80.535323094215016     
  -4.5882352941176467       -4.9411764705882355        62.282748687428835     
  -4.2352941176470589       -4.9411764705882355        47.904168966404427     
  -3.8823529411764706       -4.9411764705882355        36.817694346486377     
  -3.5294117647058822       -4.9411764705882355        28.487986409791795     
  -3.1764705882352939       -4.9411764705882355        22.426257905210171     
  -2.8235294117647056       -4.9411764705882355        18.190272748403434     
  -2.4705882352941173       -4.9411764705882355        15.384346021805937     
  -2.1176470588235290       -4.9411764705882355        13.659343974624475     
  -1.7647058823529411       -4.9411764705882355        12.712684022838257     
  -1.4117647058823524       -4.9411764705882355        12.288334749198928     
  -1.0588235294117645       -4.9411764705882355        12.176815903230557     
 -0.70588235294117574       -4.9411764705882355        12.215198401229650     
 -0.35294117647058787       -4.9411764705882355        12.287104326265130     
   0.0000000000000000       -4.9411764705882355        12.322706928178356     
  0.35294117647058876       -4.9411764705882355        12.298730623583117     
  0.70588235294117663       -4.9411764705882355        12.238450995865623     
   1.0588235294117654       -4.9411764705882355        12.211694795184517     
   1.4117647058823533       -4.9411764705882355        12.334839938470875     
   1.7647058823529420       -4.9411764705882355        12.770815509428193     
   2.1176470588235308       -4.9411764705882355        13.729101758532401     
   2.4705882352941178       -4.9411764705882355        15.465730103031845     
   2.8235294117647065       -4.9411764705882355        18.283283126947335     
   3.1764705882352953       -4.9411764705882355        22.530894581072072     
   3.5294117647058822       -4.9411764705882355        28.604249382971659     
   3.8823529411764710       -4.9411764705882355        36.945583616984244     
   4.2352941176470598       -4.9411764705882355        48.043684534220297     
   4.5882352941176485       -4.9411764705882355        62.433890552562730     
   4.9411764705882355       -4.9411764705882355        80.698091256666828     
   5.2941176470588243       -4.9411764705882355        103.46472739796054     
   5.6470588235294130       -4.9411764705882355        131.40879089464400     
   6.0000000000000000       -4.9411764705882355        165.25182483168967     
  
  -6.0000000000000000       -4.5882352941176467        163.36372085034529     
  -5.6470588235294121       -4.5882352941176467        129.53189798571330     
  -5.2941176470588234       -4.5882352941176467        101.59904556144360     
  -4.9411764705882355       -4.5882352941176467        78.843620492563716     
  -4.5882352941176467       -4.5882352941176467        60.590630860873333     
  -4.2352941176470589       -4.5882352941176467        46.211635914944708     
  -3.8823529411764706       -4.5882352941176467        35.124746070122441     
  -3.5294117647058822       -4.5882352941176467        26.794622908523646     
  -3.1764705882352939       -4.5882352941176467        20.732479179037810     
  -2.8235294117647056       -4.5882352941176467        16.496078797326856     
  -2.4705882352941173       -4.5882352941176467        13.689736845825148     
  -2.1176470588235290       -4.5882352941176467        11.964319573739472     
  -1.7647058823529411       -4.5882352941176467        11.017244397049041     
  -1.4117647058823524       -4.5882352941176467        10.592479898505498     
  -1.0588235294117645       -4.5882352941176467        10.480545827632914     
 -0.70588235294117574       -4.5882352941176467        10.518513100727791     
 -0.35294117647058787       -4.5882352941176467        10.590003800859058     
   0.0000000000000000       -4.5882352941176467        10.625191177868071     
  0.35294117647058876       -4.5882352941176467        10.600799648368618     
  0.70588235294117663       -4.5882352941176467        10.540104795746910     
   1.0588235294117654       -4.5882352941176467        10.512933370161591     
   1.4117647058823533       -4.5882352941176467        10.635663288543734     
   1.7647058823529420       -4.5882352941176467        11.071223634596837     
   2.1176470588235308       -4.5882352941176467        12.029094658796833     
   2.4705882352941178       -4.5882352941176467        13.765307778392064     
   2.8235294117647065       -4.5882352941176467        16.582445577403337     
   3.1764705882352953       -4.5882352941176467        20.829641806623858     
   3.5294117647058822       -4.5882352941176467        26.902581383619236     
   3.8823529411764710       -4.5882352941176467        35.243500392727611     
   4.2352941176470598       -4.5882352941176467        46.341186085059448     
   4.5882352941176485       -4.5882352941176467        60.730976878497671     
   4.9411764705882355       -4.5882352941176467        78.994762357697539     
   5.2941176470588243       -4.5882352941176467        101.76098327408705     
   5.6470588235294130       -4.5882352941176467        129.70463154586628     
   6.0000000000000000       -4.5882352941176467        163.54725025800778     
  
  -6.0000000000000000       -4.2352941176470589        161.79900583083699     
  -5.6470588235294121       -4.2352941176470589        127.96676774130081     
  -5.2941176470588234       -4.2352941176470589        100.03350009212691     
  -4.9411764705882355       -4.2352941176470589        77.277659798342825     
  -4.5882352941176467       -4.2352941176470589        59.024254941748218     
  -4.2352941176470589       -4.2352941176470589        44.644844770915384     
  -3.8823529411764706       -4.2352941176470589        33.557539701188901     
  -3.5294117647058822       -4.2352941176470589        25.227001314685893     
  -3.1764705882352939       -4.2352941176470589        19.164442360295844     
  -2.8235294117647056       -4.2352941176470589        14.927626753680677     
  -2.4705882352941173       -4.2352941176470589        12.120869577274755     
  -2.1176470588235290       -4.2352941176470589        10.395037080284864     
  -1.7647058823529411       -4.2352941176470589        9.4475466786902196     
  -1.4117647058823524       -4.2352941176470589        9.0223669552424628     
  -1.0588235294117645       -4.2352941176470589        8.9100176594656642     
 -0.70588235294117574       -4.2352941176470589        8.9475697076563279     
 -0.35294117647058787       -4.2352941176470589        9.0186451828833807     
   0.0000000000000000       -4.2352941176470589        9.0534173349881808     
  0.35294117647058876       -4.2352941176470589        9.0286105805845125     
  0.70588235294117663       -4.2352941176470589        8.9675005030585915     
   1.0588235294117654       -4.2352941176470589        8.9399138525690578     
   1.4117647058823533       -4.2352941176470589        9.0622285460469882     
   1.7647058823529420       -4.2352941176470589        9.4973736671958786     
   2.1176470588235308       -4.2352941176470589        10.454829466491660     
   2.4705882352941178       -4.2352941176470589        12.190627361182678     
   2.8235294117647065       -4.2352941176470589        15.007349935289735     
   3.1764705882352953       -4.2352941176470589        19.254130939606046     
   3.5294117647058822       -4.2352941176470589        25.326655291697207     
   3.8823529411764710       -4.2352941176470589        33.667159075901367     
   4.2352941176470598       -4.2352941176470589        44.764429543328987     
   4.5882352941176485       -4.2352941176470589        59.153805111863001     
   4.9411764705882355       -4.2352941176470589        77.417175366158659     
   5.2941176470588243       -4.2352941176470589        100.18298105764396     
   5.6470588235294130       -4.2352941176470589        128.12621410451897     
   6.0000000000000000       -4.2352941176470589        161.96841759175624     
  
  -6.0000000000000000       -3.8823529411764706        160.36003271875916     
  -5.6470588235294121       -3.8823529411764706        126.52737940431874     
  -5.2941176470588234       -3.8823529411764706        98.593696530240621     
  -4.9411764705882355       -3.8823529411764706        75.837441011552315     
  -4.5882352941176467       -3.8823529411764706        57.583620930053492     
  -4.2352941176470589       -3.8823529411764706        43.203795534316441     
  -3.8823529411764706       -3.8823529411764706        32.116075239685756     
  -3.5294117647058822       -3.8823529411764706        23.785121628278528     
  -3.1764705882352939       -3.8823529411764706        17.722147448984266     
  -2.8235294117647056       -3.8823529411764706        13.484916617464885     
  -2.4705882352941173       -3.8823529411764706        10.677744216154750     
  -2.1176470588235290       -3.8823529411764706        8.9514964942606454     
  -1.7647058823529411       -3.8823529411764706        8.0035908677617869     
  -1.4117647058823524       -3.8823529411764706        7.5779959194098154     
  -1.0588235294117645       -3.8823529411764706        7.4652313987288039     
 -0.70588235294117574       -3.8823529411764706        7.5023682220152539     
 -0.35294117647058787       -3.8823529411764706        7.5730284723380930     
   0.0000000000000000       -3.8823529411764706        7.6073853995386784     
  0.35294117647058876       -3.8823529411764706        7.5821634202307964     
  0.70588235294117663       -3.8823529411764706        7.5206381178006616     
   1.0588235294117654       -3.8823529411764706        7.4926362424069151     
   1.4117647058823533       -3.8823529411764706        7.6145357109806309     
   1.7647058823529420       -3.8823529411764706        8.0492656072253066     
   2.1176470588235308       -3.8823529411764706        9.0063061816168748     
   2.4705882352941178       -3.8823529411764706        10.741688851403678     
   2.8235294117647065       -3.8823529411764706        13.557996200606524     
   3.1764705882352953       -3.8823529411764706        17.804361980018623     
   3.5294117647058822       -3.8823529411764706        23.876471107205568     
   3.8823529411764710       -3.8823529411764706        32.216559666505511     
   4.2352941176470598       -3.8823529411764706        43.313414909028921     
   4.5882352941176485       -3.8823529411764706        57.702375252658719     
   4.9411764705882355       -3.8823529411764706        75.965330282050161     
   5.2941176470588243       -3.8823529411764706        98.730720748631256     
   5.6470588235294130       -3.8823529411764706        126.67353857060205     
   6.0000000000000000       -3.8823529411764706        160.51532683293513     
  
  -6.0000000000000000       -3.5294117647058822        159.04680151411168     
  -5.6470588235294121       -3.5294117647058822        125.21373297476705     
  -5.2941176470588234       -3.5294117647058822        97.279634875784723     
  -4.9411764705882355       -3.5294117647058822        74.522964132192200     
  -4.5882352941176467       -3.5294117647058822        56.268728825789168     
  -4.2352941176470589       -3.5294117647058822        41.888488205147901     
  -3.8823529411764706       -3.5294117647058822        30.800352685612996     
  -3.5294117647058822       -3.5294117647058822        22.468983849301555     
  -3.1764705882352939       -3.5294117647058822        16.405594445103084     
  -2.8235294117647056       -3.5294117647058822        12.167948388679486     
  -2.4705882352941173       -3.5294117647058822        9.3603607624651364     
  -2.1176470588235290       -3.5294117647058822        7.6336978156668183     
  -1.7647058823529411       -3.5294117647058822        6.6853769642637451     
  -1.4117647058823524       -3.5294117647058822        6.2593667910075608     
  -1.0588235294117645       -3.5294117647058822        6.1461870454223355     
 -0.70588235294117574       -3.5294117647058822        6.1829086438045717     
 -0.35294117647058787       -3.5294117647058822        6.2531536692231970     
   0.0000000000000000       -3.5294117647058822        6.2870953715195688     
  0.35294117647058876       -3.5294117647058822        6.2614581673074730     
  0.70588235294117663       -3.5294117647058822        6.1995176399731244     
   1.0588235294117654       -3.5294117647058822        6.1711005396751641     
   1.4117647058823533       -3.5294117647058822        6.2925847833446653     
   1.7647058823529420       -3.5294117647058822        6.7268994546851282     
   2.1176470588235308       -3.5294117647058822        7.6835248041724817     
   2.4705882352941178       -3.5294117647058822        9.4184922490550740     
   2.8235294117647065       -3.5294117647058822        12.234384373353704     
   3.1764705882352953       -3.5294117647058822        16.480334927861588     
   3.5294117647058822       -3.5294117647058822        22.552028830144319     
   3.8823529411764710       -3.5294117647058822        30.891702164540050     
   4.2352941176470598       -3.5294117647058822        41.988142182159244     
   4.5882352941176485       -3.5294117647058822        56.376687300884825     
   4.9411764705882355       -3.5294117647058822        74.639227105372058     
   5.2941176470588243       -3.5294117647058822        97.404202347048937     
   5.6470588235294130       -3.5294117647058822        125.34660494411551     
   6.0000000000000000       -3.5294117647058822        159.18797798154435     
  
  -6.0000000000000000       -3.1764705882352939        157.85931221689458     
  -5.6470588235294121       -3.1764705882352939        124.02582845264575     
  -5.2941176470588234       -3.1764705882352939        96.091315128759206     
  -4.9411764705882355       -3.1764705882352939        73.334229160262467     
  -4.5882352941176467       -3.1764705882352939        55.079578628955225     
  -4.2352941176470589       -3.1764705882352939        40.698922783409749     
  -3.8823529411764706       -3.1764705882352939        29.610372038970631     
  -3.5294117647058822       -3.1764705882352939        21.278587977754977     
  -3.1764705882352939       -3.1764705882352939        15.214783348652288     
  -2.8235294117647056       -3.1764705882352939        10.976722067324477     
  -2.4705882352941173       -3.1764705882352939        8.1687192162059166     
  -2.1176470588235290       -3.1764705882352939        6.4416410445033829     
  -1.7647058823529411       -3.1764705882352939        5.4929049681960969     
  -1.4117647058823524       -3.1764705882352939        5.0664795700356979     
  -1.0588235294117645       -3.1764705882352939        4.9528845995462589     
 -0.70588235294117574       -3.1764705882352939        4.9891909730242814     
 -0.35294117647058787       -3.1764705882352939        5.0590207735386929     
   0.0000000000000000       -3.1764705882352939        5.0925472509308509     
  0.35294117647058876       -3.1764705882352939        5.0664948218145414     
  0.70588235294117663       -3.1764705882352939        5.0041390695759791     
   1.0588235294117654       -3.1764705882352939        4.9753067443738050     
   1.4117647058823533       -3.1764705882352939        5.0963757631390925     
   1.7647058823529420       -3.1764705882352939        5.5302752095753407     
   2.1176470588235308       -3.1764705882352939        6.4864853341584805     
   2.4705882352941178       -3.1764705882352939        8.2210375541368581     
   2.8235294117647065       -3.1764705882352939        11.036514453531275     
   3.1764705882352953       -3.1764705882352939        15.282049783134942     
   3.5294117647058822       -3.1764705882352939        21.353328460513463     
   3.8823529411764710       -3.1764705882352939        29.692586570004977     
   4.2352941176470598       -3.1764705882352939        40.788611362719962     
   4.5882352941176485       -3.1764705882352939        55.176741256541327     
   4.9411764705882355       -3.1764705882352939        73.438865836124350     
   5.2941176470588243       -3.1764705882352939        96.203425852896999     
   5.6470588235294130       -3.1764705882352939        124.14541322505937     
   6.0000000000000000       -3.1764705882352939        157.98637103758401     
  
  -6.0000000000000000       -2.8235294117647056        156.79756482710789     
  -5.6470588235294121       -2.8235294117647056        122.96366583795486     
  -5.2941176470588234       -2.8235294117647056        95.028737289164098     
  -4.9411764705882355       -2.8235294117647056        72.271236095763143     
  -4.5882352941176467       -2.8235294117647056        54.016170339551678     
  -4.2352941176470589       -2.8235294117647056        39.635099269101985     
  -3.8823529411764706       -2.8235294117647056        28.546133299758658     
  -3.5294117647058822       -2.8235294117647056        20.213934013638791     
  -3.1764705882352939       -2.8235294117647056        14.149714159631884     
  -2.8235294117647056       -2.8235294117647056        9.9112376533998621     
  -2.4705882352941173       -2.8235294117647056        7.1028195773770850     
  -2.1176470588235290       -2.8235294117647056        5.3753261807703394     
  -1.7647058823529411       -2.8235294117647056        4.4261748795588387     
  -1.4117647058823524       -2.8235294117647056        3.9993342564942256     
  -1.0588235294117645       -2.8235294117647056        3.8853240611005737     
 -0.70588235294117574       -2.8235294117647056        3.9212152096743815     
 -0.35294117647058787       -2.8235294117647056        3.9906297852845789     
   0.0000000000000000       -2.8235294117647056        4.0237410377725231     
  0.35294117647058876       -2.8235294117647056        3.9972733837520003     
  0.70588235294117663       -2.8235294117647056        3.9345024066092238     
   1.0588235294117654       -2.8235294117647056        3.9052548565028364     
   1.4117647058823533       -2.8235294117647056        4.0259086503639105     
   1.7647058823529420       -2.8235294117647056        4.4593928718959450     
   2.1176470588235308       -2.8235294117647056        5.4151877715748711     
   2.4705882352941178       -2.8235294117647056        7.1493247666490349     
   2.8235294117647065       -2.8235294117647056        9.9643864411392382     
   3.1764705882352953       -2.8235294117647056        14.209506545838693     
   3.5294117647058822       -2.8235294117647056        20.280369998312999     
   3.8823529411764710       -2.8235294117647056        28.619212882900300     
   4.2352941176470598       -2.8235294117647056        39.714822450711061     
   4.5882352941176485       -2.8235294117647056        54.102537119628224     
   4.9411764705882355       -2.8235294117647056        72.364246474307038     
   5.2941176470588243       -2.8235294117647056        95.128391266175484     
   5.6470588235294130       -2.8235294117647056        123.06996341343364     
   6.0000000000000000       -2.8235294117647056        156.91050600105405     
  
  -6.0000000000000000       -2.4705882352941173        155.86155934475158     
  -5.6470588235294121       -2.4705882352941173        122.02724513069434     
  -5.2941176470588234       -2.4705882352941173        94.091901356999372     
  -4.9411764705882355       -2.4705882352941173        71.333984938694201     
  -4.5882352941176467       -2.4705882352941173        53.078503957578519     
  -4.2352941176470589       -2.4705882352941173        38.697017662224617     
  -3.8823529411764706       -2.4705882352941173        27.607636467977073     
  -3.5294117647058822       -2.4705882352941173        19.275021956952990     
  -3.1764705882352939       -2.4705882352941173        13.210386878041872     
  -2.8235294117647056       -2.4705882352941173        8.9714951469056388     
  -2.4705882352941173       -2.4705882352941173        6.1626618459786471     
  -2.1176470588235290       -2.4705882352941173        4.4347532244676868     
  -1.7647058823529411       -2.4705882352941173        3.4851866983519724     
  -1.4117647058823524       -2.4705882352941173        3.0579308503831455     
  -1.0588235294117645       -2.4705882352941173        2.9435054300852799     
 -0.70588235294117574       -2.4705882352941173        2.9789813537548744     
 -0.35294117647058787       -2.4705882352941173        3.0479807044608580     
   0.0000000000000000       -2.4705882352941173        3.0806767320445880     
  0.35294117647058876       -2.4705882352941173        3.0537938531198510     
  0.70588235294117663       -2.4705882352941173        2.9906076510728603     
   1.0588235294117654       -2.4705882352941173        2.9609448760622596     
   1.4117647058823533       -2.4705882352941173        3.0811834450191191     
   1.7647058823529420       -2.4705882352941173        3.5142524416469407     
   2.1176470588235308       -2.4705882352941173        4.4696321164216526     
   2.4705882352941178       -2.4705882352941173        6.2033538865916018     
   2.8235294117647065       -2.4705882352941173        9.0180003361775913     
   3.1764705882352953       -2.4705882352941173        13.262705215972833     
   3.5294117647058822       -2.4705882352941173        19.333153443542923     
   3.8823529411764710       -2.4705882352941173        27.671581103226011     
   4.2352941176470598       -2.4705882352941173        38.766775446132563     
   4.5882352941176485       -2.4705882352941173        53.154074890145509     
   4.9411764705882355       -2.4705882352941173        71.415369019920107     
   5.2941176470588243       -2.4705882352941173        94.179098586884336     
   5.6470588235294130       -2.4705882352941173        122.12025550923828     
   6.0000000000000000       -2.4705882352941173        155.96038287195447     
  
  -6.0000000000000000       -2.1176470588235290        155.05129576982569     
  -5.6470588235294121       -2.1176470588235290        121.21656633086421     
  -5.2941176470588234       -2.1176470588235290        93.280807332265027     
  -4.9411764705882355       -2.1176470588235290        70.522475689055639     
  -4.5882352941176467       -2.1176470588235290        52.266579483035756     
  -4.2352941176470589       -2.1176470588235290        37.884677962777637     
  -3.8823529411764706       -2.1176470588235290        26.794881543625880     
  -3.5294117647058822       -2.1176470588235290        18.461851807697588     
  -3.1764705882352939       -2.1176470588235290        12.396801503882253     
  -2.8235294117647056       -2.1176470588235290        8.1574945478418037     
  -2.4705882352941173       -2.1176470588235290        5.3482460220105992     
  -2.1176470588235290       -2.1176470588235290        3.6199221755954256     
  -1.7647058823529411       -2.1176470588235290        2.6699404245754974     
  -1.4117647058823524       -2.1176470588235290        2.2422693517024568     
  -1.0588235294117645       -2.1176470588235290        2.1274287065003770     
 -0.70588235294117574       -2.1176470588235290        2.1624894052657582     
 -0.35294117647058787       -2.1176470588235290        2.2310735310675276     
   0.0000000000000000       -2.1176470588235290        2.2633543337470443     
  0.35294117647058876       -2.1176470588235290        2.2360562299180931     
  0.70588235294117663       -2.1176470588235290        2.1724548029668891     
   1.0588235294117654       -2.1176470588235290        2.1423768030520742     
   1.4117647058823533       -2.1176470588235290        2.2622001471047199     
   1.7647058823529420       -2.1176470588235290        2.6948539188283278     
   2.1176470588235308       -2.1176470588235290        3.6498183686988264     
   2.4705882352941178       -2.1176470588235290        5.3831249139645614     
   2.8235294117647065       -2.1176470588235290        8.1973561386463381     
   3.1764705882352953       -2.1176470588235290        12.441645793537363     
   3.5294117647058822       -2.1176470588235290        18.511678796203245     
   3.8823529411764710       -2.1176470588235290        26.849691230982117     
   4.2352941176470598       -2.1176470588235290        37.944470348984453     
   4.5882352941176485       -2.1176470588235290        52.331354568093182     
   4.9411764705882355       -2.1176470588235290        70.592233472963557     
   5.2941176470588243       -2.1176470588235290        93.355547815023584     
   5.6470588235294130       -2.1176470588235290        121.29628951247331     
   6.0000000000000000       -2.1176470588235290        155.13600165028529     
  
  -6.0000000000000000       -1.7647058823529411        154.36677410233017     
  -5.6470588235294121       -1.7647058823529411        120.53162943846448     
  -5.2941176470588234       -1.7647058823529411        92.595455214961078     
  -4.9411764705882355       -1.7647058823529411        69.836708346847473     
  -4.5882352941176467       -1.7647058823529411        51.580396915923387     
  -4.2352941176470589       -1.7647058823529411        37.198080170761052     
  -3.8823529411764706       -1.7647058823529411        26.107868526705079     
  -3.5294117647058822       -1.7647058823529411        17.774423565872571     
  -3.1764705882352939       -1.7647058823529411        11.708958037153026     
  -2.8235294117647056       -1.7647058823529411        7.4692358562083632     
  -2.4705882352941173       -1.7647058823529411        4.6595721054729440     
  -2.1176470588235290       -1.7647058823529411        2.9308330341535567     
  -1.7647058823529411       -1.7647058823529411        1.9804360582294145     
  -1.4117647058823524       -1.7647058823529411        1.5523497604521601     
  -1.0588235294117645       -1.7647058823529411        1.4370938903458665     
 -0.70588235294117574       -1.7647058823529411        1.4717393642070333     
 -0.35294117647058787       -1.7647058823529411        1.5399082651045894     
   0.0000000000000000       -1.7647058823529411        1.5717738428798922     
  0.35294117647058876       -1.7647058823529411        1.5440605141467274     
  0.70588235294117663       -1.7647058823529411        1.4800438622913092     
   1.0588235294117654       -1.7647058823529411        1.4495506374722809     
   1.4117647058823533       -1.7647058823529411        1.5689587566207130     
   1.7647058823529420       -1.7647058823529411        2.0011973034401067     
   2.1176470588235308       -1.7647058823529411        2.9557465284063915     
   2.4705882352941178       -1.7647058823529411        4.6886378487679119     
   2.8235294117647065       -1.7647058823529411        7.5024538485454748     
   3.1764705882352953       -1.7647058823529411        11.746328278532289     
   3.5294117647058822       -1.7647058823529411        17.815946056293953     
   3.8823529411764710       -1.7647058823529411        26.153543266168612     
   4.2352941176470598       -1.7647058823529411        37.247907159266738     
   4.5882352941176485       -1.7647058823529411        51.634376153471251     
   4.9411764705882355       -1.7647058823529411        69.894839833437416     
   5.2941176470588243       -1.7647058823529411        92.657738950593213     
   5.6470588235294130       -1.7647058823529411        120.59806542313873     
   6.0000000000000000       -1.7647058823529411        154.43736233604650     
  
  -6.0000000000000000       -1.4117647058823524        153.80799434226503     
  -5.6470588235294121       -1.4117647058823524        119.97243445349514     
  -5.2941176470588234       -1.4117647058823524        92.035845005087523     
  -4.9411764705882355       -1.4117647058823524        69.276682912069717     
  -4.5882352941176467       -1.4117647058823524        51.019956256241407     
  -4.2352941176470589       -1.4117647058823524        36.637224286174856     
  -3.8823529411764706       -1.4117647058823524        25.546597417214670     
  -3.5294117647058822       -1.4117647058823524        17.212737231477945     
  -3.1764705882352939       -1.4117647058823524        11.146856477854188     
  -2.8235294117647056       -1.4117647058823524        6.9067190720053109     
  -2.4705882352941173       -1.4117647058823524        4.0966400963656779     
  -2.1176470588235290       -1.4117647058823524        2.3674858001420773     
  -1.7647058823529411       -1.4117647058823524        1.4166735993137218     
  -1.4117647058823524       -1.4117647058823524       0.98817207663225348     
  -1.0588235294117645       -1.4117647058823524       0.87250098162174594     
 -0.70588235294117574       -1.4117647058823524       0.90673123057869909     
 -0.35294117647058787       -1.4117647058823524       0.97448490657204123     
   0.0000000000000000       -1.4117647058823524        1.0059352594431303     
  0.35294117647058876       -1.4117647058823524       0.97780670580575157     
  0.70588235294117663       -1.4117647058823524       0.91337482904611988     
   1.0588235294117654       -1.4117647058823524       0.88246637932287753     
   1.4117647058823533       -1.4117647058823524        1.0014592735670957     
   1.7647058823529420       -1.4117647058823524        1.4332825954822757     
   2.1176470588235308       -1.4117647058823524        2.3874165955443463     
   2.4705882352941178       -1.4117647058823524        4.1198926910016542     
   2.8235294117647065       -1.4117647058823524        6.9332934658750025     
   3.1764705882352953       -1.4117647058823524        11.176752670957601     
   3.5294117647058822       -1.4117647058823524        17.245955223815052     
   3.8823529411764710       -1.4117647058823524        25.583137208785494     
   4.2352941176470598       -1.4117647058823524        36.677085876979412     
   4.5882352941176485       -1.4117647058823524        51.063139646279716     
   4.9411764705882355       -1.4117647058823524        69.323188101341657     
   5.2941176470588243       -1.4117647058823524        92.085671993593252     
   5.6470588235294130       -1.4117647058823524        120.02558324123454     
   6.0000000000000000       -1.4117647058823524        153.86446492923812     
  
  -6.0000000000000000       -1.0588235294117645        153.37495648963031     
  -5.6470588235294121       -1.0588235294117645        119.53898137595620     
  -5.2941176470588234       -1.0588235294117645        91.601976702644365     
  -4.9411764705882355       -1.0588235294117645        68.842399384722341     
  -4.5882352941176467       -1.0588235294117645        50.585257503989816     
  -4.2352941176470589       -1.0588235294117645        36.202110309019055     
  -3.8823529411764706       -1.0588235294117645        25.111068215154653     
  -3.5294117647058822       -1.0588235294117645        16.776792804513718     
  -3.1764705882352939       -1.0588235294117645        10.710496825985743     
  -2.8235294117647056       -1.0588235294117645        6.4699441952326522     
  -2.4705882352941173       -1.0588235294117645        3.6594499946888059     
  -2.1176470588235290       -1.0588235294117645        1.9298804735609911     
  -1.7647058823529411       -1.0588235294117645       0.97865304782842144     
  -1.4117647058823524       -1.0588235294117645       0.54973630024273934     
  -1.0588235294117645       -1.0588235294117645       0.43364998032801821     
 -0.70588235294117574       -1.0588235294117645       0.46746500438075744     
 -0.35294117647058787       -1.0588235294117645       0.53480345546988595     
   0.0000000000000000       -1.0588235294117645       0.56583858343676108     
  0.35294117647058876       -1.0588235294117645       0.53729480489516868     
  0.70588235294117663       -1.0588235294117645       0.47244770323132307     
   1.0588235294117654       -1.0588235294117645       0.44112402860386685     
   1.4117647058823533       -1.0588235294117645       0.55970169794387137     
   1.7647058823529420       -1.0588235294117645       0.99110979495483753     
   2.1176470588235308       -1.0588235294117645        1.9448285701126944     
   2.4705882352941178       -1.0588235294117645        3.6768894406657879     
   2.8235294117647065       -1.0588235294117645        6.4898749906349229     
   3.1764705882352953       -1.0588235294117645        10.732918970813309     
   3.5294117647058822       -1.0588235294117645        16.801706298766543     
   3.8823529411764710       -1.0588235294117645        25.138473058832776     
   4.2352941176470598       -1.0588235294117645        36.232006502122474     
   4.5882352941176485       -1.0588235294117645        50.617645046518561     
   4.9411764705882355       -1.0588235294117645        68.877278276676293     
   5.2941176470588243       -1.0588235294117645        91.639346944023671     
   5.6470588235294130       -1.0588235294117645        119.57884296676076     
   6.0000000000000000       -1.0588235294117645        153.41730942986013     
  
  -6.0000000000000000      -0.70588235294117574        153.06766054442596     
  -5.6470588235294121      -0.70588235294117574        119.23127020584764     
  -5.2941176470588234      -0.70588235294117574        91.293850307631587     
  -4.9411764705882355      -0.70588235294117574        68.533857764805347     
  -4.5882352941176467      -0.70588235294117574        50.276300659168619     
  -4.2352941176470589      -0.70588235294117574        35.892738239293642     
  -3.8823529411764706      -0.70588235294117574        24.801280920525024     
  -3.5294117647058822      -0.70588235294117574        16.466590284979876     
  -3.1764705882352939      -0.70588235294117574        10.399879081547690     
  -2.8235294117647056      -0.70588235294117574        6.1589112258903835     
  -2.4705882352941173      -0.70588235294117574        3.3480018004423240     
  -2.1176470588235290      -0.70588235294117574        1.6180170544102952     
  -1.7647058823529411      -0.70588235294117574       0.66637440377351176     
  -1.4117647058823524      -0.70588235294117574       0.23704243128361582     
  -1.0588235294117645      -0.70588235294117574       0.12054088646468088     
 -0.70588235294117574      -0.70588235294117574       0.15394068561320629     
 -0.35294117647058787      -0.70588235294117574       0.22086391179812090     
   0.0000000000000000      -0.70588235294117574       0.25148381486078225     
  0.35294117647058876      -0.70588235294117574       0.22252481141497604     
  0.70588235294117663      -0.70588235294117574       0.15726248484691657     
   1.0588235294117654      -0.70588235294117574       0.12552358531524657     
   1.4117647058823533      -0.70588235294117574       0.24368602975103737     
   1.7647058823529420      -0.70588235294117574       0.67467890185778967     
   2.1176470588235308      -0.70588235294117574        1.6279824521114328     
   2.4705882352941178      -0.70588235294117574        3.3596280977603126     
   2.8235294117647065      -0.70588235294117574        6.1721984228252333     
   3.1764705882352953      -0.70588235294117574        10.414827178099406     
   3.5294117647058822      -0.70588235294117574        16.483199281148426     
   3.8823529411764710      -0.70588235294117574        24.819550816310443     
   4.2352941176470598      -0.70588235294117574        35.912669034695931     
   4.5882352941176485      -0.70588235294117574        50.297892354187809     
   4.9411764705882355      -0.70588235294117574        68.557110359441324     
   5.2941176470588243      -0.70588235294117574        91.318763801884486     
   5.6470588235294130      -0.70588235294117574        119.25784459971736     
   6.0000000000000000      -0.70588235294117574        153.09589583791251     
  
  -6.0000000000000000      -0.35294117647058787        152.88610650665200     
  -5.6470588235294121      -0.35294117647058787        119.04930094316947     
  -5.2941176470588234      -0.35294117647058787        91.111465820049204     
  -4.9411764705882355      -0.35294117647058787        68.351058052318763     
  -4.5882352941176467      -0.35294117647058787        50.093085721777811     
  -4.2352941176470589      -0.35294117647058787        35.709108076998625     
  -3.8823529411764706      -0.35294117647058787        24.617235533325790     
  -3.5294117647058822      -0.35294117647058787        16.282129672876426     
  -3.1764705882352939      -0.35294117647058787        10.215003244540027     
  -2.8235294117647056      -0.35294117647058787        5.9736201639785076     
  -2.4705882352941173      -0.35294117647058787        3.1622955136262338     
  -2.1176470588235290      -0.35294117647058787        1.4318955426899911     
  -1.7647058823529411      -0.35294117647058787       0.47983766714899412     
  -1.4117647058823524      -0.35294117647058787        5.0090469754884397E-002
  -1.0588235294117645      -0.35294117647058787       -6.6826299968264405E-002
 -0.70588235294117574      -0.35294117647058787       -3.3841725723952797E-002
 -0.35294117647058787      -0.35294117647058787        3.2666275556748059E-002
   0.0000000000000000      -0.35294117647058787        6.2870953715195563E-002
  0.35294117647058876      -0.35294117647058787        3.3496725365175506E-002
  0.70588235294117663      -0.35294117647058787       -3.2180826107097701E-002
   1.0588235294117654      -0.35294117647058787       -6.4334950542981509E-002
   1.4117647058823533      -0.35294117647058787        5.3412268988595440E-002
   1.7647058823529420      -0.35294117647058787       0.48398991619113385     
   2.1176470588235308      -0.35294117647058787        1.4368782415405630     
   2.4705882352941178      -0.35294117647058787        3.1681086622852295     
   2.8235294117647065      -0.35294117647058787        5.9802637624459365     
   3.1764705882352953      -0.35294117647058787        10.222477292815896     
   3.5294117647058822      -0.35294117647058787        16.290434170960705     
   3.8823529411764710      -0.35294117647058787        24.626370481218505     
   4.2352941176470598      -0.35294117647058787        35.719073474699783     
   4.5882352941176485      -0.35294117647058787        50.103881569287438     
   4.9411764705882355      -0.35294117647058787        68.362684349636737     
   5.2941176470588243      -0.35294117647058787        91.123922567175697     
   5.6470588235294130      -0.35294117647058787        119.06258814010435     
   6.0000000000000000      -0.35294117647058787        152.90022415339527     
  
  -6.0000000000000000        0.0000000000000000        152.83029437630844     
  -5.6470588235294121        0.0000000000000000        118.99307358792170     
  -5.2941176470588234        0.0000000000000000        91.054823239897217     
  -4.9411764705882355        0.0000000000000000        68.294000247262559     
  -4.5882352941176467        0.0000000000000000        50.035612691817391     
  -4.2352941176470589        0.0000000000000000        35.651219822133989     
  -3.8823529411764706        0.0000000000000000        24.558932053556948     
  -3.5294117647058822        0.0000000000000000        16.223410968203371     
  -3.1764705882352939        0.0000000000000000        10.155869314962755     
  -2.8235294117647056        0.0000000000000000        5.9140710094970226     
  -2.4705882352941173        0.0000000000000000        3.1023311342405351     
  -2.1176470588235290        0.0000000000000000        1.3715159384000786     
  -1.7647058823529411        0.0000000000000000       0.41904283795486763     
  -1.4117647058823524        0.0000000000000000       -1.1119584343455946E-002
  -1.0588235294117645        0.0000000000000000      -0.12845157897081855     
 -0.70588235294117574        0.0000000000000000       -9.5882229630720739E-002
 -0.35294117647058787        0.0000000000000000       -2.9789453254233711E-002
   0.0000000000000000        0.0000000000000000        0.0000000000000000     
  0.35294117647058876        0.0000000000000000       -2.9789453254233853E-002
  0.70588235294117663        0.0000000000000000       -9.5882229630720878E-002
   1.0588235294117654        0.0000000000000000      -0.12845157897081849     
   1.4117647058823533        0.0000000000000000       -1.1119584343455361E-002
   1.7647058823529420        0.0000000000000000       0.41904283795486930     
   2.1176470588235308        0.0000000000000000        1.3715159384000846     
   2.4705882352941178        0.0000000000000000        3.1023311342405373     
   2.8235294117647065        0.0000000000000000        5.9140710094970306     
   3.1764705882352953        0.0000000000000000        10.155869314962775     
   3.5294117647058822        0.0000000000000000        16.223410968203371     
   3.8823529411764710        0.0000000000000000        24.558932053556958     
   4.2352941176470598        0.0000000000000000        35.651219822134017     
   4.5882352941176485        0.0000000000000000        50.035612691817462     
   4.9411764705882355        0.0000000000000000        68.294000247262559     
   5.2941176470588243        0.0000000000000000        91.054823239897289     
   5.6470588235294130        0.0000000000000000        118.99307358792174     
   6.0000000000000000        0.0000000000000000        152.83029437630844     
  
  -6.0000000000000000       0.35294117647058876        152.90022415339527     
  -5.6470588235294121       0.35294117647058876        119.06258814010431     
  -5.2941176470588234       0.35294117647058876        91.123922567175626     
  -4.9411764705882355       0.35294117647058876        68.362684349636737     
  -4.5882352941176467       0.35294117647058876        50.103881569287367     
  -4.2352941176470589       0.35294117647058876        35.719073474699755     
  -3.8823529411764706       0.35294117647058876        24.626370481218494     
  -3.5294117647058822       0.35294117647058876        16.290434170960705     
  -3.1764705882352939       0.35294117647058876        10.222477292815876     
  -2.8235294117647056       0.35294117647058876        5.9802637624459294     
  -2.4705882352941173       0.35294117647058876        3.1681086622852273     
  -2.1176470588235290       0.35294117647058876        1.4368782415405572     
  -1.7647058823529411       0.35294117647058876       0.48398991619113257     
  -1.4117647058823524       0.35294117647058876        5.3412268988595177E-002
  -1.0588235294117645       0.35294117647058876       -6.4334950542981231E-002
 -0.70588235294117574       0.35294117647058876       -3.2180826107097237E-002
 -0.35294117647058787       0.35294117647058876        3.3496725365175985E-002
   0.0000000000000000       0.35294117647058876        6.2870953715195868E-002
  0.35294117647058876       0.35294117647058876        3.2666275556748219E-002
  0.70588235294117663       0.35294117647058876       -3.3841725723952637E-002
   1.0588235294117654       0.35294117647058876       -6.6826299968264058E-002
   1.4117647058823533       0.35294117647058876        5.0090469754885264E-002
   1.7647058823529420       0.35294117647058876       0.47983766714899612     
   2.1176470588235308       0.35294117647058876        1.4318955426899977     
   2.4705882352941178       0.35294117647058876        3.1622955136262361     
   2.8235294117647065       0.35294117647058876        5.9736201639785165     
   3.1764705882352953       0.35294117647058876        10.215003244540046     
   3.5294117647058822       0.35294117647058876        16.282129672876426     
   3.8823529411764710       0.35294117647058876        24.617235533325800     
   4.2352941176470598       0.35294117647058876        35.709108076998653     
   4.5882352941176485       0.35294117647058876        50.093085721777882     
   4.9411764705882355       0.35294117647058876        68.351058052318763     
   5.2941176470588243       0.35294117647058876        91.111465820049276     
   5.6470588235294130       0.35294117647058876        119.04930094316951     
   6.0000000000000000       0.35294117647058876        152.88610650665200     
  
  -6.0000000000000000       0.70588235294117663        153.09589583791251     
  -5.6470588235294121       0.70588235294117663        119.25784459971732     
  -5.2941176470588234       0.70588235294117663        91.318763801884415     
  -4.9411764705882355       0.70588235294117663        68.557110359441324     
  -4.5882352941176467       0.70588235294117663        50.297892354187738     
  -4.2352941176470589       0.70588235294117663        35.912669034695902     
  -3.8823529411764706       0.70588235294117663        24.819550816310432     
  -3.5294117647058822       0.70588235294117663        16.483199281148426     
  -3.1764705882352939       0.70588235294117663        10.414827178099387     
  -2.8235294117647056       0.70588235294117663        6.1721984228252262     
  -2.4705882352941173       0.70588235294117663        3.3596280977603112     
  -2.1176470588235290       0.70588235294117663        1.6279824521114270     
  -1.7647058823529411       0.70588235294117663       0.67467890185778856     
  -1.4117647058823524       0.70588235294117663       0.24368602975103740     
  -1.0588235294117645       0.70588235294117663       0.12552358531524721     
 -0.70588235294117574       0.70588235294117663       0.15726248484691738     
 -0.35294117647058787       0.70588235294117663       0.22252481141497676     
   0.0000000000000000       0.70588235294117663       0.25148381486078286     
  0.35294117647058876       0.70588235294117663       0.22086391179812140     
  0.70588235294117663       0.70588235294117663       0.15394068561320673     
   1.0588235294117654       0.70588235294117663       0.12054088646468149     
   1.4117647058823533       0.70588235294117663       0.23704243128361702     
   1.7647058823529420       0.70588235294117663       0.66637440377351409     
   2.1176470588235308       0.70588235294117663        1.6180170544103016     
   2.4705882352941178       0.70588235294117663        3.3480018004423266     
   2.8235294117647065       0.70588235294117663        6.1589112258903924     
   3.1764705882352953       0.70588235294117663        10.399879081547709     
   3.5294117647058822       0.70588235294117663        16.466590284979876     
   3.8823529411764710       0.70588235294117663        24.801280920525034     
   4.2352941176470598       0.70588235294117663        35.892738239293671     
   4.5882352941176485       0.70588235294117663        50.276300659168690     
   4.9411764705882355       0.70588235294117663        68.533857764805347     
   5.2941176470588243       0.70588235294117663        91.293850307631658     
   5.6470588235294130       0.70588235294117663        119.23127020584768     
   6.0000000000000000       0.70588235294117663        153.06766054442596     
  
  -6.0000000000000000        1.0588235294117654        153.41730942986013     
  -5.6470588235294121        1.0588235294117654        119.57884296676072     
  -5.2941176470588234        1.0588235294117654        91.639346944023600     
  -4.9411764705882355        1.0588235294117654        68.877278276676293     
  -4.5882352941176467        1.0588235294117654        50.617645046518490     
  -4.2352941176470589        1.0588235294117654        36.232006502122445     
  -3.8823529411764706        1.0588235294117654        25.138473058832766     
  -3.5294117647058822        1.0588235294117654        16.801706298766543     
  -3.1764705882352939        1.0588235294117654        10.732918970813291     
  -2.8235294117647056        1.0588235294117654        6.4898749906349158     
  -2.4705882352941173        1.0588235294117654        3.6768894406657866     
  -2.1176470588235290        1.0588235294117654        1.9448285701126891     
  -1.7647058823529411        1.0588235294117654       0.99110979495483664     
  -1.4117647058823524        1.0588235294117654       0.55970169794387170     
  -1.0588235294117645        1.0588235294117654       0.44112402860386768     
 -0.70588235294117574        1.0588235294117654       0.47244770323132407     
 -0.35294117647058787        1.0588235294117654       0.53729480489516968     
   0.0000000000000000        1.0588235294117654       0.56583858343676197     
  0.35294117647058876        1.0588235294117654       0.53480345546988672     
  0.70588235294117663        1.0588235294117654       0.46746500438075822     
   1.0588235294117654        1.0588235294117654       0.43364998032801916     
   1.4117647058823533        1.0588235294117654       0.54973630024274078     
   1.7647058823529420        1.0588235294117654       0.97865304782842411     
   2.1176470588235308        1.0588235294117654        1.9298804735609982     
   2.4705882352941178        1.0588235294117654        3.6594499946888090     
   2.8235294117647065        1.0588235294117654        6.4699441952326611     
   3.1764705882352953        1.0588235294117654        10.710496825985764     
   3.5294117647058822        1.0588235294117654        16.776792804513718     
   3.8823529411764710        1.0588235294117654        25.111068215154663     
   4.2352941176470598        1.0588235294117654        36.202110309019083     
   4.5882352941176485        1.0588235294117654        50.585257503989887     
   4.9411764705882355        1.0588235294117654        68.842399384722341     
   5.2941176470588243        1.0588235294117654        91.601976702644436     
   5.6470588235294130        1.0588235294117654        119.53898137595624     
   6.0000000000000000        1.0588235294117654        153.37495648963031     
  
  -6.0000000000000000        1.4117647058823533        153.86446492923812     
  -5.6470588235294121        1.4117647058823533        120.02558324123450     
  -5.2941176470588234        1.4117647058823533        92.085671993593181     
  -4.9411764705882355        1.4117647058823533        69.323188101341657     
  -4.5882352941176467        1.4117647058823533        51.063139646279645     
  -4.2352941176470589        1.4117647058823533        36.677085876979383     
  -3.8823529411764706        1.4117647058823533        25.583137208785487     
  -3.5294117647058822        1.4117647058823533        17.245955223815056     
  -3.1764705882352939        1.4117647058823533        11.176752670957583     
  -2.8235294117647056        1.4117647058823533        6.9332934658749954     
  -2.4705882352941173        1.4117647058823533        4.1198926910016533     
  -2.1176470588235290        1.4117647058823533        2.3874165955443414     
  -1.7647058823529411        1.4117647058823533        1.4332825954822752     
  -1.4117647058823524        1.4117647058823533        1.0014592735670964     
  -1.0588235294117645        1.4117647058823533       0.88246637932287864     
 -0.70588235294117574        1.4117647058823533       0.91337482904612122     
 -0.35294117647058787        1.4117647058823533       0.97780670580575313     
   0.0000000000000000        1.4117647058823533        1.0059352594431314     
  0.35294117647058876        1.4117647058823533       0.97448490657204234     
  0.70588235294117663        1.4117647058823533       0.90673123057869998     
   1.0588235294117654        1.4117647058823533       0.87250098162174727     
   1.4117647058823533        1.4117647058823533       0.98817207663225526     
   1.7647058823529420        1.4117647058823533        1.4166735993137245     
   2.1176470588235308        1.4117647058823533        2.3674858001420849     
   2.4705882352941178        1.4117647058823533        4.0966400963656815     
   2.8235294117647065        1.4117647058823533        6.9067190720053198     
   3.1764705882352953        1.4117647058823533        11.146856477854209     
   3.5294117647058822        1.4117647058823533        17.212737231477949     
   3.8823529411764710        1.4117647058823533        25.546597417214684     
   4.2352941176470598        1.4117647058823533        36.637224286174884     
   4.5882352941176485        1.4117647058823533        51.019956256241478     
   4.9411764705882355        1.4117647058823533        69.276682912069717     
   5.2941176470588243        1.4117647058823533        92.035845005087594     
   5.6470588235294130        1.4117647058823533        119.97243445349518     
   6.0000000000000000        1.4117647058823533        153.80799434226503     
  
  -6.0000000000000000        1.7647058823529420        154.43736233604650     
  -5.6470588235294121        1.7647058823529420        120.59806542313871     
  -5.2941176470588234        1.7647058823529420        92.657738950593156     
  -4.9411764705882355        1.7647058823529420        69.894839833437430     
  -4.5882352941176467        1.7647058823529420        51.634376153471180     
  -4.2352941176470589        1.7647058823529420        37.247907159266710     
  -3.8823529411764706        1.7647058823529420        26.153543266168601     
  -3.5294117647058822        1.7647058823529420        17.815946056293953     
  -3.1764705882352939        1.7647058823529420        11.746328278532271     
  -2.8235294117647056        1.7647058823529420        7.5024538485454686     
  -2.4705882352941173        1.7647058823529420        4.6886378487679119     
  -2.1176470588235290        1.7647058823529420        2.9557465284063866     
  -1.7647058823529411        1.7647058823529420        2.0011973034401067     
  -1.4117647058823524        1.7647058823529420        1.5689587566207139     
  -1.0588235294117645        1.7647058823529420        1.4495506374722824     
 -0.70588235294117574        1.7647058823529420        1.4800438622913110     
 -0.35294117647058787        1.7647058823529420        1.5440605141467292     
   0.0000000000000000        1.7647058823529420        1.5717738428798937     
  0.35294117647058876        1.7647058823529420        1.5399082651045908     
  0.70588235294117663        1.7647058823529420        1.4717393642070347     
   1.0588235294117654        1.7647058823529420        1.4370938903458681     
   1.4117647058823533        1.7647058823529420        1.5523497604521623     
   1.7647058823529420        1.7647058823529420        1.9804360582294176     
   2.1176470588235308        1.7647058823529420        2.9308330341535642     
   2.4705882352941178        1.7647058823529420        4.6595721054729475     
   2.8235294117647065        1.7647058823529420        7.4692358562083712     
   3.1764705882352953        1.7647058823529420        11.708958037153048     
   3.5294117647058822        1.7647058823529420        17.774423565872574     
   3.8823529411764710        1.7647058823529420        26.107868526705090     
   4.2352941176470598        1.7647058823529420        37.198080170761081     
   4.5882352941176485        1.7647058823529420        51.580396915923458     
   4.9411764705882355        1.7647058823529420        69.836708346847487     
   5.2941176470588243        1.7647058823529420        92.595455214961163     
   5.6470588235294130        1.7647058823529420        120.53162943846453     
   6.0000000000000000        1.7647058823529420        154.36677410233017     
  
  -6.0000000000000000        2.1176470588235308        155.13600165028529     
  -5.6470588235294121        2.1176470588235308        121.29628951247327     
  -5.2941176470588234        2.1176470588235308        93.355547815023513     
  -4.9411764705882355        2.1176470588235308        70.592233472963557     
  -4.5882352941176467        2.1176470588235308        52.331354568093118     
  -4.2352941176470589        2.1176470588235308        37.944470348984431     
  -3.8823529411764706        2.1176470588235308        26.849691230982110     
  -3.5294117647058822        2.1176470588235308        18.511678796203249     
  -3.1764705882352939        2.1176470588235308        12.441645793537347     
  -2.8235294117647056        2.1176470588235308        8.1973561386463327     
  -2.4705882352941173        2.1176470588235308        5.3831249139645632     
  -2.1176470588235290        2.1176470588235308        3.6498183686988237     
  -1.7647058823529411        2.1176470588235308        2.6948539188283296     
  -1.4117647058823524        2.1176470588235308        2.2622001471047231     
  -1.0588235294117645        2.1176470588235308        2.1423768030520778     
 -0.70588235294117574        2.1176470588235308        2.1724548029668931     
 -0.35294117647058787        2.1176470588235308        2.2360562299180970     
   0.0000000000000000        2.1176470588235308        2.2633543337470479     
  0.35294117647058876        2.1176470588235308        2.2310735310675307     
  0.70588235294117663        2.1176470588235308        2.1624894052657613     
   1.0588235294117654        2.1176470588235308        2.1274287065003805     
   1.4117647058823533        2.1176470588235308        2.2422693517024608     
   1.7647058823529420        2.1176470588235308        2.6699404245755027     
   2.1176470588235308        2.1176470588235308        3.6199221755954354     
   2.4705882352941178        2.1176470588235308        5.3482460220106054     
   2.8235294117647065        2.1176470588235308        8.1574945478418162     
   3.1764705882352953        2.1176470588235308        12.396801503882276     
   3.5294117647058822        2.1176470588235308        18.461851807697592     
   3.8823529411764710        2.1176470588235308        26.794881543625895     
   4.2352941176470598        2.1176470588235308        37.884677962777673     
   4.5882352941176485        2.1176470588235308        52.266579483035834     
   4.9411764705882355        2.1176470588235308        70.522475689055639     
   5.2941176470588243        2.1176470588235308        93.280807332265098     
   5.6470588235294130        2.1176470588235308        121.21656633086425     
   6.0000000000000000        2.1176470588235308        155.05129576982569     
  
  -6.0000000000000000        2.4705882352941178        155.96038287195447     
  -5.6470588235294121        2.4705882352941178        122.12025550923823     
  -5.2941176470588234        2.4705882352941178        94.179098586884265     
  -4.9411764705882355        2.4705882352941178        71.415369019920107     
  -4.5882352941176467        2.4705882352941178        53.154074890145438     
  -4.2352941176470589        2.4705882352941178        38.766775446132534     
  -3.8823529411764706        2.4705882352941178        27.671581103226004     
  -3.5294117647058822        2.4705882352941178        19.333153443542926     
  -3.1764705882352939        2.4705882352941178        13.262705215972813     
  -2.8235294117647056        2.4705882352941178        9.0180003361775842     
  -2.4705882352941173        2.4705882352941178        6.2033538865916000     
  -2.1176470588235290        2.4705882352941178        4.4696321164216473     
  -1.7647058823529411        2.4705882352941178        3.5142524416469398     
  -1.4117647058823524        2.4705882352941178        3.0811834450191196     
  -1.0588235294117645        2.4705882352941178        2.9609448760622605     
 -0.70588235294117574        2.4705882352941178        2.9906076510728621     
 -0.35294117647058787        2.4705882352941178        3.0537938531198523     
   0.0000000000000000        2.4705882352941178        3.0806767320445889     
  0.35294117647058876        2.4705882352941178        3.0479807044608584     
  0.70588235294117663        2.4705882352941178        2.9789813537548748     
   1.0588235294117654        2.4705882352941178        2.9435054300852808     
   1.4117647058823533        2.4705882352941178        3.0579308503831468     
   1.7647058823529420        2.4705882352941178        3.4851866983519750     
   2.1176470588235308        2.4705882352941178        4.4347532244676930     
   2.4705882352941178        2.4705882352941178        6.1626618459786497     
   2.8235294117647065        2.4705882352941178        8.9714951469056459     
   3.1764705882352953        2.4705882352941178        13.210386878041893     
   3.5294117647058822        2.4705882352941178        19.275021956952994     
   3.8823529411764710        2.4705882352941178        27.607636467977084     
   4.2352941176470598        2.4705882352941178        38.697017662224646     
   4.5882352941176485        2.4705882352941178        53.078503957578590     
   4.9411764705882355        2.4705882352941178        71.333984938694201     
   5.2941176470588243        2.4705882352941178        94.091901356999443     
   5.6470588235294130        2.4705882352941178        122.02724513069438     
   6.0000000000000000        2.4705882352941178        155.86155934475158     
  
  -6.0000000000000000        2.8235294117647065        156.91050600105405     
  -5.6470588235294121        2.8235294117647065        123.06996341343360     
  -5.2941176470588234        2.8235294117647065        95.128391266175413     
  -4.9411764705882355        2.8235294117647065        72.364246474307038     
  -4.5882352941176467        2.8235294117647065        54.102537119628160     
  -4.2352941176470589        2.8235294117647065        39.714822450711040     
  -3.8823529411764706        2.8235294117647065        28.619212882900289     
  -3.5294117647058822        2.8235294117647065        20.280369998312999     
  -3.1764705882352939        2.8235294117647065        14.209506545838675     
  -2.8235294117647056        2.8235294117647065        9.9643864411392329     
  -2.4705882352941173        2.8235294117647065        7.1493247666490349     
  -2.1176470588235290        2.8235294117647065        5.4151877715748666     
  -1.7647058823529411        2.8235294117647065        4.4593928718959468     
  -1.4117647058823524        2.8235294117647065        4.0259086503639123     
  -1.0588235294117645        2.8235294117647065        3.9052548565028387     
 -0.70588235294117574        2.8235294117647065        3.9345024066092265     
 -0.35294117647058787        2.8235294117647065        3.9972733837520029     
   0.0000000000000000        2.8235294117647065        4.0237410377725258     
  0.35294117647058876        2.8235294117647065        3.9906297852845820     
  0.70588235294117663        2.8235294117647065        3.9212152096743842     
   1.0588235294117654        2.8235294117647065        3.8853240611005759     
   1.4117647058823533        2.8235294117647065        3.9993342564942282     
   1.7647058823529420        2.8235294117647065        4.4261748795588423     
   2.1176470588235308        2.8235294117647065        5.3753261807703474     
   2.4705882352941178        2.8235294117647065        7.1028195773770895     
   2.8235294117647065        2.8235294117647065        9.9112376533998727     
   3.1764705882352953        2.8235294117647065        14.149714159631907     
   3.5294117647058822        2.8235294117647065        20.213934013638791     
   3.8823529411764710        2.8235294117647065        28.546133299758669     
   4.2352941176470598        2.8235294117647065        39.635099269102021     
   4.5882352941176485        2.8235294117647065        54.016170339551756     
   4.9411764705882355        2.8235294117647065        72.271236095763143     
   5.2941176470588243        2.8235294117647065        95.028737289164170     
   5.6470588235294130        2.8235294117647065        122.96366583795491     
   6.0000000000000000        2.8235294117647065        156.79756482710789     
  
  -6.0000000000000000        3.1764705882352953        157.98637103758401     
  -5.6470588235294121        3.1764705882352953        124.14541322505934     
  -5.2941176470588234        3.1764705882352953        96.203425852896942     
  -4.9411764705882355        3.1764705882352953        73.438865836124364     
  -4.5882352941176467        3.1764705882352953        55.176741256541256     
  -4.2352941176470589        3.1764705882352953        40.788611362719934     
  -3.8823529411764706        3.1764705882352953        29.692586570004970     
  -3.5294117647058822        3.1764705882352953        21.353328460513467     
  -3.1764705882352939        3.1764705882352953        15.282049783134928     
  -2.8235294117647056        3.1764705882352953        11.036514453531272     
  -2.4705882352941173        3.1764705882352953        8.2210375541368599     
  -2.1176470588235290        3.1764705882352953        6.4864853341584787     
  -1.7647058823529411        3.1764705882352953        5.5302752095753434     
  -1.4117647058823524        3.1764705882352953        5.0963757631390969     
  -1.0588235294117645        3.1764705882352953        4.9753067443738095     
 -0.70588235294117574        3.1764705882352953        5.0041390695759835     
 -0.35294117647058787        3.1764705882352953        5.0664948218145458     
   0.0000000000000000        3.1764705882352953        5.0925472509308554     
  0.35294117647058876        3.1764705882352953        5.0590207735386974     
  0.70588235294117663        3.1764705882352953        4.9891909730242858     
   1.0588235294117654        3.1764705882352953        4.9528845995462634     
   1.4117647058823533        3.1764705882352953        5.0664795700357024     
   1.7647058823529420        3.1764705882352953        5.4929049681961022     
   2.1176470588235308        3.1764705882352953        6.4416410445033936     
   2.4705882352941178        3.1764705882352953        8.1687192162059219     
   2.8235294117647065        3.1764705882352953        10.976722067324491     
   3.1764705882352953        3.1764705882352953        15.214783348652311     
   3.5294117647058822        3.1764705882352953        21.278587977754981     
   3.8823529411764710        3.1764705882352953        29.610372038970645     
   4.2352941176470598        3.1764705882352953        40.698922783409778     
   4.5882352941176485        3.1764705882352953        55.079578628955296     
   4.9411764705882355        3.1764705882352953        73.334229160262481     
   5.2941176470588243        3.1764705882352953        96.091315128759291     
   5.6470588235294130        3.1764705882352953        124.02582845264581     
   6.0000000000000000        3.1764705882352953        157.85931221689458     
  
  -6.0000000000000000        3.5294117647058822        159.18797798154435     
  -5.6470588235294121        3.5294117647058822        125.34660494411547     
  -5.2941176470588234        3.5294117647058822        97.404202347048866     
  -4.9411764705882355        3.5294117647058822        74.639227105372058     
  -4.5882352941176467        3.5294117647058822        56.376687300884754     
  -4.2352941176470589        3.5294117647058822        41.988142182159216     
  -3.8823529411764706        3.5294117647058822        30.891702164540035     
  -3.5294117647058822        3.5294117647058822        22.552028830144319     
  -3.1764705882352939        3.5294117647058822        16.480334927861570     
  -2.8235294117647056        3.5294117647058822        12.234384373353697     
  -2.4705882352941173        3.5294117647058822        9.4184922490550704     
  -2.1176470588235290        3.5294117647058822        7.6835248041724755     
  -1.7647058823529411        3.5294117647058822        6.7268994546851264     
  -1.4117647058823524        3.5294117647058822        6.2925847833446653     
  -1.0588235294117645        3.5294117647058822        6.1711005396751641     
 -0.70588235294117574        3.5294117647058822        6.1995176399731244     
 -0.35294117647058787        3.5294117647058822        6.2614581673074730     
   0.0000000000000000        3.5294117647058822        6.2870953715195688     
  0.35294117647058876        3.5294117647058822        6.2531536692231970     
  0.70588235294117663        3.5294117647058822        6.1829086438045717     
   1.0588235294117654        3.5294117647058822        6.1461870454223355     
   1.4117647058823533        3.5294117647058822        6.2593667910075608     
   1.7647058823529420        3.5294117647058822        6.6853769642637468     
   2.1176470588235308        3.5294117647058822        7.6336978156668245     
   2.4705882352941178        3.5294117647058822        9.3603607624651399     
   2.8235294117647065        3.5294117647058822        12.167948388679493     
   3.1764705882352953        3.5294117647058822        16.405594445103102     
   3.5294117647058822        3.5294117647058822        22.468983849301555     
   3.8823529411764710        3.5294117647058822        30.800352685613010     
   4.2352941176470598        3.5294117647058822        41.888488205147929     
   4.5882352941176485        3.5294117647058822        56.268728825789239     
   4.9411764705882355        3.5294117647058822        74.522964132192200     
   5.2941176470588243        3.5294117647058822        97.279634875784794     
   5.6470588235294130        3.5294117647058822        125.21373297476710     
   6.0000000000000000        3.5294117647058822        159.04680151411168     
  
  -6.0000000000000000        3.8823529411764710        160.51532683293513     
  -5.6470588235294121        3.8823529411764710        126.67353857060201     
  -5.2941176470588234        3.8823529411764710        98.730720748631185     
  -4.9411764705882355        3.8823529411764710        75.965330282050161     
  -4.5882352941176467        3.8823529411764710        57.702375252658648     
  -4.2352941176470589        3.8823529411764710        43.313414909028893     
  -3.8823529411764706        3.8823529411764710        32.216559666505503     
  -3.5294117647058822        3.8823529411764710        23.876471107205571     
  -3.1764705882352939        3.8823529411764710        17.804361980018601     
  -2.8235294117647056        3.8823529411764710        13.557996200606517     
  -2.4705882352941173        3.8823529411764710        10.741688851403678     
  -2.1176470588235290        3.8823529411764710        9.0063061816168695     
  -1.7647058823529411        3.8823529411764710        8.0492656072253066     
  -1.4117647058823524        3.8823529411764710        7.6145357109806326     
  -1.0588235294117645        3.8823529411764710        7.4926362424069168     
 -0.70588235294117574        3.8823529411764710        7.5206381178006634     
 -0.35294117647058787        3.8823529411764710        7.5821634202307981     
   0.0000000000000000        3.8823529411764710        7.6073853995386802     
  0.35294117647058876        3.8823529411764710        7.5730284723380947     
  0.70588235294117663        3.8823529411764710        7.5023682220152557     
   1.0588235294117654        3.8823529411764710        7.4652313987288057     
   1.4117647058823533        3.8823529411764710        7.5779959194098172     
   1.7647058823529420        3.8823529411764710        8.0035908677617904     
   2.1176470588235308        3.8823529411764710        8.9514964942606543     
   2.4705882352941178        3.8823529411764710        10.677744216154755     
   2.8235294117647065        3.8823529411764710        13.484916617464894     
   3.1764705882352953        3.8823529411764710        17.722147448984288     
   3.5294117647058822        3.8823529411764710        23.785121628278532     
   3.8823529411764710        3.8823529411764710        32.116075239685763     
   4.2352941176470598        3.8823529411764710        43.203795534316470     
   4.5882352941176485        3.8823529411764710        57.583620930053563     
   4.9411764705882355        3.8823529411764710        75.837441011552315     
   5.2941176470588243        3.8823529411764710        98.593696530240692     
   5.6470588235294130        3.8823529411764710        126.52737940431878     
   6.0000000000000000        3.8823529411764710        160.36003271875916     
  
  -6.0000000000000000        4.2352941176470598        161.96841759175626     
  -5.6470588235294121        4.2352941176470598        128.12621410451894     
  -5.2941176470588234        4.2352941176470598        100.18298105764389     
  -4.9411764705882355        4.2352941176470598        77.417175366158659     
  -4.5882352941176467        4.2352941176470598        59.153805111862930     
  -4.2352941176470589        4.2352941176470598        44.764429543328959     
  -3.8823529411764706        4.2352941176470598        33.667159075901360     
  -3.5294117647058822        4.2352941176470598        25.326655291697215     
  -3.1764705882352939        4.2352941176470598        19.254130939606029     
  -2.8235294117647056        4.2352941176470598        15.007349935289731     
  -2.4705882352941173        4.2352941176470598        12.190627361182678     
  -2.1176470588235290        4.2352941176470598        10.454829466491656     
  -1.7647058823529411        4.2352941176470598        9.4973736671958804     
  -1.4117647058823524        4.2352941176470598        9.0622285460469918     
  -1.0588235294117645        4.2352941176470598        8.9399138525690613     
 -0.70588235294117574        4.2352941176470598        8.9675005030585950     
 -0.35294117647058787        4.2352941176470598        9.0286105805845160     
   0.0000000000000000        4.2352941176470598        9.0534173349881844     
  0.35294117647058876        4.2352941176470598        9.0186451828833842     
  0.70588235294117663        4.2352941176470598        8.9475697076563314     
   1.0588235294117654        4.2352941176470598        8.9100176594656677     
   1.4117647058823533        4.2352941176470598        9.0223669552424663     
   1.7647058823529420        4.2352941176470598        9.4475466786902249     
   2.1176470588235308        4.2352941176470598        10.395037080284874     
   2.4705882352941178        4.2352941176470598        12.120869577274762     
   2.8235294117647065        4.2352941176470598        14.927626753680688     
   3.1764705882352953        4.2352941176470598        19.164442360295865     
   3.5294117647058822        4.2352941176470598        25.227001314685900     
   3.8823529411764710        4.2352941176470598        33.557539701188915     
   4.2352941176470598        4.2352941176470598        44.644844770915412     
   4.5882352941176485        4.2352941176470598        59.024254941748289     
   4.9411764705882355        4.2352941176470598        77.277659798342825     
   5.2941176470588243        4.2352941176470598        100.03350009212699     
   5.6470588235294130        4.2352941176470598        127.96676774130087     
   6.0000000000000000        4.2352941176470598        161.79900583083702     
  
  -6.0000000000000000        4.5882352941176485        163.54725025800778     
  -5.6470588235294121        4.5882352941176485        129.70463154586625     
  -5.2941176470588234        4.5882352941176485        101.76098327408700     
  -4.9411764705882355        4.5882352941176485        78.994762357697553     
  -4.5882352941176467        4.5882352941176485        60.730976878497600     
  -4.2352941176470589        4.5882352941176485        46.341186085059419     
  -3.8823529411764706        4.5882352941176485        35.243500392727604     
  -3.5294117647058822        4.5882352941176485        26.902581383619243     
  -3.1764705882352939        4.5882352941176485        20.829641806623847     
  -2.8235294117647056        4.5882352941176485        16.582445577403334     
  -2.4705882352941173        4.5882352941176485        13.765307778392069     
  -2.1176470588235290        4.5882352941176485        12.029094658796835     
  -1.7647058823529411        4.5882352941176485        11.071223634596842     
  -1.4117647058823524        4.5882352941176485        10.635663288543741     
  -1.0588235294117645        4.5882352941176485        10.512933370161598     
 -0.70588235294117574        4.5882352941176485        10.540104795746917     
 -0.35294117647058787        4.5882352941176485        10.600799648368625     
   0.0000000000000000        4.5882352941176485        10.625191177868079     
  0.35294117647058876        4.5882352941176485        10.590003800859066     
  0.70588235294117663        4.5882352941176485        10.518513100727798     
   1.0588235294117654        4.5882352941176485        10.480545827632922     
   1.4117647058823533        4.5882352941176485        10.592479898505506     
   1.7647058823529420        4.5882352941176485        11.017244397049049     
   2.1176470588235308        4.5882352941176485        11.964319573739486     
   2.4705882352941178        4.5882352941176485        13.689736845825157     
   2.8235294117647065        4.5882352941176485        16.496078797326874     
   3.1764705882352953        4.5882352941176485        20.732479179037835     
   3.5294117647058822        4.5882352941176485        26.794622908523653     
   3.8823529411764710        4.5882352941176485        35.124746070122455     
   4.2352941176470598        4.5882352941176485        46.211635914944736     
   4.5882352941176485        4.5882352941176485        60.590630860873404     
   4.9411764705882355        4.5882352941176485        78.843620492563730     
   5.2941176470588243        4.5882352941176485        101.59904556144369     
   5.6470588235294130        4.5882352941176485        129.53189798571333     
   6.0000000000000000        4.5882352941176485        163.36372085034529     
  
  -6.0000000000000000        4.9411764705882355        165.25182483168967     
  -5.6470588235294121        4.9411764705882355        131.40879089464394     
  -5.2941176470588234        4.9411764705882355        103.46472739796049     
  -4.9411764705882355        4.9411764705882355        80.698091256666828     
  -4.5882352941176467        4.9411764705882355        62.433890552562659     
  -4.2352941176470589        4.9411764705882355        48.043684534220269     
  -3.8823529411764706        4.9411764705882355        36.945583616984230     
  -3.5294117647058822        4.9411764705882355        28.604249382971659     
  -3.1764705882352939        4.9411764705882355        22.530894581072051     
  -2.8235294117647056        4.9411764705882355        18.283283126947328     
  -2.4705882352941173        4.9411764705882355        15.465730103031843     
  -2.1176470588235290        4.9411764705882355        13.729101758532394     
  -1.7647058823529411        4.9411764705882355        12.770815509428189     
  -1.4117647058823524        4.9411764705882355        12.334839938470875     
  -1.0588235294117645        4.9411764705882355        12.211694795184517     
 -0.70588235294117574        4.9411764705882355        12.238450995865623     
 -0.35294117647058787        4.9411764705882355        12.298730623583117     
   0.0000000000000000        4.9411764705882355        12.322706928178356     
  0.35294117647058876        4.9411764705882355        12.287104326265130     
  0.70588235294117663        4.9411764705882355        12.215198401229650     
   1.0588235294117654        4.9411764705882355        12.176815903230557     
   1.4117647058823533        4.9411764705882355        12.288334749198928     
   1.7647058823529420        4.9411764705882355        12.712684022838259     
   2.1176470588235308        4.9411764705882355        13.659343974624482     
   2.4705882352941178        4.9411764705882355        15.384346021805939     
   2.8235294117647065        4.9411764705882355        18.190272748403441     
   3.1764705882352953        4.9411764705882355        22.426257905210193     
   3.5294117647058822        4.9411764705882355        28.487986409791795     
   3.8823529411764710        4.9411764705882355        36.817694346486391     
   4.2352941176470598        4.9411764705882355        47.904168966404455     
   4.5882352941176485        4.9411764705882355        62.282748687428906     
   4.9411764705882355        4.9411764705882355        80.535323094215016     
   5.2941176470588243        4.9411764705882355        103.29033293819074     
   5.6470588235294130        4.9411764705882355        131.22277013755621     
   6.0000000000000000        4.9411764705882355        165.05417777728391     
  
  -6.0000000000000000        5.2941176470588243        167.08214131280198     
  -5.6470588235294121        5.2941176470588243        133.23869215085205     
  -5.2941176470588234        5.2941176470588243        105.29421342926437     
  -4.9411764705882355        5.2941176470588243        82.527162063066498     
  -4.5882352941176467        5.2941176470588243        64.262546134058113     
  -4.2352941176470589        5.2941176470588243        49.871924890811506     
  -3.8823529411764706        5.2941176470588243        38.773408748671265     
  -3.5294117647058822        5.2941176470588243        30.431659289754478     
  -3.1764705882352939        5.2941176470588243        24.357889262950653     
  -2.8235294117647056        5.2941176470588243        20.109862583921714     
  -2.4705882352941173        5.2941176470588243        17.291894335102022     
  -2.1176470588235290        5.2941176470588243        15.554850765698356     
  -1.7647058823529411        5.2941176470588243        14.596149291689938     
  -1.4117647058823524        5.2941176470588243        14.159758495828408     
  -1.0588235294117645        5.2941176470588243        14.036198127637839     
 -0.70588235294117574        5.2941176470588243        14.062539103414728     
 -0.35294117647058787        5.2941176470588243        14.122403506228009     
   0.0000000000000000        5.2941176470588243        14.145964585919035     
  0.35294117647058876        5.2941176470588243        14.109946759101595     
  0.70588235294117663        5.2941176470588243        14.037625609161900     
   1.0588235294117654        5.2941176470588243        13.998827886258596     
   1.4117647058823533        5.2941176470588243        14.109931507322750     
   1.7647058823529420        5.2941176470588243        14.533865556057869     
   2.1176470588235308        5.2941176470588243        15.480110282939878     
   2.4705882352941178        5.2941176470588243        17.204697105217125     
   2.8235294117647065        5.2941176470588243        20.010208606910407     
   3.1764705882352953        5.2941176470588243        24.245778538812946     
   3.5294117647058822        5.2941176470588243        30.307091818490335     
   3.8823529411764710        5.2941176470588243        38.636384530280715     
   4.2352941176470598        5.2941176470588243        49.722443925294563     
   4.5882352941176485        5.2941176470588243        64.100608421414805     
   4.9411764705882355        5.2941176470588243        82.352767603296698     
   5.2941176470588243        5.2941176470588243        105.10736222236822     
   5.6470588235294130        5.2941176470588243        133.03938419682947     
   6.0000000000000000        5.2941176470588243        166.87037661165294     
  
  -6.0000000000000000        5.6470588235294130        169.03819970134472     
  -5.6470588235294121        5.6470588235294130        135.19433531449056     
  -5.2941176470588234        5.6470588235294130        107.24944136799864     
  -4.9411764705882355        5.6470588235294130        84.481974776896550     
  -4.5882352941176467        5.6470588235294130        66.216943622983976     
  -4.2352941176470589        5.6470588235294130        51.825907154833146     
  -3.8823529411764706        5.6470588235294130        40.726975787788682     
  -3.5294117647058822        5.6470588235294130        32.384811103967685     
  -3.1764705882352939        5.6470588235294130        26.310625852259648     
  -2.8235294117647056        5.6470588235294130        22.062183948326492     
  -2.4705882352941173        5.6470588235294130        19.243800474602587     
  -2.1176470588235290        5.6470588235294130        17.506341680294710     
  -1.7647058823529411        5.6470588235294130        16.547224981382076     
  -1.4117647058823524        5.6470588235294130        16.110418960616332     
  -1.0588235294117645        5.6470588235294130        15.986443367521547     
 -0.70588235294117574        5.6470588235294130        16.012369118394226     
 -0.35294117647058787        5.6470588235294130        16.071818296303288     
   0.0000000000000000        5.6470588235294130        16.094964151090103     
  0.35294117647058876        5.6470588235294130        16.058531099368448     
  0.70588235294117663        5.6470588235294130        15.985794724524542     
   1.0588235294117654        5.6470588235294130        15.946581776717021     
   1.4117647058823533        5.6470588235294130        16.057270172876965     
   1.7647058823529420        5.6470588235294130        16.480788996707869     
   2.1176470588235308        5.6470588235294130        17.426618498685663     
   2.4705882352941178        5.6470588235294130        19.150790096058692     
   2.8235294117647065        5.6470588235294130        21.955886372847768     
   3.1764705882352953        5.6470588235294130        26.191041079846087     
   3.5294117647058822        5.6470588235294130        32.251939134619263     
   3.8823529411764710        5.6470588235294130        40.580816621505434     
   4.2352941176470598        5.6470588235294130        51.666460791615073     
   4.5882352941176485        5.6470588235294130        66.044210062831098     
   4.9411764705882355        5.6470588235294130        84.295954019808761     
   5.2941176470588243        5.6470588235294130        107.05013341397608     
   5.6470588235294130        5.6470588235294130        134.98174016353309     
   6.0000000000000000        5.6470588235294130        168.81231735345241     
  
  -6.0000000000000000        6.0000000000000000        171.11999999731779     
  -5.6470588235294121        6.0000000000000000        137.27572038555940     
  -5.2941176470588234        6.0000000000000000        109.33041121416331     
  -4.9411764705882355        6.0000000000000000        86.562529398156997     
  -4.5882352941176467        6.0000000000000000        68.297083019340207     
  -4.2352941176470589        6.0000000000000000        53.905631326285160     
  -3.8823529411764706        6.0000000000000000        42.806284734336487     
  -3.5294117647058822        6.0000000000000000        34.463704825611266     
  -3.1764705882352939        6.0000000000000000        28.389104348999023     
  -2.8235294117647056        6.0000000000000000        24.140247220161658     
  -2.4705882352941173        6.0000000000000000        21.321448521533533     
  -2.1176470588235290        6.0000000000000000        19.583574502321444     
  -1.7647058823529411        6.0000000000000000        18.624042578504596     
  -1.4117647058823524        6.0000000000000000        18.186821332834640     
  -1.0588235294117645        6.0000000000000000        18.062430514835643     
 -0.70588235294117574        6.0000000000000000        18.087941040804104     
 -0.35294117647058787        6.0000000000000000        18.146974993808954     
   0.0000000000000000        6.0000000000000000        18.169705623691556     
  0.35294117647058876        6.0000000000000000        18.132857347065684     
  0.70588235294117663        6.0000000000000000        18.059705747317562     
   1.0588235294117654        6.0000000000000000        18.020077574605832     
   1.4117647058823533        6.0000000000000000        18.130350745861559     
   1.7647058823529420        6.0000000000000000        18.553454344788250     
   2.1176470588235308        6.0000000000000000        19.498868621861831     
   2.4705882352941178        6.0000000000000000        21.222624994330648     
   2.8235294117647065        6.0000000000000000        24.027306046215507     
   3.1764705882352953        6.0000000000000000        28.262045528309617     
   3.5294117647058822        6.0000000000000000        34.322528358178573     
   3.8823529411764710        6.0000000000000000        42.650990620160535     
   4.2352941176470598        6.0000000000000000        53.736219565365957     
   4.5882352941176485        6.0000000000000000        68.113553611677759     
   4.9411764705882355        6.0000000000000000        86.364882343751233     
   5.2941176470588243        6.0000000000000000        109.11864651301433     
   5.6470588235294130        6.0000000000000000        137.04983803766712     
   6.0000000000000000        6.0000000000000000        170.88000000268221     
  
