 0.0000000E+00  0.1000000E+01  0.0000000E+00  0.1000000E+01
 0.1000000E-01  0.9901303E+00 -0.1351895E+00  0.9993169E+00
 0.2000000E-01  0.9607744E+00 -0.2673236E+00  0.9972710E+00
 0.3000000E-01  0.9126825E+00 -0.3934345E+00  0.9938712E+00
 0.4000000E-01  0.8470781E+00 -0.5107266E+00  0.9891325E+00
 0.5000000E-01  0.7656199E+00 -0.6166551E+00  0.9830755E+00
 0.6000000E-01  0.6703491E+00 -0.7089952E+00  0.9757264E+00
 0.7000000E-01  0.5636260E+00 -0.7859017E+00  0.9671172E+00
 0.8000000E-01  0.4480574E+00 -0.8459543E+00  0.9572847E+00
 0.9000000E-01  0.3264177E+00 -0.8881893E+00  0.9462710E+00
 0.1000000E+00  0.2015662E+00 -0.9121161E+00  0.9341224E+00
 0.1100000E+00  0.7636419E-01 -0.9177184E+00  0.9208900E+00
 0.1200000E+00 -0.4640574E-01 -0.9054403E+00  0.9066287E+00
 0.1300000E+00 -0.1641154E+00 -0.8761588E+00  0.8913967E+00
 0.1400000E+00 -0.2743590E+00 -0.8311436E+00  0.8752557E+00
 0.1500000E+00 -0.3750121E+00 -0.7720059E+00  0.8582699E+00
 0.1600000E+00 -0.4642786E+00 -0.7006395E+00  0.8405059E+00
 0.1700000E+00 -0.5407261E+00 -0.6191545E+00  0.8220322E+00
 0.1800000E+00 -0.6033080E+00 -0.5298090E+00  0.8029185E+00
 0.1900000E+00 -0.6513726E+00 -0.4349386E+00  0.7832356E+00
 0.2000000E+00 -0.6846597E+00 -0.3368878E+00  0.7630546E+00
 0.2100000E+00 -0.7032847E+00 -0.2379450E+00  0.7424467E+00
 0.2200000E+00 -0.7077134E+00 -0.1402830E+00  0.7214829E+00
 0.2300000E+00 -0.6987266E+00 -0.4590741E-01  0.7002330E+00
 0.2400000E+00 -0.6773779E+00  0.4338722E-01  0.6787660E+00
 0.2500000E+00 -0.6449462E+00  0.1260511E+00  0.6571487E+00
 0.2600000E+00 -0.6028850E+00  0.2008036E+00  0.6354466E+00
 0.2700000E+00 -0.5527700E+00  0.2666469E+00  0.6137225E+00
 0.2800000E+00 -0.4962474E+00  0.3228711E+00  0.5920366E+00
 0.2900000E+00 -0.4349846E+00  0.3690494E+00  0.5704463E+00
 0.3000000E+00 -0.3706238E+00  0.4050257E+00  0.5490062E+00
 0.3100000E+00 -0.3047414E+00  0.4308953E+00  0.5277671E+00
 0.3200000E+00 -0.2388123E+00  0.4469803E+00  0.5067767E+00
 0.3300000E+00 -0.1741811E+00  0.4537994E+00  0.4860792E+00
 0.3400000E+00 -0.1120393E+00  0.4520370E+00  0.4657148E+00
 0.3500000E+00 -0.5340993E-01  0.4425087E+00  0.4457203E+00
 0.3600000E+00  0.8620715E-03  0.4261279E+00  0.4261288E+00
 0.3700000E+00  0.5011293E-01  0.4038724E+00  0.4069695E+00
 0.3800000E+00  0.9385790E-01  0.3767531E+00  0.3882682E+00
 0.3900000E+00  0.1317843E+00  0.3457857E+00  0.3700471E+00
 0.4000000E+00  0.1637408E+00  0.3119644E+00  0.3523249E+00
 0.4100000E+00  0.1897227E+00  0.2762404E+00  0.3351171E+00
 0.4200000E+00  0.2098565E+00  0.2395032E+00  0.3184361E+00
 0.4300000E+00  0.2243810E+00  0.2025665E+00  0.3022912E+00
 0.4400000E+00  0.2336292E+00  0.1661570E+00  0.2866893E+00
 0.4500000E+00  0.2380092E+00  0.1309078E+00  0.2716343E+00
 0.4600000E+00  0.2379853E+00  0.9735431E-01  0.2571281E+00
 0.4700000E+00  0.2340611E+00  0.6593363E-01  0.2431704E+00
 0.4800000E+00  0.2267623E+00  0.3698606E-01  0.2297588E+00
 0.4900000E+00  0.2166224E+00  0.1075923E-01  0.2168894E+00
 0.5000000E+00  0.2041691E+00 -0.1258614E-01  0.2045567E+00
 0.5100000E+00  0.1899133E+00 -0.3296911E-01  0.1927538E+00
 0.5200000E+00  0.1743392E+00 -0.5038034E-01  0.1814727E+00
 0.5300000E+00  0.1578969E+00 -0.6487314E-01  0.1707042E+00
 0.5400000E+00  0.1409964E+00 -0.7655429E-01  0.1604386E+00
 0.5500000E+00  0.1240037E+00 -0.8557459E-01  0.1506649E+00
 0.5600000E+00  0.1072379E+00 -0.9211968E-01  0.1413719E+00
 0.5700000E+00  0.9097061E-01 -0.9640115E-01  0.1325475E+00
 0.5800000E+00  0.7542557E-01 -0.9864811E-01  0.1241792E+00
 0.5900000E+00  0.6078050E-01 -0.9909956E-01  0.1162540E+00
 0.6000000E+00  0.4716926E-01 -0.9799735E-01  0.1087585E+00
 0.6100000E+00  0.3468501E-01 -0.9558018E-01  0.1016790E+00
 0.6200000E+00  0.2338399E-01 -0.9207836E-01  0.9500123E-01
 0.6300000E+00  0.1328970E-01 -0.8770960E-01  0.8871071E-01
 0.6400000E+00  0.4397440E-02 -0.8267573E-01  0.8279259E-01
 0.6500000E+00 -0.3321139E-02 -0.7716031E-01  0.7723175E-01
 0.6600000E+00 -0.9913426E-02 -0.7132715E-01  0.7201277E-01
 0.6700000E+00 -0.1544147E-01 -0.6531964E-01  0.6712000E-01
 0.6800000E+00 -0.1997790E-01 -0.5926077E-01  0.6253763E-01
 0.6900000E+00 -0.2360215E-01 -0.5325380E-01  0.5824971E-01
 0.7000000E+00 -0.2639730E-01 -0.4738339E-01  0.5424024E-01
 0.7100000E+00 -0.2844725E-01 -0.4171719E-01  0.5049327E-01
 0.7200000E+00 -0.2983458E-01 -0.3630757E-01  0.4699300E-01
 0.7300000E+00 -0.3063884E-01 -0.3119357E-01  0.4372388E-01
 0.7400000E+00 -0.3093539E-01 -0.2640286E-01  0.4067074E-01
 0.7500000E+00 -0.3079465E-01 -0.2195359E-01  0.3781892E-01
 0.7600000E+00 -0.3028178E-01 -0.1785613E-01  0.3515434E-01
 0.7700000E+00 -0.2945666E-01 -0.1411458E-01  0.3266368E-01
 0.7800000E+00 -0.2837406E-01 -0.1072803E-01  0.3033443E-01
 0.7900000E+00 -0.2708399E-01 -0.7691580E-02  0.2815498E-01
 0.8000000E+00 -0.2563214E-01 -0.4997099E-02  0.2611470E-01
 0.8100000E+00 -0.2406023E-01 -0.2633764E-02  0.2420395E-01
 0.8200000E+00 -0.2240638E-01 -0.5884066E-03  0.2241411E-01
 0.8300000E+00 -0.2070540E-01  0.1154260E-02  0.2073755E-01
 0.8400000E+00 -0.1898887E-01  0.2611508E-02  0.1916761E-01
 0.8500000E+00 -0.1728523E-01  0.3802479E-02  0.1769853E-01
 0.8600000E+00 -0.1561965E-01  0.4748048E-02  0.1632537E-01
 0.8700000E+00 -0.1401396E-01  0.5470627E-02  0.1504390E-01
 0.8800000E+00 -0.1248638E-01  0.5993883E-02  0.1385050E-01
 0.8900000E+00 -0.1105142E-01  0.6342354E-02  0.1274203E-01
 0.9000000E+00 -0.9719702E-02  0.6540970E-02  0.1171567E-01
 0.9100000E+00 -0.8497954E-02  0.6614502E-02  0.1076879E-01
 0.9200000E+00 -0.7389070E-02  0.6586951E-02  0.9898802E-02
 0.9300000E+00 -0.6392325E-02  0.6480938E-02  0.9102987E-02
 0.9400000E+00 -0.5503737E-02  0.6317114E-02  0.8378368E-02
 0.9500000E+00 -0.4716553E-02  0.6113651E-02  0.7721567E-02
 0.9600000E+00 -0.4021863E-02  0.5885844E-02  0.7128712E-02
 0.9700000E+00 -0.3409282E-02  0.5645860E-02  0.6595373E-02
 0.9800000E+00 -0.2867686E-02  0.5402654E-02  0.6116559E-02
 0.9900000E+00 -0.2385938E-02  0.5162056E-02  0.5686785E-02
 0.1000000E+01 -0.1953565E-02  0.4927034E-02  0.5300196E-02
 0.1010000E+01 -0.1561335E-02  0.4698106E-02  0.4950754E-02
 0.1020000E+01 -0.1201706E-02  0.4473874E-02  0.4632456E-02
 0.1030000E+01 -0.8691140E-03  0.4251637E-02  0.4339560E-02
 0.1040000E+01 -0.5600803E-03  0.4028043E-02  0.4066795E-02
 0.1050000E+01 -0.2731488E-03  0.3799718E-02  0.3809523E-02
 0.1060000E+01 -0.8654480E-05  0.3563846E-02  0.3563857E-02
 0.1070000E+01  0.2316465E-03  0.3318634E-02  0.3326709E-02
 0.1080000E+01  0.4450505E-03  0.3063646E-02  0.3095803E-02
 0.1090000E+01  0.6284407E-03  0.2799982E-02  0.2869640E-02
 0.1100000E+01  0.7788352E-03  0.2530284E-02  0.2647437E-02
 0.1110000E+01  0.8939010E-03  0.2258590E-02  0.2429051E-02
 0.1120000E+01  0.9723907E-03  0.1990037E-02  0.2214902E-02
 0.1130000E+01  0.1014466E-02  0.1730459E-02  0.2005898E-02
 0.1140000E+01  0.1021879E-02  0.1485905E-02  0.1803372E-02
 0.1150000E+01  0.9980085E-03  0.1262134E-02  0.1609038E-02
 0.1160000E+01  0.9477289E-03  0.1064121E-02  0.1424972E-02
 0.1170000E+01  0.8771506E-03  0.8956224E-03  0.1253608E-02
 0.1180000E+01  0.7932358E-03  0.7588407E-03  0.1097753E-02
 0.1190000E+01  0.7033339E-03  0.6542170E-03  0.9605615E-03
 0.1200000E+01  0.6146733E-03  0.5803655E-03  0.8453682E-03
 0.1210000E+01  0.5338554E-03  0.5341602E-03  0.7552011E-03
 0.1220000E+01  0.4663926E-03  0.5109641E-03  0.6918138E-03
 0.1230000E+01  0.4163312E-03  0.5049823E-03  0.6544760E-03
 0.1240000E+01  0.3859895E-03  0.5097087E-03  0.6393675E-03
 0.1250000E+01  0.3758339E-03  0.5184296E-03  0.6403283E-03
 0.1260000E+01  0.3845034E-03  0.5247415E-03  0.6505356E-03
 0.1270000E+01  0.4089793E-03  0.5230405E-03  0.6639544E-03
 0.1280000E+01  0.4448860E-03  0.5089427E-03  0.6759780E-03
 0.1290000E+01  0.4868975E-03  0.4796009E-03  0.6834370E-03
 0.1300000E+01  0.5292153E-03  0.4338931E-03  0.6843479E-03
 0.1310000E+01  0.5660780E-03  0.3724666E-03  0.6776251E-03
 0.1320000E+01  0.5922598E-03  0.2976367E-03  0.6628418E-03
 0.1330000E+01  0.6035170E-03  0.2131484E-03  0.6400508E-03
 0.1340000E+01  0.5969470E-03  0.1238229E-03  0.6096539E-03
 0.1350000E+01  0.5712288E-03  0.3511854E-04  0.5723073E-03
 0.1360000E+01  0.5267281E-03 -0.4735546E-04  0.5288526E-03
 0.1370000E+01  0.4654586E-03 -0.1183329E-03  0.4802649E-03
 0.1380000E+01  0.3909043E-03 -0.1733495E-03  0.4276169E-03
 0.1390000E+01  0.3077193E-03 -0.2091303E-03  0.3720573E-03
 0.1400000E+01  0.2213308E-03 -0.2238720E-03  0.3148110E-03
 0.1410000E+01  0.1374799E-03 -0.2173997E-03  0.2572224E-03
 0.1420000E+01  0.6173934E-04 -0.1911845E-03  0.2009061E-03
 0.1430000E+01 -0.9522614E-06 -0.1482223E-03  0.1482254E-03
 0.1440000E+01 -0.4669940E-04 -0.9278514E-04  0.1038745E-03
 0.1450000E+01 -0.7296925E-04 -0.3006719E-04  0.7892115E-04
 0.1460000E+01 -0.7879540E-04  0.3424477E-04  0.8591519E-04
 0.1470000E+01 -0.6484962E-04  0.9443925E-04  0.1145611E-03
 0.1480000E+01 -0.3337693E-04  0.1452473E-03  0.1490329E-03
 0.1490000E+01  0.1199960E-04  0.1822703E-03  0.1826648E-03
 0.1500000E+01  0.6658719E-04  0.2023319E-03  0.2130072E-03
 0.1510000E+01  0.1250179E-03  0.2037279E-03  0.2390283E-03
 0.1520000E+01  0.1816966E-03  0.1863506E-03  0.2602695E-03
 0.1530000E+01  0.2312635E-03  0.1516818E-03  0.2765685E-03
 0.1540000E+01  0.2690346E-03  0.1026534E-03  0.2879537E-03
 0.1550000E+01  0.2913821E-03  0.4339031E-04  0.2945950E-03
 0.1560000E+01  0.2960242E-03 -0.2114410E-04  0.2967784E-03
 0.1570000E+01  0.2822023E-03 -0.8556803E-04  0.2948898E-03
 0.1580000E+01  0.2507292E-03 -0.1445327E-03  0.2894043E-03
 0.1590000E+01  0.2039090E-03 -0.1931675E-03  0.2808782E-03
 0.1600000E+01  0.1453325E-03 -0.2274812E-03  0.2699430E-03
 0.1610000E+01  0.7956928E-04 -0.2446882E-03  0.2573006E-03
 0.1620000E+01  0.1178042E-04 -0.2434318E-03  0.2437167E-03
 0.1630000E+01 -0.5271429E-04 -0.2238880E-03  0.2300101E-03
 0.1640000E+01 -0.1088793E-03 -0.1877413E-03  0.2170288E-03
 0.1650000E+01 -0.1523792E-03 -0.1380365E-03  0.2056052E-03
 0.1660000E+01 -0.1799344E-03 -0.7891856E-04  0.1964804E-03
 0.1670000E+01 -0.1895866E-03 -0.1528402E-04  0.1902017E-03
 0.1680000E+01 -0.1808536E-03  0.4762841E-04  0.1870200E-03
 0.1690000E+01 -0.1547611E-03  0.1046722E-03  0.1868349E-03
 0.1700000E+01 -0.1137501E-03  0.1512172E-03  0.1892240E-03
 0.1710000E+01 -0.6146719E-04  0.1835290E-03  0.1935488E-03
 0.1720000E+01 -0.2457418E-05  0.1990719E-03  0.1990871E-03
 0.1730000E+01  0.5821584E-04  0.1967109E-03  0.2051445E-03
 0.1740000E+01  0.1153915E-03  0.1767973E-03  0.2111219E-03
 0.1750000E+01  0.1642370E-03  0.1411312E-03  0.2165452E-03
 0.1760000E+01  0.2006456E-03  0.9280419E-04  0.2210684E-03
 0.1770000E+01  0.2215705E-03  0.3593659E-04  0.2244659E-03
 0.1780000E+01  0.2252713E-03 -0.2466914E-04  0.2266180E-03
 0.1790000E+01  0.2114494E-03 -0.8392935E-04  0.2274972E-03
 0.1800000E+01  0.1812650E-03 -0.1369013E-03  0.2271541E-03
 0.1810000E+01  0.1372326E-03 -0.1791916E-03  0.2257043E-03
 0.1820000E+01  0.8300501E-04 -0.2073168E-03  0.2233161E-03
 0.1830000E+01  0.2306514E-04 -0.2189870E-03  0.2201983E-03
 0.1840000E+01 -0.3765055E-04 -0.2132896E-03  0.2165872E-03
 0.1850000E+01 -0.9416340E-04 -0.1907572E-03  0.2127324E-03
 0.1860000E+01 -0.1418656E-03 -0.1533167E-03  0.2088824E-03
 0.1870000E+01 -0.1769006E-03 -0.1041217E-03  0.2052685E-03
 0.1880000E+01 -0.1964790E-03 -0.4728530E-04  0.2020889E-03
 0.1890000E+01 -0.1991049E-03  0.1246581E-04  0.1994948E-03
 0.1900000E+01 -0.1846935E-03  0.7018658E-04  0.1975800E-03
 0.1910000E+01 -0.1545712E-03  0.1211248E-03  0.1963758E-03
 0.1920000E+01 -0.1113592E-03  0.1611141E-03  0.1958535E-03
 0.1930000E+01 -0.5874912E-04  0.1869170E-03  0.1959322E-03
 0.1940000E+01 -0.1192563E-05  0.1964887E-03  0.1964923E-03
 0.1950000E+01  0.5647236E-04  0.1891410E-03  0.1973916E-03
 0.1960000E+01  0.1094238E-03  0.1655930E-03  0.1984808E-03
 0.1970000E+01  0.1532559E-03  0.1279046E-03  0.1996170E-03
 0.1980000E+01  0.1843422E-03  0.7929948E-04  0.2006750E-03
 0.1990000E+01  0.2001327E-03  0.2389232E-04  0.2015538E-03
 0.2000000E+01  0.1993603E-03 -0.3365633E-04  0.2021813E-03
 0.2010000E+01  0.1821397E-03 -0.8852896E-04  0.2025149E-03
 0.2020000E+01  0.1499524E-03 -0.1361511E-03  0.2025409E-03
 0.2030000E+01  0.1055170E-03 -0.1725694E-03  0.2022722E-03
 0.2040000E+01  0.5255938E-04 -0.1947765E-03  0.2017433E-03
 0.2050000E+01 -0.4500354E-05 -0.2009562E-03  0.2010066E-03
 0.2060000E+01 -0.6091701E-04 -0.1906294E-03  0.2001260E-03
 0.2070000E+01 -0.1120144E-03 -0.1646880E-03  0.1991716E-03
 0.2080000E+01 -0.1535722E-03 -0.1253163E-03  0.1982135E-03
 0.2090000E+01 -0.1821736E-03 -0.7580548E-04  0.1973162E-03
 0.2100000E+01 -0.1954854E-03 -0.2027691E-04  0.1965342E-03
 0.2110000E+01 -0.1924472E-03  0.3666119E-04  0.1959080E-03
 0.2120000E+01 -0.1733546E-03  0.9029667E-04  0.1954618E-03
 0.2130000E+01 -0.1398311E-03  0.1362033E-03  0.1952027E-03
 0.2140000E+01 -0.9468934E-04  0.1706060E-03  0.1951217E-03
 0.2150000E+01 -0.4169525E-04  0.1906905E-03  0.1951957E-03
 0.2160000E+01  0.1474580E-04  0.1948336E-03  0.1953908E-03
 0.2170000E+01  0.6995472E-04  0.1827334E-03  0.1956660E-03
 0.2180000E+01  0.1193660E-03  0.1554314E-03  0.1959774E-03
 0.2190000E+01  0.1589044E-03  0.1152221E-03  0.1962823E-03
 0.2200000E+01  0.1853202E-03  0.6546100E-04  0.1965419E-03
 0.2210000E+01  0.1964557E-03  0.1028444E-04  0.1967247E-03
 0.2220000E+01  0.1914204E-03 -0.4573372E-04  0.1968079E-03
 0.2230000E+01  0.1706615E-03 -0.9796092E-04  0.1967783E-03
 0.2240000E+01  0.1359239E-03 -0.1420885E-03  0.1966328E-03
 0.2250000E+01  0.9010287E-04 -0.1744867E-03  0.1963775E-03
 0.2260000E+01  0.3700217E-04 -0.1925027E-03  0.1960267E-03
 0.2270000E+01 -0.1898214E-04 -0.1946777E-03  0.1956009E-03
 0.2280000E+01 -0.7322618E-04 -0.1808637E-03  0.1951249E-03
 0.2290000E+01 -0.1212606E-03 -0.1522333E-03  0.1946256E-03
 0.2300000E+01 -0.1591395E-03 -0.1111794E-03  0.1941294E-03
 0.2310000E+01 -0.1837646E-03 -0.6111414E-04  0.1936604E-03
 0.2320000E+01 -0.1931393E-03 -0.6184843E-05  0.1932383E-03
 0.2330000E+01 -0.1865304E-03  0.4907052E-04  0.1928769E-03
 0.2340000E+01 -0.1645254E-03  0.1000992E-03  0.1925837E-03
 0.2350000E+01 -0.1289803E-03  0.1427096E-03  0.1923589E-03
 0.2360000E+01 -0.8286244E-04  0.1734166E-03  0.1921965E-03
 0.2370000E+01 -0.3000255E-04  0.1897268E-03  0.1920844E-03
 0.2380000E+01  0.2522442E-04  0.1903419E-03  0.1920060E-03
 0.2390000E+01  0.7826209E-04  0.1752618E-03  0.1919418E-03
 0.2400000E+01  0.1247494E-03  0.1457806E-03  0.1918708E-03
 0.2410000E+01  0.1608801E-03  0.1043752E-03  0.1917722E-03
 0.2420000E+01  0.1837146E-03  0.5449749E-04  0.1916273E-03
 0.2430000E+01  0.1914202E-03  0.2853324E-06  0.1914204E-03
 0.2440000E+01  0.1834179E-03 -0.5378077E-04  0.1911400E-03
 0.2450000E+01  0.1604258E-03 -0.1032488E-03  0.1907793E-03
 0.2460000E+01  0.1243951E-03 -0.1440623E-03  0.1903368E-03
 0.2470000E+01  0.7834477E-04 -0.1728936E-03  0.1898159E-03
 0.2480000E+01  0.2610855E-04 -0.1874153E-03  0.1892252E-03
 0.2490000E+01 -0.2798434E-04 -0.1864889E-03  0.1885769E-03
 0.2500000E+01 -0.7946776E-04 -0.1702538E-03  0.1878869E-03
 0.2510000E+01 -0.1241074E-03 -0.1401112E-03  0.1871732E-03
 0.2520000E+01 -0.1582490E-03 -0.9860451E-04  0.1864553E-03
 0.2530000E+01 -0.1791172E-03 -0.4920481E-04  0.1857527E-03
 0.2540000E+01 -0.1850412E-03  0.3977709E-05  0.1850840E-03
 0.2550000E+01 -0.1755889E-03  0.5653485E-04  0.1844659E-03
 0.2560000E+01 -0.1515980E-03  0.1041245E-03  0.1839126E-03
 0.2570000E+01 -0.1151031E-03  0.1428278E-03  0.1834353E-03
 0.2580000E+01 -0.6916469E-04  0.1694710E-03  0.1830415E-03
 0.2590000E+01 -0.1761383E-04  0.1818843E-03  0.1827352E-03
 0.2600000E+01  0.3526507E-04  0.1790778E-03  0.1825171E-03
 0.2610000E+01  0.8508827E-04  0.1613200E-03  0.1823846E-03
 0.2620000E+01  0.1277337E-03  0.1301128E-03  0.1823328E-03
 0.2630000E+01  0.1596799E-03  0.8806506E-04  0.1823544E-03
 0.2640000E+01  0.1782942E-03  0.3867569E-04  0.1824407E-03
 0.2650000E+01  0.1820481E-03 -0.1395584E-04  0.1825822E-03
 0.2660000E+01  0.1706413E-03 -0.6546782E-04  0.1827689E-03
 0.2670000E+01  0.1450245E-03 -0.1115956E-03  0.1829910E-03
 0.2680000E+01  0.1073199E-03 -0.1485224E-03  0.1832388E-03
 0.2690000E+01  0.6064491E-04 -0.1731929E-03  0.1835037E-03
 0.2700000E+01  0.8855449E-05 -0.1835639E-03  0.1837774E-03
 0.2710000E+01 -0.4377237E-04 -0.1787717E-03  0.1840526E-03
 0.2720000E+01 -0.9289404E-04 -0.1592029E-03  0.1843227E-03
 0.2730000E+01 -0.1344542E-03 -0.1264616E-03  0.1845819E-03
 0.2740000E+01 -0.1650203E-03 -0.8323761E-04  0.1848248E-03
 0.2750000E+01 -0.1820649E-03 -0.3308461E-04  0.1850465E-03
 0.2760000E+01 -0.1841738E-03  0.1987208E-04  0.1852428E-03
 0.2770000E+01 -0.1711624E-03  0.7127499E-04  0.1854095E-03
 0.2780000E+01 -0.1440910E-03  0.1168931E-03  0.1855431E-03
 0.2790000E+01 -0.1051784E-03  0.1529702E-03  0.1856405E-03
 0.2800000E+01 -0.5761888E-04  0.1765341E-03  0.1856993E-03
 0.2810000E+01 -0.5320107E-05  0.1856416E-03  0.1857178E-03
 0.2820000E+01  0.4741842E-04  0.1795390E-03  0.1856953E-03
 0.2830000E+01  0.9625920E-04  0.1587247E-03  0.1856323E-03
 0.2840000E+01  0.1371839E-03  0.1249088E-03  0.1855306E-03
 0.2850000E+01  0.1668243E-03  0.8087264E-04  0.1853934E-03
 0.2860000E+01  0.1827402E-03  0.3024074E-04  0.1852255E-03
 0.2870000E+01  0.1836207E-03 -0.2281755E-04  0.1850330E-03
 0.2880000E+01  0.1693932E-03 -0.7393093E-04  0.1848238E-03
 0.2890000E+01  0.1412297E-03 -0.1188861E-03  0.1846070E-03
 0.2900000E+01  0.1014515E-03 -0.1539748E-03  0.1843926E-03
 0.2910000E+01  0.5333842E-04 -0.1762996E-03  0.1841916E-03
 0.2920000E+01  0.8600698E-06 -0.1840132E-03  0.1840152E-03
 0.2930000E+01 -0.5165103E-04 -0.1764712E-03  0.1838747E-03
 0.2940000E+01 -0.9985552E-04 -0.1542864E-03  0.1837809E-03
 0.2950000E+01 -0.1397644E-03 -0.1192794E-03  0.1837435E-03
 0.2960000E+01 -0.1680679E-03 -0.7433027E-04  0.1837711E-03
 0.2970000E+01 -0.1824081E-03 -0.2314264E-04  0.1838703E-03
 0.2980000E+01 -0.1815746E-03  0.3005987E-04  0.1840460E-03
 0.2990000E+01 -0.1656053E-03  0.8088015E-04  0.1843006E-03
 0.3000000E+01 -0.1357855E-03  0.1251088E-03  0.1846346E-03
 0.3010000E+01 -0.9454404E-04  0.1590704E-03  0.1850458E-03
 0.3020000E+01 -0.4525595E-04  0.1799262E-03  0.1855304E-03
 0.3030000E+01  0.8032551E-05  0.1859088E-03  0.1860823E-03
 0.3040000E+01  0.6093482E-04  0.1764699E-03  0.1866941E-03
 0.3050000E+01  0.1090828E-03  0.1523275E-03  0.1873572E-03
 0.3060000E+01  0.1484851E-03  0.1154104E-03  0.1880621E-03
 0.3070000E+01  0.1758550E-03  0.6870358E-04  0.1887992E-03
 0.3080000E+01  0.1888818E-03  0.1600652E-04  0.1895588E-03
 0.3090000E+01  0.1864227E-03 -0.3837534E-04  0.1903316E-03
 0.3100000E+01  0.1686002E-03 -0.8998121E-04  0.1911090E-03
 0.3110000E+01  0.1367959E-03 -0.1345591E-03  0.1918835E-03
 0.3120000E+01  0.9354267E-04 -0.1684143E-03  0.1926489E-03
 0.3130000E+01  0.4232126E-04 -0.1887127E-03  0.1934000E-03
 0.3140000E+01 -0.1271977E-04 -0.1937162E-03  0.1941333E-03
 0.3150000E+01 -0.6710021E-04 -0.1829281E-03  0.1948464E-03
 0.3160000E+01 -0.1163722E-03 -0.1571394E-03  0.1955384E-03
 0.3170000E+01 -0.1564830E-03 -0.1183690E-03  0.1962094E-03
 0.3180000E+01 -0.1841070E-03 -0.6970490E-04  0.1968607E-03
 0.3190000E+01 -0.1969196E-03 -0.1505728E-04  0.1974944E-03
 0.3200000E+01 -0.1937913E-03  0.4115636E-04  0.1981134E-03
 0.3210000E+01 -0.1748845E-03  0.9436830E-04  0.1987208E-03
 0.3220000E+01 -0.1416468E-03  0.1402315E-03  0.1993205E-03
 0.3230000E+01 -0.9669844E-04  0.1749741E-03  0.1999163E-03
 0.3240000E+01 -0.4362553E-04  0.1957086E-03  0.2005119E-03
 0.3250000E+01  0.1330734E-04  0.2006704E-03  0.2011112E-03
 0.3260000E+01  0.6950002E-04  0.1893667E-03  0.2017176E-03
 0.3270000E+01  0.1203886E-03  0.1626216E-03  0.2023344E-03
 0.3280000E+01  0.1618160E-03  0.1225160E-03  0.2029644E-03
 0.3290000E+01  0.1903702E-03  0.7222398E-04  0.2036102E-03
 0.3300000E+01  0.2036647E-03  0.1576103E-04  0.2042737E-03
 0.3310000E+01  0.2005359E-03 -0.4233776E-04  0.2049565E-03
 0.3320000E+01  0.1811426E-03 -0.9738224E-04  0.2056597E-03
 0.3330000E+01  0.1469584E-03 -0.1449057E-03  0.2063842E-03
 0.3340000E+01  0.1006588E-03 -0.1810268E-03  0.2071302E-03
 0.3350000E+01  0.4590939E-04 -0.2027651E-03  0.2078975E-03
 0.3360000E+01 -0.1292553E-04 -0.2082849E-03  0.2086856E-03
 0.3370000E+01 -0.7113204E-04 -0.1970478E-03  0.2094937E-03
 0.3380000E+01 -0.1240247E-03 -0.1698603E-03  0.2103204E-03
 0.3390000E+01 -0.1673235E-03 -0.1288143E-03  0.2111641E-03
 0.3400000E+01 -0.1974988E-03 -0.7712306E-04  0.2120230E-03
 0.3410000E+01 -0.2120571E-03 -0.1886733E-04  0.2128948E-03
 0.3420000E+01 -0.2097440E-03  0.4132897E-04  0.2137771E-03
 0.3430000E+01 -0.1906485E-03  0.9866706E-04  0.2146673E-03
 0.3440000E+01 -0.1561994E-03  0.1485563E-03  0.2155626E-03
 0.3450000E+01 -0.1090553E-03  0.1869812E-03  0.2164602E-03
 0.3460000E+01 -0.5289558E-04  0.2108226E-03  0.2173571E-03
 0.3470000E+01  0.7869565E-05  0.2181087E-03  0.2182506E-03
 0.3480000E+01  0.6844812E-04  0.2081736E-03  0.2191378E-03
 0.3490000E+01  0.1240455E-03  0.1817134E-03  0.2200160E-03
 0.3500000E+01  0.1702445E-03  0.1407340E-03  0.2208828E-03
 0.3510000E+01  0.2033551E-03  0.8839424E-04  0.2217359E-03
 0.3520000E+01  0.2207074E-03  0.2875903E-04  0.2225732E-03
 0.3530000E+01  0.2208637E-03 -0.3352005E-04  0.2233929E-03
 0.3540000E+01  0.2037334E-03 -0.9357006E-04  0.2241934E-03
 0.3550000E+01  0.1705818E-03 -0.1466794E-03  0.2249733E-03
 0.3560000E+01  0.1239322E-03 -0.1886678E-03  0.2257316E-03
 0.3570000E+01  0.6736984E-04 -0.2162145E-03  0.2264672E-03
 0.3580000E+01  0.5261606E-05 -0.2271184E-03  0.2271793E-03
 0.3590000E+01 -0.5758413E-04 -0.2204711E-03  0.2278672E-03
 0.3600000E+01 -0.1162926E-03 -0.1967283E-03  0.2285301E-03
 0.3610000E+01 -0.1663023E-03 -0.1576745E-03  0.2291674E-03
 0.3620000E+01 -0.2037198E-03 -0.1062841E-03  0.2297783E-03
 0.3630000E+01 -0.2256218E-03 -0.4649101E-04  0.2303619E-03
 0.3640000E+01 -0.2302821E-03  0.1711771E-04  0.2309174E-03
 0.3650000E+01 -0.2173037E-03  0.7965680E-04  0.2314435E-03
 0.3660000E+01 -0.1876494E-03  0.1363212E-03  0.2319391E-03
 0.3670000E+01 -0.1435652E-03  0.1827568E-03  0.2324027E-03
 0.3680000E+01 -0.8840580E-04  0.2153961E-03  0.2328327E-03
 0.3690000E+01 -0.2637414E-04  0.2317314E-03  0.2332275E-03
 0.3700000E+01  0.3780343E-04  0.2305056E-03  0.2335850E-03
 0.3710000E+01  0.9924150E-04  0.2118062E-03  0.2339033E-03
 0.3720000E+01  0.1532709E-03  0.1770549E-03  0.2341803E-03
 0.3730000E+01  0.1957956E-03  0.1288948E-03  0.2344137E-03
 0.3740000E+01  0.2236048E-03  0.7098398E-04  0.2346014E-03
 0.3750000E+01  0.2346142E-03  0.7712114E-05  0.2347410E-03
 0.3760000E+01  0.2280213E-03 -0.5613761E-04  0.2348300E-03
 0.3770000E+01  0.2043598E-03 -0.1157549E-03  0.2348662E-03
 0.3780000E+01  0.1654529E-03 -0.1666688E-03  0.2348471E-03
 0.3790000E+01  0.1142670E-03 -0.2050854E-03  0.2347700E-03
 0.3800000E+01  0.5467999E-04 -0.2281723E-03  0.2346327E-03
 0.3810000E+01 -0.8818752E-05 -0.2342664E-03  0.2344323E-03
 0.3820000E+01 -0.7147280E-04 -0.2229922E-03  0.2341663E-03
 0.3830000E+01 -0.1286201E-03 -0.1952800E-03  0.2338320E-03
 0.3840000E+01 -0.1760442E-03 -0.1532854E-03  0.2334266E-03
 0.3850000E+01 -0.2102885E-03 -0.1002157E-03  0.2329473E-03
 0.3860000E+01 -0.2289089E-03 -0.4007924E-04  0.2323912E-03
 0.3870000E+01 -0.2306484E-03  0.2262423E-04  0.2317554E-03
 0.3880000E+01 -0.2155184E-03  0.8324616E-04  0.2310370E-03
 0.3890000E+01 -0.1847844E-03  0.1373394E-03  0.2302333E-03
 0.3900000E+01 -0.1408566E-03  0.1809888E-03  0.2293415E-03
 0.3910000E+01 -0.8709605E-04  0.2110974E-03  0.2283590E-03
 0.3920000E+01 -0.2755141E-04  0.2256073E-03  0.2272834E-03
 0.3930000E+01  0.3335173E-04  0.2236393E-03  0.2261125E-03
 0.3940000E+01  0.9114578E-04  0.2055420E-03  0.2248446E-03
 0.3950000E+01  0.1416540E-03  0.1728485E-03  0.2234780E-03
 0.3960000E+01  0.1812962E-03  0.1281443E-03  0.2220119E-03
 0.3970000E+01  0.2073458E-03  0.7485974E-04  0.2204456E-03
 0.3980000E+01  0.2181173E-03  0.1700183E-04  0.2187790E-03
 0.3990000E+01  0.2130750E-03 -0.4115206E-04  0.2170125E-03
 0.4000000E+01  0.1928521E-03 -0.9537532E-04  0.2151473E-03
 0.4010000E+01  0.1591838E-03 -0.1418038E-03  0.2131849E-03
 0.4020000E+01  0.1147590E-03 -0.1772148E-03  0.2111273E-03
 0.4030000E+01  0.6300391E-04 -0.1992535E-03  0.2089772E-03
 0.4040000E+01  0.7814914E-05 -0.2065900E-03  0.2067378E-03
 0.4050000E+01 -0.4673838E-04 -0.1989975E-03  0.2044125E-03
 0.4060000E+01 -0.9671709E-04 -0.1773472E-03  0.2020055E-03
 0.4070000E+01 -0.1386013E-03 -0.1435212E-03  0.1995210E-03
 0.4080000E+01 -0.1695410E-03 -0.1002522E-03  0.1969636E-03
 0.4090000E+01 -0.1875529E-03 -0.5090343E-04  0.1943380E-03
 0.4100000E+01 -0.1916474E-03  0.7939188E-06  0.1916491E-03
 0.4110000E+01 -0.1818799E-03  0.5102502E-04  0.1889017E-03
 0.4120000E+01 -0.1593226E-03  0.9617580E-04  0.1861007E-03
 0.4130000E+01 -0.1259613E-03  0.1330962E-03  0.1832507E-03
 0.4140000E+01 -0.8452636E-04  0.1593227E-03  0.1803564E-03
 0.4150000E+01 -0.3827156E-04  0.1732448E-03  0.1774218E-03
 0.4160000E+01  0.9280942E-05  0.1742039E-03  0.1744510E-03
 0.4170000E+01  0.5460988E-04  0.1625178E-03  0.1714476E-03
 0.4180000E+01  0.9445770E-04  0.1394321E-03  0.1684149E-03
 0.4190000E+01  0.1260672E-03  0.1070028E-03  0.1653558E-03
 0.4200000E+01  0.1473748E-03  0.6792028E-04  0.1622729E-03
 0.4210000E+01  0.1571465E-03  0.2529035E-04  0.1591685E-03
 0.4220000E+01  0.1550477E-03 -0.1761105E-04  0.1560447E-03
 0.4230000E+01  0.1416432E-03 -0.5758960E-04  0.1529031E-03
 0.4240000E+01  0.1183289E-03 -0.9177163E-04  0.1497456E-03
 0.4250000E+01  0.8720140E-04 -0.1178125E-03  0.1465737E-03
 0.4260000E+01  0.5087897E-04 -0.1340589E-03  0.1433892E-03
 0.4270000E+01  0.1228606E-04 -0.1396545E-03  0.1401939E-03
 0.4280000E+01 -0.2557891E-04 -0.1345808E-03  0.1369900E-03
 0.4290000E+01 -0.5987529E-04 -0.1196330E-03  0.1337801E-03
 0.4300000E+01 -0.8813332E-04 -0.9633439E-04  0.1305672E-03
 0.4310000E+01 -0.1084327E-03 -0.6679606E-04  0.1273553E-03
 0.4320000E+01 -0.1195337E-03 -0.3353587E-04  0.1241489E-03
 0.4330000E+01 -0.1209515E-03  0.7292059E-06  0.1209537E-03
 0.4340000E+01 -0.1129706E-03  0.3330022E-04  0.1177763E-03
 0.4350000E+01 -0.9659810E-04  0.6170579E-04  0.1146246E-03
 0.4360000E+01 -0.7346272E-04  0.8388800E-04  0.1115077E-03
 0.4370000E+01 -0.4566775E-04  0.9835067E-04  0.1084361E-03
 0.4380000E+01 -0.1561125E-04  0.1042596E-03  0.1054218E-03
 0.4390000E+01  0.1421198E-04  0.1014879E-03  0.1024782E-03
 0.4400000E+01  0.4141042E-04  0.9060508E-04  0.9961979E-04
 0.4410000E+01  0.6388237E-04  0.7281100E-04  0.9686278E-04
 0.4420000E+01  0.7997467E-04  0.4982232E-04  0.9422426E-04
 0.4430000E+01  0.8860176E-04  0.2372108E-04  0.9172220E-04
 0.4440000E+01  0.8931698E-04 -0.3221799E-05  0.8937507E-04
 0.4450000E+01  0.8233141E-04 -0.2873357E-04  0.8720138E-04
 0.4460000E+01  0.6848014E-04 -0.5072235E-04  0.8521905E-04
 0.4470000E+01  0.4913973E-04 -0.6744123E-04  0.8344479E-04
 0.4480000E+01  0.2610454E-04 -0.7762133E-04  0.8189334E-04
 0.4490000E+01  0.1432315E-05 -0.8056395E-04  0.8057668E-04
 0.4500000E+01 -0.2272808E-04 -0.7618543E-04  0.7950336E-04
 0.4510000E+01 -0.4431289E-04 -0.6501206E-04  0.7867783E-04
 0.4520000E+01 -0.6150983E-04 -0.4812640E-04  0.7810000E-04
 0.4530000E+01 -0.7290145E-04 -0.2706996E-04  0.7776506E-04
 0.4540000E+01 -0.7757484E-04 -0.3710676E-05  0.7766354E-04
 0.4550000E+01 -0.7518921E-04  0.1991383E-04  0.7778160E-04
 0.4560000E+01 -0.6599686E-04  0.4176459E-04  0.7810164E-04
 0.4570000E+01 -0.5081630E-04  0.5996776E-04  0.7860298E-04
 0.4580000E+01 -0.3096028E-04  0.7296606E-04  0.7926276E-04
 0.4590000E+01 -0.8124765E-05  0.7964339E-04  0.8005674E-04
 0.4600000E+01  0.1575182E-04  0.7941304E-04  0.8096018E-04
 0.4610000E+01  0.3864787E-04  0.7226277E-04  0.8194856E-04
 0.4620000E+01  0.5862360E-04  0.5875355E-04  0.8299823E-04
 0.4630000E+01  0.7397856E-04  0.3997225E-04  0.8408691E-04
 0.4640000E+01  0.8338941E-04  0.1744240E-04  0.8519408E-04
 0.4650000E+01  0.8601695E-04 -0.6999772E-05  0.8630129E-04
 0.4660000E+01  0.8157409E-04 -0.3135412E-04  0.8739229E-04
 0.4670000E+01  0.7034950E-04 -0.5361818E-04  0.8845316E-04
 0.4680000E+01  0.5318523E-04 -0.7194882E-04  0.8947235E-04
 0.4690000E+01  0.3140993E-04 -0.8481108E-04  0.9044061E-04
 0.4700000E+01  0.6733351E-05 -0.9110247E-04  0.9135096E-04
 0.4710000E+01 -0.1888976E-04 -0.9024275E-04  0.9219858E-04
 0.4720000E+01 -0.4341539E-04 -0.8222226E-04  0.9298062E-04
 0.4730000E+01 -0.6487334E-04 -0.6760481E-04  0.9369611E-04
 0.4740000E+01 -0.8152473E-04 -0.4748506E-04  0.9434571E-04
 0.4750000E+01 -0.9200144E-04 -0.2340353E-04  0.9493150E-04
 0.4760000E+01 -0.9541652E-04  0.2773806E-05  0.9545683E-04
 0.4770000E+01 -0.9143671E-04  0.2900215E-04  0.9592599E-04
 0.4780000E+01 -0.8031137E-04  0.5321896E-04  0.9634404E-04
 0.4790000E+01 -0.6285556E-04  0.7350690E-04  0.9671653E-04
 0.4800000E+01 -0.4038832E-04  0.8824590E-04  0.9704924E-04
 0.4810000E+01 -0.1463119E-04  0.9624221E-04  0.9734801E-04
 0.4820000E+01  0.1242536E-04  0.9682444E-04  0.9761845E-04
 0.4830000E+01  0.3867700E-04  0.8989881E-04  0.9786576E-04
 0.4840000E+01  0.6207021E-04  0.7595943E-04  0.9809458E-04
 0.4850000E+01  0.8076353E-04  0.5605244E-04  0.9830882E-04
 0.4860000E+01  0.9327292E-04  0.3169687E-04  0.9851157E-04
 0.4870000E+01  0.9858982E-04  0.4768174E-05  0.9870506E-04
 0.4880000E+01  0.9626256E-04 -0.2264664E-04  0.9889060E-04
 0.4890000E+01  0.8643473E-04 -0.4841109E-04  0.9906865E-04
 0.4900000E+01  0.6983734E-04 -0.7050601E-04  0.9923887E-04
 0.4910000E+01  0.4773505E-04 -0.8718815E-04  0.9940024E-04
 0.4920000E+01  0.2183051E-04 -0.9712816E-04  0.9955125E-04
 0.4930000E+01 -0.5866101E-05 -0.9951727E-04  0.9969001E-04
 0.4940000E+01 -0.3319237E-04 -0.9413397E-04  0.9981452E-04
 0.4950000E+01 -0.5800203E-04 -0.8136549E-04  0.9992286E-04
 0.4960000E+01 -0.7833336E-04 -0.6218178E-04  0.1000134E-03
 0.4970000E+01 -0.9256457E-04 -0.3806384E-04  0.1000852E-03
 0.4980000E+01 -0.9954394E-04 -0.1089133E-04  0.1001380E-03
 0.4990000E+01 -0.9868436E-04  0.1720200E-04  0.1001724E-03
 0.5000000E+01 -0.9001453E-04  0.4399428E-04  0.1001904E-03
 0.5010000E+01 -0.7418227E-04  0.6735017E-04  0.1001951E-03
 0.5020000E+01 -0.5240917E-04  0.8539046E-04  0.1001911E-03
 0.5030000E+01 -0.2639947E-04  0.9664358E-04  0.1001844E-03
 0.5040000E+01  0.1790237E-05  0.1001665E-03  0.1001825E-03
 0.5050000E+01  0.2991080E-04  0.9562535E-04  0.1001941E-03
 0.5060000E+01  0.5569758E-04  0.8332888E-04  0.1002293E-03
 0.5070000E+01  0.7705104E-04  0.6421097E-04  0.1002991E-03
 0.5080000E+01  0.9220660E-04  0.3976344E-04  0.1004151E-03
 0.5090000E+01  0.9988009E-04  0.1192320E-04  0.1005892E-03
 0.5100000E+01  0.9937675E-04 -0.1707763E-04  0.1008334E-03
 0.5110000E+01  0.9065464E-04 -0.4488742E-04  0.1011590E-03
 0.5120000E+01  0.7433646E-04 -0.6922284E-04  0.1015761E-03
 0.5130000E+01  0.5166818E-04 -0.8805385E-04  0.1020935E-03
 0.5140000E+01  0.2442686E-04 -0.9977104E-04  0.1027177E-03
 0.5150000E+01 -0.5215794E-05 -0.1033215E-03  0.1034531E-03
 0.5160000E+01 -0.3486364E-04 -0.9830163E-04  0.1043009E-03
 0.5170000E+01 -0.6208704E-04 -0.8499902E-04  0.1052598E-03
 0.5180000E+01 -0.8461933E-04 -0.6437874E-04  0.1063252E-03
 0.5190000E+01 -0.1005429E-03 -0.3801471E-04  0.1074895E-03
 0.5200000E+01 -0.1084496E-03 -0.7970609E-05  0.1087421E-03
 0.5210000E+01 -0.1075624E-03  0.2336068E-04  0.1100699E-03
 0.5220000E+01 -0.9780715E-04  0.5344661E-04  0.1114575E-03
 0.5230000E+01 -0.7982872E-04  0.7981858E-04  0.1128877E-03
 0.5240000E+01 -0.5494833E-04  0.1002732E-03  0.1143417E-03
 0.5250000E+01 -0.2506585E-04  0.1130547E-03  0.1158001E-03
 0.5260000E+01  0.7486500E-05  0.1170035E-03  0.1172428E-03
 0.5270000E+01  0.4012756E-04  0.1116584E-03  0.1186500E-03
 0.5280000E+01  0.7023325E-04  0.9730296E-04  0.1200024E-03
 0.5290000E+01  0.9534877E-04  0.7495229E-04  0.1212816E-03
 0.5300000E+01  0.1133897E-03  0.4628014E-04  0.1224708E-03
 0.5310000E+01  0.1228157E-03  0.1349140E-04  0.1235545E-03
 0.5320000E+01  0.1227617E-03 -0.2085014E-04  0.1245198E-03
 0.5330000E+01  0.1131163E-03 -0.5402517E-04  0.1253555E-03
 0.5340000E+01  0.9453911E-04 -0.8337746E-04  0.1260533E-03
 0.5350000E+01  0.6841676E-04 -0.1065298E-03  0.1266074E-03
 0.5360000E+01  0.3675792E-04 -0.1215797E-03  0.1270148E-03
 0.5370000E+01  0.2037424E-05 -0.1272591E-03  0.1272754E-03
 0.5380000E+01 -0.3299965E-04 -0.1230436E-03  0.1273919E-03
 0.5390000E+01 -0.6555803E-04 -0.1092029E-03  0.1273701E-03
 0.5400000E+01 -0.9301893E-04 -0.8678704E-04  0.1272184E-03
 0.5410000E+01 -0.1131547E-03 -0.5754855E-04  0.1269481E-03
 0.5420000E+01 -0.1243142E-03 -0.2380682E-04  0.1265732E-03
 0.5430000E+01 -0.1255628E-03  0.1173559E-04  0.1261101E-03
 0.5440000E+01 -0.1167658E-03  0.4620983E-04  0.1255771E-03
 0.5450000E+01 -0.9860677E-04  0.7681378E-04  0.1249946E-03
 0.5460000E+01 -0.7253967E-04  0.1010421E-03  0.1243845E-03
 0.5470000E+01 -0.4067674E-04  0.1168947E-03  0.1237698E-03
 0.5480000E+01 -0.5621366E-05  0.1230455E-03  0.1231739E-03
 0.5490000E+01  0.2974153E-04  0.1189588E-03  0.1226204E-03
 0.5500000E+01  0.6248057E-04  0.1049406E-03  0.1221325E-03
 0.5510000E+01  0.8985968E-04  0.8212200E-04  0.1217324E-03
 0.5520000E+01  0.1095664E-03  0.5237380E-04  0.1214406E-03
 0.5530000E+01  0.1199083E-03  0.1815926E-04  0.1212755E-03
 0.5540000E+01  0.1199594E-03 -0.1766432E-04  0.1212530E-03
 0.5550000E+01  0.1096465E-03 -0.5207891E-04  0.1213860E-03
 0.5560000E+01  0.8976386E-04 -0.8215536E-04  0.1216842E-03
 0.5570000E+01  0.6191739E-04 -0.1052987E-03  0.1221539E-03
 0.5580000E+01  0.2839992E-04 -0.1194688E-03  0.1227980E-03
 0.5590000E+01 -0.7992210E-05 -0.1233575E-03  0.1236161E-03
 0.5600000E+01 -0.4418686E-04 -0.1165070E-03  0.1246048E-03
 0.5610000E+01 -0.7708978E-04 -0.9935902E-04  0.1257579E-03
 0.5620000E+01 -0.1038434E-03 -0.7322917E-04  0.1270668E-03
 0.5630000E+01 -0.1220693E-03 -0.4020837E-04  0.1285209E-03
 0.5640000E+01 -0.1300738E-03 -0.2997912E-05  0.1301083E-03
 0.5650000E+01 -0.1269988E-03  0.3530846E-04  0.1318157E-03
 0.5660000E+01 -0.1129053E-03  0.7147815E-04  0.1336291E-03
 0.5670000E+01 -0.8878070E-04  0.1024082E-03  0.1355340E-03
 0.5680000E+01 -0.5646900E-04  0.1253865E-03  0.1375156E-03
 0.5690000E+01 -0.1852874E-04  0.1383235E-03  0.1395590E-03
 0.5700000E+01  0.2197060E-04  0.1399350E-03  0.1416492E-03
 0.5710000E+01  0.6169728E-04  0.1298602E-03  0.1437714E-03
 0.5720000E+01  0.9733090E-04  0.1087044E-03  0.1459107E-03
 0.5730000E+01  0.1258383E-03  0.7800101E-04  0.1480521E-03
 0.5740000E+01  0.1447288E-03  0.4009727E-04  0.1501806E-03
 0.5750000E+01  0.1522674E-03 -0.2030223E-05  0.1522810E-03
 0.5760000E+01  0.1476277E-03 -0.4501344E-04  0.1543377E-03
 0.5770000E+01  0.1309706E-03 -0.8536617E-04  0.1563351E-03
 0.5780000E+01  0.1034432E-03 -0.1197698E-03  0.1582571E-03
 0.5790000E+01  0.6709507E-04 -0.1453484E-03  0.1600872E-03
 0.5800000E+01  0.2471958E-04 -0.1599093E-03  0.1618087E-03
 0.5810000E+01 -0.2036758E-04 -0.1621302E-03  0.1634045E-03
 0.5820000E+01 -0.6459508E-04 -0.1516757E-03  0.1648576E-03
 0.5830000E+01 -0.1044259E-03 -0.1292338E-03  0.1661509E-03
 0.5840000E+01 -0.1366468E-03 -0.9646807E-04  0.1672675E-03
 0.5850000E+01 -0.1586335E-03 -0.5588963E-04  0.1681910E-03
 0.5860000E+01 -0.1685691E-03 -0.1065789E-04  0.1689057E-03
 0.5870000E+01 -0.1655982E-03  0.3567296E-04  0.1693969E-03
 0.5880000E+01 -0.1499018E-03  0.7944191E-04  0.1696513E-03
 0.5890000E+01 -0.1226888E-03  0.1171795E-03  0.1696573E-03
 0.5900000E+01 -0.8610184E-04  0.1458924E-03  0.1694052E-03
 0.5910000E+01 -0.4304602E-04  0.1633102E-03  0.1688881E-03
 0.5920000E+01  0.3045986E-05  0.1680741E-03  0.1681017E-03
 0.5930000E+01  0.4849380E-04  0.1598513E-03  0.1670452E-03
 0.5940000E+01  0.8967096E-04  0.1393653E-03  0.1657214E-03
 0.5950000E+01  0.1233035E-03  0.1083390E-03  0.1641374E-03
 0.5960000E+01  0.1467408E-03  0.6935434E-04  0.1623049E-03
 0.5970000E+01  0.1581760E-03  0.2564081E-04  0.1602408E-03
 0.5980000E+01  0.1567970E-03 -0.1919157E-04  0.1579672E-03
 0.5990000E+01  0.1428558E-03 -0.6145181E-04  0.1555124E-03
 0.6000000E+01  0.1176486E-03 -0.9767573E-04  0.1529109E-03
 0.6010000E+01  0.8340931E-04 -0.1249162E-03  0.1502038E-03
 0.6020000E+01  0.4312323E-04 -0.1409914E-03  0.1474388E-03
 0.6030000E+01  0.2768808E-06 -0.1446701E-03  0.1446704E-03
 0.6040000E+01 -0.4143556E-04 -0.1357774E-03  0.1419592E-03
 0.6050000E+01 -0.7842516E-04 -0.1152127E-03  0.1393717E-03
 0.6060000E+01 -0.1075138E-03 -0.8487553E-04  0.1369784E-03
 0.6070000E+01 -0.1262072E-03 -0.4750766E-04  0.1348526E-03
 0.6080000E+01 -0.1329105E-03 -0.6461207E-05  0.1330675E-03
 0.6090000E+01 -0.1270705E-03  0.3458599E-04  0.1316932E-03
 0.6100000E+01 -0.1092278E-03  0.7194516E-04  0.1307931E-03
 0.6110000E+01 -0.8097810E-04  0.1022347E-03  0.1304200E-03
 0.6120000E+01 -0.4484089E-04  0.1226744E-03  0.1306128E-03
 0.6130000E+01 -0.4049244E-05  0.1313310E-03  0.1313934E-03
 0.6140000E+01  0.3772416E-04  0.1272930E-03  0.1327653E-03
 0.6150000E+01  0.7668123E-04  0.1107592E-03  0.1347131E-03
 0.6160000E+01  0.1092265E-03  0.8303345E-04  0.1372042E-03
 0.6170000E+01  0.1322811E-03  0.4642349E-04  0.1401907E-03
 0.6180000E+01  0.1435556E-03  0.4053213E-05  0.1436128E-03
 0.6190000E+01  0.1417585E-03 -0.4039778E-04  0.1474024E-03
 0.6200000E+01  0.1267207E-03 -0.8300502E-04  0.1514858E-03
 0.6210000E+01  0.9942515E-04 -0.1199347E-03  0.1557874E-03
 0.6220000E+01  0.6193892E-04 -0.1477755E-03  0.1602312E-03
 0.6230000E+01  0.1725036E-04 -0.1638378E-03  0.1647435E-03
 0.6240000E+01 -0.3097375E-04 -0.1663953E-03  0.1692536E-03
 0.6250000E+01 -0.7869230E-04 -0.1548468E-03  0.1736951E-03
 0.6260000E+01 -0.1218295E-03 -0.1297837E-03  0.1780063E-03
 0.6270000E+01 -0.1566218E-03 -0.9295750E-04  0.1821304E-03
 0.6280000E+01 -0.1799418E-03 -0.4714701E-04  0.1860158E-03
 0.6290000E+01 -0.1895729E-03  0.4062558E-05  0.1896165E-03
 0.6300000E+01 -0.1844090E-03  0.5657199E-04  0.1928913E-03
 0.6310000E+01 -0.1645622E-03  0.1061073E-03  0.1958047E-03
 0.6320000E+01 -0.1313694E-03  0.1485776E-03  0.1983260E-03
 0.6330000E+01 -0.8729407E-04  0.1804213E-03  0.2004298E-03
 0.6340000E+01 -0.3573286E-04  0.1989118E-03  0.2020959E-03
 0.6350000E+01  0.1925977E-04  0.2023945E-03  0.2033088E-03
 0.6360000E+01  0.7330458E-04  0.1904370E-03  0.2040584E-03
 0.6370000E+01  0.1220615E-03  0.1638768E-03  0.2043395E-03
 0.6380000E+01  0.1615937E-03  0.1247619E-03  0.2041521E-03
 0.6390000E+01  0.1887007E-03  0.7618910E-04  0.2035012E-03
 0.6400000E+01  0.2011925E-03  0.2205180E-04  0.2023974E-03
 0.6410000E+01  0.1980800E-03 -0.3328144E-04  0.2008565E-03
 0.6420000E+01  0.1796657E-03 -0.8533157E-04  0.1989001E-03
 0.6430000E+01  0.1475253E-03 -0.1298857E-03  0.1965554E-03
 0.6440000E+01  0.1043812E-03 -0.1633544E-03  0.1938559E-03
 0.6450000E+01  0.5387729E-04 -0.1830782E-03  0.1908413E-03
 0.6460000E+01  0.2734586E-06 -0.1875577E-03  0.1875579E-03
 0.6470000E+01 -0.5191454E-04 -0.1765858E-03  0.1840589E-03
 0.6480000E+01 -0.9830016E-04 -0.1512708E-03  0.1804045E-03
 0.6490000E+01 -0.1350028E-03 -0.1139461E-03  0.1766620E-03
 0.6500000E+01 -0.1589838E-03 -0.6797437E-04  0.1729056E-03
 0.6510000E+01 -0.1683129E-03 -0.1746110E-04  0.1692162E-03
 0.6520000E+01 -0.1623404E-03  0.3309829E-04  0.1656801E-03
 0.6530000E+01 -0.1417603E-03  0.7920831E-04  0.1623882E-03
 0.6540000E+01 -0.1085564E-03  0.1167666E-03  0.1594332E-03
 0.6550000E+01 -0.6583640E-04  0.1424266E-03  0.1569069E-03
 0.6560000E+01 -0.1756534E-04  0.1538975E-03  0.1548967E-03
 0.6570000E+01  0.3177856E-04  0.1501551E-03  0.1534810E-03
 0.6580000E+01  0.7759679E-04  0.1315431E-03  0.1527248E-03
 0.6590000E+01  0.1155787E-03  0.9975607E-04  0.1526752E-03
 0.6600000E+01  0.1420892E-03  0.5770198E-04  0.1533586E-03
 0.6610000E+01  0.1545017E-03  0.9256606E-05  0.1547787E-03
 0.6620000E+01  0.1514459E-03 -0.4107149E-04  0.1569163E-03
 0.6630000E+01  0.1329489E-03 -0.8853672E-04  0.1597316E-03
 0.6640000E+01  0.1004531E-03 -0.1285791E-03  0.1631668E-03
 0.6650000E+01  0.5670931E-04 -0.1572370E-03  0.1671509E-03
 0.6660000E+01  0.5552122E-05 -0.1715135E-03  0.1716034E-03
 0.6670000E+01 -0.4842533E-04 -0.1696634E-03  0.1764389E-03
 0.6680000E+01 -0.1002695E-03 -0.1513733E-03  0.1815705E-03
 0.6690000E+01 -0.1451039E-03 -0.1178185E-03  0.1869126E-03
 0.6700000E+01 -0.1785677E-03 -0.7158808E-04  0.1923832E-03
 0.6710000E+01 -0.1972174E-03 -0.1648338E-04  0.1979050E-03
 0.6720000E+01 -0.1988543E-03  0.4279543E-04  0.2034072E-03
 0.6730000E+01 -0.1827488E-03  0.1010486E-03  0.2088252E-03
 0.6740000E+01 -0.1497385E-03  0.1530286E-03  0.2141013E-03
 0.6750000E+01 -0.1021900E-03  0.1939054E-03  0.2191851E-03
 0.6760000E+01 -0.4382457E-04  0.2197048E-03  0.2240330E-03
 0.6770000E+01  0.2057987E-04  0.2276801E-03  0.2286083E-03
 0.6780000E+01  0.8558607E-04  0.2165842E-03  0.2328813E-03
 0.6790000E+01  0.1455618E-03  0.1868145E-03  0.2368288E-03
 0.6800000E+01  0.1951713E-03  0.1404165E-03  0.2404342E-03
 0.6810000E+01  0.2298517E-03  0.8094280E-04  0.2436873E-03
 0.6820000E+01  0.2462318E-03  0.1317561E-04  0.2465841E-03
 0.6830000E+01  0.2424557E-03 -0.5726399E-04  0.2491264E-03
 0.6840000E+01  0.2183803E-03 -0.1243898E-03  0.2513221E-03
 0.6850000E+01  0.1756272E-03 -0.1823666E-03  0.2531847E-03
 0.6860000E+01  0.1174809E-03 -0.2260249E-03  0.2547332E-03
 0.6870000E+01  0.4863902E-04 -0.2513287E-03  0.2559919E-03
 0.6880000E+01 -0.2516735E-04 -0.2557547E-03  0.2569900E-03
 0.6890000E+01 -0.9765227E-04 -0.2385480E-03  0.2577617E-03
 0.6900000E+01 -0.1625136E-03 -0.2008277E-03  0.2583455E-03
 0.6910000E+01 -0.2139854E-03 -0.1455318E-03  0.2587842E-03
 0.6920000E+01 -0.2473568E-03 -0.7720072E-04  0.2591242E-03
 0.6930000E+01 -0.2594104E-03 -0.1614758E-05  0.2594154E-03
 0.6940000E+01 -0.2487399E-03  0.7468558E-04  0.2597103E-03
 0.6950000E+01 -0.2159175E-03  0.1449582E-03  0.2600639E-03
 0.6960000E+01 -0.1634905E-03  0.2028499E-03  0.2605326E-03
 0.6970000E+01 -0.9580477E-04  0.2429674E-03  0.2611737E-03
 0.6980000E+01 -0.1866457E-04  0.2613789E-03  0.2620445E-03
 0.6990000E+01  0.6114437E-04  0.2560007E-03  0.2632015E-03
 0.7000000E+01  0.1364319E-03  0.2268307E-03  0.2646995E-03
 0.7010000E+01  0.2002323E-03  0.1760049E-03  0.2665909E-03
 0.7020000E+01  0.2464308E-03  0.1076672E-03  0.2689244E-03
 0.7030000E+01  0.2703336E-03  0.2765718E-04  0.2717447E-03
 0.7040000E+01  0.2691295E-03 -0.5696081E-04  0.2750913E-03
 0.7050000E+01  0.2421987E-03 -0.1384917E-03  0.2789985E-03
 0.7060000E+01  0.1912378E-03 -0.2092783E-03  0.2834948E-03
 0.7070000E+01  0.1201834E-03 -0.2623878E-03  0.2886025E-03
 0.7080000E+01  0.3493518E-04 -0.2922573E-03  0.2943379E-03
 0.7090000E+01 -0.5710419E-04 -0.2952400E-03  0.3007118E-03
 0.7100000E+01 -0.1476385E-03 -0.2700001E-03  0.3077291E-03
 0.7110000E+01 -0.2281880E-03 -0.2177178E-03  0.3153899E-03
 0.7120000E+01 -0.2908413E-03 -0.1420791E-03  0.3236899E-03
 0.7130000E+01 -0.3289850E-03 -0.4904389E-04  0.3326206E-03
 0.7140000E+01 -0.3379469E-03  0.5359620E-04  0.3421705E-03
 0.7150000E+01 -0.3154917E-03  0.1568380E-03  0.3523253E-03
 0.7160000E+01 -0.2621225E-03  0.2512185E-03  0.3630688E-03
 0.7170000E+01 -0.1811532E-03  0.3276373E-03  0.3743831E-03
 0.7180000E+01 -0.7853571E-04  0.3781807E-03  0.3862493E-03
 0.7190000E+01  0.3754979E-04  0.3968757E-03  0.3986481E-03
 0.7200000E+01  0.1573185E-03  0.3803061E-03  0.4115602E-03
 0.7210000E+01  0.2701711E-03  0.3280306E-03  0.4249664E-03
 0.7220000E+01  0.3655889E-03  0.2427605E-03  0.4388484E-03
 0.7230000E+01  0.4340622E-03  0.1302695E-03  0.4531888E-03
 0.7240000E+01  0.4679708E-03 -0.9663241E-06  0.4679718E-03
 0.7250000E+01  0.4623415E-03 -0.1403790E-03  0.4831831E-03
 0.7260000E+01  0.4154101E-03 -0.2761279E-03  0.4988107E-03
 0.7270000E+01  0.3289320E-03 -0.3960669E-03  0.5148449E-03
 0.7280000E+01  0.2082046E-03 -0.4887819E-03  0.5312785E-03
 0.7290000E+01  0.6178561E-04 -0.5446140E-03  0.5481075E-03
 0.7300000E+01 -0.9908076E-04 -0.5565809E-03  0.5653311E-03
 0.7310000E+01 -0.2612952E-03 -0.5211121E-03  0.5829520E-03
 0.7320000E+01 -0.4109322E-03 -0.4385288E-03  0.6009765E-03
 0.7330000E+01 -0.5343887E-03 -0.3132150E-03  0.6194150E-03
 0.7340000E+01 -0.6195612E-03 -0.1534529E-03  0.6382820E-03
 0.7350000E+01 -0.6569528E-03  0.2908132E-04  0.6575961E-03
 0.7360000E+01 -0.6406141E-03  0.2201316E-03  0.6773805E-03
 0.7370000E+01 -0.5688319E-03  0.4039347E-03  0.6976625E-03
 0.7380000E+01 -0.4444948E-03  0.5644722E-03  0.7184737E-03
 0.7390000E+01 -0.2750921E-03  0.6868061E-03  0.7398502E-03
 0.7400000E+01 -0.7232666E-04  0.7583908E-03  0.7618319E-03
 0.7410000E+01  0.1486431E-03  0.7702512E-03  0.7844627E-03
 0.7420000E+01  0.3702867E-03  0.7179224E-03  0.8077901E-03
 0.7430000E+01  0.5740381E-03  0.6020626E-03  0.8318649E-03
 0.7440000E+01  0.7417847E-03  0.4286723E-03  0.8567406E-03
 0.7450000E+01  0.8573958E-03  0.2088825E-03  0.8824735E-03
 0.7460000E+01  0.9081652E-03 -0.4169091E-04  0.9091216E-03
 0.7470000E+01  0.8860461E-03 -0.3039952E-03  0.9367447E-03
 0.7480000E+01  0.7885669E-03 -0.5569255E-03  0.9654035E-03
 0.7490000E+01  0.6193379E-03 -0.7789494E-03  0.9951590E-03
 0.7500000E+01  0.3880861E-03 -0.9498497E-03  0.1026073E-02
 0.7510000E+01  0.1101940E-03 -0.1052452E-02  0.1058205E-02
 0.7520000E+01 -0.1942472E-03 -0.1074195E-02  0.1091617E-02
 0.7530000E+01 -0.5018149E-03 -0.1008406E-02  0.1126366E-02
 0.7540000E+01 -0.7874754E-03 -0.8551671E-03  0.1162509E-02
 0.7550000E+01 -0.1026525E-02 -0.6216859E-03  0.1200103E-02
 0.7560000E+01 -0.1196604E-02 -0.3221030E-03  0.1239198E-02
 0.7570000E+01 -0.1279635E-02  0.2326185E-04  0.1279847E-02
 0.7580000E+01 -0.1263511E-02  0.3892020E-03  0.1322096E-02
 0.7590000E+01 -0.1143402E-02  0.7473742E-03  0.1365992E-02
 0.7600000E+01 -0.9225451E-03  0.1068393E-02  0.1411578E-02
 0.7610000E+01 -0.6124414E-03  0.1324117E-02  0.1458894E-02
 0.7620000E+01 -0.2323965E-03  0.1489963E-02  0.1507978E-02
 0.7630000E+01  0.1915727E-03  0.1547051E-02  0.1558867E-02
 0.7640000E+01  0.6284236E-03  0.1484021E-02  0.1611594E-02
 0.7650000E+01  0.1044257E-02  0.1298354E-02  0.1666192E-02
 0.7660000E+01  0.1404828E-02  0.9970576E-03  0.1722692E-02
 0.7670000E+01  0.1678213E-02  0.5966553E-03  0.1781122E-02
 0.7680000E+01  0.1837439E-02  0.1224212E-03  0.1841513E-02
 0.7690000E+01  0.1862866E-02 -0.3931030E-03  0.1903890E-02
 0.7700000E+01  0.1744123E-02 -0.9122349E-03  0.1968283E-02
 0.7710000E+01  0.1481432E-02 -0.1394789E-02  0.2034718E-02
 0.7720000E+01  0.1086174E-02 -0.1801047E-02  0.2103222E-02
 0.7730000E+01  0.5806386E-03 -0.2094844E-02  0.2173824E-02
 0.7740000E+01 -0.3094168E-05 -0.2246549E-02  0.2246551E-02
 0.7750000E+01 -0.6250656E-03 -0.2235698E-02  0.2321433E-02
 0.7760000E+01 -0.1240061E-02 -0.2053060E-02  0.2398500E-02
 0.7770000E+01 -0.1800763E-02 -0.1701959E-02  0.2477784E-02
 0.7780000E+01 -0.2261236E-02 -0.1198711E-02  0.2559316E-02
 0.7790000E+01 -0.2580474E-02 -0.5720985E-03  0.2643131E-02
 0.7800000E+01 -0.2725768E-02  0.1381272E-03  0.2729265E-02
 0.7810000E+01 -0.2675617E-02  0.8836385E-03  0.2817755E-02
 0.7820000E+01 -0.2421949E-02  0.1610697E-02  0.2908639E-02
 0.7830000E+01 -0.1971447E-02  0.2263879E-02  0.3001958E-02
 0.7840000E+01 -0.1345842E-02  0.2790123E-02  0.3097754E-02
 0.7850000E+01 -0.5811000E-03  0.3142799E-02  0.3196070E-02
 0.7860000E+01  0.2744844E-03  0.3285507E-02  0.3296952E-02
 0.7870000E+01  0.1163207E-02  0.3195307E-02  0.3400446E-02
 0.7880000E+01  0.2021709E-02  0.2865124E-02  0.3506600E-02
 0.7890000E+01  0.2785336E-02  0.2305096E-02  0.3615462E-02
 0.7900000E+01  0.3392805E-02  0.1542731E-02  0.3727083E-02
 0.7910000E+01  0.3790856E-02  0.6217983E-03  0.3841513E-02
 0.7920000E+01  0.3938541E-02 -0.4000160E-03  0.3958803E-02
 0.7930000E+01  0.3810836E-02 -0.1454583E-02  0.4079005E-02
 0.7940000E+01  0.3401258E-02 -0.2467730E-02  0.4202172E-02
 0.7950000E+01  0.2723281E-02 -0.3364282E-02  0.4328355E-02
 0.7960000E+01  0.1810369E-02 -0.4073428E-02  0.4457606E-02
 0.7970000E+01  0.7145834E-03 -0.4534012E-02  0.4589978E-02
 0.7980000E+01 -0.4962161E-03 -0.4699395E-02  0.4725520E-02
 0.7990000E+01 -0.1742428E-02 -0.4541499E-02  0.4864285E-02
 0.8000000E+01 -0.2937790E-02 -0.4053720E-02  0.5006321E-02
