 0.1000000E-01  0.1231565E-08
 0.2000000E-01  0.4920607E-08
 0.3000000E-01  0.1105331E-07
 0.4000000E-01  0.1960895E-07
 0.5000000E-01  0.3056017E-07
 0.6000000E-01  0.4387347E-07
 0.7000000E-01  0.5950966E-07
 0.8000000E-01  0.7742451E-07
 0.9000000E-01  0.9756942E-07
 0.1000000E+00  0.1198922E-06
 0.1100000E+00  0.1443379E-06
 0.1200000E+00  0.1708499E-06
 0.1300000E+00  0.1993704E-06
 0.1400000E+00  0.2298420E-06
 0.1500000E+00  0.2622084E-06
 0.1600000E+00  0.2964154E-06
 0.1700000E+00  0.3324121E-06
 0.1800000E+00  0.3701518E-06
 0.1900000E+00  0.4095926E-06
 0.2000000E+00  0.4506988E-06
 0.2100000E+00  0.4934414E-06
 0.2200000E+00  0.5377986E-06
 0.2300000E+00  0.5837567E-06
 0.2400000E+00  0.6313099E-06
 0.2500000E+00  0.6804613E-06
 0.2600000E+00  0.7312226E-06
 0.2700000E+00  0.7836139E-06
 0.2800000E+00  0.8376639E-06
 0.2900000E+00  0.8934093E-06
 0.3000000E+00  0.9508945E-06
 0.3100000E+00  0.1010171E-05
 0.3200000E+00  0.1071296E-05
 0.3300000E+00  0.1134332E-05
 0.3400000E+00  0.1199349E-05
 0.3500000E+00  0.1266415E-05
 0.3600000E+00  0.1335606E-05
 0.3700000E+00  0.1406996E-05
 0.3800000E+00  0.1480661E-05
 0.3900000E+00  0.1556675E-05
 0.4000000E+00  0.1635111E-05
 0.4100000E+00  0.1716038E-05
 0.4200000E+00  0.1799521E-05
 0.4300000E+00  0.1885622E-05
 0.4400000E+00  0.1974395E-05
 0.4500000E+00  0.2065887E-05
 0.4600000E+00  0.2160138E-05
 0.4700000E+00  0.2257180E-05
 0.4800000E+00  0.2357037E-05
 0.4900000E+00  0.2459722E-05
 0.5000000E+00  0.2565241E-05
 0.5100000E+00  0.2673589E-05
 0.5200000E+00  0.2784753E-05
 0.5300000E+00  0.2898711E-05
 0.5400000E+00  0.3015432E-05
 0.5500000E+00  0.3134876E-05
 0.5600000E+00  0.3257000E-05
 0.5700000E+00  0.3381752E-05
 0.5800000E+00  0.3509075E-05
 0.5900000E+00  0.3638910E-05
 0.6000000E+00  0.3771195E-05
 0.6100000E+00  0.3905867E-05
 0.6200000E+00  0.4042865E-05
 0.6300000E+00  0.4182129E-05
 0.6400000E+00  0.4323603E-05
 0.6500000E+00  0.4467237E-05
 0.6600000E+00  0.4612987E-05
 0.6700000E+00  0.4760817E-05
 0.6800000E+00  0.4910701E-05
 0.6900000E+00  0.5062622E-05
 0.7000000E+00  0.5216576E-05
 0.7100000E+00  0.5372568E-05
 0.7200000E+00  0.5530620E-05
 0.7300000E+00  0.5690763E-05
 0.7400000E+00  0.5853042E-05
 0.7500000E+00  0.6017516E-05
 0.7600000E+00  0.6184258E-05
 0.7700000E+00  0.6353350E-05
 0.7800000E+00  0.6524891E-05
 0.7900000E+00  0.6698988E-05
 0.8000000E+00  0.6875761E-05
 0.8100000E+00  0.7055341E-05
 0.8200000E+00  0.7237867E-05
 0.8300000E+00  0.7423488E-05
 0.8400000E+00  0.7612362E-05
 0.8500000E+00  0.7804652E-05
 0.8600000E+00  0.8000529E-05
 0.8700000E+00  0.8200167E-05
 0.8800000E+00  0.8403747E-05
 0.8900000E+00  0.8611453E-05
 0.9000000E+00  0.8823471E-05
 0.9100000E+00  0.9039990E-05
 0.9200000E+00  0.9261199E-05
 0.9300000E+00  0.9487290E-05
 0.9400000E+00  0.9718454E-05
 0.9500000E+00  0.9954883E-05
 0.9600000E+00  0.1019677E-04
 0.9700000E+00  0.1044430E-04
 0.9800000E+00  0.1069767E-04
 0.9900000E+00  0.1095707E-04
 0.1000000E+01  0.1122269E-04
 0.1010000E+01  0.1149473E-04
 0.1020000E+01  0.1177338E-04
 0.1030000E+01  0.1205885E-04
 0.1040000E+01  0.1235132E-04
 0.1050000E+01  0.1265101E-04
 0.1060000E+01  0.1295814E-04
 0.1070000E+01  0.1327291E-04
 0.1080000E+01  0.1359558E-04
 0.1090000E+01  0.1392636E-04
 0.1100000E+01  0.1426552E-04
 0.1110000E+01  0.1461332E-04
 0.1120000E+01  0.1497003E-04
 0.1130000E+01  0.1533594E-04
 0.1140000E+01  0.1571136E-04
 0.1150000E+01  0.1609660E-04
 0.1160000E+01  0.1649201E-04
 0.1170000E+01  0.1689793E-04
 0.1180000E+01  0.1731473E-04
 0.1190000E+01  0.1774277E-04
 0.1200000E+01  0.1818246E-04
 0.1210000E+01  0.1863419E-04
 0.1220000E+01  0.1909837E-04
 0.1230000E+01  0.1957544E-04
 0.1240000E+01  0.2006580E-04
 0.1250000E+01  0.2056990E-04
 0.1260000E+01  0.2108817E-04
 0.1270000E+01  0.2162105E-04
 0.1280000E+01  0.2216898E-04
 0.1290000E+01  0.2273239E-04
 0.1300000E+01  0.2331172E-04
 0.1310000E+01  0.2390740E-04
 0.1320000E+01  0.2451985E-04
 0.1330000E+01  0.2514949E-04
 0.1340000E+01  0.2579675E-04
 0.1350000E+01  0.2646204E-04
 0.1360000E+01  0.2714577E-04
 0.1370000E+01  0.2784837E-04
 0.1380000E+01  0.2857026E-04
 0.1390000E+01  0.2931187E-04
 0.1400000E+01  0.3007366E-04
 0.1410000E+01  0.3085610E-04
 0.1420000E+01  0.3165971E-04
 0.1430000E+01  0.3248503E-04
 0.1440000E+01  0.3333266E-04
 0.1450000E+01  0.3420325E-04
 0.1460000E+01  0.3509755E-04
 0.1470000E+01  0.3601638E-04
 0.1480000E+01  0.3696068E-04
 0.1490000E+01  0.3793148E-04
 0.1500000E+01  0.3892999E-04
 0.1510000E+01  0.3995756E-04
 0.1520000E+01  0.4101572E-04
 0.1530000E+01  0.4210620E-04
 0.1540000E+01  0.4323097E-04
 0.1550000E+01  0.4439226E-04
 0.1560000E+01  0.4559256E-04
 0.1570000E+01  0.4683470E-04
 0.1580000E+01  0.4812184E-04
 0.1590000E+01  0.4945752E-04
 0.1600000E+01  0.5084572E-04
 0.1610000E+01  0.5229085E-04
 0.1620000E+01  0.5379785E-04
 0.1630000E+01  0.5537217E-04
 0.1640000E+01  0.5701990E-04
 0.1650000E+01  0.5874774E-04
 0.1660000E+01  0.6056312E-04
 0.1670000E+01  0.6247422E-04
 0.1680000E+01  0.6449005E-04
 0.1690000E+01  0.6662050E-04
 0.1700000E+01  0.6887644E-04
 0.1710000E+01  0.7126977E-04
 0.1720000E+01  0.7381351E-04
 0.1730000E+01  0.7652188E-04
 0.1740000E+01  0.7941039E-04
 0.1750000E+01  0.8249593E-04
 0.1760000E+01  0.8579689E-04
 0.1770000E+01  0.8933323E-04
 0.1780000E+01  0.9312665E-04
 0.1790000E+01  0.9720066E-04
 0.1800000E+01  0.1015807E-03
 0.1810000E+01  0.1062945E-03
 0.1820000E+01  0.1113718E-03
 0.1830000E+01  0.1168449E-03
 0.1840000E+01  0.1227489E-03
 0.1850000E+01  0.1291215E-03
 0.1860000E+01  0.1360036E-03
 0.1870000E+01  0.1434396E-03
 0.1880000E+01  0.1514773E-03
 0.1890000E+01  0.1601687E-03
 0.1900000E+01  0.1695700E-03
 0.1910000E+01  0.1797422E-03
 0.1920000E+01  0.1907513E-03
 0.1930000E+01  0.2026692E-03
 0.1940000E+01  0.2155738E-03
 0.1950000E+01  0.2295495E-03
 0.1960000E+01  0.2446882E-03
 0.1970000E+01  0.2610896E-03
 0.1980000E+01  0.2788617E-03
 0.1990000E+01  0.2981219E-03
 0.2000000E+01  0.3189972E-03
 0.2010000E+01  0.3416250E-03
 0.2020000E+01  0.3661536E-03
 0.2030000E+01  0.3927431E-03
 0.2040000E+01  0.4215657E-03
 0.2050000E+01  0.4528062E-03
 0.2060000E+01  0.4866623E-03
 0.2070000E+01  0.5233451E-03
 0.2080000E+01  0.5630792E-03
 0.2090000E+01  0.6061024E-03
 0.2100000E+01  0.6526662E-03
 0.2110000E+01  0.7030351E-03
 0.2120000E+01  0.7574863E-03
 0.2130000E+01  0.8163091E-03
 0.2140000E+01  0.8798042E-03
 0.2150000E+01  0.9482824E-03
 0.2160000E+01  0.1022064E-02
 0.2170000E+01  0.1101478E-02
 0.2180000E+01  0.1186858E-02
 0.2190000E+01  0.1278546E-02
 0.2200000E+01  0.1376886E-02
 0.2210000E+01  0.1482223E-02
 0.2220000E+01  0.1594905E-02
 0.2230000E+01  0.1715278E-02
 0.2240000E+01  0.1843686E-02
 0.2250000E+01  0.1980468E-02
 0.2260000E+01  0.2125959E-02
 0.2270000E+01  0.2280488E-02
 0.2280000E+01  0.2444376E-02
 0.2290000E+01  0.2617935E-02
 0.2300000E+01  0.2801470E-02
 0.2310000E+01  0.2995273E-02
 0.2320000E+01  0.3199630E-02
 0.2330000E+01  0.3414813E-02
 0.2340000E+01  0.3641082E-02
 0.2350000E+01  0.3878688E-02
 0.2360000E+01  0.4127867E-02
 0.2370000E+01  0.4388843E-02
 0.2380000E+01  0.4661822E-02
 0.2390000E+01  0.4947000E-02
 0.2400000E+01  0.5244551E-02
 0.2410000E+01  0.5554632E-02
 0.2420000E+01  0.5877380E-02
 0.2430000E+01  0.6212906E-02
 0.2440000E+01  0.6561297E-02
 0.2450000E+01  0.6922612E-02
 0.2460000E+01  0.7296879E-02
 0.2470000E+01  0.7684092E-02
 0.2480000E+01  0.8084207E-02
 0.2490000E+01  0.8497144E-02
 0.2500000E+01  0.8922781E-02
 0.2510000E+01  0.9360955E-02
 0.2520000E+01  0.9811459E-02
 0.2530000E+01  0.1027404E-01
 0.2540000E+01  0.1074842E-01
 0.2550000E+01  0.1123424E-01
 0.2560000E+01  0.1173116E-01
 0.2570000E+01  0.1223875E-01
 0.2580000E+01  0.1275658E-01
 0.2590000E+01  0.1328418E-01
 0.2600000E+01  0.1382107E-01
 0.2610000E+01  0.1436675E-01
 0.2620000E+01  0.1492069E-01
 0.2630000E+01  0.1548239E-01
 0.2640000E+01  0.1605132E-01
 0.2650000E+01  0.1662697E-01
 0.2660000E+01  0.1720885E-01
 0.2670000E+01  0.1779647E-01
 0.2680000E+01  0.1838936E-01
 0.2690000E+01  0.1898709E-01
 0.2700000E+01  0.1958922E-01
 0.2710000E+01  0.2019535E-01
 0.2720000E+01  0.2080510E-01
 0.2730000E+01  0.2141810E-01
 0.2740000E+01  0.2203402E-01
 0.2750000E+01  0.2265251E-01
 0.2760000E+01  0.2327325E-01
 0.2770000E+01  0.2389590E-01
 0.2780000E+01  0.2452017E-01
 0.2790000E+01  0.2514570E-01
 0.2800000E+01  0.2577219E-01
 0.2810000E+01  0.2639928E-01
 0.2820000E+01  0.2702664E-01
 0.2830000E+01  0.2765390E-01
 0.2840000E+01  0.2828069E-01
 0.2850000E+01  0.2890665E-01
 0.2860000E+01  0.2953139E-01
 0.2870000E+01  0.3015455E-01
 0.2880000E+01  0.3077574E-01
 0.2890000E+01  0.3139460E-01
 0.2900000E+01  0.3201080E-01
 0.2910000E+01  0.3262401E-01
 0.2920000E+01  0.3323394E-01
 0.2930000E+01  0.3384032E-01
 0.2940000E+01  0.3444293E-01
 0.2950000E+01  0.3504159E-01
 0.2960000E+01  0.3563615E-01
 0.2970000E+01  0.3622651E-01
 0.2980000E+01  0.3681261E-01
 0.2990000E+01  0.3739443E-01
 0.3000000E+01  0.3797199E-01
 0.3010000E+01  0.3854531E-01
 0.3020000E+01  0.3911446E-01
 0.3030000E+01  0.3967951E-01
 0.3040000E+01  0.4024054E-01
 0.3050000E+01  0.4079763E-01
 0.3060000E+01  0.4135084E-01
 0.3070000E+01  0.4190022E-01
 0.3080000E+01  0.4244579E-01
 0.3090000E+01  0.4298754E-01
 0.3100000E+01  0.4352544E-01
 0.3110000E+01  0.4405940E-01
 0.3120000E+01  0.4458932E-01
 0.3130000E+01  0.4511504E-01
 0.3140000E+01  0.4563640E-01
 0.3150000E+01  0.4615319E-01
 0.3160000E+01  0.4666518E-01
 0.3170000E+01  0.4717215E-01
 0.3180000E+01  0.4767386E-01
 0.3190000E+01  0.4817007E-01
 0.3200000E+01  0.4866055E-01
 0.3210000E+01  0.4914511E-01
 0.3220000E+01  0.4962357E-01
 0.3230000E+01  0.5009577E-01
 0.3240000E+01  0.5056161E-01
 0.3250000E+01  0.5102100E-01
 0.3260000E+01  0.5147390E-01
 0.3270000E+01  0.5192031E-01
 0.3280000E+01  0.5236025E-01
 0.3290000E+01  0.5279377E-01
 0.3300000E+01  0.5322093E-01
 0.3310000E+01  0.5364182E-01
 0.3320000E+01  0.5405653E-01
 0.3330000E+01  0.5446516E-01
 0.3340000E+01  0.5486777E-01
 0.3350000E+01  0.5526445E-01
 0.3360000E+01  0.5565526E-01
 0.3370000E+01  0.5604021E-01
 0.3380000E+01  0.5641934E-01
 0.3390000E+01  0.5679262E-01
 0.3400000E+01  0.5716003E-01
 0.3410000E+01  0.5752154E-01
 0.3420000E+01  0.5787708E-01
 0.3430000E+01  0.5822660E-01
 0.3440000E+01  0.5857003E-01
 0.3450000E+01  0.5890733E-01
 0.3460000E+01  0.5923845E-01
 0.3470000E+01  0.5956338E-01
 0.3480000E+01  0.5988211E-01
 0.3490000E+01  0.6019467E-01
 0.3500000E+01  0.6050112E-01
 0.3510000E+01  0.6080153E-01
 0.3520000E+01  0.6109601E-01
 0.3530000E+01  0.6138469E-01
 0.3540000E+01  0.6166772E-01
 0.3550000E+01  0.6194524E-01
 0.3560000E+01  0.6221743E-01
 0.3570000E+01  0.6248442E-01
 0.3580000E+01  0.6274637E-01
 0.3590000E+01  0.6300341E-01
 0.3600000E+01  0.6325563E-01
 0.3610000E+01  0.6350312E-01
 0.3620000E+01  0.6374593E-01
 0.3630000E+01  0.6398408E-01
 0.3640000E+01  0.6421755E-01
 0.3650000E+01  0.6444629E-01
 0.3660000E+01  0.6467026E-01
 0.3670000E+01  0.6488936E-01
 0.3680000E+01  0.6510350E-01
 0.3690000E+01  0.6531259E-01
 0.3700000E+01  0.6551654E-01
 0.3710000E+01  0.6571527E-01
 0.3720000E+01  0.6590873E-01
 0.3730000E+01  0.6609688E-01
 0.3740000E+01  0.6627973E-01
 0.3750000E+01  0.6645733E-01
 0.3760000E+01  0.6662974E-01
 0.3770000E+01  0.6679710E-01
 0.3780000E+01  0.6695954E-01
 0.3790000E+01  0.6711728E-01
 0.3800000E+01  0.6727052E-01
 0.3810000E+01  0.6741950E-01
 0.3820000E+01  0.6756448E-01
 0.3830000E+01  0.6770572E-01
 0.3840000E+01  0.6784348E-01
 0.3850000E+01  0.6797801E-01
 0.3860000E+01  0.6810954E-01
 0.3870000E+01  0.6823827E-01
 0.3880000E+01  0.6836439E-01
 0.3890000E+01  0.6848802E-01
 0.3900000E+01  0.6860928E-01
 0.3910000E+01  0.6872822E-01
 0.3920000E+01  0.6884487E-01
 0.3930000E+01  0.6895921E-01
 0.3940000E+01  0.6907121E-01
 0.3950000E+01  0.6918080E-01
 0.3960000E+01  0.6928789E-01
 0.3970000E+01  0.6939236E-01
 0.3980000E+01  0.6949413E-01
 0.3990000E+01  0.6959306E-01
 0.4000000E+01  0.6968907E-01
 0.4010000E+01  0.6978206E-01
 0.4020000E+01  0.6987197E-01
 0.4030000E+01  0.6995873E-01
 0.4040000E+01  0.7004233E-01
 0.4050000E+01  0.7012278E-01
 0.4060000E+01  0.7020009E-01
 0.4070000E+01  0.7027433E-01
 0.4080000E+01  0.7034558E-01
 0.4090000E+01  0.7041394E-01
 0.4100000E+01  0.7047953E-01
 0.4110000E+01  0.7054250E-01
 0.4120000E+01  0.7060298E-01
 0.4130000E+01  0.7066115E-01
 0.4140000E+01  0.7071715E-01
 0.4150000E+01  0.7077117E-01
 0.4160000E+01  0.7082336E-01
 0.4170000E+01  0.7087388E-01
 0.4180000E+01  0.7092291E-01
 0.4190000E+01  0.7097060E-01
 0.4200000E+01  0.7101712E-01
 0.4210000E+01  0.7106262E-01
 0.4220000E+01  0.7110726E-01
 0.4230000E+01  0.7115122E-01
 0.4240000E+01  0.7119466E-01
 0.4250000E+01  0.7123775E-01
 0.4260000E+01  0.7128068E-01
 0.4270000E+01  0.7132363E-01
 0.4280000E+01  0.7136679E-01
 0.4290000E+01  0.7141035E-01
 0.4300000E+01  0.7145451E-01
 0.4310000E+01  0.7149945E-01
 0.4320000E+01  0.7154536E-01
 0.4330000E+01  0.7159241E-01
 0.4340000E+01  0.7164073E-01
 0.4350000E+01  0.7169047E-01
 0.4360000E+01  0.7174172E-01
 0.4370000E+01  0.7179455E-01
 0.4380000E+01  0.7184899E-01
 0.4390000E+01  0.7190503E-01
 0.4400000E+01  0.7196261E-01
 0.4410000E+01  0.7202164E-01
 0.4420000E+01  0.7208199E-01
 0.4430000E+01  0.7214348E-01
 0.4440000E+01  0.7220590E-01
 0.4450000E+01  0.7226902E-01
 0.4460000E+01  0.7233257E-01
 0.4470000E+01  0.7239627E-01
 0.4480000E+01  0.7245982E-01
 0.4490000E+01  0.7252293E-01
 0.4500000E+01  0.7258530E-01
 0.4510000E+01  0.7264667E-01
 0.4520000E+01  0.7270676E-01
 0.4530000E+01  0.7276533E-01
 0.4540000E+01  0.7282219E-01
 0.4550000E+01  0.7287715E-01
 0.4560000E+01  0.7293006E-01
 0.4570000E+01  0.7298081E-01
 0.4580000E+01  0.7302933E-01
 0.4590000E+01  0.7307556E-01
 0.4600000E+01  0.7311948E-01
 0.4610000E+01  0.7316111E-01
 0.4620000E+01  0.7320046E-01
 0.4630000E+01  0.7323758E-01
 0.4640000E+01  0.7327253E-01
 0.4650000E+01  0.7330536E-01
 0.4660000E+01  0.7333614E-01
 0.4670000E+01  0.7336494E-01
 0.4680000E+01  0.7339182E-01
 0.4690000E+01  0.7341685E-01
 0.4700000E+01  0.7344009E-01
 0.4710000E+01  0.7346158E-01
 0.4720000E+01  0.7348138E-01
 0.4730000E+01  0.7349954E-01
 0.4740000E+01  0.7351611E-01
 0.4750000E+01  0.7353114E-01
 0.4760000E+01  0.7354468E-01
 0.4770000E+01  0.7355679E-01
 0.4780000E+01  0.7356754E-01
 0.4790000E+01  0.7357701E-01
 0.4800000E+01  0.7358527E-01
 0.4810000E+01  0.7359244E-01
 0.4820000E+01  0.7359862E-01
 0.4830000E+01  0.7360391E-01
 0.4840000E+01  0.7360846E-01
 0.4850000E+01  0.7361238E-01
 0.4860000E+01  0.7361582E-01
 0.4870000E+01  0.7361890E-01
 0.4880000E+01  0.7362177E-01
 0.4890000E+01  0.7362454E-01
 0.4900000E+01  0.7362733E-01
 0.4910000E+01  0.7363026E-01
 0.4920000E+01  0.7363343E-01
 0.4930000E+01  0.7363691E-01
 0.4940000E+01  0.7364078E-01
 0.4950000E+01  0.7364509E-01
 0.4960000E+01  0.7364987E-01
 0.4970000E+01  0.7365516E-01
 0.4980000E+01  0.7366095E-01
 0.4990000E+01  0.7366725E-01
 0.5000000E+01  0.7367405E-01
 0.5010000E+01  0.7368133E-01
 0.5020000E+01  0.7368908E-01
 0.5030000E+01  0.7369726E-01
 0.5040000E+01  0.7370585E-01
 0.5050000E+01  0.7371483E-01
 0.5060000E+01  0.7372419E-01
 0.5070000E+01  0.7373390E-01
 0.5080000E+01  0.7374397E-01
 0.5090000E+01  0.7375438E-01
 0.5100000E+01  0.7376515E-01
 0.5110000E+01  0.7377627E-01
 0.5120000E+01  0.7378775E-01
 0.5130000E+01  0.7379960E-01
 0.5140000E+01  0.7381184E-01
 0.5150000E+01  0.7382447E-01
 0.5160000E+01  0.7383749E-01
 0.5170000E+01  0.7385091E-01
 0.5180000E+01  0.7386471E-01
 0.5190000E+01  0.7387889E-01
 0.5200000E+01  0.7389342E-01
 0.5210000E+01  0.7390827E-01
 0.5220000E+01  0.7392340E-01
 0.5230000E+01  0.7393878E-01
 0.5240000E+01  0.7395436E-01
 0.5250000E+01  0.7397008E-01
 0.5260000E+01  0.7398589E-01
 0.5270000E+01  0.7400176E-01
 0.5280000E+01  0.7401761E-01
 0.5290000E+01  0.7403342E-01
 0.5300000E+01  0.7404915E-01
 0.5310000E+01  0.7406476E-01
 0.5320000E+01  0.7408023E-01
 0.5330000E+01  0.7409555E-01
 0.5340000E+01  0.7411072E-01
 0.5350000E+01  0.7412574E-01
 0.5360000E+01  0.7414061E-01
 0.5370000E+01  0.7415535E-01
 0.5380000E+01  0.7416999E-01
 0.5390000E+01  0.7418453E-01
 0.5400000E+01  0.7419900E-01
 0.5410000E+01  0.7421341E-01
 0.5420000E+01  0.7422777E-01
 0.5430000E+01  0.7424207E-01
 0.5440000E+01  0.7425632E-01
 0.5450000E+01  0.7427048E-01
 0.5460000E+01  0.7428453E-01
 0.5470000E+01  0.7429843E-01
 0.5480000E+01  0.7431212E-01
 0.5490000E+01  0.7432554E-01
 0.5500000E+01  0.7433862E-01
 0.5510000E+01  0.7435128E-01
 0.5520000E+01  0.7436344E-01
 0.5530000E+01  0.7437502E-01
 0.5540000E+01  0.7438594E-01
 0.5550000E+01  0.7439610E-01
 0.5560000E+01  0.7440544E-01
 0.5570000E+01  0.7441390E-01
 0.5580000E+01  0.7442141E-01
 0.5590000E+01  0.7442792E-01
 0.5600000E+01  0.7443340E-01
 0.5610000E+01  0.7443783E-01
 0.5620000E+01  0.7444119E-01
 0.5630000E+01  0.7444348E-01
 0.5640000E+01  0.7444471E-01
 0.5650000E+01  0.7444491E-01
 0.5660000E+01  0.7444408E-01
 0.5670000E+01  0.7444228E-01
 0.5680000E+01  0.7443954E-01
 0.5690000E+01  0.7443589E-01
 0.5700000E+01  0.7443138E-01
 0.5710000E+01  0.7442606E-01
 0.5720000E+01  0.7441996E-01
 0.5730000E+01  0.7441314E-01
 0.5740000E+01  0.7440563E-01
 0.5750000E+01  0.7439746E-01
 0.5760000E+01  0.7438869E-01
 0.5770000E+01  0.7437934E-01
 0.5780000E+01  0.7436945E-01
 0.5790000E+01  0.7435905E-01
 0.5800000E+01  0.7434818E-01
 0.5810000E+01  0.7433688E-01
 0.5820000E+01  0.7432518E-01
 0.5830000E+01  0.7431312E-01
 0.5840000E+01  0.7430075E-01
 0.5850000E+01  0.7428810E-01
 0.5860000E+01  0.7427521E-01
 0.5870000E+01  0.7426215E-01
 0.5880000E+01  0.7424894E-01
 0.5890000E+01  0.7423564E-01
 0.5900000E+01  0.7422229E-01
 0.5910000E+01  0.7420893E-01
 0.5920000E+01  0.7419560E-01
 0.5930000E+01  0.7418233E-01
 0.5940000E+01  0.7416915E-01
 0.5950000E+01  0.7415609E-01
 0.5960000E+01  0.7414314E-01
 0.5970000E+01  0.7413033E-01
 0.5980000E+01  0.7411765E-01
 0.5990000E+01  0.7410508E-01
 0.6000000E+01  0.7409260E-01
 0.6010000E+01  0.7408020E-01
 0.6020000E+01  0.7406783E-01
 0.6030000E+01  0.7405546E-01
 0.6040000E+01  0.7404304E-01
 0.6050000E+01  0.7403053E-01
 0.6060000E+01  0.7401787E-01
 0.6070000E+01  0.7400502E-01
 0.6080000E+01  0.7399191E-01
 0.6090000E+01  0.7397849E-01
 0.6100000E+01  0.7396472E-01
 0.6110000E+01  0.7395054E-01
 0.6120000E+01  0.7393590E-01
 0.6130000E+01  0.7392075E-01
 0.6140000E+01  0.7390505E-01
 0.6150000E+01  0.7388874E-01
 0.6160000E+01  0.7387178E-01
 0.6170000E+01  0.7385411E-01
 0.6180000E+01  0.7383569E-01
 0.6190000E+01  0.7381645E-01
 0.6200000E+01  0.7379634E-01
 0.6210000E+01  0.7377529E-01
 0.6220000E+01  0.7375323E-01
 0.6230000E+01  0.7373007E-01
 0.6240000E+01  0.7370574E-01
 0.6250000E+01  0.7368014E-01
 0.6260000E+01  0.7365318E-01
 0.6270000E+01  0.7362474E-01
 0.6280000E+01  0.7359472E-01
 0.6290000E+01  0.7356300E-01
 0.6300000E+01  0.7352948E-01
 0.6310000E+01  0.7349402E-01
 0.6320000E+01  0.7345652E-01
 0.6330000E+01  0.7341686E-01
 0.6340000E+01  0.7337493E-01
 0.6350000E+01  0.7333062E-01
 0.6360000E+01  0.7328382E-01
 0.6370000E+01  0.7323445E-01
 0.6380000E+01  0.7318242E-01
 0.6390000E+01  0.7312764E-01
 0.6400000E+01  0.7307007E-01
 0.6410000E+01  0.7300963E-01
 0.6420000E+01  0.7294627E-01
 0.6430000E+01  0.7287997E-01
 0.6440000E+01  0.7281068E-01
 0.6450000E+01  0.7273840E-01
 0.6460000E+01  0.7266309E-01
 0.6470000E+01  0.7258477E-01
 0.6480000E+01  0.7250342E-01
 0.6490000E+01  0.7241907E-01
 0.6500000E+01  0.7233171E-01
 0.6510000E+01  0.7224137E-01
 0.6520000E+01  0.7214806E-01
 0.6530000E+01  0.7205183E-01
 0.6540000E+01  0.7195270E-01
 0.6550000E+01  0.7185070E-01
 0.6560000E+01  0.7174588E-01
 0.6570000E+01  0.7163829E-01
 0.6580000E+01  0.7152797E-01
 0.6590000E+01  0.7141498E-01
 0.6600000E+01  0.7129939E-01
 0.6610000E+01  0.7118125E-01
 0.6620000E+01  0.7106064E-01
 0.6630000E+01  0.7093763E-01
 0.6640000E+01  0.7081230E-01
 0.6650000E+01  0.7068472E-01
 0.6660000E+01  0.7055499E-01
 0.6670000E+01  0.7042319E-01
 0.6680000E+01  0.7028940E-01
 0.6690000E+01  0.7015370E-01
 0.6700000E+01  0.7001618E-01
 0.6710000E+01  0.6987692E-01
 0.6720000E+01  0.6973600E-01
 0.6730000E+01  0.6959350E-01
 0.6740000E+01  0.6944947E-01
 0.6750000E+01  0.6930398E-01
 0.6760000E+01  0.6915710E-01
 0.6770000E+01  0.6900886E-01
 0.6780000E+01  0.6885933E-01
 0.6790000E+01  0.6870853E-01
 0.6800000E+01  0.6855650E-01
 0.6810000E+01  0.6840327E-01
 0.6820000E+01  0.6824886E-01
 0.6830000E+01  0.6809328E-01
 0.6840000E+01  0.6793655E-01
 0.6850000E+01  0.6777867E-01
 0.6860000E+01  0.6761966E-01
 0.6870000E+01  0.6745951E-01
 0.6880000E+01  0.6729822E-01
 0.6890000E+01  0.6713578E-01
 0.6900000E+01  0.6697219E-01
 0.6910000E+01  0.6680745E-01
 0.6920000E+01  0.6664153E-01
 0.6930000E+01  0.6647442E-01
 0.6940000E+01  0.6630611E-01
 0.6950000E+01  0.6613658E-01
 0.6960000E+01  0.6596579E-01
 0.6970000E+01  0.6579373E-01
 0.6980000E+01  0.6562036E-01
 0.6990000E+01  0.6544565E-01
 0.7000000E+01  0.6526955E-01
 0.7010000E+01  0.6509203E-01
 0.7020000E+01  0.6491303E-01
 0.7030000E+01  0.6473250E-01
 0.7040000E+01  0.6455038E-01
 0.7050000E+01  0.6436663E-01
 0.7060000E+01  0.6418117E-01
 0.7070000E+01  0.6399395E-01
 0.7080000E+01  0.6380489E-01
 0.7090000E+01  0.6361395E-01
 0.7100000E+01  0.6342105E-01
 0.7110000E+01  0.6322613E-01
 0.7120000E+01  0.6302914E-01
 0.7130000E+01  0.6283001E-01
 0.7140000E+01  0.6262869E-01
 0.7150000E+01  0.6242514E-01
 0.7160000E+01  0.6221929E-01
 0.7170000E+01  0.6201112E-01
 0.7180000E+01  0.6180059E-01
 0.7190000E+01  0.6158766E-01
 0.7200000E+01  0.6137231E-01
 0.7210000E+01  0.6115450E-01
 0.7220000E+01  0.6093423E-01
 0.7230000E+01  0.6071146E-01
 0.7240000E+01  0.6048619E-01
 0.7250000E+01  0.6025841E-01
 0.7260000E+01  0.6002811E-01
 0.7270000E+01  0.5979527E-01
 0.7280000E+01  0.5955990E-01
 0.7290000E+01  0.5932199E-01
 0.7300000E+01  0.5908154E-01
 0.7310000E+01  0.5883854E-01
 0.7320000E+01  0.5859301E-01
 0.7330000E+01  0.5834493E-01
 0.7340000E+01  0.5809431E-01
 0.7350000E+01  0.5784117E-01
 0.7360000E+01  0.5758551E-01
 0.7370000E+01  0.5732735E-01
 0.7380000E+01  0.5706669E-01
 0.7390000E+01  0.5680357E-01
 0.7400000E+01  0.5653800E-01
 0.7410000E+01  0.5627001E-01
 0.7420000E+01  0.5599964E-01
 0.7430000E+01  0.5572691E-01
 0.7440000E+01  0.5545188E-01
 0.7450000E+01  0.5517459E-01
 0.7460000E+01  0.5489508E-01
 0.7470000E+01  0.5461340E-01
 0.7480000E+01  0.5432962E-01
 0.7490000E+01  0.5404379E-01
 0.7500000E+01  0.5375597E-01
 0.7510000E+01  0.5346622E-01
 0.7520000E+01  0.5317461E-01
 0.7530000E+01  0.5288120E-01
 0.7540000E+01  0.5258606E-01
 0.7550000E+01  0.5228925E-01
 0.7560000E+01  0.5199085E-01
 0.7570000E+01  0.5169091E-01
 0.7580000E+01  0.5138950E-01
 0.7590000E+01  0.5108670E-01
 0.7600000E+01  0.5078257E-01
 0.7610000E+01  0.5047717E-01
 0.7620000E+01  0.5017057E-01
 0.7630000E+01  0.4986285E-01
 0.7640000E+01  0.4955405E-01
 0.7650000E+01  0.4924426E-01
 0.7660000E+01  0.4893354E-01
 0.7670000E+01  0.4862194E-01
 0.7680000E+01  0.4830954E-01
 0.7690000E+01  0.4799640E-01
 0.7700000E+01  0.4768258E-01
 0.7710000E+01  0.4736815E-01
 0.7720000E+01  0.4705315E-01
 0.7730000E+01  0.4673764E-01
 0.7740000E+01  0.4642169E-01
 0.7750000E+01  0.4610533E-01
 0.7760000E+01  0.4578861E-01
 0.7770000E+01  0.4547159E-01
 0.7780000E+01  0.4515429E-01
 0.7790000E+01  0.4483675E-01
 0.7800000E+01  0.4451901E-01
 0.7810000E+01  0.4420109E-01
 0.7820000E+01  0.4388303E-01
 0.7830000E+01  0.4356483E-01
 0.7840000E+01  0.4324652E-01
 0.7850000E+01  0.4292813E-01
 0.7860000E+01  0.4260967E-01
 0.7870000E+01  0.4229115E-01
 0.7880000E+01  0.4197260E-01
 0.7890000E+01  0.4165404E-01
 0.7900000E+01  0.4133549E-01
 0.7910000E+01  0.4101698E-01
 0.7920000E+01  0.4069855E-01
 0.7930000E+01  0.4038024E-01
 0.7940000E+01  0.4006210E-01
 0.7950000E+01  0.3974418E-01
 0.7960000E+01  0.3942656E-01
 0.7970000E+01  0.3910932E-01
 0.7980000E+01  0.3879255E-01
 0.7990000E+01  0.3847637E-01
 0.8000000E+01  0.3816090E-01
