 0.3135322E+00  0.6184886E-01  0.7849692E-04 -0.6184881E-01
 0.6270644E+00  0.6308387E-01  0.3053432E-05 -0.6308387E-01
 0.9405966E+00  0.6453924E-01 -0.8222150E-04 -0.6453919E-01
 0.1254129E+01  0.6606825E-01 -0.2743387E-05 -0.6606825E-01
 0.1567661E+01  0.6749687E-01  0.8672507E-04 -0.6749681E-01
 0.1881193E+01  0.6898903E-01  0.2728431E-05 -0.6898903E-01
 0.2194725E+01  0.7073887E-01 -0.9126972E-04 -0.7073881E-01
 0.2508258E+01  0.7258427E-01 -0.2141160E-05 -0.7258427E-01
 0.2821790E+01  0.7433421E-01  0.9679812E-04 -0.7433415E-01
 0.3135322E+01  0.7617507E-01  0.1840950E-05 -0.7617507E-01
 0.3448854E+01  0.7832529E-01 -0.1024583E-03 -0.7832522E-01
 0.3762386E+01  0.8060373E-01 -0.7858224E-06 -0.8060373E-01
 0.4075919E+01  0.8280029E-01  0.1093835E-03 -0.8280021E-01
 0.4389451E+01  0.8513201E-01 -0.3391335E-07 -0.8513201E-01
 0.4702983E+01  0.8784855E-01 -0.1165731E-03 -0.8784847E-01
 0.5016515E+01  0.9074516E-01  0.1938386E-05 -0.9074516E-01
 0.5330047E+01  0.9359132E-01  0.1254714E-03 -0.9359124E-01
 0.5643580E+01  0.9664854E-01 -0.3720685E-05 -0.9664854E-01
 0.5957112E+01  0.1002087E+00 -0.1347949E-03 -0.1002086E+00
 0.6270644E+01  0.1040385E+00  0.7227829E-05 -0.1040385E+00
 0.6584176E+01  0.1078892E+00  0.1465250E-03 -0.1078891E+00
 0.6897708E+01  0.1120923E+00 -0.1092565E-04 -0.1120923E+00
 0.7211241E+01  0.1170025E+00 -0.1588893E-03 -0.1170024E+00
 0.7524773E+01  0.1223563E+00  0.1759128E-04 -0.1223563E+00
 0.7838305E+01  0.1279024E+00  0.1746591E-03 -0.1279023E+00
 0.8151837E+01  0.1340991E+00 -0.2534344E-04 -0.1340991E+00
 0.8465369E+01  0.1414134E+00 -0.1911640E-03 -0.1414132E+00
 0.8778902E+01  0.1495752E+00  0.3875152E-04 -0.1495752E+00
 0.9092434E+01  0.1584091E+00  0.2123169E-03 -0.1584089E+00
 0.9405966E+01  0.1686703E+00 -0.5537496E-04 -0.1686703E+00
 0.9719498E+01  0.1811284E+00 -0.2320266E-03 -0.1811283E+00
 0.1003303E+02  0.1957526E+00  0.9134103E-04 -0.1957525E+00
 0.1034656E+02  0.2130033E+00  0.3131888E-03 -0.2130031E+00
 0.1066009E+02  0.2350557E+00  0.2253307E-03 -0.2350556E+00
 0.1097363E+02  0.2648551E+00  0.1495573E-02 -0.2648509E+00
 0.1128716E+02  0.3054872E+00  0.7558387E-02 -0.3053937E+00
 0.1160069E+02  0.3610083E+00  0.2532303E-01 -0.3601191E+00
 0.1191422E+02  0.4339942E+00  0.6893773E-01 -0.4284840E+00
 0.1222776E+02  0.5193814E+00  0.1558548E+00 -0.4954456E+00
 0.1254129E+02  0.6028312E+00  0.2896612E+00 -0.5286794E+00
 0.1285482E+02  0.6670205E+00  0.4453580E+00 -0.4965607E+00
 0.1316835E+02  0.7003464E+00  0.5790310E+00 -0.3939648E+00
 0.1348188E+02  0.7016019E+00  0.6567097E+00 -0.2469363E+00
 0.1379542E+02  0.6773941E+00  0.6712718E+00 -0.9086810E-01
 0.1410895E+02  0.6342486E+00  0.6322908E+00  0.4979638E-01
 0.1442248E+02  0.5731413E+00  0.5506273E+00  0.1590615E+00
 0.1473601E+02  0.4932299E+00  0.4415554E+00  0.2197831E+00
 0.1504955E+02  0.4017911E+00  0.3349866E+00  0.2218559E+00
 0.1536308E+02  0.3212158E+00  0.2659656E+00  0.1801164E+00
 0.1567661E+02  0.2815821E+00  0.2486347E+00  0.1321714E+00
 0.1599014E+02  0.2877101E+00  0.2651899E+00  0.1115858E+00
 0.1630367E+02  0.3103896E+00  0.2838010E+00  0.1256929E+00
 0.1661721E+02  0.3252732E+00  0.2833361E+00  0.1597601E+00
 0.1693074E+02  0.3252438E+00  0.2600742E+00  0.1953073E+00
 0.1724427E+02  0.3107139E+00  0.2193953E+00  0.2200200E+00
 0.1755780E+02  0.2829480E+00  0.1693900E+00  0.2266420E+00
 0.1787134E+02  0.2437536E+00  0.1204616E+00  0.2119076E+00
 0.1818487E+02  0.1971662E+00  0.8385905E-01  0.1784438E+00
 0.1849840E+02  0.1506429E+00  0.6789951E-01  0.1344728E+00
 0.1881193E+02  0.1189090E+00  0.7620433E-01  0.9128113E-01
 0.1912546E+02  0.1236412E+00  0.1069256E+00  0.6208108E-01
 0.1943900E+02  0.1611186E+00  0.1496877E+00  0.5960549E-01
 0.1975253E+02  0.2049560E+00  0.1850226E+00  0.8816810E-01
 0.2006606E+02  0.2366728E+00  0.1934838E+00  0.1363013E+00
 0.2037959E+02  0.2480262E+00  0.1693732E+00  0.1811897E+00
 0.2069313E+02  0.2389576E+00  0.1247324E+00  0.2038199E+00
 0.2100666E+02  0.2152609E+00  0.7894595E-01  0.2002618E+00
 0.2132019E+02  0.1849438E+00  0.4527730E-01  0.1793159E+00
 0.2163372E+02  0.1546069E+00  0.2647980E-01  0.1523224E+00
 0.2194725E+02  0.1276965E+00  0.1919498E-01  0.1262456E+00
 0.2226079E+02  0.1050930E+00  0.1946658E-01  0.1032744E+00
 0.2257432E+02  0.8704981E-01  0.2529593E-01  0.8329337E-01
 0.2288785E+02  0.7598764E-01  0.3686275E-01  0.6644742E-01
 0.2320138E+02  0.7784907E-01  0.5495120E-01  0.5514384E-01
 0.2351492E+02  0.9474683E-01  0.7785761E-01  0.5399218E-01
 0.2382845E+02  0.1195434E+00  0.9935822E-01  0.6647223E-01
 0.2414198E+02  0.1431528E+00  0.1107823E+00  0.9066428E-01
 0.2445551E+02  0.1592025E+00  0.1063785E+00  0.1184443E+00
 0.2476904E+02  0.1647249E+00  0.8741338E-01  0.1396180E+00
 0.2508258E+02  0.1600154E+00  0.6139333E-01  0.1477693E+00
 0.2539611E+02  0.1479392E+00  0.3718366E-01  0.1431900E+00
 0.2570964E+02  0.1325886E+00  0.2008686E-01  0.1310582E+00
 0.2602317E+02  0.1175171E+00  0.1043257E-01  0.1170531E+00
 0.2633670E+02  0.1044100E+00  0.5770996E-02  0.1042504E+00
 0.2665024E+02  0.9318688E-01  0.3745990E-02  0.9311156E-01
 0.2696377E+02  0.8309144E-01  0.3163048E-02  0.8303121E-01
 0.2727730E+02  0.7326717E-01  0.3709056E-02  0.7317322E-01
 0.2759083E+02  0.6295245E-01  0.6074007E-02  0.6265874E-01
 0.2790437E+02  0.5306905E-01  0.1227521E-01  0.5162986E-01
 0.2821790E+02  0.4925407E-01  0.2432923E-01  0.4282584E-01
 0.2853143E+02  0.5828302E-01  0.4130190E-01  0.4112254E-01
 0.2884496E+02  0.7643498E-01  0.5780488E-01  0.5000901E-01
 0.2915849E+02  0.9498673E-01  0.6650266E-01  0.6782238E-01
 0.2947203E+02  0.1080265E+00  0.6310868E-01  0.8767567E-01
 0.2978556E+02  0.1130545E+00  0.4947446E-01  0.1016543E+00
 0.3009909E+02  0.1104887E+00  0.3204658E-01  0.1057392E+00
 0.3041262E+02  0.1028610E+00  0.1727350E-01  0.1014003E+00
 0.3072616E+02  0.9347330E-01  0.8017357E-02  0.9312884E-01
 0.3103969E+02  0.8482421E-01  0.3480586E-02  0.8475277E-01
 0.3135322E+02  0.7775887E-01  0.1573544E-02  0.7774295E-01
 0.3166675E+02  0.7200031E-01  0.8622328E-03  0.7199514E-01
 0.3198028E+02  0.6714319E-01  0.7419017E-03  0.6713909E-01
 0.3229382E+02  0.6286235E-01  0.8731962E-03  0.6285628E-01
 0.3260735E+02  0.5868216E-01  0.1164243E-02  0.5867061E-01
 0.3292088E+02  0.5425057E-01  0.2049394E-02  0.5421184E-01
 0.3323441E+02  0.4991819E-01  0.4209611E-02  0.4974038E-01
 0.3354795E+02  0.4677077E-01  0.7899452E-02  0.4609885E-01
 0.3386148E+02  0.4592559E-01  0.1270316E-01  0.4413377E-01
 0.3417501E+02  0.4776685E-01  0.1781894E-01  0.4431881E-01
 0.3448854E+02  0.5179656E-01  0.2230024E-01  0.4675022E-01
 0.3480207E+02  0.5692892E-01  0.2511758E-01  0.5108825E-01
 0.3511561E+02  0.6185625E-01  0.2541581E-01  0.5639355E-01
 0.3542914E+02  0.6544076E-01  0.2298122E-01  0.6127280E-01
 0.3574267E+02  0.6701290E-01  0.1846160E-01  0.6441971E-01
 0.3605620E+02  0.6646052E-01  0.1311394E-01  0.6515386E-01
 0.3636974E+02  0.6417869E-01  0.8282160E-02  0.6364205E-01
 0.3668327E+02  0.6094204E-01  0.4855881E-02  0.6074828E-01
 0.3699680E+02  0.5760985E-01  0.2946696E-02  0.5753444E-01
 0.3731033E+02  0.5469605E-01  0.2060882E-02  0.5465721E-01
 0.3762386E+02  0.5220846E-01  0.1685921E-02  0.5218124E-01
 0.3793740E+02  0.5000188E-01  0.1675218E-02  0.4997381E-01
 0.3825093E+02  0.4815767E-01  0.2039852E-02  0.4811445E-01
 0.3856446E+02  0.4685881E-01  0.2580163E-02  0.4678772E-01
 0.3887799E+02  0.4603428E-01  0.2938348E-02  0.4594041E-01
 0.3919153E+02  0.4536126E-01  0.2921435E-02  0.4526709E-01
 0.3950506E+02  0.4454438E-01  0.2588500E-02  0.4446910E-01
 0.3981859E+02  0.4341131E-01  0.2101964E-02  0.4336040E-01
 0.4013212E+02  0.4184109E-01  0.1689666E-02  0.4180696E-01
 0.4044565E+02  0.3982683E-01  0.1714126E-02  0.3978992E-01
 0.4075919E+02  0.3766212E-01  0.2584100E-02  0.3757336E-01
 0.4107272E+02  0.3601328E-01  0.4511058E-02  0.3572964E-01
 0.4138625E+02  0.3573423E-01  0.7298386E-02  0.3498097E-01
 0.4169978E+02  0.3733776E-01  0.1022220E-01  0.3591120E-01
 0.4201331E+02  0.4038600E-01  0.1213149E-01  0.3852085E-01
 0.4232685E+02  0.4358074E-01  0.1202260E-01  0.4188959E-01
 0.4264038E+02  0.4559959E-01  0.9843445E-02  0.4452448E-01
 0.4295391E+02  0.4586178E-01  0.6657790E-02  0.4537595E-01
 0.4326744E+02  0.4469349E-01  0.3809329E-02  0.4453086E-01
 0.4358098E+02  0.4288015E-01  0.1962497E-02  0.4283522E-01
 0.4389451E+02  0.4103663E-01  0.1014955E-02  0.4102408E-01
 0.4420804E+02  0.3939604E-01  0.6567666E-03  0.3939057E-01
 0.4452157E+02  0.3804630E-01  0.6830171E-03  0.3804017E-01
 0.4483510E+02  0.3705941E-01  0.8899696E-03  0.3704872E-01
 0.4514864E+02  0.3637343E-01  0.1051813E-02  0.3635822E-01
 0.4546217E+02  0.3581480E-01  0.1078374E-02  0.3579856E-01
 0.4577570E+02  0.3528274E-01  0.1008285E-02  0.3526833E-01
 0.4608923E+02  0.3475004E-01  0.8480587E-03  0.3473969E-01
 0.4640277E+02  0.3412857E-01  0.5875020E-03  0.3412351E-01
 0.4671630E+02  0.3332144E-01  0.3335902E-03  0.3331977E-01
 0.4702983E+02  0.3237201E-01  0.2383561E-03  0.3237113E-01
 0.4734336E+02  0.3138740E-01  0.3287266E-03  0.3138568E-01
 0.4765689E+02  0.3036574E-01  0.5942198E-03  0.3035992E-01
 0.4797043E+02  0.2931957E-01  0.1185565E-02  0.2929559E-01
 0.4828396E+02  0.2855568E-01  0.2275758E-02  0.2846485E-01
 0.4859749E+02  0.2854970E-01  0.3692365E-02  0.2830992E-01
 0.4891102E+02  0.2941075E-01  0.4887474E-02  0.2900181E-01
 0.4922456E+02  0.3069576E-01  0.5343923E-02  0.3022701E-01
 0.4953809E+02  0.3180951E-01  0.4923247E-02  0.3142621E-01
 0.4985162E+02  0.3236582E-01  0.3858226E-02  0.3213503E-01
