 0.2000000E+00  0.1868462E-07  0.5251119E-02  0.4989131E-02  0.1024027E-01
 0.4000000E+00  0.7473849E-07  0.5251038E-02  0.4989155E-02  0.1024027E-01
 0.6000000E+00  0.1681616E-06  0.5250903E-02  0.4989197E-02  0.1024027E-01
 0.8000000E+00  0.2989540E-06  0.5250714E-02  0.4989255E-02  0.1024027E-01
 0.1000000E+01  0.4671157E-06  0.5250471E-02  0.4989330E-02  0.1024027E-01
 0.1200000E+01  0.6726468E-06  0.5250175E-02  0.4989421E-02  0.1024027E-01
 0.1400000E+01  0.9155474E-06  0.5249824E-02  0.4989529E-02  0.1024027E-01
 0.1600000E+01  0.1195818E-05  0.5249420E-02  0.4989653E-02  0.1024027E-01
 0.1800000E+01  0.1513458E-05  0.5248962E-02  0.4989794E-02  0.1024027E-01
 0.2000000E+01  0.1868469E-05  0.5248450E-02  0.4989951E-02  0.1024027E-01
 0.2200000E+01  0.2260851E-05  0.5247884E-02  0.4990125E-02  0.1024027E-01
 0.2400000E+01  0.2690605E-05  0.5247265E-02  0.4990315E-02  0.1024027E-01
 0.2600000E+01  0.3157732E-05  0.5246592E-02  0.4990522E-02  0.1024027E-01
 0.2800000E+01  0.3662233E-05  0.5245865E-02  0.4990745E-02  0.1024027E-01
 0.3000000E+01  0.4204111E-05  0.5245085E-02  0.4990985E-02  0.1024027E-01
 0.3200000E+01  0.4783367E-05  0.5244252E-02  0.4991241E-02  0.1024028E-01
 0.3400000E+01  0.5400004E-05  0.5243366E-02  0.4991513E-02  0.1024028E-01
 0.3600000E+01  0.6054026E-05  0.5242426E-02  0.4991802E-02  0.1024028E-01
 0.3800000E+01  0.6745435E-05  0.5241433E-02  0.4992107E-02  0.1024029E-01
 0.4000000E+01  0.7474238E-05  0.5240387E-02  0.4992428E-02  0.1024029E-01
 0.4200000E+01  0.8240438E-05  0.5239288E-02  0.4992765E-02  0.1024029E-01
 0.4400000E+01  0.9044043E-05  0.5238137E-02  0.4993119E-02  0.1024030E-01
 0.4600000E+01  0.9885059E-05  0.5236932E-02  0.4993488E-02  0.1024031E-01
 0.4800000E+01  0.1076349E-04  0.5235675E-02  0.4993874E-02  0.1024031E-01
 0.5000000E+01  0.1167936E-04  0.5234366E-02  0.4994275E-02  0.1024032E-01
 0.5200000E+01  0.1263266E-04  0.5233004E-02  0.4994693E-02  0.1024033E-01
 0.5400000E+01  0.1362342E-04  0.5231590E-02  0.4995126E-02  0.1024034E-01
 0.5600000E+01  0.1465164E-04  0.5230124E-02  0.4995576E-02  0.1024035E-01
 0.5800000E+01  0.1571734E-04  0.5228606E-02  0.4996041E-02  0.1024036E-01
 0.6000000E+01  0.1682054E-04  0.5227036E-02  0.4996522E-02  0.1024038E-01
 0.6200000E+01  0.1796125E-04  0.5225414E-02  0.4997018E-02  0.1024039E-01
 0.6400000E+01  0.1913950E-04  0.5223741E-02  0.4997531E-02  0.1024041E-01
 0.6600000E+01  0.2035531E-04  0.5222017E-02  0.4998059E-02  0.1024043E-01
 0.6800000E+01  0.2160870E-04  0.5220241E-02  0.4998602E-02  0.1024045E-01
 0.7000000E+01  0.2289971E-04  0.5218415E-02  0.4999161E-02  0.1024047E-01
 0.7200000E+01  0.2422835E-04  0.5216537E-02  0.4999735E-02  0.1024050E-01
 0.7400000E+01  0.2559468E-04  0.5214609E-02  0.5000324E-02  0.1024053E-01
 0.7600000E+01  0.2699871E-04  0.5212630E-02  0.5000929E-02  0.1024056E-01
 0.7800000E+01  0.2844049E-04  0.5210600E-02  0.5001549E-02  0.1024059E-01
 0.8000000E+01  0.2992007E-04  0.5208521E-02  0.5002184E-02  0.1024063E-01
 0.8200000E+01  0.3143748E-04  0.5206392E-02  0.5002834E-02  0.1024066E-01
 0.8400000E+01  0.3299278E-04  0.5204212E-02  0.5003499E-02  0.1024070E-01
 0.8600000E+01  0.3458602E-04  0.5201983E-02  0.5004179E-02  0.1024075E-01
 0.8800000E+01  0.3621727E-04  0.5199705E-02  0.5004874E-02  0.1024080E-01
 0.9000000E+01  0.3788657E-04  0.5197378E-02  0.5005584E-02  0.1024085E-01
 0.9200000E+01  0.3959400E-04  0.5195001E-02  0.5006308E-02  0.1024090E-01
 0.9400000E+01  0.4133963E-04  0.5192576E-02  0.5007047E-02  0.1024096E-01
 0.9600000E+01  0.4312354E-04  0.5190102E-02  0.5007800E-02  0.1024103E-01
 0.9800000E+01  0.4494581E-04  0.5187579E-02  0.5008568E-02  0.1024109E-01
 0.1000000E+02  0.4680652E-04  0.5185008E-02  0.5009350E-02  0.1024117E-01
 0.1020000E+02  0.4870578E-04  0.5182390E-02  0.5010147E-02  0.1024124E-01
 0.1040000E+02  0.5064367E-04  0.5179723E-02  0.5010958E-02  0.1024132E-01
 0.1060000E+02  0.5262031E-04  0.5177009E-02  0.5011782E-02  0.1024141E-01
 0.1080000E+02  0.5463581E-04  0.5174248E-02  0.5012621E-02  0.1024150E-01
 0.1100000E+02  0.5669029E-04  0.5171439E-02  0.5013474E-02  0.1024160E-01
 0.1120000E+02  0.5878388E-04  0.5168584E-02  0.5014341E-02  0.1024171E-01
 0.1140000E+02  0.6091671E-04  0.5165681E-02  0.5015221E-02  0.1024182E-01
 0.1160000E+02  0.6308893E-04  0.5162733E-02  0.5016115E-02  0.1024194E-01
 0.1180000E+02  0.6530069E-04  0.5159738E-02  0.5017023E-02  0.1024206E-01
 0.1200000E+02  0.6755215E-04  0.5156697E-02  0.5017944E-02  0.1024219E-01
 0.1220000E+02  0.6984348E-04  0.5153610E-02  0.5018879E-02  0.1024233E-01
 0.1240000E+02  0.7217486E-04  0.5150478E-02  0.5019827E-02  0.1024248E-01
 0.1260000E+02  0.7454649E-04  0.5147300E-02  0.5020789E-02  0.1024264E-01
 0.1280000E+02  0.7695856E-04  0.5144078E-02  0.5021764E-02  0.1024280E-01
 0.1300000E+02  0.7941128E-04  0.5140810E-02  0.5022751E-02  0.1024297E-01
 0.1320000E+02  0.8190489E-04  0.5137498E-02  0.5023752E-02  0.1024315E-01
 0.1340000E+02  0.8443961E-04  0.5134141E-02  0.5024766E-02  0.1024335E-01
 0.1360000E+02  0.8701570E-04  0.5130741E-02  0.5025793E-02  0.1024355E-01
 0.1380000E+02  0.8963341E-04  0.5127296E-02  0.5026832E-02  0.1024376E-01
 0.1400000E+02  0.9229303E-04  0.5123807E-02  0.5027884E-02  0.1024398E-01
 0.1420000E+02  0.9499484E-04  0.5120275E-02  0.5028949E-02  0.1024422E-01
 0.1440000E+02  0.9773914E-04  0.5116700E-02  0.5030027E-02  0.1024447E-01
 0.1460000E+02  0.1005263E-03  0.5113082E-02  0.5031117E-02  0.1024473E-01
 0.1480000E+02  0.1033565E-03  0.5109421E-02  0.5032219E-02  0.1024500E-01
 0.1500000E+02  0.1062303E-03  0.5105717E-02  0.5033334E-02  0.1024528E-01
 0.1520000E+02  0.1091480E-03  0.5101971E-02  0.5034461E-02  0.1024558E-01
 0.1540000E+02  0.1121099E-03  0.5098183E-02  0.5035600E-02  0.1024589E-01
 0.1560000E+02  0.1151165E-03  0.5094353E-02  0.5036752E-02  0.1024622E-01
 0.1580000E+02  0.1181681E-03  0.5090482E-02  0.5037915E-02  0.1024656E-01
 0.1600000E+02  0.1212654E-03  0.5086568E-02  0.5039091E-02  0.1024692E-01
 0.1620000E+02  0.1244086E-03  0.5082614E-02  0.5040278E-02  0.1024730E-01
 0.1640000E+02  0.1275984E-03  0.5078618E-02  0.5041478E-02  0.1024769E-01
 0.1660000E+02  0.1308352E-03  0.5074582E-02  0.5042689E-02  0.1024811E-01
 0.1680000E+02  0.1341196E-03  0.5070505E-02  0.5043912E-02  0.1024854E-01
 0.1700000E+02  0.1374520E-03  0.5066387E-02  0.5045147E-02  0.1024899E-01
 0.1720000E+02  0.1408333E-03  0.5062230E-02  0.5046393E-02  0.1024946E-01
 0.1740000E+02  0.1442638E-03  0.5058032E-02  0.5047651E-02  0.1024995E-01
 0.1760000E+02  0.1477444E-03  0.5053794E-02  0.5048921E-02  0.1025046E-01
 0.1780000E+02  0.1512756E-03  0.5049517E-02  0.5050203E-02  0.1025100E-01
 0.1800000E+02  0.1548582E-03  0.5045200E-02  0.5051496E-02  0.1025155E-01
 0.1820000E+02  0.1584930E-03  0.5040844E-02  0.5052800E-02  0.1025214E-01
 0.1840000E+02  0.1621806E-03  0.5036449E-02  0.5054116E-02  0.1025275E-01
 0.1860000E+02  0.1659220E-03  0.5032014E-02  0.5055444E-02  0.1025338E-01
 0.1880000E+02  0.1697179E-03  0.5027541E-02  0.5056782E-02  0.1025404E-01
 0.1900000E+02  0.1735693E-03  0.5023029E-02  0.5058133E-02  0.1025473E-01
 0.1920000E+02  0.1774771E-03  0.5018479E-02  0.5059495E-02  0.1025545E-01
 0.1940000E+02  0.1814422E-03  0.5013890E-02  0.5060868E-02  0.1025620E-01
 0.1960000E+02  0.1854657E-03  0.5009263E-02  0.5062253E-02  0.1025698E-01
 0.1980000E+02  0.1895486E-03  0.5004598E-02  0.5063649E-02  0.1025780E-01
 0.2000000E+02  0.1936921E-03  0.4999894E-02  0.5065057E-02  0.1025864E-01
 0.2020000E+02  0.1978973E-03  0.4995153E-02  0.5066476E-02  0.1025953E-01
 0.2040000E+02  0.2021654E-03  0.4990374E-02  0.5067907E-02  0.1026045E-01
 0.2060000E+02  0.2064977E-03  0.4985558E-02  0.5069350E-02  0.1026141E-01
 0.2080000E+02  0.2108955E-03  0.4980703E-02  0.5070804E-02  0.1026240E-01
 0.2100000E+02  0.2153603E-03  0.4975811E-02  0.5072270E-02  0.1026344E-01
 0.2120000E+02  0.2198933E-03  0.4970882E-02  0.5073747E-02  0.1026452E-01
 0.2140000E+02  0.2244963E-03  0.4965915E-02  0.5075237E-02  0.1026565E-01
 0.2160000E+02  0.2291707E-03  0.4960911E-02  0.5076738E-02  0.1026682E-01
 0.2180000E+02  0.2339182E-03  0.4955869E-02  0.5078252E-02  0.1026804E-01
 0.2200000E+02  0.2387406E-03  0.4950790E-02  0.5079777E-02  0.1026931E-01
 0.2220000E+02  0.2436396E-03  0.4945674E-02  0.5081315E-02  0.1027063E-01
 0.2240000E+02  0.2486172E-03  0.4940520E-02  0.5082865E-02  0.1027200E-01
 0.2260000E+02  0.2536753E-03  0.4935330E-02  0.5084428E-02  0.1027343E-01
 0.2280000E+02  0.2588161E-03  0.4930101E-02  0.5086003E-02  0.1027492E-01
 0.2300000E+02  0.2640416E-03  0.4924836E-02  0.5087591E-02  0.1027647E-01
 0.2320000E+02  0.2693542E-03  0.4919532E-02  0.5089191E-02  0.1027808E-01
 0.2340000E+02  0.2747563E-03  0.4914192E-02  0.5090805E-02  0.1027975E-01
 0.2360000E+02  0.2802503E-03  0.4908813E-02  0.5092432E-02  0.1028150E-01
 0.2380000E+02  0.2858388E-03  0.4903397E-02  0.5094073E-02  0.1028331E-01
 0.2400000E+02  0.2915247E-03  0.4897943E-02  0.5095728E-02  0.1028520E-01
 0.2420000E+02  0.2973106E-03  0.4892451E-02  0.5097396E-02  0.1028716E-01
 0.2440000E+02  0.3031997E-03  0.4886922E-02  0.5099078E-02  0.1028920E-01
 0.2460000E+02  0.3091951E-03  0.4881353E-02  0.5100775E-02  0.1029132E-01
 0.2480000E+02  0.3153000E-03  0.4875747E-02  0.5102487E-02  0.1029353E-01
 0.2500000E+02  0.3215179E-03  0.4870101E-02  0.5104213E-02  0.1029583E-01
 0.2520000E+02  0.3278525E-03  0.4864417E-02  0.5105955E-02  0.1029822E-01
 0.2540000E+02  0.3343075E-03  0.4858693E-02  0.5107713E-02  0.1030071E-01
 0.2560000E+02  0.3408868E-03  0.4852931E-02  0.5109487E-02  0.1030330E-01
 0.2580000E+02  0.3475948E-03  0.4847128E-02  0.5111277E-02  0.1030600E-01
 0.2600000E+02  0.3544356E-03  0.4841285E-02  0.5113084E-02  0.1030880E-01
 0.2620000E+02  0.3614140E-03  0.4835402E-02  0.5114908E-02  0.1031172E-01
 0.2640000E+02  0.3685347E-03  0.4829479E-02  0.5116749E-02  0.1031476E-01
 0.2660000E+02  0.3758028E-03  0.4823514E-02  0.5118609E-02  0.1031793E-01
 0.2680000E+02  0.3832237E-03  0.4817508E-02  0.5120487E-02  0.1032122E-01
 0.2700000E+02  0.3908028E-03  0.4811459E-02  0.5122385E-02  0.1032465E-01
 0.2720000E+02  0.3985462E-03  0.4805369E-02  0.5124302E-02  0.1032822E-01
 0.2740000E+02  0.4064598E-03  0.4799235E-02  0.5126239E-02  0.1033193E-01
 0.2760000E+02  0.4145503E-03  0.4793058E-02  0.5128197E-02  0.1033580E-01
 0.2780000E+02  0.4228244E-03  0.4786837E-02  0.5130176E-02  0.1033984E-01
 0.2800000E+02  0.4312892E-03  0.4780571E-02  0.5132177E-02  0.1034404E-01
 0.2820000E+02  0.4399524E-03  0.4774260E-02  0.5134202E-02  0.1034841E-01
 0.2840000E+02  0.4488219E-03  0.4767903E-02  0.5136249E-02  0.1035297E-01
 0.2860000E+02  0.4579059E-03  0.4761500E-02  0.5138321E-02  0.1035773E-01
 0.2880000E+02  0.4672133E-03  0.4755049E-02  0.5140418E-02  0.1036268E-01
 0.2900000E+02  0.4767532E-03  0.4748550E-02  0.5142541E-02  0.1036784E-01
 0.2920000E+02  0.4865354E-03  0.4742002E-02  0.5144690E-02  0.1037323E-01
 0.2940000E+02  0.4965700E-03  0.4735404E-02  0.5146867E-02  0.1037884E-01
 0.2960000E+02  0.5068679E-03  0.4728756E-02  0.5149073E-02  0.1038470E-01
 0.2980000E+02  0.5174402E-03  0.4722056E-02  0.5151308E-02  0.1039080E-01
 0.3000000E+02  0.5282988E-03  0.4715303E-02  0.5153574E-02  0.1039718E-01
 0.3020000E+02  0.5394563E-03  0.4708497E-02  0.5155872E-02  0.1040382E-01
 0.3040000E+02  0.5509258E-03  0.4701636E-02  0.5158202E-02  0.1041076E-01
 0.3060000E+02  0.5627209E-03  0.4694719E-02  0.5160567E-02  0.1041801E-01
 0.3080000E+02  0.5748562E-03  0.4687745E-02  0.5162967E-02  0.1042557E-01
 0.3100000E+02  0.5873469E-03  0.4680713E-02  0.5165404E-02  0.1043346E-01
 0.3120000E+02  0.6002090E-03  0.4673622E-02  0.5167878E-02  0.1044171E-01
 0.3140000E+02  0.6134592E-03  0.4666469E-02  0.5170393E-02  0.1045032E-01
 0.3160000E+02  0.6271151E-03  0.4659255E-02  0.5172948E-02  0.1045932E-01
 0.3180000E+02  0.6411953E-03  0.4651976E-02  0.5175546E-02  0.1046872E-01
 0.3200000E+02  0.6557192E-03  0.4644632E-02  0.5178188E-02  0.1047854E-01
 0.3220000E+02  0.6707071E-03  0.4637222E-02  0.5180875E-02  0.1048880E-01
 0.3240000E+02  0.6861805E-03  0.4629743E-02  0.5183611E-02  0.1049953E-01
 0.3260000E+02  0.7021620E-03  0.4622194E-02  0.5186396E-02  0.1051075E-01
 0.3280000E+02  0.7186753E-03  0.4614573E-02  0.5189233E-02  0.1052248E-01
 0.3300000E+02  0.7357456E-03  0.4606878E-02  0.5192123E-02  0.1053475E-01
 0.3320000E+02  0.7533991E-03  0.4599108E-02  0.5195069E-02  0.1054758E-01
 0.3340000E+02  0.7716638E-03  0.4591259E-02  0.5198073E-02  0.1056100E-01
 0.3360000E+02  0.7905694E-03  0.4583332E-02  0.5201137E-02  0.1057504E-01
 0.3380000E+02  0.8101471E-03  0.4575322E-02  0.5204264E-02  0.1058973E-01
 0.3400000E+02  0.8304301E-03  0.4567228E-02  0.5207456E-02  0.1060511E-01
 0.3420000E+02  0.8514540E-03  0.4559048E-02  0.5210715E-02  0.1062122E-01
 0.3440000E+02  0.8732562E-03  0.4550779E-02  0.5214046E-02  0.1063808E-01
 0.3460000E+02  0.8958771E-03  0.4542418E-02  0.5217449E-02  0.1065574E-01
 0.3480000E+02  0.9193592E-03  0.4533964E-02  0.5220930E-02  0.1067425E-01
 0.3500000E+02  0.9437483E-03  0.4525413E-02  0.5224490E-02  0.1069365E-01
 0.3520000E+02  0.9690929E-03  0.4516764E-02  0.5228133E-02  0.1071399E-01
 0.3540000E+02  0.9954444E-03  0.4508012E-02  0.5231862E-02  0.1073532E-01
 0.3560000E+02  0.1022858E-02  0.4499155E-02  0.5235681E-02  0.1075769E-01
 0.3580000E+02  0.1051390E-02  0.4490190E-02  0.5239594E-02  0.1078117E-01
 0.3600000E+02  0.1081103E-02  0.4481114E-02  0.5243604E-02  0.1080582E-01
 0.3620000E+02  0.1112060E-02  0.4471923E-02  0.5247715E-02  0.1083170E-01
 0.3640000E+02  0.1144326E-02  0.4462615E-02  0.5251933E-02  0.1085887E-01
 0.3660000E+02  0.1177969E-02  0.4453186E-02  0.5256260E-02  0.1088742E-01
 0.3680000E+02  0.1213059E-02  0.4443633E-02  0.5260701E-02  0.1091739E-01
 0.3700000E+02  0.1249665E-02  0.4433953E-02  0.5265262E-02  0.1094888E-01
 0.3720000E+02  0.1287857E-02  0.4424141E-02  0.5269947E-02  0.1098194E-01
 0.3740000E+02  0.1327702E-02  0.4414195E-02  0.5274760E-02  0.1101666E-01
 0.3760000E+02  0.1369266E-02  0.4404111E-02  0.5279707E-02  0.1105308E-01
 0.3780000E+02  0.1412614E-02  0.4393885E-02  0.5284793E-02  0.1109129E-01
 0.3800000E+02  0.1457802E-02  0.4383514E-02  0.5290023E-02  0.1113134E-01
 0.3820000E+02  0.1504885E-02  0.4372995E-02  0.5295403E-02  0.1117328E-01
 0.3840000E+02  0.1553913E-02  0.4362325E-02  0.5300938E-02  0.1121718E-01
 0.3860000E+02  0.1604931E-02  0.4351499E-02  0.5306635E-02  0.1126306E-01
 0.3880000E+02  0.1657979E-02  0.4340515E-02  0.5312499E-02  0.1131099E-01
 0.3900000E+02  0.1713095E-02  0.4329369E-02  0.5318536E-02  0.1136100E-01
 0.3920000E+02  0.1770321E-02  0.4318058E-02  0.5324753E-02  0.1141313E-01
 0.3940000E+02  0.1829698E-02  0.4306579E-02  0.5331156E-02  0.1146743E-01
 0.3960000E+02  0.1891278E-02  0.4294927E-02  0.5337752E-02  0.1152396E-01
 0.3980000E+02  0.1955126E-02  0.4283101E-02  0.5344547E-02  0.1158277E-01
 0.4000000E+02  0.2021326E-02  0.4271096E-02  0.5351551E-02  0.1164397E-01
 0.4020000E+02  0.2089987E-02  0.4258909E-02  0.5358769E-02  0.1170767E-01
 0.4040000E+02  0.2161254E-02  0.4246535E-02  0.5366212E-02  0.1177400E-01
 0.4060000E+02  0.2235308E-02  0.4233970E-02  0.5373886E-02  0.1184316E-01
 0.4080000E+02  0.2312377E-02  0.4221212E-02  0.5381801E-02  0.1191539E-01
 0.4100000E+02  0.2392740E-02  0.4208253E-02  0.5389968E-02  0.1199096E-01
 0.4120000E+02  0.2476728E-02  0.4195092E-02  0.5398395E-02  0.1207021E-01
 0.4140000E+02  0.2564727E-02  0.4181721E-02  0.5407094E-02  0.1215354E-01
 0.4160000E+02  0.2657173E-02  0.4168137E-02  0.5416077E-02  0.1224139E-01
 0.4180000E+02  0.2754541E-02  0.4154335E-02  0.5425353E-02  0.1233423E-01
 0.4200000E+02  0.2857340E-02  0.4140310E-02  0.5434936E-02  0.1243258E-01
 0.4220000E+02  0.2966084E-02  0.4126057E-02  0.5444836E-02  0.1253698E-01
 0.4240000E+02  0.3081273E-02  0.4111572E-02  0.5455067E-02  0.1264791E-01
 0.4260000E+02  0.3203362E-02  0.4096853E-02  0.5465641E-02  0.1276586E-01
 0.4280000E+02  0.3332722E-02  0.4081897E-02  0.5476568E-02  0.1289119E-01
 0.4300000E+02  0.3469602E-02  0.4066702E-02  0.5487860E-02  0.1302416E-01
 0.4320000E+02  0.3614093E-02  0.4051269E-02  0.5499528E-02  0.1316489E-01
 0.4340000E+02  0.3766090E-02  0.4035599E-02  0.5511581E-02  0.1331327E-01
 0.4360000E+02  0.3925267E-02  0.4019696E-02  0.5524028E-02  0.1346899E-01
 0.4380000E+02  0.4091059E-02  0.4003564E-02  0.5536875E-02  0.1363150E-01
 0.4400000E+02  0.4262666E-02  0.3987210E-02  0.5550129E-02  0.1380001E-01
 0.4420000E+02  0.4439066E-02  0.3970641E-02  0.5563796E-02  0.1397350E-01
 0.4440000E+02  0.4619054E-02  0.3953868E-02  0.5577879E-02  0.1415080E-01
 0.4460000E+02  0.4801296E-02  0.3936901E-02  0.5592381E-02  0.1433058E-01
 0.4480000E+02  0.4984395E-02  0.3919751E-02  0.5607306E-02  0.1451145E-01
 0.4500000E+02  0.5166977E-02  0.3902429E-02  0.5622655E-02  0.1469206E-01
 0.4520000E+02  0.5347770E-02  0.3884949E-02  0.5638433E-02  0.1487115E-01
 0.4540000E+02  0.5525706E-02  0.3867320E-02  0.5654643E-02  0.1504767E-01
 0.4560000E+02  0.5700007E-02  0.3849553E-02  0.5671289E-02  0.1522085E-01
 0.4580000E+02  0.5870282E-02  0.3831658E-02  0.5688380E-02  0.1539032E-01
 0.4600000E+02  0.6036617E-02  0.3813642E-02  0.5705924E-02  0.1555618E-01
 0.4620000E+02  0.6199657E-02  0.3795510E-02  0.5723934E-02  0.1571910E-01
 0.4640000E+02  0.6360694E-02  0.3777267E-02  0.5742423E-02  0.1588038E-01
 0.4660000E+02  0.6521731E-02  0.3758914E-02  0.5761411E-02  0.1604206E-01
 0.4680000E+02  0.6685534E-02  0.3740452E-02  0.5780918E-02  0.1620690E-01
 0.4700000E+02  0.6855648E-02  0.3721878E-02  0.5800968E-02  0.1637849E-01
 0.4720000E+02  0.7036362E-02  0.3703191E-02  0.5821589E-02  0.1656114E-01
 0.4740000E+02  0.7232610E-02  0.3684388E-02  0.5842809E-02  0.1675981E-01
 0.4760000E+02  0.7449761E-02  0.3665466E-02  0.5864659E-02  0.1697989E-01
 0.4780000E+02  0.7693322E-02  0.3646424E-02  0.5887169E-02  0.1722691E-01
 0.4800000E+02  0.7968505E-02  0.3627264E-02  0.5910367E-02  0.1750614E-01
 0.4820000E+02  0.8279719E-02  0.3607991E-02  0.5934279E-02  0.1782199E-01
 0.4840000E+02  0.8630005E-02  0.3588616E-02  0.5958926E-02  0.1817755E-01
 0.4860000E+02  0.9020515E-02  0.3569153E-02  0.5984323E-02  0.1857399E-01
 0.4880000E+02  0.9450111E-02  0.3549625E-02  0.6010477E-02  0.1901021E-01
 0.4900000E+02  0.9915169E-02  0.3530060E-02  0.6037384E-02  0.1948261E-01
 0.4920000E+02  0.1040966E-01  0.3510492E-02  0.6065036E-02  0.1998519E-01
 0.4940000E+02  0.1092549E-01  0.3490961E-02  0.6093412E-02  0.2050987E-01
 0.4960000E+02  0.1145306E-01  0.3471512E-02  0.6122484E-02  0.2104706E-01
 0.4980000E+02  0.1198193E-01  0.3452191E-02  0.6152217E-02  0.2158634E-01
 0.5000000E+02  0.1250150E-01  0.3433048E-02  0.6182572E-02  0.2211712E-01
 0.5020000E+02  0.1300162E-01  0.3414133E-02  0.6213504E-02  0.2262926E-01
 0.5040000E+02  0.1347305E-01  0.3395493E-02  0.6244968E-02  0.2311351E-01
 0.5060000E+02  0.1390776E-01  0.3377176E-02  0.6276918E-02  0.2356186E-01
 0.5080000E+02  0.1429908E-01  0.3359224E-02  0.6309313E-02  0.2396761E-01
 0.5100000E+02  0.1464175E-01  0.3341676E-02  0.6342112E-02  0.2432554E-01
 0.5120000E+02  0.1493194E-01  0.3324567E-02  0.6375279E-02  0.2463179E-01
 0.5140000E+02  0.1516722E-01  0.3307928E-02  0.6408786E-02  0.2488393E-01
 0.5160000E+02  0.1534659E-01  0.3291785E-02  0.6442610E-02  0.2508099E-01
 0.5180000E+02  0.1547062E-01  0.3276159E-02  0.6476735E-02  0.2522351E-01
 0.5200000E+02  0.1554163E-01  0.3261066E-02  0.6511156E-02  0.2531385E-01
 0.5220000E+02  0.1556407E-01  0.3246518E-02  0.6545873E-02  0.2535646E-01
 0.5240000E+02  0.1554496E-01  0.3232526E-02  0.6580898E-02  0.2535839E-01
 0.5260000E+02  0.1549450E-01  0.3219093E-02  0.6616249E-02  0.2532984E-01
 0.5280000E+02  0.1542655E-01  0.3206224E-02  0.6651955E-02  0.2528473E-01
 0.5300000E+02  0.1535916E-01  0.3193918E-02  0.6688051E-02  0.2524113E-01
 0.5320000E+02  0.1531456E-01  0.3182178E-02  0.6724578E-02  0.2522132E-01
 0.5340000E+02  0.1531865E-01  0.3171003E-02  0.6761580E-02  0.2525123E-01
 0.5360000E+02  0.1539950E-01  0.3160398E-02  0.6799101E-02  0.2535900E-01
 0.5380000E+02  0.1558482E-01  0.3150369E-02  0.6837182E-02  0.2557237E-01
 0.5400000E+02  0.1589850E-01  0.3140927E-02  0.6875853E-02  0.2591528E-01
 0.5420000E+02  0.1635680E-01  0.3132091E-02  0.6915133E-02  0.2640402E-01
 0.5440000E+02  0.1696510E-01  0.3123884E-02  0.6955022E-02  0.2704401E-01
 0.5460000E+02  0.1771618E-01  0.3116339E-02  0.6995499E-02  0.2782802E-01
 0.5480000E+02  0.1859071E-01  0.3109493E-02  0.7036524E-02  0.2873673E-01
 0.5500000E+02  0.1955989E-01  0.3103386E-02  0.7078035E-02  0.2974131E-01
 0.5520000E+02  0.2058939E-01  0.3098063E-02  0.7119953E-02  0.3080740E-01
 0.5540000E+02  0.2164362E-01  0.3093571E-02  0.7162185E-02  0.3189937E-01
 0.5560000E+02  0.2268933E-01  0.3089953E-02  0.7204630E-02  0.3298391E-01
 0.5580000E+02  0.2369796E-01  0.3087253E-02  0.7247180E-02  0.3403240E-01
 0.5600000E+02  0.2464677E-01  0.3085510E-02  0.7289727E-02  0.3502201E-01
 0.5620000E+02  0.2551885E-01  0.3084759E-02  0.7332164E-02  0.3593577E-01
 0.5640000E+02  0.2630256E-01  0.3085030E-02  0.7374388E-02  0.3676197E-01
 0.5660000E+02  0.2699054E-01  0.3086350E-02  0.7416302E-02  0.3749320E-01
 0.5680000E+02  0.2757874E-01  0.3088742E-02  0.7457818E-02  0.3812530E-01
 0.5700000E+02  0.2806540E-01  0.3092221E-02  0.7498853E-02  0.3865647E-01
 0.5720000E+02  0.2845028E-01  0.3096803E-02  0.7539333E-02  0.3908641E-01
 0.5740000E+02  0.2873404E-01  0.3102497E-02  0.7579195E-02  0.3941573E-01
 0.5760000E+02  0.2891780E-01  0.3109309E-02  0.7618382E-02  0.3964549E-01
 0.5780000E+02  0.2900281E-01  0.3117244E-02  0.7656848E-02  0.3977690E-01
 0.5800000E+02  0.2899040E-01  0.3126302E-02  0.7694554E-02  0.3981126E-01
 0.5820000E+02  0.2888198E-01  0.3136481E-02  0.7731471E-02  0.3974994E-01
 0.5840000E+02  0.2867923E-01  0.3147780E-02  0.7767578E-02  0.3959458E-01
 0.5860000E+02  0.2838447E-01  0.3160190E-02  0.7802862E-02  0.3934752E-01
 0.5880000E+02  0.2800128E-01  0.3173706E-02  0.7837318E-02  0.3901230E-01
 0.5900000E+02  0.2753530E-01  0.3188318E-02  0.7870951E-02  0.3859457E-01
 0.5920000E+02  0.2699536E-01  0.3204017E-02  0.7903769E-02  0.3810315E-01
 0.5940000E+02  0.2639483E-01  0.3220790E-02  0.7935788E-02  0.3755141E-01
 0.5960000E+02  0.2575309E-01  0.3238626E-02  0.7967028E-02  0.3695875E-01
 0.5980000E+02  0.2509700E-01  0.3257511E-02  0.7997513E-02  0.3635203E-01
 0.6000000E+02  0.2446174E-01  0.3277435E-02  0.8027267E-02  0.3576644E-01
 0.6020000E+02  0.2389051E-01  0.3298385E-02  0.8056313E-02  0.3524520E-01
 0.6040000E+02  0.2343230E-01  0.3320350E-02  0.8084669E-02  0.3483732E-01
 0.6060000E+02  0.2313729E-01  0.3343323E-02  0.8112345E-02  0.3459296E-01
 0.6080000E+02  0.2305000E-01  0.3367300E-02  0.8139339E-02  0.3455663E-01
 0.6100000E+02  0.2320154E-01  0.3392278E-02  0.8165633E-02  0.3475945E-01
 0.6120000E+02  0.2360326E-01  0.3418262E-02  0.8191192E-02  0.3521272E-01
 0.6140000E+02  0.2424388E-01  0.3445260E-02  0.8215965E-02  0.3590511E-01
 0.6160000E+02  0.2509145E-01  0.3473282E-02  0.8239881E-02  0.3680461E-01
 0.6180000E+02  0.2609934E-01  0.3502343E-02  0.8262857E-02  0.3786454E-01
 0.6200000E+02  0.2721412E-01  0.3532460E-02  0.8284796E-02  0.3903138E-01
 0.6220000E+02  0.2838306E-01  0.3563648E-02  0.8305596E-02  0.4025231E-01
 0.6240000E+02  0.2955948E-01  0.3595925E-02  0.8325154E-02  0.4148056E-01
 0.6260000E+02  0.3070566E-01  0.3629306E-02  0.8343366E-02  0.4267833E-01
 0.6280000E+02  0.3179352E-01  0.3663805E-02  0.8360134E-02  0.4381746E-01
 0.6300000E+02  0.3280391E-01  0.3699432E-02  0.8375365E-02  0.4487871E-01
 0.6320000E+02  0.3372512E-01  0.3736197E-02  0.8388975E-02  0.4585029E-01
 0.6340000E+02  0.3455119E-01  0.3774106E-02  0.8400891E-02  0.4672619E-01
 0.6360000E+02  0.3528036E-01  0.3813164E-02  0.8411047E-02  0.4750457E-01
 0.6380000E+02  0.3591373E-01  0.3853372E-02  0.8419392E-02  0.4818650E-01
 0.6400000E+02  0.3645421E-01  0.3894731E-02  0.8425880E-02  0.4877482E-01
 0.6420000E+02  0.3690573E-01  0.3937240E-02  0.8430479E-02  0.4927345E-01
 0.6440000E+02  0.3727274E-01  0.3980895E-02  0.8433166E-02  0.4968680E-01
 0.6460000E+02  0.3755980E-01  0.4025691E-02  0.8433927E-02  0.5001942E-01
 0.6480000E+02  0.3777137E-01  0.4071624E-02  0.8432759E-02  0.5027575E-01
 0.6500000E+02  0.3791166E-01  0.4118687E-02  0.8429667E-02  0.5046001E-01
 0.6520000E+02  0.3798463E-01  0.4166872E-02  0.8424666E-02  0.5057617E-01
 0.6540000E+02  0.3799396E-01  0.4216169E-02  0.8417779E-02  0.5062791E-01
 0.6560000E+02  0.3794312E-01  0.4266572E-02  0.8409035E-02  0.5061872E-01
 0.6580000E+02  0.3783539E-01  0.4318068E-02  0.8398476E-02  0.5055194E-01
 0.6600000E+02  0.3767403E-01  0.4370647E-02  0.8386146E-02  0.5043082E-01
 0.6620000E+02  0.3746229E-01  0.4424296E-02  0.8372100E-02  0.5025869E-01
 0.6640000E+02  0.3720354E-01  0.4479004E-02  0.8356397E-02  0.5003894E-01
 0.6660000E+02  0.3690132E-01  0.4534756E-02  0.8339105E-02  0.4977518E-01
 0.6680000E+02  0.3655937E-01  0.4591536E-02  0.8320293E-02  0.4947120E-01
 0.6700000E+02  0.3618164E-01  0.4649327E-02  0.8300039E-02  0.4913101E-01
 0.6720000E+02  0.3577226E-01  0.4708110E-02  0.8278422E-02  0.4875879E-01
 0.6740000E+02  0.3533542E-01  0.4767864E-02  0.8255525E-02  0.4835881E-01
 0.6760000E+02  0.3487532E-01  0.4828565E-02  0.8231432E-02  0.4793532E-01
 0.6780000E+02  0.3439608E-01  0.4890186E-02  0.8206228E-02  0.4749250E-01
 0.6800000E+02  0.3390172E-01  0.4952698E-02  0.8179999E-02  0.4703442E-01
 0.6820000E+02  0.3339626E-01  0.5016066E-02  0.8152829E-02  0.4656515E-01
 0.6840000E+02  0.3288397E-01  0.5080253E-02  0.8124800E-02  0.4608902E-01
 0.6860000E+02  0.3236985E-01  0.5145217E-02  0.8095992E-02  0.4561106E-01
 0.6880000E+02  0.3186021E-01  0.5210913E-02  0.8066481E-02  0.4513760E-01
 0.6900000E+02  0.3136334E-01  0.5277293E-02  0.8036339E-02  0.4467697E-01
 0.6920000E+02  0.3089008E-01  0.5344306E-02  0.8005632E-02  0.4424002E-01
 0.6940000E+02  0.3045409E-01  0.5411899E-02  0.7974422E-02  0.4384042E-01
 0.6960000E+02  0.3007148E-01  0.5480020E-02  0.7942762E-02  0.4349426E-01
 0.6980000E+02  0.2975976E-01  0.5548619E-02  0.7910694E-02  0.4321907E-01
 0.7000000E+02  0.2953613E-01  0.5617652E-02  0.7878251E-02  0.4303203E-01
 0.7020000E+02  0.2941516E-01  0.5687079E-02  0.7845455E-02  0.4294769E-01
 0.7040000E+02  0.2940656E-01  0.5756870E-02  0.7812313E-02  0.4297575E-01
 0.7060000E+02  0.2951349E-01  0.5827005E-02  0.7778820E-02  0.4311932E-01
 0.7080000E+02  0.2973182E-01  0.5897472E-02  0.7744958E-02  0.4337425E-01
 0.7100000E+02  0.3005063E-01  0.5968272E-02  0.7710698E-02  0.4372960E-01
 0.7120000E+02  0.3045377E-01  0.6039412E-02  0.7676006E-02  0.4416918E-01
 0.7140000E+02  0.3092187E-01  0.6110907E-02  0.7640838E-02  0.4467362E-01
 0.7160000E+02  0.3143461E-01  0.6182776E-02  0.7605153E-02  0.4522254E-01
 0.7180000E+02  0.3197247E-01  0.6255044E-02  0.7568907E-02  0.4579642E-01
 0.7200000E+02  0.3251814E-01  0.6327734E-02  0.7532060E-02  0.4637793E-01
 0.7220000E+02  0.3305713E-01  0.6400872E-02  0.7494579E-02  0.4695258E-01
 0.7240000E+02  0.3357808E-01  0.6474482E-02  0.7456434E-02  0.4750900E-01
 0.7260000E+02  0.3407261E-01  0.6548587E-02  0.7417605E-02  0.4803880E-01
 0.7280000E+02  0.3453495E-01  0.6623207E-02  0.7378076E-02  0.4853623E-01
 0.7300000E+02  0.3496154E-01  0.6698359E-02  0.7337840E-02  0.4899774E-01
 0.7320000E+02  0.3535057E-01  0.6774059E-02  0.7296896E-02  0.4942152E-01
 0.7340000E+02  0.3570156E-01  0.6850321E-02  0.7255250E-02  0.4980713E-01
 0.7360000E+02  0.3601500E-01  0.6927154E-02  0.7212913E-02  0.5015507E-01
 0.7380000E+02  0.3629206E-01  0.7004567E-02  0.7169901E-02  0.5046653E-01
 0.7400000E+02  0.3653435E-01  0.7082567E-02  0.7126235E-02  0.5074315E-01
 0.7420000E+02  0.3674373E-01  0.7161158E-02  0.7081939E-02  0.5098682E-01
 0.7440000E+02  0.3692219E-01  0.7240344E-02  0.7037042E-02  0.5119957E-01
 0.7460000E+02  0.3707176E-01  0.7320125E-02  0.6991573E-02  0.5138345E-01
 0.7480000E+02  0.3719442E-01  0.7400503E-02  0.6945564E-02  0.5154049E-01
 0.7500000E+02  0.3729209E-01  0.7481477E-02  0.6899050E-02  0.5167262E-01
 0.7520000E+02  0.3736656E-01  0.7563046E-02  0.6852066E-02  0.5178167E-01
 0.7540000E+02  0.3741949E-01  0.7645206E-02  0.6804648E-02  0.5186934E-01
 0.7560000E+02  0.3745242E-01  0.7727956E-02  0.6756833E-02  0.5193721E-01
 0.7580000E+02  0.3746674E-01  0.7811290E-02  0.6708656E-02  0.5198669E-01
 0.7600000E+02  0.3746372E-01  0.7895206E-02  0.6660156E-02  0.5201908E-01
 0.7620000E+02  0.3744449E-01  0.7979698E-02  0.6611368E-02  0.5203556E-01
 0.7640000E+02  0.3741007E-01  0.8064760E-02  0.6562328E-02  0.5203716E-01
 0.7660000E+02  0.3736136E-01  0.8150389E-02  0.6513071E-02  0.5202482E-01
 0.7680000E+02  0.3729917E-01  0.8236577E-02  0.6463631E-02  0.5199938E-01
 0.7700000E+02  0.3722422E-01  0.8323319E-02  0.6414042E-02  0.5196158E-01
 0.7720000E+02  0.3713717E-01  0.8410607E-02  0.6364336E-02  0.5191212E-01
 0.7740000E+02  0.3703862E-01  0.8498435E-02  0.6314543E-02  0.5185160E-01
 0.7760000E+02  0.3692913E-01  0.8586797E-02  0.6264694E-02  0.5178062E-01
 0.7780000E+02  0.3680925E-01  0.8675683E-02  0.6214817E-02  0.5169975E-01
 0.7800000E+02  0.3667951E-01  0.8765088E-02  0.6164939E-02  0.5160954E-01
 0.7820000E+02  0.3654050E-01  0.8855003E-02  0.6115086E-02  0.5151059E-01
 0.7840000E+02  0.3639285E-01  0.8945419E-02  0.6065283E-02  0.5140355E-01
 0.7860000E+02  0.3623723E-01  0.9036328E-02  0.6015554E-02  0.5128911E-01
 0.7880000E+02  0.3607445E-01  0.9127722E-02  0.5965919E-02  0.5116809E-01
 0.7900000E+02  0.3590541E-01  0.9219591E-02  0.5916401E-02  0.5104140E-01
 0.7920000E+02  0.3573116E-01  0.9311927E-02  0.5867019E-02  0.5091011E-01
 0.7940000E+02  0.3555291E-01  0.9404718E-02  0.5817792E-02  0.5077542E-01
 0.7960000E+02  0.3537200E-01  0.9497957E-02  0.5768737E-02  0.5063869E-01
 0.7980000E+02  0.3518997E-01  0.9591632E-02  0.5719871E-02  0.5050147E-01
 0.8000000E+02  0.3500850E-01  0.9685734E-02  0.5671209E-02  0.5036544E-01
 0.8020000E+02  0.3482939E-01  0.9780251E-02  0.5622766E-02  0.5023241E-01
 0.8040000E+02  0.3465456E-01  0.9875172E-02  0.5574556E-02  0.5010428E-01
 0.8060000E+02  0.3448597E-01  0.9970488E-02  0.5526592E-02  0.4998305E-01
 0.8080000E+02  0.3432558E-01  0.1006619E-01  0.5478886E-02  0.4987065E-01
 0.8100000E+02  0.3417528E-01  0.1016225E-01  0.5431450E-02  0.4976898E-01
 0.8120000E+02  0.3403681E-01  0.1025868E-01  0.5384293E-02  0.4967978E-01
 0.8140000E+02  0.3391168E-01  0.1035546E-01  0.5337426E-02  0.4960456E-01
 0.8160000E+02  0.3380110E-01  0.1045257E-01  0.5290859E-02  0.4954452E-01
 0.8180000E+02  0.3370590E-01  0.1055000E-01  0.5244600E-02  0.4950050E-01
 0.8200000E+02  0.3362649E-01  0.1064774E-01  0.5198658E-02  0.4947289E-01
 0.8220000E+02  0.3356281E-01  0.1074578E-01  0.5153039E-02  0.4946162E-01
 0.8240000E+02  0.3351431E-01  0.1084410E-01  0.5107752E-02  0.4946616E-01
 0.8260000E+02  0.3347999E-01  0.1094269E-01  0.5062804E-02  0.4948548E-01
 0.8280000E+02  0.3345838E-01  0.1104154E-01  0.5018200E-02  0.4951812E-01
 0.8300000E+02  0.3344763E-01  0.1114064E-01  0.4973948E-02  0.4956221E-01
 0.8320000E+02  0.3344556E-01  0.1123996E-01  0.4930054E-02  0.4961557E-01
 0.8340000E+02  0.3344976E-01  0.1133949E-01  0.4886523E-02  0.4967578E-01
 0.8360000E+02  0.3345766E-01  0.1143923E-01  0.4843363E-02  0.4974025E-01
 0.8380000E+02  0.3346660E-01  0.1153914E-01  0.4800577E-02  0.4980632E-01
 0.8400000E+02  0.3347396E-01  0.1163923E-01  0.4758174E-02  0.4987136E-01
 0.8420000E+02  0.3347720E-01  0.1173946E-01  0.4716158E-02  0.4993282E-01
 0.8440000E+02  0.3347395E-01  0.1183983E-01  0.4674536E-02  0.4998832E-01
 0.8460000E+02  0.3346206E-01  0.1194031E-01  0.4633315E-02  0.5003569E-01
 0.8480000E+02  0.3343964E-01  0.1204090E-01  0.4592499E-02  0.5007304E-01
 0.8500000E+02  0.3340511E-01  0.1214156E-01  0.4552096E-02  0.5009876E-01
 0.8520000E+02  0.3335719E-01  0.1224228E-01  0.4512111E-02  0.5011158E-01
 0.8540000E+02  0.3329497E-01  0.1234305E-01  0.4472551E-02  0.5011056E-01
 0.8560000E+02  0.3321787E-01  0.1244383E-01  0.4433422E-02  0.5009512E-01
 0.8580000E+02  0.3312566E-01  0.1254462E-01  0.4394729E-02  0.5006501E-01
 0.8600000E+02  0.3301845E-01  0.1264539E-01  0.4356478E-02  0.5002032E-01
 0.8620000E+02  0.3289669E-01  0.1274612E-01  0.4318675E-02  0.4996149E-01
 0.8640000E+02  0.3276113E-01  0.1284680E-01  0.4281324E-02  0.4988925E-01
 0.8660000E+02  0.3261279E-01  0.1294740E-01  0.4244429E-02  0.4980462E-01
 0.8680000E+02  0.3245297E-01  0.1304790E-01  0.4207994E-02  0.4970886E-01
 0.8700000E+02  0.3228316E-01  0.1314829E-01  0.4172022E-02  0.4960347E-01
 0.8720000E+02  0.3210505E-01  0.1324854E-01  0.4136514E-02  0.4949010E-01
 0.8740000E+02  0.3192043E-01  0.1334865E-01  0.4101472E-02  0.4937055E-01
 0.8760000E+02  0.3173117E-01  0.1344859E-01  0.4066896E-02  0.4924666E-01
 0.8780000E+02  0.3153917E-01  0.1354835E-01  0.4032785E-02  0.4912031E-01
 0.8800000E+02  0.3134628E-01  0.1364793E-01  0.3999137E-02  0.4899334E-01
 0.8820000E+02  0.3115425E-01  0.1374730E-01  0.3965948E-02  0.4886750E-01
 0.8840000E+02  0.3096473E-01  0.1384646E-01  0.3933215E-02  0.4874441E-01
 0.8860000E+02  0.3077915E-01  0.1394541E-01  0.3900932E-02  0.4862550E-01
 0.8880000E+02  0.3059877E-01  0.1404414E-01  0.3869092E-02  0.4851200E-01
 0.8900000E+02  0.3042460E-01  0.1414264E-01  0.3837689E-02  0.4840492E-01
 0.8920000E+02  0.3025740E-01  0.1424092E-01  0.3806714E-02  0.4830503E-01
 0.8940000E+02  0.3009773E-01  0.1433897E-01  0.3776159E-02  0.4821286E-01
 0.8960000E+02  0.2994590E-01  0.1443679E-01  0.3746013E-02  0.4812870E-01
 0.8980000E+02  0.2980200E-01  0.1453439E-01  0.3716268E-02  0.4805266E-01
 0.9000000E+02  0.2966596E-01  0.1463178E-01  0.3686913E-02  0.4798466E-01
 0.9020000E+02  0.2953754E-01  0.1472896E-01  0.3657938E-02  0.4792444E-01
 0.9040000E+02  0.2941639E-01  0.1482593E-01  0.3629331E-02  0.4787165E-01
 0.9060000E+02  0.2930204E-01  0.1492271E-01  0.3601083E-02  0.4782583E-01
 0.9080000E+02  0.2919397E-01  0.1501929E-01  0.3573182E-02  0.4778645E-01
 0.9100000E+02  0.2909162E-01  0.1511570E-01  0.3545620E-02  0.4775294E-01
 0.9120000E+02  0.2899440E-01  0.1521193E-01  0.3518385E-02  0.4772471E-01
 0.9140000E+02  0.2890172E-01  0.1530799E-01  0.3491469E-02  0.4770118E-01
 0.9160000E+02  0.2881302E-01  0.1540390E-01  0.3464861E-02  0.4768179E-01
 0.9180000E+02  0.2872775E-01  0.1549966E-01  0.3438554E-02  0.4766597E-01
 0.9200000E+02  0.2864540E-01  0.1559528E-01  0.3412538E-02  0.4765322E-01
 0.9220000E+02  0.2856549E-01  0.1569077E-01  0.3386806E-02  0.4764307E-01
 0.9240000E+02  0.2848760E-01  0.1578613E-01  0.3361350E-02  0.4763508E-01
 0.9260000E+02  0.2841133E-01  0.1588138E-01  0.3336163E-02  0.4762887E-01
 0.9280000E+02  0.2833634E-01  0.1597651E-01  0.3311238E-02  0.4762409E-01
 0.9300000E+02  0.2826233E-01  0.1607154E-01  0.3286570E-02  0.4762044E-01
 0.9320000E+02  0.2818902E-01  0.1616647E-01  0.3262152E-02  0.4761764E-01
 0.9340000E+02  0.2811619E-01  0.1626130E-01  0.3237980E-02  0.4761547E-01
 0.9360000E+02  0.2804364E-01  0.1635605E-01  0.3214046E-02  0.4761373E-01
 0.9380000E+02  0.2797120E-01  0.1645071E-01  0.3190348E-02  0.4761225E-01
 0.9400000E+02  0.2789873E-01  0.1654529E-01  0.3166881E-02  0.4761090E-01
 0.9420000E+02  0.2782611E-01  0.1663979E-01  0.3143640E-02  0.4760954E-01
 0.9440000E+02  0.2775326E-01  0.1673422E-01  0.3120622E-02  0.4760810E-01
 0.9460000E+02  0.2768008E-01  0.1682858E-01  0.3097823E-02  0.4760648E-01
 0.9480000E+02  0.2760653E-01  0.1692287E-01  0.3075240E-02  0.4760463E-01
 0.9500000E+02  0.2753255E-01  0.1701709E-01  0.3052869E-02  0.4760251E-01
 0.9520000E+02  0.2745811E-01  0.1711125E-01  0.3030707E-02  0.4760006E-01
 0.9540000E+02  0.2738318E-01  0.1720535E-01  0.3008753E-02  0.4759728E-01
 0.9560000E+02  0.2730775E-01  0.1729939E-01  0.2987002E-02  0.4759415E-01
 0.9580000E+02  0.2723182E-01  0.1739337E-01  0.2965453E-02  0.4759065E-01
 0.9600000E+02  0.2715539E-01  0.1748729E-01  0.2944103E-02  0.4758678E-01
 0.9620000E+02  0.2707845E-01  0.1758116E-01  0.2922950E-02  0.4758256E-01
 0.9640000E+02  0.2700103E-01  0.1767497E-01  0.2901991E-02  0.4757798E-01
 0.9660000E+02  0.2692313E-01  0.1776872E-01  0.2881226E-02  0.4757307E-01
 0.9680000E+02  0.2684478E-01  0.1786242E-01  0.2860651E-02  0.4756785E-01
 0.9700000E+02  0.2676600E-01  0.1795606E-01  0.2840264E-02  0.4756232E-01
 0.9720000E+02  0.2668681E-01  0.1804965E-01  0.2820065E-02  0.4755653E-01
 0.9740000E+02  0.2660725E-01  0.1814318E-01  0.2800051E-02  0.4755048E-01
 0.9760000E+02  0.2652734E-01  0.1823666E-01  0.2780221E-02  0.4754422E-01
 0.9780000E+02  0.2644712E-01  0.1833008E-01  0.2760572E-02  0.4753777E-01
 0.9800000E+02  0.2636662E-01  0.1842345E-01  0.2741103E-02  0.4753117E-01
 0.9820000E+02  0.2628587E-01  0.1851676E-01  0.2721813E-02  0.4752445E-01
 0.9840000E+02  0.2620492E-01  0.1861001E-01  0.2702700E-02  0.4751764E-01
 0.9860000E+02  0.2612381E-01  0.1870321E-01  0.2683762E-02  0.4751078E-01
 0.9880000E+02  0.2604256E-01  0.1879635E-01  0.2664999E-02  0.4750391E-01
 0.9900000E+02  0.2596123E-01  0.1888943E-01  0.2646407E-02  0.4749706E-01
 0.9920000E+02  0.2587985E-01  0.1898245E-01  0.2627987E-02  0.4749029E-01
 0.9940000E+02  0.2579847E-01  0.1907541E-01  0.2609736E-02  0.4748362E-01
 0.9960000E+02  0.2571712E-01  0.1916831E-01  0.2591654E-02  0.4747709E-01
 0.9980000E+02  0.2563586E-01  0.1926115E-01  0.2573738E-02  0.4747075E-01
 0.1000000E+03  0.2555472E-01  0.1935393E-01  0.2555987E-02  0.4746464E-01
