 0.2500000E-01 -0.3956908E+00  0.8847970E-01 -0.8358093E-01 -0.2583351E+00  0.4376869E+00  0.7236730E+00  0.2434836E-01 -0.5797425E+00  0.4121349E+00  0.1570080E+00 -0.8009103E-01 -0.1397853E+00 -0.1054882E+01 -0.4152798E-01  0.1356057E+00  0.5219424E+00 -0.7452168E-01  0.3119632E+00  0.5508826E+00
 0.3866668E+00
 0.5000000E-01 -0.3955697E+00  0.8846583E-01 -0.8354488E-01 -0.2582470E+00  0.4374976E+00  0.7233906E+00  0.2434904E-01 -0.5794886E+00  0.4119509E+00  0.1569311E+00 -0.8009310E-01 -0.1397306E+00 -0.1054470E+01 -0.4159001E-01  0.1355394E+00  0.5217171E+00 -0.7453607E-01  0.3118219E+00  0.5506524E+00
 0.3864853E+00
 0.7500000E-01 -0.3953632E+00  0.8844040E-01 -0.8348349E-01 -0.2580968E+00  0.4371730E+00  0.7229162E+00  0.2434958E-01 -0.5790558E+00  0.4116411E+00  0.1568008E+00 -0.8009559E-01 -0.1396373E+00 -0.1053769E+01 -0.4169286E-01  0.1354271E+00  0.5213325E+00 -0.7455921E-01  0.3115827E+00  0.5502652E+00
 0.3861811E+00
 0.1000000E+00 -0.3950696E+00  0.8840179E-01 -0.8339612E-01 -0.2578826E+00  0.4367078E+00  0.7222503E+00  0.2434955E-01 -0.5784390E+00  0.4112051E+00  0.1566161E+00 -0.8009800E-01 -0.1395043E+00 -0.1052773E+01 -0.4183605E-01  0.1352678E+00  0.5207839E+00 -0.7459064E-01  0.3112442E+00  0.5497209E+00
 0.3857547E+00
 0.1250000E+00 -0.3946879E+00  0.8834850E-01 -0.8328238E-01 -0.2576037E+00  0.4360977E+00  0.7213961E+00  0.2434853E-01 -0.5776348E+00  0.4106436E+00  0.1563767E+00 -0.8010004E-01 -0.1393310E+00 -0.1051476E+01 -0.4201907E-01  0.1350610E+00  0.5200679E+00 -0.7463006E-01  0.3108057E+00  0.5490212E+00
 0.3852081E+00
 0.1500000E+00 -0.3942186E+00  0.8827916E-01 -0.8314214E-01 -0.2572599E+00  0.4353395E+00  0.7203591E+00  0.2434611E-01 -0.5766415E+00  0.4099592E+00  0.1560825E+00 -0.8010159E-01 -0.1391171E+00 -0.1049879E+01 -0.4224140E-01  0.1348067E+00  0.5191824E+00 -0.7467733E-01  0.3102678E+00  0.5481698E+00
 0.3845449E+00
 0.1750000E+00 -0.3936635E+00  0.8819256E-01 -0.8297557E-01 -0.2568518E+00  0.4344313E+00  0.7191479E+00  0.2434192E-01 -0.5754593E+00  0.4091557E+00  0.1557341E+00 -0.8010276E-01 -0.1388629E+00 -0.1047985E+01 -0.4250249E-01  0.1345052E+00  0.5181273E+00 -0.7473247E-01  0.3096320E+00  0.5471724E+00
 0.3837699E+00
 0.2000000E+00 -0.3930255E+00  0.8808762E-01 -0.8278305E-01 -0.2563810E+00  0.4333722E+00  0.7177734E+00  0.2433563E-01 -0.5740899E+00  0.4082385E+00  0.1553326E+00 -0.8010384E-01 -0.1385690E+00 -0.1045799E+01 -0.4280183E-01  0.1341574E+00  0.5169035E+00 -0.7479570E-01  0.3089010E+00  0.5460368E+00
 0.3828898E+00
 0.2250000E+00 -0.3923087E+00  0.8796344E-01 -0.8256527E-01 -0.2558496E+00  0.4321628E+00  0.7162492E+00  0.2432693E-01 -0.5725371E+00  0.4072145E+00  0.1548796E+00 -0.8010536E-01 -0.1382364E+00 -0.1043330E+01 -0.4313891E-01  0.1337645E+00  0.5155139E+00 -0.7486740E-01  0.3080782E+00  0.5447728E+00
 0.3819123E+00
 0.2500000E+00 -0.3915186E+00  0.8781924E-01 -0.8232312E-01 -0.2552608E+00  0.4308044E+00  0.7145917E+00  0.2431556E-01 -0.5708060E+00  0.4060919E+00  0.1543772E+00 -0.8010802E-01 -0.1378667E+00 -0.1040593E+01 -0.4351322E-01  0.1333281E+00  0.5139626E+00 -0.7494811E-01  0.3071685E+00  0.5433921E+00
 0.3808469E+00
 0.2750000E+00 -0.3906616E+00  0.8765442E-01 -0.8205775E-01 -0.2546182E+00  0.4292997E+00  0.7128197E+00  0.2430130E-01 -0.5689035E+00  0.4048805E+00  0.1538279E+00 -0.8011274E-01 -0.1374616E+00 -0.1037601E+01 -0.4392431E-01  0.1328505E+00  0.5122553E+00 -0.7503858E-01  0.3061774E+00  0.5419082E+00
 0.3797044E+00
 0.3000000E+00 -0.3897455E+00  0.8746849E-01 -0.8177053E-01 -0.2539262E+00  0.4276524E+00  0.7109544E+00  0.2428397E-01 -0.5668381E+00  0.4035914E+00  0.1532348E+00 -0.8012061E-01 -0.1370234E+00 -0.1034374E+01 -0.4437173E-01  0.1323340E+00  0.5103990E+00 -0.7513968E-01  0.3051114E+00  0.5403366E+00
 0.3784969E+00
 0.3250000E+00 -0.3887790E+00  0.8726109E-01 -0.8146303E-01 -0.2531902E+00  0.4258671E+00  0.7090195E+00  0.2426342E-01 -0.5646195E+00  0.4022370E+00  0.1526014E+00 -0.8013290E-01 -0.1365547E+00 -0.1030934E+01 -0.4485507E-01  0.1317816E+00  0.5084018E+00 -0.7525246E-01  0.3039780E+00  0.5386946E+00
 0.3772380E+00
 0.3500000E+00 -0.3877718E+00  0.8703196E-01 -0.8113701E-01 -0.2524156E+00  0.4239491E+00  0.7070407E+00  0.2423954E-01 -0.5622591E+00  0.4008307E+00  0.1519315E+00 -0.8015105E-01 -0.1360583E+00 -0.1027303E+01 -0.4537394E-01  0.1311964E+00  0.5062733E+00 -0.7537810E-01  0.3027856E+00  0.5370008E+00
 0.3759422E+00
 0.3750000E+00 -0.3867345E+00  0.8678095E-01 -0.8079438E-01 -0.2516088E+00  0.4219047E+00  0.7050459E+00  0.2421223E-01 -0.5597689E+00  0.3993873E+00  0.1512295E+00 -0.8017663E-01 -0.1355373E+00 -0.1023509E+01 -0.4592797E-01  0.1305820E+00  0.5040237E+00 -0.7551791E-01  0.3015430E+00  0.5352757E+00
 0.3746254E+00
 0.4000000E+00 -0.3856783E+00  0.8650792E-01 -0.8043720E-01 -0.2507765E+00  0.4197407E+00  0.7030647E+00  0.2418143E-01 -0.5571622E+00  0.3979225E+00  0.1505000E+00 -0.8021132E-01 -0.1349953E+00 -0.1019579E+01 -0.4651681E-01  0.1299421E+00  0.5016644E+00 -0.7567330E-01  0.3002599E+00  0.5335410E+00
 0.3733044E+00
 0.4250000E+00 -0.3846152E+00  0.8621282E-01 -0.8006760E-01 -0.2499257E+00  0.4174641E+00  0.7011284E+00  0.2414709E-01 -0.5544531E+00  0.3964527E+00  0.1497476E+00 -0.8025690E-01 -0.1344357E+00 -0.1015543E+01 -0.4714011E-01  0.1292808E+00  0.4992072E+00 -0.7584575E-01  0.2989465E+00  0.5318195E+00
 0.3719969E+00
 0.4500000E+00 -0.3835577E+00  0.8589555E-01 -0.7968782E-01 -0.2490638E+00  0.4150827E+00  0.6992697E+00  0.2410918E-01 -0.5516559E+00  0.3949951E+00  0.1489776E+00 -0.8031522E-01 -0.1338621E+00 -0.1011432E+01 -0.4779753E-01  0.1286021E+00  0.4966647E+00 -0.7603681E-01  0.2976134E+00  0.5301350E+00
 0.3707215E+00
 0.4750000E+00 -0.3825184E+00  0.8555602E-01 -0.7930010E-01 -0.2481982E+00  0.4126039E+00  0.6975222E+00  0.2406766E-01 -0.5487855E+00  0.3935676E+00  0.1481950E+00 -0.8038816E-01 -0.1332784E+00 -0.1007277E+01 -0.4848872E-01  0.1279106E+00  0.4940493E+00 -0.7624806E-01  0.2962716E+00  0.5285122E+00
 0.3694972E+00
 0.5000000E+00 -0.3814990E+00  0.8519854E-01 -0.7890612E-01 -0.2473299E+00  0.4100417E+00  0.6959011E+00  0.2401979E-01 -0.5458485E+00  0.3921776E+00  0.1474014E+00 -0.8047476E-01 -0.1326859E+00 -0.1003085E+01 -0.4921116E-01  0.1272071E+00  0.4913652E+00 -0.7647827E-01  0.2949242E+00  0.5269617E+00
 0.3683337E+00
 0.5250000E+00 -0.3805081E+00  0.8482818E-01 -0.7850695E-01 -0.2464632E+00  0.4074130E+00  0.6944332E+00  0.2396610E-01 -0.5428573E+00  0.3908391E+00  0.1466015E+00 -0.8057576E-01 -0.1320865E+00 -0.9988772E+00 -0.4996500E-01  0.1264959E+00  0.4886246E+00 -0.7672818E-01  0.2935801E+00  0.5255030E+00
 0.3672462E+00
 0.5500000E+00 -0.3795535E+00  0.8444991E-01 -0.7810352E-01 -0.2456021E+00  0.4047386E+00  0.6931444E+00  0.2390717E-01 -0.5398242E+00  0.3895655E+00  0.1457999E+00 -0.8069159E-01 -0.1314820E+00 -0.9946742E+00 -0.5075060E-01  0.1257810E+00  0.4858409E+00 -0.7699831E-01  0.2922477E+00  0.5241546E+00
 0.3662491E+00
 0.5750000E+00 -0.3786416E+00  0.8406727E-01 -0.7769655E-01 -0.2447496E+00  0.4020442E+00  0.6920589E+00  0.2384352E-01 -0.5367631E+00  0.3883694E+00  0.1450016E+00 -0.8082222E-01 -0.1308738E+00 -0.9904945E+00 -0.5156867E-01  0.1250670E+00  0.4830291E+00 -0.7728890E-01  0.2909353E+00  0.5229342E+00
 0.3653561E+00
 0.6000000E+00 -0.3777772E+00  0.8368145E-01 -0.7728659E-01 -0.2439074E+00  0.3993600E+00  0.6911978E+00  0.2377556E-01 -0.5336896E+00  0.3872620E+00  0.1442119E+00 -0.8096694E-01 -0.1302626E+00 -0.9863535E+00 -0.5242048E-01  0.1243587E+00  0.4802072E+00 -0.7759973E-01  0.2896505E+00  0.5218568E+00
 0.3645786E+00
 0.6250000E+00 -0.3769621E+00  0.8329141E-01 -0.7687425E-01 -0.2430755E+00  0.3967202E+00  0.6905779E+00  0.2370342E-01 -0.5306232E+00  0.3862519E+00  0.1434363E+00 -0.8112416E-01 -0.1296490E+00 -0.9822630E+00 -0.5330787E-01  0.1236617E+00  0.4773981E+00 -0.7792996E-01  0.2884005E+00  0.5209343E+00
 0.3639258E+00
 0.6500000E+00 -0.3761951E+00  0.8289471E-01 -0.7646093E-01 -0.2422525E+00  0.3941605E+00  0.6902097E+00  0.2362679E-01 -0.5275902E+00  0.3853446E+00  0.1426803E+00 -0.8129121E-01 -0.1290338E+00 -0.9782308E+00 -0.5423298E-01  0.1229817E+00  0.4746310E+00 -0.7827793E-01  0.2871908E+00  0.5201743E+00
 0.3634029E+00
 0.6750000E+00 -0.3754711E+00  0.8248836E-01 -0.7604981E-01 -0.2414358E+00  0.3917153E+00  0.6900963E+00  0.2354499E-01 -0.5246273E+00  0.3845418E+00  0.1419501E+00 -0.8146430E-01 -0.1284195E+00 -0.9742635E+00 -0.5519777E-01  0.1223254E+00  0.4719442E+00 -0.7864094E-01  0.2860258E+00  0.5195784E+00
 0.3630115E+00
 0.7000000E+00 -0.3747817E+00  0.8206944E-01 -0.7564668E-01 -0.2406232E+00  0.3894155E+00  0.6902326E+00  0.2345714E-01 -0.5217835E+00  0.3838405E+00  0.1412520E+00 -0.8163854E-01 -0.1278114E+00 -0.9703707E+00 -0.5620352E-01  0.1216999E+00  0.4693843E+00 -0.7901520E-01  0.2849082E+00  0.5191423E+00
 0.3627487E+00
 0.7250000E+00 -0.3741156E+00  0.8163518E-01 -0.7525992E-01 -0.2398148E+00  0.3872859E+00  0.6906048E+00  0.2336239E-01 -0.5191176E+00  0.3832333E+00  0.1405934E+00 -0.8180809E-01 -0.1272189E+00 -0.9665721E+00 -0.5725045E-01  0.1211138E+00  0.4670036E+00 -0.7939578E-01  0.2838403E+00  0.5188553E+00
 0.3626071E+00
 0.7500000E+00 -0.3734606E+00  0.8118273E-01 -0.7489938E-01 -0.2390151E+00  0.3853431E+00  0.6911913E+00  0.2326005E-01 -0.5166904E+00  0.3827084E+00  0.1399834E+00 -0.8196650E-01 -0.1266552E+00 -0.9629050E+00 -0.5833745E-01  0.1205774E+00  0.4648524E+00 -0.7977672E-01  0.2828251E+00  0.5187005E+00
 0.3625757E+00
 0.7750000E+00 -0.3728059E+00  0.8070884E-01 -0.7457458E-01 -0.2382349E+00  0.3835945E+00  0.6919634E+00  0.2314943E-01 -0.5145548E+00  0.3822505E+00  0.1394335E+00 -0.8210704E-01 -0.1261349E+00 -0.9594296E+00 -0.5946217E-01  0.1201025E+00  0.4629718E+00 -0.8015129E-01  0.2818688E+00  0.5186561E+00
 0.3626398E+00
 0.8000000E+00 -0.3721444E+00  0.8020959E-01 -0.7429301E-01 -0.2374911E+00  0.3820375E+00  0.6928871E+00  0.2302974E-01 -0.5127480E+00  0.3818423E+00  0.1389572E+00 -0.8222328E-01 -0.1256717E+00 -0.9562263E+00 -0.6062116E-01  0.1197015E+00  0.4613880E+00 -0.8051221E-01  0.2809822E+00  0.5186965E+00
 0.3627822E+00
 0.8250000E+00 -0.3714761E+00  0.7968027E-01 -0.7405922E-01 -0.2368046E+00  0.3806604E+00  0.6939244E+00  0.2290001E-01 -0.5112877E+00  0.3814648E+00  0.1385680E+00 -0.8230957E-01 -0.1252756E+00 -0.9533846E+00 -0.6181002E-01  0.1193857E+00  0.4601108E+00 -0.8085200E-01  0.2801822E+00  0.5187932E+00
 0.3629839E+00
 0.8500000E+00 -0.3708091E+00  0.7911554E-01 -0.7387471E-01 -0.2361964E+00  0.3794438E+00  0.6950342E+00  0.2275914E-01 -0.5101739E+00  0.3810991E+00  0.1382779E+00 -0.8236167E-01 -0.1249522E+00 -0.9509874E+00 -0.6302350E-01  0.1191632E+00  0.4591350E+00 -0.8116331E-01  0.2794901E+00  0.5189161E+00
 0.3632244E+00
 0.8750000E+00 -0.3701602E+00  0.7850965E-01 -0.7373844E-01 -0.2356840E+00  0.3783625E+00  0.6961725E+00  0.2260594E-01 -0.5093916E+00  0.3807263E+00  0.1380953E+00 -0.8237725E-01 -0.1247023E+00 -0.9490965E+00 -0.6425556E-01  0.1190384E+00  0.4584437E+00 -0.8143927E-01  0.2789298E+00  0.5190335E+00
 0.3634818E+00
 0.9000000E+00 -0.3695525E+00  0.7785687E-01 -0.7364742E-01 -0.2352783E+00  0.3773875E+00  0.6972927E+00  0.2243923E-01 -0.5089151E+00  0.3803291E+00  0.1380242E+00 -0.8235625E-01 -0.1245234E+00 -0.9477460E+00 -0.6549927E-01  0.1190117E+00  0.4580114E+00 -0.8167389E-01  0.2785231E+00  0.5191127E+00
 0.3637331E+00
 0.9250000E+00 -0.3690125E+00  0.7715165E-01 -0.7359737E-01 -0.2349840E+00  0.3764875E+00  0.6983450E+00  0.2225788E-01 -0.5087114E+00  0.3798921E+00  0.1380643E+00 -0.8230091E-01 -0.1244100E+00 -0.9469425E+00 -0.6674683E-01  0.1190804E+00  0.4578071E+00 -0.8186245E-01  0.2782870E+00  0.5191202E+00
 0.3639535E+00
 0.9500000E+00 -0.3685648E+00  0.7638887E-01 -0.7358315E-01 -0.2347996E+00  0.3756300E+00  0.6992766E+00  0.2206090E-01 -0.5087430E+00  0.3794036E+00  0.1382118E+00 -0.8221530E-01 -0.1243551E+00 -0.9466688E+00 -0.6798960E-01  0.1192392E+00  0.4577963E+00 -0.8200196E-01  0.2782316E+00  0.5190223E+00
 0.3641171E+00
 0.9750000E+00 -0.3682291E+00  0.7556387E-01 -0.7359912E-01 -0.2347191E+00  0.3747819E+00  0.7000315E+00  0.2184741E-01 -0.5089696E+00  0.3788570E+00  0.1384603E+00 -0.8210461E-01 -0.1243505E+00 -0.9468904E+00 -0.6921817E-01  0.1194808E+00  0.4579423E+00 -0.8209146E-01  0.2783593E+00  0.5187861E+00
 0.3641960E+00
 0.1000000E+01 -0.3680182E+00  0.7467242E-01 -0.7363928E-01 -0.2347331E+00  0.3739102E+00  0.7005520E+00  0.2161668E-01 -0.5093490E+00  0.3782526E+00  0.1388014E+00 -0.8197418E-01 -0.1243873E+00 -0.9475600E+00 -0.7042255E-01  0.1197970E+00  0.4582074E+00 -0.8213220E-01  0.2786664E+00  0.5183814E+00
 0.3641613E+00
 0.1025000E+01 -0.3679367E+00  0.7371069E-01 -0.7369738E-01 -0.2348294E+00  0.3729822E+00  0.7007790E+00  0.2136810E-01 -0.5098384E+00  0.3775989E+00  0.1392257E+00 -0.8182874E-01 -0.1244559E+00 -0.9486216E+00 -0.7159230E-01  0.1201789E+00  0.4585531E+00 -0.8212742E-01  0.2791439E+00  0.5177831E+00
 0.3639835E+00
 0.1050000E+01 -0.3679827E+00  0.7267515E-01 -0.7376700E-01 -0.2349944E+00  0.3719656E+00  0.7006550E+00  0.2110117E-01 -0.5103941E+00  0.3769134E+00  0.1397229E+00 -0.8167182E-01 -0.1245467E+00 -0.9500131E+00 -0.7271676E-01  0.1206169E+00  0.4589407E+00 -0.8208186E-01  0.2797787E+00  0.5169737E+00
 0.3636331E+00
 0.1075000E+01 -0.3681480E+00  0.7156258E-01 -0.7384156E-01 -0.2352130E+00  0.3708285E+00  0.7001262E+00  0.2081552E-01 -0.5109723E+00  0.3762208E+00  0.1402823E+00 -0.8150556E-01 -0.1246494E+00 -0.9516686E+00 -0.7378523E-01  0.1211016E+00  0.4593318E+00 -0.8200090E-01  0.2805553E+00  0.5159465E+00
 0.3630826E+00
 0.1100000E+01 -0.3684201E+00  0.7037011E-01 -0.7391444E-01 -0.2354694E+00  0.3695401E+00  0.6991453E+00  0.2051091E-01 -0.5115293E+00  0.3755507E+00  0.1408932E+00 -0.8133076E-01 -0.1247539E+00 -0.9535200E+00 -0.7478717E-01  0.1216232E+00  0.4596882E+00 -0.8188984E-01  0.2814565E+00  0.5147081E+00
 0.3623069E+00
 0.1125000E+01 -0.3687833E+00  0.6909527E-01 -0.7397899E-01 -0.2357475E+00  0.3680709E+00  0.6976749E+00  0.2018726E-01 -0.5120223E+00  0.3749336E+00  0.1415447E+00 -0.8114714E-01 -0.1248502E+00 -0.9554986E+00 -0.7571228E-01  0.1221724E+00  0.4599728E+00 -0.8175327E-01  0.2824641E+00  0.5132791E+00
 0.3612853E+00
 0.1150000E+01 -0.3692204E+00  0.6773619E-01 -0.7402872E-01 -0.2360314E+00  0.3663929E+00  0.6956899E+00  0.1984469E-01 -0.5124100E+00  0.3743975E+00  0.1422264E+00 -0.8095368E-01 -0.1249281E+00 -0.9575369E+00 -0.7655071E-01  0.1227399E+00  0.4601498E+00 -0.8159492E-01  0.2835593E+00  0.5116936E+00
 0.3600031E+00
 0.1175000E+01 -0.3697134E+00  0.6629168E-01 -0.7405733E-01 -0.2363055E+00  0.3644803E+00  0.6931816E+00  0.1948354E-01 -0.5126526E+00  0.3739653E+00  0.1429279E+00 -0.8074895E-01 -0.1249782E+00 -0.9595696E+00 -0.7729315E-01  0.1233167E+00  0.4601854E+00 -0.8141763E-01  0.2847239E+00  0.5099962E+00
 0.3584527E+00
 0.1200000E+01 -0.3702443E+00  0.6476129E-01 -0.7405879E-01 -0.2365551E+00  0.3623099E+00  0.6901595E+00  0.1910440E-01 -0.5127130E+00  0.3736535E+00  0.1436395E+00 -0.8053145E-01 -0.1249915E+00 -0.9615345E+00 -0.7793107E-01  0.1238945E+00  0.4600482E+00 -0.8122359E-01  0.2859399E+00  0.5082379E+00
 0.3566353E+00
 0.1225000E+01 -0.3707960E+00  0.6314529E-01 -0.7402749E-01 -0.2367666E+00  0.3598608E+00  0.6866545E+00  0.1870808E-01 -0.5125566E+00  0.3734727E+00  0.1443519E+00 -0.8029974E-01 -0.1249593E+00 -0.9633736E+00 -0.7845697E-01  0.1244653E+00  0.4597091E+00 -0.8101450E-01  0.2871901E+00  0.5064712E+00
 0.3545628E+00
 0.1250000E+01 -0.3713526E+00  0.6144467E-01 -0.7395821E-01 -0.2369274E+00  0.3571149E+00  0.6827188E+00  0.1829558E-01 -0.5121522E+00  0.3734280E+00  0.1450564E+00 -0.8005256E-01 -0.1248741E+00 -0.9650336E+00 -0.7886467E-01  0.1250215E+00  0.4591420E+00 -0.8079179E-01  0.2884582E+00  0.5047453E+00
 0.3522578E+00
 0.1275000E+01 -0.3718996E+00  0.5966100E-01 -0.7384623E-01 -0.2370261E+00  0.3540569E+00  0.6784241E+00  0.1786802E-01 -0.5114714E+00  0.3735206E+00  0.1457450E+00 -0.7978888E-01 -0.1247289E+00 -0.9664663E+00 -0.7914964E-01  0.1255565E+00  0.4583237E+00 -0.8055670E-01  0.2897295E+00  0.5031036E+00
 0.3497538E+00
 0.1300000E+01 -0.3724239E+00  0.5779635E-01 -0.7368737E-01 -0.2370530E+00  0.3506743E+00  0.6738578E+00  0.1742664E-01 -0.5104900E+00  0.3737490E+00  0.1464107E+00 -0.7950792E-01 -0.1245176E+00 -0.9676294E+00 -0.7930943E-01  0.1260642E+00  0.4572344E+00 -0.8031036E-01  0.2909906E+00  0.5015818E+00
 0.3470935E+00
 0.1325000E+01 -0.3729146E+00  0.5585319E-01 -0.7347806E-01 -0.2369994E+00  0.3469575E+00  0.6691165E+00  0.1697270E-01 -0.5091874E+00  0.3741106E+00  0.1470474E+00 -0.7920911E-01 -0.1242349E+00 -0.9684868E+00 -0.7934392E-01  0.1265395E+00  0.4558575E+00 -0.8005385E-01  0.2922297E+00  0.5002085E+00
 0.3443263E+00
 0.1350000E+01 -0.3733629E+00  0.5383433E-01 -0.7321539E-01 -0.2368587E+00  0.3428998E+00  0.6642992E+00  0.1650748E-01 -0.5075472E+00  0.3746023E+00  0.1476498E+00 -0.7889215E-01 -0.1238766E+00 -0.9690095E+00 -0.7925564E-01  0.1269780E+00  0.4541803E+00 -0.7978824E-01  0.2934375E+00  0.4990060E+00
 0.3415045E+00
 0.1375000E+01 -0.3737621E+00  0.5174286E-01 -0.7289711E-01 -0.2366257E+00  0.3384973E+00  0.6595018E+00  0.1603226E-01 -0.5055575E+00  0.3752219E+00  0.1482142E+00 -0.7855699E-01 -0.1234398E+00 -0.9691756E+00 -0.7904996E-01  0.1273765E+00  0.4521935E+00 -0.7951466E-01  0.2946064E+00  0.4979922E+00
 0.3386806E+00
 0.1400000E+01 -0.3741081E+00  0.4958208E-01 -0.7252171E-01 -0.2362971E+00  0.3337493E+00  0.6548123E+00  0.1554829E-01 -0.5032108E+00  0.3759685E+00  0.1487377E+00 -0.7820389E-01 -0.1229222E+00 -0.9689711E+00 -0.7873508E-01  0.1277329E+00  0.4498921E+00 -0.7923428E-01  0.2957313E+00  0.4971821E+00
 0.3359042E+00
 0.1425000E+01 -0.3743995E+00  0.4735548E-01 -0.7208837E-01 -0.2358714E+00  0.3286576E+00  0.6503093E+00  0.1505676E-01 -0.5005043E+00  0.3768431E+00  0.1492191E+00 -0.7783340E-01 -0.1223229E+00 -0.9683900E+00 -0.7832183E-01  0.1280459E+00  0.4472746E+00 -0.7894846E-01  0.2968095E+00  0.4965893E+00
 0.3332204E+00
 0.1450000E+01 -0.3746372E+00  0.4506670E-01 -0.7159697E-01 -0.2353491E+00  0.3232268E+00  0.6460614E+00  0.1455882E-01 -0.4974391E+00  0.3778488E+00  0.1496580E+00 -0.7744642E-01 -0.1216420E+00 -0.9674340E+00 -0.7782330E-01  0.1283155E+00  0.4443435E+00 -0.7865870E-01  0.2978407E+00  0.4962274E+00
 0.3306691E+00
 0.1475000E+01 -0.3748249E+00  0.4271949E-01 -0.7104802E-01 -0.2347323E+00  0.3174637E+00  0.6421281E+00  0.1405561E-01 -0.4940210E+00  0.3789910E+00  0.1500555E+00 -0.7704421E-01 -0.1208807E+00 -0.9661122E+00 -0.7725423E-01  0.1285427E+00  0.4411044E+00 -0.7836674E-01  0.2988269E+00  0.4961101E+00
 0.3282853E+00
 0.1500000E+01 -0.3749685E+00  0.4031773E-01 -0.7044265E-01 -0.2340247E+00  0.3113773E+00  0.6385614E+00  0.1354818E-01 -0.4902589E+00  0.3802771E+00  0.1504137E+00 -0.7662838E-01 -0.1200409E+00 -0.9644410E+00 -0.7663042E-01  0.1287293E+00  0.4375664E+00 -0.7807458E-01  0.2997722E+00  0.4962527E+00
 0.3260991E+00
 0.1525000E+01 -0.3750764E+00  0.3786540E-01 -0.6978250E-01 -0.2332318E+00  0.3049782E+00  0.6354070E+00  0.1303758E-01 -0.4861655E+00  0.3817165E+00  0.1507356E+00 -0.7620094E-01 -0.1191256E+00 -0.9624434E+00 -0.7596801E-01  0.1288780E+00  0.4337411E+00 -0.7778453E-01  0.3006827E+00  0.4966714E+00
 0.3241369E+00
 0.1550000E+01 -0.3751591E+00  0.3536659E-01 -0.6906963E-01 -0.2323602E+00  0.2982787E+00  0.6327060E+00  0.1252485E-01 -0.4817557E+00  0.3833207E+00  0.1510253E+00 -0.7576429E-01 -0.1181383E+00 -0.9601478E+00 -0.7528305E-01  0.1289923E+00  0.4296427E+00 -0.7749926E-01  0.3015664E+00  0.4973838E+00
 0.3224218E+00
 0.1575000E+01 -0.3752288E+00  0.3282554E-01 -0.6830647E-01 -0.2314178E+00  0.2912917E+00  0.6304957E+00  0.1201098E-01 -0.4770471E+00  0.3851022E+00  0.1512874E+00 -0.7532119E-01 -0.1170832E+00 -0.9575874E+00 -0.7459100E-01  0.1290763E+00  0.4252868E+00 -0.7722176E-01  0.3024326E+00  0.4984086E+00
 0.3209744E+00
 0.1600000E+01 -0.3752991E+00  0.3024661E-01 -0.6749570E-01 -0.2304135E+00  0.2840308E+00  0.6288105E+00  0.1149696E-01 -0.4720582E+00  0.3870747E+00  0.1515271E+00 -0.7487475E-01 -0.1159650E+00 -0.9547993E+00 -0.7390660E-01  0.1291344E+00  0.4206904E+00 -0.7695540E-01  0.3032914E+00  0.4997650E+00
 0.3198127E+00
 0.1625000E+01 -0.3753848E+00  0.2763430E-01 -0.6664014E-01 -0.2293564E+00  0.2765097E+00  0.6276819E+00  0.1098376E-01 -0.4668085E+00  0.3892524E+00  0.1517498E+00 -0.7442838E-01 -0.1147884E+00 -0.9518224E+00 -0.7324365E-01  0.1291713E+00  0.4158709E+00 -0.7670384E-01  0.3041541E+00  0.5014727E+00
 0.3189532E+00
 0.1650000E+01 -0.3755011E+00  0.2499324E-01 -0.6574267E-01 -0.2282563E+00  0.2687418E+00  0.6271386E+00  0.1047231E-01 -0.4613172E+00  0.3916499E+00  0.1519609E+00 -0.7398572E-01 -0.1135585E+00 -0.9486970E+00 -0.7261503E-01  0.1291915E+00  0.4108453E+00 -0.7647104E-01  0.3050318E+00  0.5035510E+00
 0.3184101E+00
 0.1675000E+01 -0.3756634E+00  0.2232819E-01 -0.6480613E-01 -0.2271228E+00  0.2607396E+00  0.6272068E+00  0.9963461E-02 -0.4556030E+00  0.3942808E+00  0.1521657E+00 -0.7355054E-01 -0.1122801E+00 -0.9454628E+00 -0.7203267E-01  0.1291995E+00  0.4056300E+00 -0.7626107E-01  0.3059355E+00  0.5060186E+00
 0.3181960E+00
 0.1700000E+01 -0.3758623E+00  0.1964120E-01 -0.6382865E-01 -0.2259502E+00  0.2524989E+00  0.6278840E+00  0.9457450E-02 -0.4496552E+00  0.3971381E+00  0.1523614E+00 -0.7312007E-01 -0.1109501E+00 -0.9421001E+00 -0.7152184E-01  0.1291930E+00  0.4002162E+00 -0.7607097E-01  0.3068592E+00  0.5088669E+00
 0.3183101E+00
 0.1725000E+01 -0.3760142E+00  0.2094560E-01 -0.6280701E-01 -0.2246939E+00  0.2447668E+00  0.6290261E+00  0.8983201E-02 -0.4434287E+00  0.4001290E+00  0.1525083E+00 -0.7268015E-01 -0.1095549E+00 -0.9384068E+00 -0.7105844E-01  0.1291379E+00  0.3945657E+00 -0.7588395E-01  0.3077277E+00  0.5119788E+00
 0.3186821E+00
 0.1750000E+01 -0.3761034E+00  0.2248220E-01 -0.6173921E-01 -0.2233445E+00  0.2367552E+00  0.6306003E+00  0.8496623E-02 -0.4368579E+00  0.4032318E+00  0.1525941E+00 -0.7222971E-01 -0.1080888E+00 -0.9343350E+00 -0.7064033E-01  0.1290221E+00  0.3885951E+00 -0.7569852E-01  0.3085224E+00  0.5153275E+00
 0.3192946E+00
 0.1775000E+01 -0.3761145E+00  0.2401802E-01 -0.6062548E-01 -0.2218945E+00  0.2284156E+00  0.6325731E+00  0.7992100E-02 -0.4299245E+00  0.4064246E+00  0.1526088E+00 -0.7176778E-01 -0.1065500E+00 -0.9298467E+00 -0.7026556E-01  0.1288366E+00  0.3822811E+00 -0.7551325E-01  0.3092262E+00  0.5188856E+00
 0.3201299E+00
 0.1800000E+01 -0.3760382E+00  0.2550364E-01 -0.5946678E-01 -0.2203398E+00  0.2197356E+00  0.6349199E+00  0.7466592E-02 -0.4226182E+00  0.4096911E+00  0.1525450E+00 -0.7129446E-01 -0.1049379E+00 -0.9249183E+00 -0.6993377E-01  0.1285747E+00  0.3756097E+00 -0.7532791E-01  0.3098268E+00  0.5226329E+00
 0.3211745E+00
 0.1825000E+01 -0.3758712E+00  0.2691359E-01 -0.5826490E-01 -0.2186800E+00  0.2107111E+00  0.6376258E+00  0.6917765E-02 -0.4149362E+00  0.4130216E+00  0.1523978E+00 -0.7081111E-01 -0.1032538E+00 -0.9195422E+00 -0.6964602E-01  0.1282318E+00  0.3685735E+00 -0.7514364E-01  0.3103170E+00  0.5265574E+00
 0.3224199E+00
 0.1850000E+01 -0.3756151E+00  0.2822544E-01 -0.5702242E-01 -0.2169172E+00  0.2013414E+00  0.6406833E+00  0.6343343E-02 -0.4068806E+00  0.4164110E+00  0.1521641E+00 -0.7031998E-01 -0.1015001E+00 -0.9137215E+00 -0.6940416E-01  0.1278050E+00  0.3611696E+00 -0.7496245E-01  0.3106934E+00  0.5306530E+00
 0.3238611E+00
 0.1875000E+01 -0.3752728E+00  0.2941473E-01 -0.5574246E-01 -0.2150547E+00  0.1916264E+00  0.6440874E+00  0.5740764E-02 -0.3984556E+00  0.4198562E+00  0.1518414E+00 -0.6982368E-01 -0.9967998E-01 -0.9074637E+00 -0.6921005E-01  0.1272914E+00  0.3533962E+00 -0.7478674E-01  0.3109539E+00  0.5349160E+00
 0.3254945E+00
 0.1900000E+01 -0.3748477E+00  0.3045465E-01 -0.5442837E-01 -0.2130959E+00  0.1815648E+00  0.6478329E+00  0.5107035E-02 -0.3896651E+00  0.4233540E+00  0.1514267E+00 -0.6932485E-01 -0.9779672E-01 -0.9007758E+00 -0.6906519E-01  0.1266882E+00  0.3452511E+00 -0.7461882E-01  0.3110959E+00  0.5393422E+00
 0.3273168E+00
 0.1925000E+01 -0.3743414E+00  0.3131816E-01 -0.5308349E-01 -0.2110433E+00  0.1711529E+00  0.6519122E+00  0.4438820E-02 -0.3805120E+00  0.4268995E+00  0.1509164E+00 -0.6882581E-01 -0.9585339E-01 -0.8936611E+00 -0.6897048E-01  0.1259916E+00  0.3367301E+00 -0.7446064E-01  0.3111159E+00  0.5439259E+00
 0.3293230E+00
 0.1950000E+01 -0.3737533E+00  0.3198104E-01 -0.5171089E-01 -0.2088979E+00  0.1603844E+00  0.6563136E+00  0.3732788E-02 -0.3709965E+00  0.4304856E+00  0.1503062E+00 -0.6832845E-01 -0.9385244E-01 -0.8861177E+00 -0.6892631E-01  0.1251971E+00  0.3278272E+00 -0.7431367E-01  0.3110085E+00  0.5486577E+00
 0.3315068E+00
 0.1975000E+01 -0.3730806E+00  0.3242389E-01 -0.5031302E-01 -0.2066593E+00  0.1492497E+00  0.6610211E+00  0.2986102E-02 -0.3611166E+00  0.4341026E+00  0.1495907E+00 -0.6783410E-01 -0.9179546E-01 -0.8781377E+00 -0.6893277E-01  0.1242999E+00  0.3185347E+00 -0.7417885E-01  0.3107666E+00  0.5535251E+00
 0.3338590E+00
 0.2000000E+01 -0.3723178E+00  0.3263267E-01 -0.4889155E-01 -0.2043257E+00  0.1377353E+00  0.6660139E+00  0.2196840E-02 -0.3508675E+00  0.4377379E+00  0.1487640E+00 -0.6734355E-01 -0.8968304E-01 -0.8697072E+00 -0.6898985E-01  0.1232943E+00  0.3088438E+00 -0.7405661E-01  0.3103811E+00  0.5585116E+00
 0.3363683E+00
 0.2025000E+01 -0.3714570E+00  0.3259822E-01 -0.4744731E-01 -0.2018933E+00  0.1258239E+00  0.6712668E+00  0.1364228E-02 -0.3402425E+00  0.4413761E+00  0.1478195E+00 -0.6685703E-01 -0.8751478E-01 -0.8608071E+00 -0.6909744E-01  0.1221744E+00  0.2987450E+00 -0.7394687E-01  0.3098414E+00  0.5635971E+00
 0.3390207E+00
 0.2050000E+01 -0.3704881E+00  0.3231559E-01 -0.4598043E-01 -0.1993571E+00  0.1134947E+00  0.6767501E+00  0.4886909E-03 -0.3292328E+00  0.4449995E+00  0.1467502E+00 -0.6637432E-01 -0.8528942E-01 -0.8514129E+00 -0.6925527E-01  0.1209339E+00  0.2882284E+00 -0.7384908E-01  0.3091356E+00  0.5687581E+00
 0.3418000E+00
 0.2075000E+01 -0.3693991E+00  0.3178339E-01 -0.4449053E-01 -0.1967111E+00  0.1007260E+00  0.6824302E+00 -0.4281680E-03 -0.3178286E+00  0.4485878E+00  0.1455485E+00 -0.6589472E-01 -0.8300508E-01 -0.8414964E+00 -0.6946274E-01  0.1195663E+00  0.2772839E+00 -0.7376227E-01  0.3082500E+00  0.5739679E+00
 0.3446880E+00
 0.2100000E+01 -0.3681764E+00  0.3100344E-01 -0.4297691E-01 -0.1939482E+00  0.8750212E-01  0.6882704E+00 -0.1383508E-02 -0.3060199E+00  0.4521189E+00  0.1442064E+00 -0.6541722E-01 -0.8065950E-01 -0.8310259E+00 -0.6971884E-01  0.1180646E+00  0.2659020E+00 -0.7368505E-01  0.3071701E+00  0.5791971E+00
 0.3476647E+00
 0.2125000E+01 -0.3668053E+00  0.2998043E-01 -0.4143882E-01 -0.1910609E+00  0.7382222E-01  0.6942314E+00 -0.2372999E-02 -0.2937967E+00  0.4555694E+00  0.1427156E+00 -0.6494049E-01 -0.7825027E-01 -0.8199679E+00 -0.7002209E-01  0.1164218E+00  0.2540738E+00 -0.7361566E-01  0.3058804E+00  0.5844147E+00
 0.3507092E+00
 0.2150000E+01 -0.3652705E+00  0.2872178E-01 -0.3987549E-01 -0.1880414E+00  0.5970942E-01  0.7002724E+00 -0.3390374E-02 -0.2811504E+00  0.4589151E+00  0.1410677E+00 -0.6446303E-01 -0.7577506E-01 -0.8082883E+00 -0.7037053E-01  0.1146310E+00  0.2417915E+00 -0.7355214E-01  0.3043655E+00  0.5895880E+00
 0.3537998E+00
 0.2175000E+01 -0.3635565E+00  0.2723753E-01 -0.3828633E-01 -0.1848821E+00  0.4521444E-01  0.7063517E+00 -0.4426941E-02 -0.2680736E+00  0.4621315E+00  0.1392547E+00 -0.6398320E-01 -0.7323174E-01 -0.7959531E+00 -0.7076182E-01  0.1126850E+00  0.2290490E+00 -0.7349228E-01  0.3026095E+00  0.5946842E+00
 0.3569143E+00
 0.2200000E+01 -0.3616482E+00  0.2554031E-01 -0.3667102E-01 -0.1815756E+00  0.3041323E-01  0.7124277E+00 -0.5471282E-02 -0.2545612E+00  0.4651942E+00  0.1372685E+00 -0.6349930E-01 -0.7061859E-01 -0.7829300E+00 -0.7119322E-01  0.1105775E+00  0.2158421E+00 -0.7343378E-01  0.3005974E+00  0.5996704E+00
 0.3600308E+00
 0.2225000E+01 -0.3595308E+00  0.2364531E-01 -0.3502953E-01 -0.1781150E+00  0.1540039E-01  0.7184592E+00 -0.6509476E-02 -0.2406101E+00  0.4680798E+00  0.1351017E+00 -0.6300962E-01 -0.6793440E-01 -0.7691888E+00 -0.7166163E-01  0.1083020E+00  0.2021685E+00 -0.7337424E-01  0.2983147E+00  0.6045146E+00
 0.3631278E+00
 0.2250000E+01 -0.3571907E+00  0.2157029E-01 -0.3336221E-01 -0.1744940E+00  0.2816593E-03  0.7244065E+00 -0.7525997E-02 -0.2262199E+00  0.4707659E+00  0.1327472E+00 -0.6251246E-01 -0.6517860E-01 -0.7547020E+00 -0.7216368E-01  0.1058530E+00  0.1880281E+00 -0.7331126E-01  0.2957478E+00  0.6091859E+00
 0.3661845E+00
 0.2275000E+01 -0.3546156E+00  0.1933560E-01 -0.3166973E-01 -0.1707075E+00 -0.1483321E-01  0.7302322E+00 -0.8505085E-02 -0.2113932E+00  0.4732322E+00  0.1301988E+00 -0.6200626E-01 -0.6235136E-01 -0.7394467E+00 -0.7269588E-01  0.1032252E+00  0.1734238E+00 -0.7324254E-01  0.2928848E+00  0.6136557E+00
 0.3691814E+00
 0.2300000E+01 -0.3517951E+00  0.1696421E-01 -0.2995290E-01 -0.1667512E+00 -0.2983750E-01  0.7359023E+00 -0.9432128E-02 -0.1961357E+00  0.4754606E+00  0.1274515E+00 -0.6148962E-01 -0.5945354E-01 -0.7234045E+00 -0.7325475E-01  0.1004147E+00  0.1583624E+00 -0.7316594E-01  0.2897156E+00  0.6178986E+00
 0.3721010E+00
 0.2325000E+01 -0.3487211E+00  0.1448169E-01 -0.2821246E-01 -0.1626222E+00 -0.4463643E-01  0.7413870E+00 -0.1029482E-01 -0.1804574E+00  0.4774365E+00  0.1245012E+00 -0.6096138E-01 -0.5648667E-01 -0.7065631E+00 -0.7383705E-01  0.9741834E-01  0.1428573E+00 -0.7307963E-01  0.2862324E+00  0.6218928E+00
 0.3749276E+00
 0.2350000E+01 -0.3453881E+00  0.1191599E-01 -0.2644884E-01 -0.1583189E+00 -0.5916130E-01  0.7466617E+00 -0.1108428E-01 -0.1643757E+00  0.4791488E+00  0.1213456E+00 -0.6042068E-01 -0.5345282E-01 -0.6889163E+00 -0.7443995E-01  0.9423461E-01  0.1269344E+00 -0.7298216E-01  0.2824300E+00  0.6256212E+00
 0.3776483E+00
 0.2375000E+01 -0.3417931E+00  0.9296674E-02 -0.2466219E-01 -0.1538408E+00 -0.7339612E-01  0.7517069E+00 -0.1179675E-01 -0.1479228E+00  0.4805903E+00  0.1179836E+00 -0.5986691E-01 -0.5035468E-01 -0.6704636E+00 -0.7506111E-01  0.9086329E-01  0.1106441E+00 -0.7287249E-01  0.2783057E+00  0.6290714E+00
 0.3802529E+00
 0.2400000E+01 -0.3379358E+00  0.6652380E-02 -0.2285306E-01 -0.1491885E+00 -0.8743151E-01  0.7565086E+00 -0.1243715E-01 -0.1311644E+00  0.4817571E+00  0.1144158E+00 -0.5929980E-01 -0.4719588E-01 -0.6512106E+00 -0.7569866E-01  0.8730565E-01  0.9408624E-01 -0.7275000E-01  0.2738594E+00  0.6322354E+00
 0.3827336E+00
 0.2425000E+01 -0.3338178E+00  0.4003423E-02 -0.2102436E-01 -0.1443637E+00 -0.1015777E+00  0.7610574E+00 -0.1302654E-01 -0.1142397E+00  0.4826491E+00  0.1106440E+00 -0.5871928E-01 -0.4398231E-01 -0.6311676E+00 -0.7635109E-01  0.8356439E-01  0.7745706E-01 -0.7261442E-01  0.2690932E+00  0.6351097E+00
 0.3850853E+00
 0.2450000E+01 -0.3294427E+00  0.1342170E-02 -0.1918490E-01 -0.1393691E+00 -0.1165951E+00  0.7653487E+00 -0.1361768E-01 -0.9743410E-01  0.4832693E+00  0.1066712E+00 -0.5812550E-01 -0.4072497E-01 -0.6103494E+00 -0.7701715E-01  0.7964369E-01  0.6111980E-01 -0.7246576E-01  0.2640110E+00  0.6376948E+00
 0.3873049E+00
 0.2475000E+01 -0.3248161E+00 -0.1411659E-02 -0.1735198E-01 -0.1342086E+00 -0.1341017E+00  0.7693822E+00 -0.1432206E-01 -0.8126774E-01  0.4836234E+00  0.1025016E+00 -0.5751879E-01 -0.3744570E-01 -0.5887752E+00 -0.7769570E-01  0.7554963E-01  0.4566302E-01 -0.7230428E-01  0.2586184E+00  0.6399950E+00
 0.3893921E+00
 0.2500000E+01 -0.3199450E+00 -0.4479201E-02 -0.1554211E-01 -0.1288872E+00 -0.1569744E+00  0.7731620E+00 -0.1533542E-01 -0.6645934E-01  0.4837203E+00  0.9814040E-01 -0.5689964E-01 -0.3418310E-01 -0.5664678E+00 -0.7838566E-01  0.7129064E-01  0.3179676E-01 -0.7213044E-01  0.2529226E+00  0.6420183E+00
 0.3913486E+00
 0.2525000E+01 -0.3148381E+00 -0.8223467E-02 -0.1373805E-01 -0.1234110E+00 -0.1887882E+00  0.7766968E+00 -0.1689748E-01 -0.5351386E-01  0.4835715E+00  0.9359375E-01 -0.5626868E-01 -0.3098338E-01 -0.5434537E+00 -0.7908603E-01  0.6687696E-01  0.1990551E-01 -0.7194486E-01  0.2469320E+00  0.6437766E+00
 0.3931784E+00
 0.2550000E+01 -0.3095055E+00 -0.1293848E-01 -0.1187205E-01 -0.1177869E+00 -0.2315161E+00  0.7800000E+00 -0.1913864E-01 -0.4220664E-01  0.4831921E+00  0.8886756E-01 -0.5562669E-01 -0.2786511E-01 -0.5197618E+00 -0.7979591E-01  0.6231743E-01  0.9643358E-02 -0.7174838E-01  0.2406565E+00  0.6452858E+00
 0.3948883E+00
 0.2575000E+01 -0.3039591E+00 -0.1862631E-01 -0.9875866E-02 -0.1120216E+00 -0.2840366E+00  0.7830901E+00 -0.2198594E-01 -0.3182215E-01  0.4826000E+00  0.8396733E-01 -0.5497460E-01 -0.2480210E-01 -0.4954231E+00 -0.8051465E-01  0.5761733E-01  0.2870542E-03 -0.7154204E-01  0.2341073E+00  0.6465663E+00
 0.3964876E+00
 0.2600000E+01 -0.2982121E+00 -0.2506594E-01 -0.7724615E-02 -0.1061225E+00 -0.3434540E+00  0.7859907E+00 -0.2525334E-01 -0.2175677E-01  0.4818164E+00  0.7889878E-01 -0.5431345E-01 -0.2174963E-01 -0.4704713E+00 -0.8124193E-01  0.5278019E-01 -0.8703824E-02 -0.7132713E-01  0.2272970E+00  0.6476425E+00
 0.3979884E+00
 0.2625000E+01 -0.2922789E+00 -0.3198508E-01 -0.5428931E-02 -0.1000977E+00 -0.4067929E+00  0.7887302E+00 -0.2875203E-01 -0.1170163E-01  0.4808654E+00  0.7366846E-01 -0.5364435E-01 -0.1866913E-01 -0.4449420E+00 -0.8197781E-01  0.4781027E-01 -0.1757454E-01 -0.7110515E-01  0.2202392E+00  0.6485430E+00
 0.3994049E+00
 0.2650000E+01 -0.2861749E+00 -0.3914363E-01 -0.3014851E-02 -0.9395538E-01 -0.4716243E+00  0.7913410E+00 -0.3232984E-01 -0.1555121E-02  0.4797735E+00  0.6828395E-01 -0.5296845E-01 -0.1553478E-01 -0.4188728E+00 -0.8272277E-01  0.4271337E-01 -0.2638496E-01 -0.7087779E-01  0.2129489E+00  0.6492994E+00
 0.4007537E+00
 0.2675000E+01 -0.2799158E+00 -0.4634775E-01 -0.5125101E-03 -0.8770386E-01 -0.5360735E+00  0.7938589E+00 -0.3587105E-01  0.8677294E-02  0.4785691E+00  0.6275378E-01 -0.5228683E-01 -0.1233293E-01 -0.3923016E+00 -0.8347758E-01  0.3749692E-01 -0.3510755E-01 -0.7064686E-01  0.2054414E+00  0.6499463E+00
 0.4020529E+00
 0.2700000E+01 -0.2735171E+00 -0.5344191E-01  0.2048055E-02 -0.8135125E-01 -0.5986821E+00  0.7963219E+00 -0.3928701E-01  0.1894060E-01  0.4772817E+00  0.5708733E-01 -0.5160049E-01 -0.9060462E-02 -0.3652660E+00 -0.8424330E-01  0.3216980E-01 -0.4367880E-01 -0.7041419E-01  0.1977326E+00  0.6505199E+00
 0.4033218E+00
 0.2725000E+01 -0.2669941E+00 -0.6029873E-01  0.4638049E-02 -0.7490519E-01 -0.6582837E+00  0.7987689E+00 -0.4250808E-01  0.2915812E-01  0.4759412E+00  0.5129477E-01 -0.5091021E-01 -0.5723316E-02 -0.3378029E+00 -0.8502107E-01  0.2674222E-01 -0.5202243E-01 -0.7018159E-01  0.1898381E+00  0.6510569E+00
 0.4045800E+00
 0.2750000E+01 -0.2603608E+00 -0.6696934E-01  0.7276386E-02 -0.6837242E-01 -0.7144489E+00  0.8012382E+00 -0.4553612E-01  0.3930461E-01  0.4745769E+00  0.4538762E-01 -0.5021653E-01 -0.2279046E-02 -0.3099473E+00 -0.8581203E-01  0.2123039E-01 -0.6006385E-01 -0.6995069E-01  0.1817735E+00  0.6515938E+00
 0.4058471E+00
 0.2775000E+01 -0.2536298E+00 -0.7332664E-01  0.9925756E-02 -0.6175922E-01 -0.7662956E+00  0.8037664E+00 -0.4831382E-01  0.4928270E-01  0.4732165E+00  0.3937744E-01 -0.4951964E-01  0.1241972E-02 -0.2817323E+00 -0.8661712E-01  0.1564725E-01 -0.6773224E-01 -0.6972286E-01  0.1735533E+00  0.6521650E+00
 0.4071413E+00
 0.2800000E+01 -0.2468117E+00 -0.7926253E-01  0.1255292E-01 -0.5507107E-01 -0.8130760E+00  0.8063863E+00 -0.5079317E-01  0.5899748E-01  0.4718856E+00  0.3327651E-01 -0.4881937E-01  0.4807309E-02 -0.2531887E+00 -0.8743688E-01  0.1000731E-01 -0.7495762E-01 -0.6949909E-01  0.1651912E+00  0.6528021E+00
 0.4084794E+00
 0.2825000E+01 -0.2399152E+00 -0.8468478E-01  0.1512794E-01 -0.4831275E-01 -0.8541572E+00  0.8091261E+00 -0.5293407E-01  0.6835798E-01  0.4706064E+00  0.2709788E-01 -0.4811508E-01  0.8383951E-02 -0.2243452E+00 -0.8827137E-01  0.4326973E-02 -0.8167298E-01 -0.6927992E-01  0.1566997E+00  0.6535325E+00
 0.4098756E+00
 0.2850000E+01 -0.2329464E+00 -0.8951488E-01  0.1762362E-01 -0.4148848E-01 -0.8890104E+00  0.8120076E+00 -0.5470348E-01  0.7727820E-01  0.4693974E+00  0.2085547E-01 -0.4740571E-01  0.1193922E-01 -0.1952291E+00 -0.8911995E-01 -0.1375011E-02 -0.8781583E-01 -0.6906536E-01  0.1480898E+00  0.6543785E+00
 0.4113410E+00
 0.2875000E+01 -0.2259089E+00 -0.9368627E-01  0.2001524E-01 -0.3460217E-01 -0.9172049E+00  0.8150458E+00 -0.5607463E-01  0.8567794E-01  0.4682726E+00  0.1456412E-01 -0.4668971E-01  0.1544128E-01 -0.1658664E+00 -0.8998123E-01 -0.7076911E-02 -0.9332937E-01 -0.6885482E-01  0.1393715E+00  0.6553565E+00
 0.4128829E+00
 0.2900000E+01 -0.2188042E+00 -0.9714330E-01  0.2228040E-01 -0.2765770E-01 -0.9384056E+00  0.8182476E+00 -0.5702640E-01  0.9348375E-01  0.4672413E+00  0.8239840E-02 -0.4596512E-01  0.1885941E-01 -0.1362832E+00 -0.9085294E-01 -0.1275343E-01 -0.9816344E-01 -0.6864713E-01  0.1305534E+00  0.6564764E+00
 0.4145049E+00
 0.2925000E+01 -0.2116312E+00 -0.9984113E-01  0.2439917E-01 -0.2065926E-01 -0.9523729E+00  0.8216117E+00 -0.5754288E-01  0.1006300E+00  0.4663077E+00  0.1899924E-02 -0.4522953E-01  0.2216445E-01 -0.1065063E+00 -0.9173189E-01 -0.1837536E-01 -0.1022754E+00 -0.6844046E-01  0.1216432E+00  0.6577414E+00
 0.4162061E+00
 0.2950000E+01 -0.2043870E+00 -0.1017462E+00  0.2635435E-01 -0.1361174E-01 -0.9589654E+00  0.8251279E+00 -0.5761324E-01  0.1070603E+00  0.4654711E+00 -0.4436721E-02 -0.4448020E-01  0.2532921E-01 -0.7656495E-01 -0.9261398E-01 -0.2390976E-01 -0.1056311E+00 -0.6823245E-01  0.1126477E+00  0.6591475E+00
 0.4179813E+00
 0.2975000E+01 -0.1970669E+00 -0.1028364E+00  0.2813190E-01 -0.6521182E-02 -0.9581434E+00  0.8287779E+00 -0.5723157E-01  0.1127288E+00  0.4647257E+00 -0.1074934E-01 -0.4371408E-01  0.2832912E-01 -0.4649109E-01 -0.9349420E-01 -0.2932129E-01 -0.1082059E+00 -0.6802018E-01  0.1035733E+00  0.6606839E+00
 0.4198211E+00
 0.3000000E+01 -0.1896650E+00 -0.1031000E+00  0.2972157E-01  0.6047307E-03 -0.9499751E+00  0.8325355E+00 -0.5639688E-01  0.1176028E+00  0.4640614E+00 -0.1701515E-01 -0.4292791E-01  0.3114302E-01 -0.1632120E-01 -0.9436675E-01 -0.3457462E-01 -0.1099858E+00 -0.6780033E-01  0.9442630E-01  0.6623335E+00
 0.4217118E+00
 0.3025000E+01 -0.1821745E+00 -0.1025343E+00  0.3111766E-01  0.7755970E-02 -0.9346437E+00  0.8363679E+00 -0.5511319E-01  0.1216646E+00  0.4634644E+00 -0.2320939E-01 -0.4211837E-01  0.3375410E-01  0.1390306E-01 -0.9522517E-01 -0.3963765E-01 -0.1109690E+00 -0.6756929E-01  0.8521347E-01  0.6640742E+00
 0.4236367E+00
 0.3050000E+01 -0.1745885E+00 -0.1011445E+00  0.3232009E-01  0.1491940E-01 -0.9124590E+00  0.8402372E+00 -0.5338988E-01  0.1249153E+00  0.4629177E+00 -0.2930586E-01 -0.4128213E-01  0.3615129E-01  0.4413400E-01 -0.9606250E-01 -0.4448511E-01 -0.1111683E+00 -0.6732331E-01  0.7594215E-01  0.6658792E+00
 0.4255761E+00
 0.3075000E+01 -0.1669002E+00 -0.9894316E-01  0.3333580E-01  0.2207793E-01 -0.8838706E+00  0.8441015E+00 -0.5124260E-01  0.1273798E+00  0.4624024E+00 -0.3527850E-01 -0.4041600E-01  0.3833114E-01  0.7431732E-01 -0.9687144E-01 -0.4910210E-01 -0.1106137E+00 -0.6705860E-01  0.6662073E-01  0.6677189E+00
 0.4275084E+00
 0.3100000E+01 -0.1591035E+00 -0.9595133E-01  0.3418071E-01  0.2921001E-01 -0.8494875E+00  0.8479167E+00 -0.4869462E-01  0.1291128E+00  0.4618981E+00 -0.4110471E-01 -0.3951699E-01  0.4030060E-01  0.1043918E+00 -0.9764452E-01 -0.5348831E-01 -0.1093578E+00 -0.6677148E-01  0.5725872E-01  0.6695617E+00
 0.4294110E+00
 0.3125000E+01 -0.1511933E+00 -0.9219913E-01  0.3488276E-01  0.3629058E-01 -0.8100992E+00  0.8516376E+00 -0.4577903E-01  0.1302098E+00  0.4613839E+00 -0.4677161E-01 -0.3858243E-01  0.4208119E-01  0.1342892E+00 -0.9837421E-01 -0.5766382E-01 -0.1074822E+00 -0.6645843E-01  0.4786682E-01  0.6713749E+00
 0.4312603E+00
 0.3150000E+01 -0.1431655E+00 -0.8772698E-01  0.3548645E-01  0.4329599E-01 -0.7666951E+00  0.8552189E+00 -0.4254214E-01  0.1308226E+00  0.4608389E+00 -0.5228690E-01 -0.3760995E-01  0.4371545E-01  0.1639343E+00 -0.9905309E-01 -0.6167828E-01 -0.1051090E+00 -0.6611615E-01  0.3845686E-01  0.6731259E+00
 0.4330329E+00
 0.3175000E+01 -0.1350176E+00 -0.8258690E-01  0.3605963E-01  0.5021748E-01 -0.7204641E+00  0.8586162E+00 -0.3904848E-01  0.1311832E+00  0.4602425E+00 -0.5769597E-01 -0.3659758E-01  0.4527687E-01  0.1932465E+00 -0.9967390E-01 -0.6562544E-01 -0.1024168E+00 -0.6574156E-01  0.2904164E-01  0.6747827E+00
 0.4347058E+00
 0.3200000E+01 -0.1267483E+00 -0.7684418E-01  0.3670278E-01  0.5708983E-01 -0.6727418E+00  0.8617865E+00 -0.3538832E-01  0.1316373E+00  0.4595753E+00 -0.6310681E-01 -0.3554371E-01  0.4688434E-01  0.2221416E+00 -0.1002297E+00 -0.6966499E-01 -0.9966438E-01 -0.6533183E-01  0.1963476E-01  0.6763143E+00
 0.4362568E+00
 0.3225000E+01 -0.1183577E+00 -0.7057956E-01  0.3755919E-01  0.6404124E-01 -0.6248679E+00  0.8646893E+00 -0.3168729E-01  0.1326832E+00  0.4588188E+00 -0.6872147E-01 -0.3444710E-01  0.4872027E-01  0.2505385E+00 -0.1007139E+00 -0.7405114E-01 -0.9721891E-01 -0.6488439E-01  0.1025048E-01  0.6776914E+00
 0.4376648E+00
 0.3250000E+01 -0.1098476E+00 -0.6389185E-01  0.3881954E-01  0.7136063E-01 -0.5779626E+00  0.8672864E+00 -0.2811509E-01  0.1349975E+00  0.4579560E+00 -0.7486414E-01 -0.3330690E-01  0.5104504E-01  0.2783703E+00 -0.1011203E+00 -0.7915835E-01 -0.9557663E-01 -0.6439692E-01  0.9035781E-03  0.6788869E+00
 0.4389100E+00
 0.3275000E+01 -0.1012208E+00 -0.5689945E-01  0.4070705E-01  0.7955029E-01 -0.5327493E+00  0.8695430E+00 -0.2488178E-01  0.1393999E+00  0.4569716E+00 -0.8197902E-01 -0.3212260E-01  0.5418894E-01  0.3056035E+00 -0.1014434E+00 -0.8547725E-01 -0.9534625E-01 -0.6386738E-01 -0.8390835E-02  0.6798756E+00
 0.4399742E+00
 0.3300000E+01 -0.9248154E-01 -0.4973642E-01  0.4342874E-01  0.8929059E-01 -0.4896101E+00  0.8714276E+00 -0.2220040E-01  0.1467012E+00  0.4558522E+00 -0.9055803E-01 -0.3089401E-01  0.5849459E-01  0.3322576E+00 -0.1016780E+00 -0.9353895E-01 -0.9715179E-01 -0.6329404E-01 -0.1761738E-01  0.6806355E+00
 0.4408410E+00
 0.3325000E+01 -0.8363515E-01 -0.4253333E-01  0.4709961E-01  0.1012540E+00 -0.4488745E+00  0.8729133E+00 -0.2020761E-01  0.1574390E+00  0.4545866E+00 -0.1009863E+00 -0.2962128E-01  0.6420627E-01  0.3584074E+00 -0.1018200E+00 -0.1037535E+00 -0.1014498E+00 -0.6267552E-01 -0.2676059E-01  0.6811475E+00
 0.4414962E+00
 0.3350000E+01 -0.7468800E-01 -0.3537536E-01  0.5168607E-01  0.1158380E+00 -0.4109511E+00  0.8739777E+00 -0.1888641E-01  0.1716492E+00  0.4531658E+00 -0.1133821E+00 -0.2830488E-01  0.7136503E-01  0.3841490E+00 -0.1018658E+00 -0.1162404E+00 -0.1083569E+00 -0.6201080E-01 -0.3580509E-01  0.6813961E+00
 0.4419280E+00
 0.3375000E+01 -0.6564740E-01 -0.2825982E-01  0.5701590E-01  0.1330148E+00 -0.3759352E+00  0.8746040E+00 -0.1806896E-01  0.1888554E+00  0.4515838E+00 -0.1275511E+00 -0.2694555E-01  0.7979206E-01  0.4095436E+00 -0.1018125E+00 -0.1307806E+00 -0.1176217E+00 -0.6129926E-01 -0.4473582E-01  0.6813700E+00
 0.4421274E+00
 0.3400000E+01 -0.5652138E-01 -0.2110988E-01  0.6284191E-01  0.1523947E+00 -0.3431626E+00  0.8747812E+00 -0.1752941E-01  0.2082669E+00  0.4498374E+00 -0.1430783E+00 -0.2554433E-01  0.8916476E-01  0.4345785E+00 -0.1016585E+00 -0.1469146E+00 -0.1287487E+00 -0.6054068E-01 -0.5353834E-01  0.6810623E+00
 0.4420885E+00
 0.3425000E+01 -0.4731855E-01 -0.1384581E-01  0.6890708E-01  0.1733981E+00 -0.3114386E+00  0.8745048E+00 -0.1708012E-01  0.2290084E+00  0.4479265E+00 -0.1594618E+00 -0.2410246E-01  0.9911431E-01  0.4591587E+00 -0.1014029E+00 -0.1640872E+00 -0.1411582E+00 -0.5973525E-01 -0.6219904E-01  0.6804707E+00
 0.4418082E+00
 0.3450000E+01 -0.3810986E-01 -0.6437163E-02  0.7498136E-01  0.1954062E+00 -0.2796309E+00  0.8748545E+00 -0.1660465E-01  0.2502639E+00  0.4458889E+00 -0.1762097E+00 -0.2263592E-01  0.1092899E+00  0.4837854E+00 -0.1011967E+00 -0.1817514E+00 -0.1542925E+00 -0.5889749E-01 -0.7079766E-01  0.6799359E+00
 0.4419486E+00
 0.3475000E+01 -0.2888847E-01  0.1095239E-02  0.8087247E-01  0.2178274E+00 -0.2469864E+00  0.8758236E+00 -0.1604366E-01  0.2713292E+00  0.4436370E+00 -0.1928783E+00 -0.2114049E-01  0.1193842E+00  0.5082372E+00 -0.1010475E+00 -0.1994145E+00 -0.1676592E+00 -0.5801689E-01 -0.7934721E-01  0.6793580E+00
 0.4425359E+00
 0.3500000E+01 -0.1964144E-01  0.8698514E-02  0.8642363E-01  0.2401310E+00 -0.2131303E+00  0.8773148E+00 -0.1537147E-01  0.2916141E+00  0.4410774E+00 -0.2090829E+00 -0.1960939E-01  0.1291366E+00  0.5321623E+00 -0.1009525E+00 -0.2166484E+00 -0.1808374E+00 -0.5708190E-01 -0.8785642E-01  0.6785997E+00
 0.4435486E+00
 0.3525000E+01 -0.1035250E-01  0.1630450E-01  0.9150731E-01  0.2618511E+00 -0.1779599E+00  0.8791456E+00 -0.1457954E-01  0.3106274E+00  0.4381335E+00 -0.2244934E+00 -0.1803458E-01  0.1383281E+00  0.5550887E+00 -0.1008958E+00 -0.2330855E+00 -0.1934723E+00 -0.5608359E-01 -0.9632467E-01  0.6775151E+00
 0.4449135E+00
 0.3550000E+01 -0.1006386E-02  0.2383942E-01  0.9601921E-01  0.2825812E+00 -0.1415454E+00  0.8810804E+00 -0.1366764E-01  0.3279600E+00  0.4347660E+00 -0.2388268E+00 -0.1640912E-01  0.1467742E+00  0.5764626E+00 -0.1008494E+00 -0.2484107E+00 -0.2052644E+00 -0.5501893E-01 -0.1047379E+00  0.6759868E+00
 0.4465136E+00
 0.3575000E+01  0.8406880E-02  0.3122870E-01  0.9987389E-01  0.3019683E+00 -0.1040636E+00  0.8828827E+00 -0.1263979E-01  0.3432710E+00  0.4309834E+00 -0.2518405E+00 -0.1472963E-01  0.1543199E+00  0.5957066E+00 -0.1007768E+00 -0.2623543E+00 -0.2159621E+00 -0.5389249E-01 -0.1130671E+00  0.6739569E+00
 0.4482095E+00
 0.3600000E+01  0.1788897E-01  0.3839934E-01  0.1030017E+00  0.3197067E+00 -0.6575760E-01  0.8843688E+00 -0.1150248E-01  0.3562783E+00  0.4268414E+00 -0.2633276E+00 -0.1299782E-01  0.1608353E+00  0.6122778E+00 -0.1006382E+00 -0.2746870E+00 -0.2253542E+00 -0.5271580E-01 -0.1212692E+00  0.6714425E+00
 0.4498674E+00
 0.3625000E+01  0.2743278E-01  0.4528124E-01  0.1053471E+00  0.3355334E+00 -0.2691130E-01  0.8854468E+00 -0.1026396E-01  0.3667510E+00  0.4224321E+00 -0.2731132E+00 -0.1122021E-01  0.1662129E+00  0.6257064E+00 -0.1003959E+00 -0.2852159E+00 -0.2332649E+00 -0.5150526E-01 -0.1292905E+00  0.6685312E+00
 0.4513858E+00
 0.3650000E+01  0.3702483E-01  0.5180804E-01  0.1068673E+00  0.3492244E+00  0.1216614E-01  0.8861298E+00 -0.8933888E-02  0.3745052E+00  0.4178699E+00 -0.2810528E+00 -0.9406361E-02  0.1703662E+00  0.6356113E+00 -0.1000194E+00 -0.2937815E+00 -0.2395492E+00 -0.5027968E-01 -0.1370705E+00  0.6653644E+00
 0.4527126E+00
 0.3675000E+01  0.4664978E-01  0.5791779E-01  0.1075314E+00  0.3605925E+00  0.5115148E-01  0.8865265E+00 -0.7523122E-02  0.3793998E+00  0.4132784E+00 -0.2870299E+00 -0.7566693E-02  0.1732275E+00  0.6417007E+00 -0.9948841E-01 -0.3002562E+00 -0.2440896E+00 -0.4905816E-01 -0.1445457E+00  0.6621162E+00
 0.4538511E+00
 0.3700000E+01  0.5629595E-01  0.6355364E-01  0.1073204E+00  0.3694852E+00  0.8971551E-01  0.8868162E+00 -0.6043575E-02  0.3813341E+00  0.4087805E+00 -0.2909556E+00 -0.5710649E-02  0.1747481E+00  0.6437635E+00 -0.9879475E-01 -0.3045426E+00 -0.2467936E+00 -0.4785865E-01 -0.1516531E+00  0.6589731E+00
 0.4548545E+00
 0.3725000E+01  0.6595977E-01  0.6866441E-01  0.1062264E+00  0.3757838E+00  0.1275299E+00  0.8872186E+00 -0.4508035E-02  0.3802459E+00  0.4044903E+00 -0.2927675E+00 -0.3845708E-02  0.1748967E+00  0.6416611E+00 -0.9794223E-01 -0.3065728E+00 -0.2475931E+00 -0.4669698E-01 -0.1583324E+00  0.6561183E+00
 0.4558129E+00
 0.3750000E+01  0.7564770E-01  0.7320527E-01  0.1042525E+00  0.3794029E+00  0.1642730E+00  0.8879651E+00 -0.2929977E-02  0.3761103E+00  0.4005088E+00 -0.2924294E+00 -0.1977099E-02  0.1736596E+00  0.6353193E+00 -0.9694554E-01 -0.3063073E+00 -0.2464440E+00 -0.4558639E-01 -0.1645280E+00  0.6537197E+00
 0.4568370E+00
 0.3775000E+01  0.8537501E-01  0.7713839E-01  0.1014123E+00  0.3802903E+00  0.1996357E+00  0.8892733E+00 -0.1323368E-02  0.3689389E+00  0.3969197E+00 -0.2899313E+00 -0.1080048E-03  0.1710399E+00  0.6247232E+00 -0.9582778E-01 -0.3037350E+00 -0.2433284E+00 -0.4453715E-01 -0.1701906E+00  0.6519211E+00
 0.4580415E+00
 0.3800000E+01  0.9516238E-01  0.8043366E-01  0.9773018E-01  0.3784277E+00  0.2333270E+00  0.8913278E+00  0.2975292E-03  0.3587802E+00  0.3937867E+00 -0.2852890E+00  0.1760017E-02  0.1670577E+00  0.6099143E+00 -0.9461737E-01 -0.2988734E+00 -0.2382568E+00 -0.4355637E-01 -0.1752778E+00  0.6508353E+00
 0.4595308E+00
 0.3825000E+01  0.1050313E+00  0.8306945E-01  0.9324048E-01  0.3738315E+00  0.2650802E+00  0.8942648E+00  0.1918375E-02  0.3457208E+00  0.3911511E+00 -0.2785449E+00  0.3626506E-02  0.1617496E+00  0.5909883E+00 -0.9334468E-01 -0.2917680E+00 -0.2312690E+00 -0.4264779E-01 -0.1797550E+00  0.6505382E+00
 0.4613872E+00
 0.3850000E+01  0.1149992E+00  0.8503359E-01  0.8798748E-01  0.3665540E+00  0.2946598E+00  0.8981600E+00  0.3525010E-02  0.3298862E+00  0.3890284E+00 -0.2697681E+00  0.5491520E-02  0.1551690E+00  0.5680956E+00 -0.9203896E-01 -0.2824933E+00 -0.2224353E+00 -0.4181159E-01 -0.1835964E+00  0.6510632E+00
 0.4636618E+00
 0.3875000E+01  0.1250750E+00  0.8632445E-01  0.8202485E-01  0.3566856E+00  0.3218692E+00  0.9030174E+00  0.5103787E-02  0.3114415E+00  0.3874063E+00 -0.2590559E+00  0.7355022E-02  0.1473863E+00  0.5414417E+00 -0.9072595E-01 -0.2711534E+00 -0.2118554E+00 -0.4104416E-01 -0.1867856E+00  0.6523950E+00
 0.4663670E+00
 0.3900000E+01  0.1352551E+00  0.8695234E-01  0.7541528E-01  0.3443581E+00  0.3465620E+00  0.9087627E+00  0.6642010E-02  0.2905914E+00  0.3862421E+00 -0.2465356E+00  0.9216287E-02  0.1384892E+00  0.5112903E+00 -0.8942600E-01 -0.2578843E+00 -0.1996580E+00 -0.4033817E-01 -0.1893178E+00  0.6544654E+00
 0.4694716E+00
 0.3925000E+01  0.1455233E+00  0.8694146E-01  0.6823023E-01  0.3297505E+00  0.3686548E+00  0.9152518E+00  0.8128526E-02  0.2675798E+00  0.3854666E+00 -0.2323678E+00  0.1107359E-01  0.1285835E+00  0.4779679E+00 -0.8815262E-01 -0.2428563E+00 -0.1860004E+00 -0.3968371E-01 -0.1912003E+00  0.6571602E+00
 0.4729060E+00
 0.3950000E+01  0.1558567E+00  0.8633239E-01  0.6054960E-01  0.3130967E+00  0.3881467E+00  0.9223122E+00  0.9554522E-02  0.2426897E+00  0.3850006E+00 -0.2167519E+00  0.1292454E-01  0.1177943E+00  0.4418725E+00 -0.8691186E-01 -0.2262793E+00 -0.1710686E+00 -0.3907119E-01 -0.1924527E+00  0.6603469E+00
 0.4765843E+00
 0.3975000E+01  0.1662356E+00  0.8518564E-01  0.5246133E-01  0.2947006E+00  0.4051462E+00  0.9297962E+00  0.1091464E-01  0.2162422E+00  0.3847763E+00 -0.1999352E+00  0.1476687E-01  0.1062677E+00  0.4034867E+00 -0.8570390E-01 -0.2084115E+00 -0.1550775E+00 -0.3849410E-01 -0.1931016E+00  0.6639131E+00
 0.4804335E+00
 0.4000000E+01  0.1766475E+00  0.8358647E-01  0.4406036E-01  0.2749592E+00  0.4199091E+00  0.9376022E+00  0.1220860E-01  0.1885954E+00  0.3847452E+00 -0.1822279E+00  0.1659885E-01  0.9417148E-01  0.3634001E+00 -0.8452584E-01 -0.1895725E+00 -0.1382710E+00 -0.3794937E-01 -0.1931753E+00  0.6677803E+00
 0.4844041E+00
 0.4025000E+01  0.1870847E+00  0.8165101E-01  0.3544656E-01  0.2544025E+00  0.4328934E+00  0.9456606E+00  0.1344360E-01  0.1601389E+00  0.3848731E+00 -0.1640282E+00  0.1841912E-01  0.8169540E-01  0.3223430E+00 -0.8337362E-01 -0.1701664E+00 -0.1209200E+00 -0.3743593E-01 -0.1927039E+00  0.6718942E+00
 0.4884634E+00
 0.4050000E+01  0.1975411E+00  0.7953292E-01  0.2672041E-01  0.2337609E+00  0.4448279E+00  0.9539172E+00  0.1463769E-01  0.1312815E+00  0.3851327E+00 -0.1458642E+00  0.2022641E-01  0.6904752E-01  0.2812399E+00 -0.8224273E-01 -0.1507182E+00 -0.1033156E+00 -0.3695340E-01 -0.1917223E+00  0.6762120E+00
 0.4925858E+00
 0.4075000E+01  0.2080106E+00  0.7742740E-01  0.1797474E-01  0.2140734E+00  0.4567855E+00  0.9623229E+00  0.1582383E-01  0.1024218E+00  0.3855001E+00 -0.1284608E+00  0.2201939E-01  0.5644399E-01  0.2412801E+00 -0.8112858E-01 -0.1319292E+00 -0.8574967E-01 -0.3650154E-01 -0.1902726E+00  0.6806958E+00
 0.4967481E+00
 0.4100000E+01  0.2184859E+00  0.7556503E-01  0.9280680E-02  0.1968485E+00  0.4702097E+00  0.9708303E+00  0.1705298E-01  0.7389473E-01  0.3859527E+00 -0.1128347E+00  0.2379663E-01  0.4408607E-01  0.2039859E+00 -0.8002664E-01 -0.1147485E+00 -0.6847733E-01 -0.3608002E-01 -0.1884053E+00  0.6853093E+00
 0.5009274E+00
 0.4125000E+01  0.2289593E+00  0.7418312E-01  0.6696664E-03  0.1842255E+00  0.4867976E+00  0.9793933E+00  0.1839175E-01  0.4589261E-01  0.3864692E+00 -0.1003838E+00  0.2555660E-01  0.3212073E-01  0.1711821E+00 -0.7893267E-01 -0.1004136E+00 -0.5165827E-01 -0.3568839E-01 -0.1861788E+00  0.6900180E+00
 0.5051011E+00
 0.4150000E+01  0.2394221E+00  0.7346700E-01 -0.7878190E-02  0.1788985E+00  0.5081296E+00  0.9879672E+00  0.1990891E-01  0.1839801E-01  0.3870296E+00 -0.9281713E-01  0.2729773E-01  0.2059580E-01  0.1446327E+00 -0.7784273E-01 -0.9031363E-01 -0.3530048E-01 -0.3532607E-01 -0.1836567E+00  0.6947883E+00
 0.5092469E+00
 0.4175000E+01  0.2498652E+00  0.7348088E-01 -0.1642150E-01  0.1833015E+00  0.5350984E+00  0.9965084E+00  0.2165071E-01 -0.8800783E-02  0.3876150E+00 -0.9163174E-01  0.2901840E-01  0.9446226E-02  0.1251584E+00 -0.7675331E-01 -0.8544886E-01 -0.1925764E-01 -0.3499241E-01 -0.1809043E+00  0.6995883E+00
 0.5133433E+00
 0.4200000E+01  0.2602790E+00  0.7413797E-01 -0.2501733E-01  0.1981042E+00  0.5674910E+00  0.1004975E+01  0.2361910E-01 -0.3597836E-01  0.3882075E+00 -0.9720288E-01  0.3071700E-01 -0.1456979E-02  0.1118723E+00 -0.7566136E-01 -0.8569571E-01 -0.3310924E-02 -0.3468662E-01 -0.1779823E+00  0.7043874E+00
 0.5173689E+00
 0.4225000E+01  0.2706533E+00  0.7523834E-01 -0.3368027E-01  0.2216615E+00  0.6040633E+00  0.1013326E+01  0.2576987E-01 -0.6330935E-01  0.3887901E+00 -0.1084955E+00  0.3239197E-01 -0.1222778E-01  0.1027328E+00 -0.7456438E-01 -0.8980679E-01  0.1271550E-01 -0.3440778E-01 -0.1749417E+00  0.7091559E+00
 0.5213031E+00
 0.4250000E+01  0.2809778E+00  0.7654152E-01 -0.4236955E-01  0.2512027E+00  0.6430052E+00  0.1021522E+01  0.2802978E-01 -0.9078939E-01  0.3893469E+00 -0.1238138E+00  0.3404176E-01 -0.2291929E-01  0.9580049E-01 -0.7346050E-01 -0.9623595E-01  0.2888742E-01 -0.3415479E-01 -0.1718199E+00  0.7138654E+00
 0.5251255E+00
 0.4275000E+01  0.2912414E+00  0.7782354E-01 -0.5100180E-01  0.2841127E+00  0.6824158E+00  0.1029524E+01  0.3031707E-01 -0.1182545E+00  0.3898628E+00 -0.1415723E+00  0.3566492E-01 -0.3352119E-01  0.8979213E-01 -0.7234848E-01 -0.1037574E+00  0.4516157E-01 -0.3392638E-01 -0.1686402E+00  0.7184883E+00
 0.5288160E+00
 0.4300000E+01  0.3014330E+00  0.7890189E-01 -0.5947114E-01  0.3183770E+00  0.7205813E+00  0.1037293E+01  0.3255474E-01 -0.1454409E+00  0.3903232E+00 -0.1605554E+00  0.3726007E-01 -0.4397696E-01  0.8398867E-01 -0.7122780E-01 -0.1115658E+00  0.6141961E-01 -0.3372106E-01 -0.1654137E+00  0.7229974E+00
 0.5323547E+00
 0.4325000E+01  0.3115408E+00  0.7963829E-01 -0.6766511E-01  0.3525357E+00  0.7560680E+00  0.1044793E+01  0.3467600E-01 -0.1720394E+00  0.3907143E+00 -0.1798833E+00  0.3882592E-01 -0.5420296E-01  0.7801675E-01 -0.7009861E-01 -0.1191611E+00  0.7750288E-01 -0.3353715E-01 -0.1621430E+00  0.7273664E+00
 0.5357218E+00
 0.4350000E+01  0.3215526E+00  0.7993239E-01 -0.7547401E-01  0.3855290E+00  0.7877195E+00  0.1051985E+01  0.3662508E-01 -0.1977304E+00  0.3910230E+00 -0.1989158E+00  0.4036127E-01 -0.6410295E-01  0.7169388E-01 -0.6896173E-01 -0.1262278E+00  0.9323638E-01 -0.3337277E-01 -0.1588257E+00  0.7315695E+00
 0.5388975E+00
 0.4375000E+01  0.3314562E+00  0.7971395E-01 -0.8279548E-01  0.4165688E+00  0.8146191E+00  0.1058834E+01  0.3835617E-01 -0.2222037E+00  0.3912364E+00 -0.2171737E+00  0.4186505E-01 -0.7357717E-01  0.6494175E-01 -0.6781861E-01 -0.1325555E+00  0.1084429E+00 -0.3322587E-01 -0.1554579E+00  0.7355814E+00
 0.5418624E+00
 0.4400000E+01  0.3412389E+00  0.7893608E-01 -0.8953655E-01  0.4450525E+00  0.8360500E+00  0.1065302E+01  0.3983211E-01 -0.2451682E+00  0.3913426E+00 -0.2342862E+00  0.4333628E-01 -0.8252774E-01  0.5774061E-01 -0.6667119E-01 -0.1379957E+00  0.1229508E+00 -0.3309423E-01 -0.1520359E+00  0.7393773E+00
 0.5445971E+00
 0.4425000E+01  0.3508878E+00  0.7757033E-01 -0.9561430E-01  0.4705104E+00  0.8514627E+00  0.1071356E+01  0.4102315E-01 -0.2663565E+00  0.3913299E+00 -0.2499589E+00  0.4477406E-01 -0.9086174E-01  0.5010500E-01 -0.6552186E-01 -0.1424383E+00  0.1365984E+00 -0.3297555E-01 -0.1485577E+00  0.7429332E+00
 0.5470826E+00
 0.4450000E+01  0.3604376E+00  0.7560302E-01 -0.1009561E+00  0.4925728E+00  0.8604498E+00  0.1077106E+01  0.4190605E-01 -0.2855280E+00  0.3912343E+00 -0.2639540E+00  0.4618003E-01 -0.9849303E-01  0.4207036E-01 -0.6436749E-01 -0.1458013E+00  0.1492364E+00 -0.3287736E-01 -0.1450049E+00  0.7463226E+00
 0.5493799E+00
 0.4475000E+01  0.3698724E+00  0.7303273E-01 -0.1054994E+00  0.5109501E+00  0.8627289E+00  0.1082507E+01  0.4246343E-01 -0.3024699E+00  0.3910405E+00 -0.2760783E+00  0.4755265E-01 -0.1053434E+00  0.3368511E-01 -0.6320899E-01 -0.1480237E+00  0.1607297E+00 -0.3279742E-01 -0.1413813E+00  0.7495148E+00
 0.5514657E+00
 0.4500000E+01  0.3791762E+00  0.6986848E-01 -0.1091926E+00  0.5254212E+00  0.8581296E+00  0.1087518E+01  0.4268329E-01 -0.3169989E+00  0.3907337E+00 -0.2861756E+00  0.4889052E-01 -0.1113437E+00  0.2500568E-01 -0.6204748E-01 -0.1490631E+00  0.1709583E+00 -0.3273336E-01 -0.1376910E+00  0.7524799E+00
 0.5533174E+00
 0.4525000E+01  0.3883328E+00  0.6612839E-01 -0.1119941E+00  0.5358252E+00  0.8465842E+00  0.1092094E+01  0.4255862E-01 -0.3289618E+00  0.3902999E+00 -0.2941206E+00  0.5019235E-01 -0.1164342E+00  0.1609300E-01 -0.6088431E-01 -0.1488938E+00  0.1798189E+00 -0.3268274E-01 -0.1339384E+00  0.7551887E+00
 0.5549131E+00
 0.4550000E+01  0.3973265E+00  0.6183858E-01 -0.1138734E+00  0.5420558E+00  0.8281206E+00  0.1096198E+01  0.4208714E-01 -0.3382371E+00  0.3897259E+00 -0.2998161E+00  0.5145699E-01 -0.1205658E+00  0.7009827E-02 -0.5972105E-01 -0.1475059E+00  0.1872248E+00 -0.3264304E-01 -0.1301278E+00  0.7576136E+00
 0.5562319E+00
 0.4575000E+01  0.4061419E+00  0.5703234E-01 -0.1148110E+00  0.5440573E+00  0.8028565E+00  0.1099790E+01  0.4127110E-01 -0.3447357E+00  0.3889998E+00 -0.3031912E+00  0.5268344E-01 -0.1237007E+00 -0.2181743E-02 -0.5855949E-01 -0.1449044E+00  0.1931077E+00 -0.3261174E-01 -0.1262642E+00  0.7597287E+00
 0.5572542E+00
 0.4600000E+01  0.4147641E+00  0.5174932E-01 -0.1147987E+00  0.5418205E+00  0.7709951E+00  0.1102836E+01  0.4011706E-01 -0.3484022E+00  0.3881105E+00 -0.3042014E+00  0.5387088E-01 -0.1258124E+00 -0.1142263E-01 -0.5740163E-01 -0.1411092E+00  0.1974179E+00 -0.3258632E-01 -0.1223526E+00  0.7615098E+00
 0.5579622E+00
 0.4625000E+01  0.4231793E+00  0.4603480E-01 -0.1138396E+00  0.5353810E+00  0.7328208E+00  0.1105304E+01  0.3863584E-01 -0.3492161E+00  0.3870485E+00 -0.3028309E+00  0.5501867E-01 -0.1268871E+00 -0.2065930E-01 -0.5624971E-01 -0.1361546E+00  0.2001256E+00 -0.3256426E-01 -0.1183984E+00  0.7629353E+00
 0.5583393E+00
 0.4650000E+01  0.4313743E+00  0.3993895E-01 -0.1119489E+00  0.5248201E+00  0.6886958E+00  0.1107166E+01  0.3684234E-01 -0.3471938E+00  0.3858054E+00 -0.2990943E+00  0.5612638E-01 -0.1269242E+00 -0.2984629E-01 -0.5510613E-01 -0.1300891E+00  0.2012222E+00 -0.3254311E-01 -0.1144070E+00  0.7639859E+00
 0.5583713E+00
 0.4675000E+01  0.4393375E+00  0.3351606E-01 -0.1091541E+00  0.5102675E+00  0.6390566E+00  0.1108398E+01  0.3475554E-01 -0.3423902E+00  0.3843745E+00 -0.2930393E+00  0.5719379E-01 -0.1259373E+00 -0.3894851E-01 -0.5397352E-01 -0.1229753E+00  0.2007217E+00 -0.3252046E-01 -0.1103843E+00  0.7646448E+00
 0.5580457E+00
 0.4700000E+01  0.4470583E+00  0.2682365E-01 -0.1054959E+00  0.4919074E+00  0.5844112E+00  0.1108981E+01  0.3239843E-01 -0.3349018E+00  0.3827504E+00 -0.2847495E+00  0.5822089E-01 -0.1239552E+00 -0.4794292E-01 -0.5285464E-01 -0.1148899E+00  0.1986627E+00 -0.3249401E-01 -0.1063361E+00  0.7648981E+00
 0.5573523E+00
 0.4725000E+01  0.4545277E+00  0.1992138E-01 -0.1010289E+00  0.4699852E+00  0.5253355E+00  0.1108897E+01  0.2979803E-01 -0.3248709E+00  0.3809291E+00 -0.2743478E+00  0.5920792E-01 -0.1210243E+00 -0.5681881E-01 -0.5175241E-01 -0.1059239E+00  0.1951118E+00 -0.3246152E-01 -0.1022686E+00  0.7647348E+00
 0.5562829E+00
 0.4750000E+01  0.4617382E+00  0.1286957E-01 -0.9582330E-01  0.4448160E+00  0.4624702E+00  0.1108135E+01  0.2698547E-01 -0.3124913E+00  0.3789083E+00 -0.2620012E+00  0.6015535E-01 -0.1172102E+00 -0.6557614E-01 -0.5066985E-01 -0.9618262E-01  0.1901672E+00 -0.3242087E-01 -0.9818771E-01  0.7641467E+00
 0.5548318E+00
 0.4775000E+01  0.4686838E+00  0.5727092E-02 -0.8996701E-01  0.4167960E+00  0.3965153E+00  0.1106687E+01  0.2399608E-01 -0.2980173E+00  0.3766870E+00 -0.2479276E+00  0.6106388E-01 -0.1126022E+00 -0.7422174E-01 -0.4961010E-01 -0.8578655E-01  0.1839659E+00 -0.3237005E-01 -0.9409975E-01  0.7631284E+00
 0.5529954E+00
 0.4800000E+01  0.4753605E+00 -0.1452075E-02 -0.8356867E-01  0.3864168E+00  0.3282216E+00  0.1104552E+01  0.2086955E-01 -0.2817768E+00  0.3742659E+00 -0.2324057E+00  0.6193449E-01 -0.1073183E+00 -0.8276469E-01 -0.4857635E-01 -0.7487119E-01  0.1766924E+00 -0.3230716E-01 -0.9001087E-01  0.7616779E+00
 0.5507722E+00
 0.4825000E+01  0.4817660E+00 -0.8624438E-02 -0.7676178E-01  0.3542847E+00  0.2583718E+00  0.1101729E+01  0.1764985E-01 -0.2641889E+00  0.3716469E+00 -0.2157885E+00  0.6276840E-01 -0.1015129E+00 -0.9121423E-01 -0.4757186E-01 -0.6358690E-01  0.1685933E+00 -0.3223041E-01 -0.8592720E-01  0.7597958E+00
 0.5481634E+00
 0.4850000E+01  0.4878997E+00 -0.1576645E-01 -0.6970957E-01  0.3211424E+00  0.1877426E+00  0.1098225E+01  0.1438476E-01 -0.2457884E+00  0.3688335E+00 -0.1985203E+00  0.6356709E-01 -0.9538720E-01 -0.9958617E-01 -0.4659993E-01 -0.5209640E-01  0.1599956E+00 -0.3213813E-01 -0.8185483E-01  0.7574856E+00
 0.5451718E+00
 0.4875000E+01  0.4937630E+00 -0.2288991E-01 -0.6260869E-01  0.2878856E+00  0.1170261E+00  0.1094049E+01  0.1112379E-01 -0.2272497E+00  0.3658303E+00 -0.1811521E+00  0.6433232E-01 -0.8920022E-01 -0.1079274E+00 -0.4566388E-01 -0.4056687E-01  0.1513292E+00 -0.3202876E-01 -0.7779971E-01  0.7547537E+00
 0.5418028E+00
 0.4900000E+01  0.4993590E+00 -0.3006439E-01 -0.5568629E-01  0.2555493E+00  0.4668351E-01  0.1089214E+01  0.7913227E-02 -0.2093948E+00  0.3626435E+00 -0.1643417E+00  0.6506611E-01 -0.8327461E-01 -0.1163686E+00 -0.4476707E-01 -0.2915101E-01  0.1431414E+00 -0.3190081E-01 -0.7376770E-01  0.7516091E+00
 0.5380634E+00
 0.4925000E+01  0.5046929E+00 -0.3744118E-01 -0.4917947E-01  0.2252148E+00 -0.2327562E-01  0.1083738E+01  0.4786238E-02 -0.1931435E+00  0.3592803E+00 -0.1488052E+00  0.6577076E-01 -0.7798006E-01 -0.1252008E+00 -0.4391284E-01 -0.1795123E-01  0.1360757E+00 -0.3175291E-01 -0.6976447E-01  0.7480633E+00
 0.5339628E+00
 0.4950000E+01  0.5097715E+00 -0.4525631E-01 -0.4328520E-01  0.1977818E+00 -0.9350204E-01  0.1077642E+01  0.1749417E-02 -0.1793465E+00  0.3557490E+00 -0.1351776E+00  0.6644884E-01 -0.7366968E-01 -0.1349177E+00 -0.4310454E-01 -0.6972429E-02  0.1307696E+00 -0.3158373E-01 -0.6579549E-01  0.7441305E+00
 0.5295117E+00
 0.4975000E+01  0.5146035E+00 -0.5377472E-01 -0.3808929E-01  0.1736457E+00 -0.1652426E+00  0.1070950E+01 -0.1224998E-02 -0.1685033E+00  0.3520589E+00 -0.1237942E+00  0.6710319E-01 -0.7056482E-01 -0.1461113E+00 -0.4234551E-01  0.3901226E-02  0.1276527E+00 -0.3139202E-01 -0.6186601E-01  0.7398267E+00
 0.5247224E+00
 0.5000000E+01  0.5191992E+00 -0.6317141E-01 -0.3352627E-01  0.1525120E+00 -0.2397841E+00  0.1063688E+01 -0.4187095E-02 -0.1605323E+00  0.3482203E+00 -0.1145350E+00  0.6773689E-01 -0.6865350E-01 -0.1591906E+00 -0.4163900E-01  0.1485585E-01  0.1267508E+00 -0.3117661E-01 -0.5798096E-01  0.7351701E+00
 0.5196089E+00
