 0.005 0.688315573895 0.661797035788 -0.526781122905
 0.01 0.688301957123 0.661783944085 -0.526770680663
 0.015 0.688274724134 0.661757761213 -0.526749796603
 0.02 0.688233876034 0.661718488236 -0.52671847157
 0.025 0.688179414486 0.661666126751 -0.526676706834
 0.03 0.688111341704 0.661600678889 -0.526624504087
 0.035 0.688029660457 0.661522147311 -0.526561865445
 0.04 0.68793437407 0.661430535215 -0.526488793447
 0.045 0.687825486419 0.661325846327 -0.526405291055
 0.05 0.687703001938 0.661208084909 -0.526311361657
 0.055 0.687566925613 0.661077255758 -0.526207009062
 0.06 0.687417262986 0.660933364201 -0.526092237505
 0.065 0.687254020154 0.6607764161 -0.525967051643
 0.07 0.687077203771 0.660606417854 -0.52583145656
 0.075 0.686886821046 0.660423376393 -0.525685457763
 0.08 0.686682879743 0.660227299184 -0.525529061185
 0.085 0.686465388185 0.660018194228 -0.525362273184
 0.09 0.686234355251 0.659796070062 -0.525185100543
 0.095 0.685989790378 0.659560935761 -0.524997550473
 0.1 0.68573170356 0.659312800933 -0.524799630609
 0.105 0.685460105351 0.659051675727 -0.524591349013
 0.11 0.685175006864 0.658777570827 -0.524372714177
 0.115 0.684876419771 0.658490497456 -0.524143735017
 0.12 0.684564356305 0.658190467377 -0.523904420879
 0.125 0.68423882926 0.657877492889 -0.523654781537
 0.13 0.683899851991 0.657551586835 -0.523394827195
 0.135 0.683547438415 0.657212762598 -0.523124568485
 0.14 0.683181603016 0.656861034099 -0.522844016471
 0.145 0.682802360836 0.656496415806 -0.522553182647
 0.15 0.682409727486 0.656118922726 -0.522252078937
 0.155 0.682003719141 0.655728570413 -0.521940717699
 0.16 0.681584352543 0.655325374964 -0.521619111723
 0.165 0.681151645001 0.654909353021 -0.521287274233
 0.17 0.680705614392 0.654480521774 -0.520945218885
 0.175 0.680246279163 0.654038898959 -0.520592959772
 0.18 0.679773658331 0.65358450286 -0.520230511422
 0.185 0.679287771483 0.653117352312 -0.519857888799
 0.19 0.678788638781 0.6526374667 -0.519475107304
 0.195 0.678276280958 0.652144865959 -0.519082182778
 0.2 0.677750719324 0.651639570578 -0.518679131497
 0.205 0.677211975763 0.651121601598 -0.518265970181
 0.21 0.676660072737 0.650590980619 -0.517842715988
 0.215 0.676095033287 0.650047729791 -0.517409386519
 0.22 0.675516881032 0.649491871828 -0.516965999818
 0.225 0.674925640173 0.648923429997 -0.516512574373
 0.23 0.674321335495 0.648342428129 -0.516049129114
 0.235 0.673703992365 0.647748890615 -0.515575683421
 0.24 0.673073636736 0.647142842408 -0.515092257119
 0.245 0.672430295147 0.646524309026 -0.51459887048
 0.25 0.671773994728 0.645893316555 -0.514095544229
 0.255 0.671104763196 0.645249891645 -0.513582299537
 0.26 0.670422628863 0.644594061518 -0.51305915803
 0.265 0.669727620633 0.643925853964 -0.512526141788
 0.27 0.669019768003 0.643245297347 -0.511983273342
 0.275 0.668299101072 0.642552420605 -0.511430575683
 0.28 0.667565650533 0.641847253251 -0.510868072255
 0.285 0.666819447683 0.641129825377 -0.510295786964
 0.29 0.666060524422 0.640400167654 -0.509713744175
 0.295 0.665288913251 0.639658311334 -0.509121968716
 0.3 0.664504647283 0.638904288253 -0.508520485875
 0.305 0.663707760236 0.638138130833 -0.507909321409
 0.31 0.662898286442 0.637359872082 -0.507288501539
 0.315 0.662076260843 0.6365695456 -0.506658052955
 0.32 0.661241718999 0.635767185577 -0.506018002816
 0.325 0.660394697089 0.634952826799 -0.505368378754
 0.33 0.65953523191 0.634126504646 -0.504709208875
 0.335 0.658663360883 0.633288255099 -0.504040521758
 0.34 0.657779122053 0.63243811474 -0.503362346462
 0.345 0.656882554096 0.631576120754 -0.502674712523
 0.35 0.655973696315 0.630702310932 -0.501977649959
 0.355 0.655052588648 0.629816723676 -0.501271189274
 0.36 0.65411927167 0.628919397997 -0.500555361452
 0.365 0.653173786592 0.628010373522 -0.49983019797
 0.37 0.65221617527 0.627089690494 -0.499095730791
 0.375 0.651246480204 0.626157389777 -0.498351992372
 0.38 0.650264744539 0.625213512858 -0.497599015664
 0.385 0.649271012075 0.624258101848 -0.496836834114
 0.39 0.648265327263 0.623291199489 -0.496065481669
 0.395 0.647247735214 0.622312849155 -0.495284992777
 0.4 0.646218281698 0.621323094854 -0.494495402391
 0.405 0.64517701315 0.620321981233 -0.49369674597
 0.41 0.644123976671 0.619309553583 -0.492889059482
 0.415 0.643059220037 0.618285857838 -0.492072379408
 0.42 0.641982791694 0.617250940582 -0.491246742744
 0.425 0.640894740772 0.616204849051 -0.490412187004
 0.43 0.639795117081 0.615147631139 -0.489568750221
 0.435 0.638683971115 0.614079335399 -0.488716470954
 0.44 0.637561354064 0.613000011048 -0.487855388288
 0.445 0.636427317809 0.61190970797 -0.486985541836
 0.45 0.63528191493 0.610808476723 -0.486106971747
 0.455 0.634125198711 0.60969636854 -0.485219718704
 0.46 0.632957223145 0.608573435335 -0.484323823931
 0.465 0.631778042934 0.607439729706 -0.483419329195
 0.47 0.6305877135 0.60629530494 -0.482506276808
 0.475 0.629386290983 0.605140215018 -0.481584709636
 0.48 0.628173832253 0.603974514621 -0.480654671093
 0.485 0.626950394908 0.60279825913 -0.479716205157
 0.49 0.625716037285 0.601611504636 -0.478769356362
 0.495 0.62447081846 0.600414307943 -0.477814169811
 0.5 0.623214798257 0.599206726571 -0.476850691173
 0.505 0.621948037251 0.597988818766 -0.475878966694
 0.51 0.620670596776 0.5967606435 -0.474899043195
 0.515 0.619382538929 0.59552226048 -0.47391096808
 0.52 0.618083926574 0.594273730152 -0.472914789338
 0.525 0.616774823353 0.593015113707 -0.47191055555
 0.53 0.615455293685 0.591746473087 -0.47089831589
 0.535 0.614125402779 0.590467870991 -0.469878120136
 0.54 0.612785216637 0.589179370879 -0.468850018666
 0.545 0.611434802059 0.587881036983 -0.46781406247
 0.55 0.610074226652 0.586572934307 -0.466770303152
 0.555 0.608703558837 0.585255128639 -0.465718792936
 0.56 0.607322867853 0.583927686554 -0.46465958467
 0.565 0.605932223766 0.582590675422 -0.463592731831
 0.57 0.604531697478 0.581244163415 -0.462518288534
 0.575 0.603121360729 0.579888219515 -0.461436309534
 0.58 0.601701286111 0.578522913518 -0.46034685023
 0.585 0.600271547069 0.577148316044 -0.459249966678
 0.59 0.598832217914 0.575764498545 -0.45814571559
 0.595 0.597383373829 0.57437153331 -0.45703415434
 0.6 0.595925090875 0.572969493475 -0.455915340977
 0.605 0.594457446006 0.57155845303 -0.454789334224
 0.61 0.592980517067 0.570138486827 -0.453656193487
 0.615 0.591494382813 0.568709670589 -0.452515978864
 0.62 0.589999122911 0.56727208092 -0.451368751147
 0.625 0.588494817952 0.565825795307 -0.450214571832
 0.63 0.58698154946 0.56437089214 -0.449053503127
 0.635 0.5854593999 0.562907450709 -0.447885607954
 0.64 0.583928452689 0.561435551222 -0.446710949964
 0.645 0.582388792205 0.559955274811 -0.445529593535
 0.65 0.580840503799 0.558466703543 -0.44434160379
 0.655 0.579283673801 0.556969920425 -0.443147046596
 0.66 0.577718389535 0.555465009422 -0.441945988575
 0.665 0.576144739325 0.553952055462 -0.440738497116
 0.67 0.574562812512 0.552431144445 -0.439524640375
 0.675 0.572972699458 0.550902363259 -0.438304487292
 0.68 0.571374491564 0.549365799786 -0.437078107594
 0.685 0.569768281274 0.547821542917 -0.435845571804
 0.69 0.568154162096 0.54626968256 -0.434606951253
 0.695 0.566532228606 0.544710309652 -0.433362318086
 0.7 0.564902576464 0.543143516174 -0.432111745276
 0.705 0.563265302426 0.541569395159 -0.430855306626
 0.71 0.561620504355 0.539988040706 -0.429593076784
 0.715 0.559968281238 0.538399547993 -0.428325131253
 0.72 0.558308733194 0.536804013288 -0.427051546398
 0.725 0.556641961493 0.535201533965 -0.42577239946
 0.73 0.554968068565 0.533592208513 -0.424487768561
 0.735 0.553287158016 0.531976136552 -0.423197732721
 0.74 0.551599334642 0.530353418849 -0.421902371864
 0.745 0.549904704446 0.528724157326 -0.420601766833
 0.75 0.548203374648 0.527088455081 -0.419295999396
 0.755 0.546495453704 0.525446416397 -0.417985152264
 0.76 0.54478105132 0.52379814676 -0.416669309096
 0.765 0.543060278468 0.522143752873 -0.415348554516
 0.77 0.541333247402 0.520483342671 -0.414022974124
 0.775 0.539600071672 0.518817025339 -0.412692654507
 0.78 0.537860866146 0.517144911325 -0.41135768325
 0.785 0.536115747021 0.515467112356 -0.410018148955
 0.79 0.534364831844 0.513783741458 -0.408674141246
 0.795 0.532608239528 0.512094912971 -0.407325750791
 0.8 0.530846090369 0.510400742562 -0.405973069307
 0.805 0.529078506066 0.508701347251 -0.404616189578
 0.81 0.527305609739 0.506996845421 -0.40325520547
 0.815 0.525527525944 0.505287356838 -0.401890211943
 0.82 0.523744380699 0.503573002674 -0.400521305066
 0.825 0.521956301498 0.501853905517 -0.399148582031
 0.83 0.520163417331 0.500130189398 -0.397772141171
 0.835 0.518365858707 0.498401979805 -0.396392081971
 0.84 0.51656375767 0.496669403706 -0.395008505086
 0.845 0.514757247825 0.494932589564 -0.393621512355
 0.85 0.512946464352 0.493191667364 -0.392231206818
 0.855 0.511131544035 0.491446768627 -0.390837692733
 0.86 0.509312625278 0.489698026434 -0.389441075591
 0.865 0.507489848128 0.487945575446 -0.388041462131
 0.87 0.505663354298 0.486189551927 -0.386638960361
 0.875 0.503833287188 0.484430093764 -0.385233679571
 0.88 0.501999791913 0.482667340487 -0.383825730353
 0.885 0.500163015316 0.480901433296 -0.382415224617
 0.89 0.498323106002 0.479132515079 -0.381002275609
 0.895 0.496480214355 0.477360730437 -0.37958699793
 0.9 0.494634492565 0.475586225708 -0.378169507553
 0.905 0.492786094649 0.473809148987 -0.376749921841
 0.91 0.49093517648 0.472029650153 -0.375328359566
 0.915 0.489081895809 0.470247880889 -0.373904940932
 0.92 0.487226412288 0.468463994711 -0.372479787584
 0.925 0.485368887502 0.466678146988 -0.371053022638
 0.93 0.483509484986 0.464890494967 -0.369624770693
 0.935 0.481648370257 0.463101197802 -0.368195157856
 0.94 0.479785710837 0.461310416572 -0.366764311755
 0.945 0.477921676279 0.459518314312 -0.365332361565
 0.95 0.476056438197 0.457725056036 -0.363899438024
 0.955 0.474190170286 0.455930808761 -0.362465673457
 0.96 0.472323048354 0.454135741535 -0.361031201791
 0.965 0.470455250346 0.452340025462 -0.35959615858
 0.97 0.468586956372 0.450543833727 -0.358160681021
 0.975 0.466718348734 0.44874734162 -0.35672490798
 0.98 0.46484961195 0.446950726568 -0.355288980006
 0.985 0.462980932785 0.445154168154 -0.353853039356
 0.99 0.461112500276 0.443357848148 -0.352417230013
 0.995 0.459244505759 0.441561950528 -0.35098169771
 1.0 0.457377142895 0.439766661511 -0.349546589944
 1.005 0.455510607699 0.437972169575 -0.348112056002
 1.01 0.453645098563 0.436178665486 -0.346678246981
 1.015 0.451780816287 0.434386342323 -0.345245315802
 1.02 0.449917964101 0.432595395503 -0.343813417238
 1.025 0.448056747693 0.430806022808 -0.342382707928
 1.03 0.446197375235 0.429018424405 -0.340953346399
 1.035 0.444340057406 0.427232802875 -0.339525493083
 1.04 0.44248500742 0.425449363236 -0.338099310338
 1.045 0.440632441049 0.423668312963 -0.336674962468
 1.05 0.438782576644 0.421889862016 -0.335252615735
 1.055 0.436935635164 0.420114222857 -0.333832438383
 1.06 0.435091840194 0.418341610478 -0.332414600653
 1.065 0.433251417968 0.416572242415 -0.330999274798
 1.07 0.431414597391 0.414806338776 -0.329586635101
 1.075 0.42958161006 0.413044122253 -0.328176857891
 1.08 0.427752690281 0.411285818146 -0.326770121554
 1.085 0.42592807509 0.409531654379 -0.325366606553
 1.09 0.424108004266 0.407781861515 -0.323966495433
 1.095 0.422292720352 0.406036672775 -0.322569972841
 1.1 0.420482468667 0.404296324046 -0.321177225533
 1.105 0.418677497322 0.402561053903 -0.319788442386
 1.11 0.416878057226 0.40083110361 -0.318403814403
 1.115 0.415084402103 0.39910671714 -0.317023534728
 1.12 0.413296788496 0.397388141174 -0.315647798644
 1.125 0.411515475779 0.395675625116 -0.314276803587
 1.13 0.409740726153 0.393969421091 -0.312910749141
 1.135 0.40797280466 0.392269783951 -0.311549837048
 1.14 0.406211979173 0.390576971276 -0.310194271202
 1.145 0.404458520403 0.38889124337 -0.308844257652
 1.15 0.402712701891 0.38721286326 -0.307500004599
 1.155 0.400974799998 0.385542096687 -0.306161722386
 1.16 0.399245093903 0.383879212099 -0.304829623496
 1.165 0.397523865586 0.382224480638 -0.303503922543
 1.17 0.395811399812 0.380578176124 -0.302184836254
 1.175 0.394107984117 0.378940575042 -0.300872583463
 1.18 0.39241390878 0.377311956517 -0.29956738509
 1.185 0.390729466806 0.375692602288 -0.298269464122
 1.19 0.389054953887 0.374082796687 -0.29697904559
 1.195 0.387390668378 0.3724828266 -0.29569635655
 1.2 0.385736911255 0.370892981437 -0.294421626047
 1.205 0.384093986078 0.36931355309 -0.293155085089
 1.21 0.382462198942 0.36774483589 -0.291896966612
 1.215 0.380841858428 0.366187126561 -0.29064750544
 1.22 0.379233275552 0.364640724164 -0.289406938249
 1.225 0.377636763701 0.363105930042 -0.288175503513
 1.23 0.376052638572 0.361583047761 -0.286953441463
 1.235 0.374481218101 0.360072383036 -0.285740994032
 1.24 0.372922822387 0.358574243666 -0.284538404797
 1.245 0.371377773614 0.357088939453 -0.283345918916
 1.25 0.369846395962 0.355616782118 -0.282163783068
 1.255 0.368329015519 0.354158085217 -0.280992245378
 1.26 0.366825960176 0.35271316404 -0.279831555344
 1.265 0.365337559528 0.351282335516 -0.278681963758
 1.27 0.363864144763 0.349865918105 -0.277543722621
 1.275 0.36240604854 0.348464231682 -0.276417085054
 1.28 0.360963604871 0.347077597422 -0.275302305205
 1.285 0.359537148984 0.345706337672 -0.274199638149
 1.29 0.358127017191 0.344350775818 -0.27310933978
 1.295 0.35673354674 0.343011236147 -0.272031666707
 1.3 0.355357075661 0.341688043701 -0.270966876135
 1.305 0.353997942614 0.340381524123 -0.269915225743
 1.31 0.352656486715 0.339092003498 -0.268876973562
 1.315 0.351333047367 0.337819808185 -0.267852377839
 1.32 0.350027964078 0.336565264645 -0.266841696903
 1.325 0.348741576273 0.335328699258 -0.265845189019
 1.33 0.347474223096 0.334110438136 -0.26486311224
 1.335 0.346226243211 0.332910806928 -0.263895724255
 1.34 0.344997974592 0.331730130618 -0.262943282229
 1.345 0.343789754299 0.330568733315 -0.262006042636
 1.35 0.342601918264 0.329426938039 -0.26108426109
 1.355 0.341434801052 0.328305066498 -0.26017819217
 1.36 0.340288735625 0.327203438858 -0.259288089238
 1.365 0.3391640531 0.326122373511 -0.258414204254
 1.37 0.338061082496 0.325062186831 -0.257556787587
 1.375 0.336980150477 0.324023192927 -0.256716087817
 1.38 0.33592158109 0.323005703394 -0.255892351537
 1.385 0.334885695497 0.32201002705 -0.255085823149
 1.39 0.333872811699 0.321036469674 -0.254296744656
 1.395 0.332883244264 0.320085333744 -0.253525355453
 1.4 0.331917304035 0.319156918158 -0.252771892109
 1.405 0.330975297852 0.318251517962 -0.25203658815
 1.41 0.330057528259 0.317369424071 -0.251319673842
 1.415 0.329164293209 0.316510922986 -0.250621375964
 1.42 0.328295885771 0.315676296513 -0.249941917586
 1.425 0.327452593832 0.314865821472 -0.249281517844
 1.43 0.326634699798 0.314079769415 -0.24864039171
 1.435 0.325842480294 0.313318406335 -0.248018749769
 1.44 0.325076205868 0.31258199238 -0.247416797988
 1.445 0.32433614069 0.311870781564 -0.246834737492
 1.45 0.323622542253 0.311185021483 -0.246272764336
 1.455 0.322935661082 0.310524953029 -0.245731069281
 1.46 0.322275740437 0.309890810114 -0.245209837575
 1.465 0.32164301603 0.309282819386 -0.24470924873
 1.47 0.321037715735 0.308701199956 -0.244229476307
 1.475 0.32046005931 0.308146163136 -0.243770687705
 1.48 0.319910258126 0.307617912168 -0.243333043952
 1.485 0.319388514897 0.307116641972 -0.242916699502
 1.49 0.318895023423 0.306642538893 -0.24252180204
 1.495 0.318429968334 0.306195780463 -0.242148492286
 1.5 0.317993524853 0.305776535165 -0.241796903819
 1.505 0.317585858562 0.305384962211 -0.24146716289
 1.51 0.317207125174 0.305021211326 -0.241159388264
 1.515 0.31685747033 0.304685422546 -0.240873691048
 1.52 0.316537029394 0.304377726025 -0.24061017455
 1.525 0.316245927264 0.304098241857 -0.240368934129
 1.53 0.315984278206 0.303847079906 -0.240150057068
 1.535 0.315752185683 0.303624339654 -0.239953622446
 1.54 0.315549742217 0.303430110058 -0.239779701034
 1.545 0.315377029252 0.303264469424 -0.239628355189
 1.55 0.315234117042 0.303127485297 -0.23949963877
 1.555 0.315121064543 0.303019214359 -0.239393597057
 1.56 0.315037919336 0.302939702351 -0.239310266689
 1.565 0.31498471755 0.302888984006 -0.239249675609
 1.57 0.314961483816 0.302867082996 -0.239211843028
 1.575 0.314968231225 0.3028740119 -0.239196779392
 1.58 0.315004961313 0.302909772184 -0.239204486374
 1.585 0.315071664057 0.302974354198 -0.239234956864
 1.59 0.315168317887 0.303067737189 -0.239288174988
 1.595 0.31529488972 0.303189889335 -0.239364116125
 1.6 0.315451335007 0.303340767785 -0.239462746945
 1.605 0.315637597795 0.303520318723 -0.23958402546
 1.61 0.315853610808 0.303728477448 -0.239727901082
 1.615 0.316099295546 0.30396516846 -0.239894314698
 1.62 0.316374562392 0.304230305575 -0.240083198752
 1.625 0.316679310744 0.304523792041 -0.240294477346
 1.63 0.317013429154 0.304845520679 -0.240528066344
 1.635 0.317376795482 0.305195374029 -0.240783873492
 1.64 0.317769277073 0.305573224517 -0.241061798547
 1.645 0.318190730933 0.305978934631 -0.241361733415
 1.65 0.318641003929 0.306412357105 -0.241683562303
 1.655 0.319119932995 0.306873335125 -0.242027161874
 1.66 0.319627345352 0.307361702535 -0.242392401412
 1.665 0.320163058738 0.30787728406 -0.242779143001
 1.67 0.320726881645 0.308419895535 -0.243187241703
 1.675 0.32131861357 0.308989344147 -0.243616545747
 1.68 0.321938045275 0.309585428678 -0.244066896729
 1.685 0.322584959043 0.310207939764 -0.244538129805
 1.69 0.32325912896 0.310856660151 -0.245030073906
 1.695 0.323960321186 0.31153136497 -0.245542551941
 1.7 0.324688294238 0.312231821998 -0.246075381019
 1.705 0.325442799282 0.312957791946 -0.246628372661
 1.71 0.326223580421 0.313709028732 -0.247201333026
 1.715 0.327030374988 0.314485279765 -0.247794063131
 1.72 0.327862913848 0.315286286232 -0.248406359081
 1.725 0.328720921691 0.316111783384 -0.24903801229
 1.73 0.329604117334 0.316961500824 -0.24968880971
 1.735 0.330512214018 0.317835162794 -0.250358534062
 1.74 0.33144491971 0.318732488463 -0.251046964058
 1.745 0.332401937398 0.319653192214 -0.251753874629
 1.75 0.333382965389 0.320596983927 -0.252479037151
 1.755 0.334387697601 0.321563569263 -0.253222219666
 1.76 0.335415823857 0.322552649944 -0.253983187105
 1.765 0.336467030169 0.323563924028 -0.254761701507
 1.77 0.337540999025 0.324597086184 -0.255557522229
 1.775 0.338637409666 0.325651827959 -0.256370406167
 1.78 0.339755938363 0.326727838044 -0.257200107959
 1.785 0.340896258687 0.327824802535 -0.258046380191
 1.79 0.342058041773 0.328942405182 -0.258908973597
 1.795 0.343240956577 0.330080327643 -0.259787637261
 1.8 0.344444670131 0.331238249725 -0.260682118801
 1.805 0.345668847792 0.332415849623 -0.261592164561
 1.81 0.346913153473 0.333612804147 -0.262517519794
 1.815 0.348177249889 0.334828788949 -0.263457928835
 1.82 0.349460798771 0.336063478742 -0.264413135277
 1.825 0.350763461094 0.337316547507 -0.265382882136
 1.83 0.352084897288 0.338587668701 -0.266366912013
 1.835 0.353424767438 0.339876515452 -0.267364967247
 1.84 0.354782731488 0.341182760751 -0.268376790069
 1.845 0.356158449428 0.342506077633 -0.269402122745
 1.85 0.35755158148 0.343846139356 -0.270440707715
 1.855 0.358961788269 0.345202619568 -0.271492287727
 1.86 0.360388730997 0.346575192468 -0.272556605964
 1.865 0.361832071603 0.347963532965 -0.273633406168
 1.87 0.363291472913 0.349367316824 -0.274722432756
 1.875 0.364766598794 0.350786220805 -0.275823430934
 1.88 0.366257114288 0.352219922804 -0.276936146798
 1.885 0.367762685747 0.353668101974 -0.27806032744
 1.89 0.369282980962 0.35513043885 -0.279195721044
 1.895 0.370817669276 0.356606615464 -0.280342076971
 1.9 0.372366421705 0.358096315452 -0.281499145852
 1.905 0.373928911037 0.359599224158 -0.282666679665
 1.91 0.375504811939 0.361115028729 -0.28384443181
 1.915 0.377093801046 0.362643418207 -0.285032157183
 1.92 0.378695557051 0.364184083613 -0.286229612244
 1.925 0.380309760787 0.365736718025 -0.287436555076
 1.93 0.381936095305 0.367301016653 -0.288652745444
 1.935 0.383574245945 0.36887667691 -0.289877944851
 1.94 0.385223900399 0.370463398471 -0.291111916588
 1.945 0.386884748777 0.372060883333 -0.292354425778
 1.95 0.388556483657 0.373668835871 -0.293605239421
 1.955 0.390238800144 0.375286962884 -0.294864126431
 1.96 0.391931395908 0.376914973643 -0.296130857673
 1.965 0.393633971233 0.37855257993 -0.297405205994
 1.97 0.39534622905 0.380199496074 -0.298686946251
 1.975 0.397067874977 0.381855438984 -0.299975855341
 1.98 0.398798617342 0.383520128181 -0.301271712217
 1.985 0.400538167216 0.385193285818 -0.302574297915
 1.99 0.402286238431 0.386874636705 -0.303883395566
 1.995 0.404042547601 0.38856390833 -0.305198790416
 2.0 0.40580681414 0.390260830869 -0.306520269833
 2.005 0.407578760274 0.391965137205 -0.307847623319
 2.01 0.409358111049 0.393676562932 -0.309180642521
 2.015 0.411144594343 0.395394846367 -0.31051912123
 2.02 0.412937940868 0.397119728551 -0.311862855393
 2.025 0.414737884172 0.398850953255 -0.313211643107
 2.03 0.416544160639 0.400588266976 -0.314565284623
 2.035 0.418356509491 0.402331418939 -0.315923582346
 2.04 0.420174672779 0.404080161089 -0.317286340828
 2.045 0.421998395378 0.405834248088 -0.318653366765
 2.05 0.423827424979 0.407593437307 -0.320024468989
 2.055 0.425661512081 0.409357488814 -0.321399458467
 2.06 0.427500409977 0.411126165367 -0.322778148282
 2.065 0.429343874744 0.412899232398 -0.324160353634
 2.07 0.431191665224 0.414676458002 -0.32554589182
 2.075 0.433043543015 0.416457612918 -0.326934582228
 2.08 0.434899272447 0.418242470518 -0.328326246323
 2.085 0.436758620571 0.420030806787 -0.32972070763
 2.09 0.438621357132 0.421822400304 -0.331117791725
 2.095 0.440487254558 0.423617032225 -0.332517326215
 2.1 0.442356087933 0.425414486259 -0.333919140726
 2.105 0.444227634975 0.427214548652 -0.335323066881
 2.11 0.446101676019 0.429017008164 -0.336728938292
 2.115 0.447977993988 0.430821656043 -0.338136590531
 2.12 0.449856374372 0.432628286008 -0.339545861124
 2.125 0.451736605206 0.434436694222 -0.340956589522
 2.13 0.453618477039 0.436246679268 -0.34236861709
 2.135 0.455501782915 0.438058042129 -0.343781787083
 2.14 0.457386318347 0.439870586158 -0.345195944629
 2.145 0.459271881285 0.441684117056 -0.346610936709
 2.15 0.461158272099 0.443498442849 -0.348026612137
 2.155 0.463045293545 0.445313373857 -0.34944282154
 2.16 0.464932750743 0.447128722674 -0.350859417337
 2.165 0.466820451148 0.448944304139 -0.352276253721
 2.17 0.468708204524 0.450759935313 -0.353693186636
 2.175 0.470595822917 0.45257543545 -0.355110073759
 2.18 0.472483120631 0.454390625974 -0.356526774477
 2.185 0.474369914194 0.45620533045 -0.357943149869
 2.19 0.47625602234 0.458019374562 -0.359359062684
 2.195 0.478141265973 0.459832586085 -0.360774377321
 2.2 0.480025468149 0.461644794857 -0.36218895981
 2.205 0.481908454042 0.463455832758 -0.363602677788
 2.21 0.483790050923 0.465265533683 -0.365015400484
 2.215 0.485670088129 0.467073733512 -0.366426998693
 2.22 0.48754839704 0.468880270092 -0.367837344761
 2.225 0.489424811052 0.470684983207 -0.369246312564
 2.23 0.491299165548 0.472487714553 -0.370653777487
 2.235 0.493171297879 0.474288307717 -0.372059616403
 2.24 0.495041047332 0.476086608149 -0.373463707658
 2.245 0.496908255106 0.477882463137 -0.374865931049
 2.25 0.498772764291 0.479675721787 -0.376266167804
 2.255 0.500634419838 0.481466234995 -0.377664300566
 2.26 0.502493068537 0.483253855426 -0.379060213371
 2.265 0.504348558993 0.48503843749 -0.380453791633
 2.27 0.5062007416 0.486819837318 -0.381844922124
 2.275 0.508049468521 0.488597912739 -0.383233492955
 2.28 0.50989459366 0.49037252326 -0.384619393559
 2.285 0.511735972641 0.492143530041 -0.386002514675
 2.29 0.513573462787 0.493910795873 -0.387382748329
 2.295 0.515406923094 0.49567418516 -0.388759987816
 2.3 0.51723621421 0.497433563892 -0.390134127685
 2.305 0.519061198414 0.499188799629 -0.391505063721
 2.31 0.520881739595 0.500939761477 -0.392872692931
 2.315 0.522697703228 0.502686320068 -0.394236913523
 2.32 0.524508956354 0.504428347542 -0.395597624894
 2.325 0.52631536756 0.506165717523 -0.396954727615
 2.33 0.528116806961 0.507898305105 -0.398308123412
 2.335 0.529913146173 0.509625986827 -0.399657715152
 2.34 0.531704258301 0.511348640657 -0.40100340683
 2.345 0.533490017915 0.513066145974 -0.402345103553
 2.35 0.535270301031 0.514778383548 -0.403682711522
 2.355 0.537044985095 0.516485235523 -0.405016138026
 2.36 0.538813948963 0.518186585396 -0.406345291418
 2.365 0.54057707288 0.519882318007 -0.407670081109
 2.37 0.542334238468 0.521572319512 -0.408990417552
 2.375 0.544085328703 0.523256477374 -0.410306212225
 2.38 0.5458302279 0.524934680345 -0.411617377624
 2.385 0.547568821698 0.526606818444 -0.412923827247
 2.39 0.549300997039 0.528272782948 -0.414225475579
 2.395 0.551026642156 0.529932466375 -0.415522238086
 2.4 0.552745646553 0.531585762463 -0.416814031195
 2.405 0.554457900992 0.533232566163 -0.418100772288
 2.41 0.556163297477 0.534872773618 -0.419382379689
 2.415 0.557861729239 0.536506282149 -0.420658772649
 2.42 0.55955309072 0.538132990246 -0.421929871339
 2.425 0.561237277557 0.539752797547 -0.423195596838
 2.43 0.562914186573 0.541365604827 -0.424455871119
 2.435 0.564583715758 0.542971313987 -0.425710617041
 2.44 0.566245764255 0.544569828037 -0.42695975834
 2.445 0.567900232351 0.546161051083 -0.428203219614
 2.45 0.569547021459 0.547744888319 -0.429440926318
 2.455 0.571186034106 0.549321246007 -0.430672804749
 2.46 0.572817173923 0.55089003147 -0.431898782041
 2.465 0.57444034563 0.552451153082 -0.433118786153
 2.47 0.576055455023 0.554004520247 -0.43433274586
 2.475 0.577662408963 0.555550043397 -0.435540590744
 2.48 0.579261115366 0.557087633976 -0.436742251183
 2.485 0.580851483187 0.55861720443 -0.437937658347
 2.49 0.582433422413 0.560138668195 -0.439126744186
 2.495 0.584006844051 0.561651939687 -0.440309441419
 2.5 0.585571660114 0.563156934292 -0.441485683533
 2.505 0.587127783614 0.564653568356 -0.442655404766
 2.51 0.588675128549 0.566141759173 -0.443818540109
 2.515 0.590213609896 0.567621424976 -0.444975025288
 2.52 0.591743143596 0.569092484929 -0.446124796763
 2.525 0.593263646548 0.570554859116 -0.447267791719
 2.53 0.594775036599 0.572008468531 -0.448403948059
 2.535 0.596277232533 0.573453235071 -0.449533204394
 2.54 0.597770154063 0.574889081525 -0.45065550004
 2.545 0.599253721822 0.576315931567 -0.451770775009
 2.55 0.600727857352 0.577733709746 -0.452878970002
 2.555 0.602192483097 0.579142341479 -0.453980026402
 2.56 0.603647522397 0.580541753042 -0.455073886271
 2.565 0.605092899475 0.581931871561 -0.456160492338
 2.57 0.60652853943 0.583312625008 -0.457239787998
 2.575 0.607954368232 0.584683942186 -0.458311717304
 2.58 0.609370312712 0.586045752732 -0.459376224959
 2.585 0.610776300552 0.587397987099 -0.460433256314
 2.59 0.612172260283 0.588740576555 -0.461482757358
 2.595 0.613558121273 0.590073453175 -0.462524674718
 2.6 0.614933813722 0.591396549834 -0.463558955646
 2.605 0.616299268653 0.592709800197 -0.464585548022
 2.61 0.617654417908 0.594013138719 -0.465604400343
 2.615 0.61899919414 0.595306500631 -0.466615461719
 2.62 0.620333530805 0.596589821941 -0.46761868187
 2.625 0.621657362157 0.597863039421 -0.468614011118
 2.63 0.622970623242 0.599126090606 -0.469601400384
 2.635 0.624273249891 0.600378913785 -0.470580801186
 2.64 0.625565178714 0.601621447996 -0.471552165627
 2.645 0.626846347094 0.602853633023 -0.4725154464
 2.65 0.628116693182 0.604075409386 -0.473470596774
 2.655 0.629376155891 0.605286718338 -0.474417570597
 2.66 0.63062467489 0.60648750186 -0.47535632229
 2.665 0.631862190599 0.607677702653 -0.476286806839
 2.67 0.633088644183 0.608857264138 -0.477208979796
 2.675 0.634303977548 0.610026130446 -0.478122797274
 2.68 0.635508133336 0.611184246416 -0.47902821594
 2.685 0.636701054918 0.612331557589 -0.479925193014
 2.69 0.637882686391 0.613468010204 -0.480813686266
 2.695 0.639052972573 0.614593551192 -0.48169365401
 2.7 0.640211858997 0.615708128174 -0.482565055101
 2.705 0.641359291911 0.616811689456 -0.483427848935
 2.71 0.642495218266 0.617904184023 -0.48428199544
 2.715 0.643619585718 0.618985561535 -0.485127455075
 2.72 0.644732342622 0.620055772324 -0.48596418883
 2.725 0.645833438026 0.621114767393 -0.486792158219
 2.73 0.646922821669 0.622162498405 -0.487611325277
 2.735 0.648000443977 0.623198917685 -0.488421652559
 2.74 0.649066256058 0.624223978215 -0.489223103136
 2.745 0.6501202097 0.625237633627 -0.490015640591
 2.75 0.651162257363 0.626239838206 -0.49079922902
 2.755 0.652192352182 0.627230546881 -0.491573833024
 2.76 0.653210447958 0.628209715221 -0.492339417711
 2.765 0.654216499158 0.629177299439 -0.493095948689
 2.77 0.655210460907 0.630133256379 -0.493843392068
 2.775 0.656192288992 0.631077543521 -0.494581714454
 2.78 0.657161939852 0.632010118973 -0.495310882949
 2.785 0.658119370578 0.63293094147 -0.496030865145
 2.79 0.659064538909 0.633839970369 -0.496741629127
 2.795 0.659997403231 0.634737165651 -0.497443143467
 2.8 0.66091792257 0.635622487911 -0.49813537722
 2.805 0.661826056595 0.636495898363 -0.498818299928
 2.81 0.662721765608 0.63735735883 -0.499491881612
 2.815 0.663605010547 0.638206831746 -0.500156092773
 2.82 0.664475752983 0.639044280155 -0.50081090439
 2.825 0.665333955114 0.6398696677 -0.501456287915
 2.83 0.666179579763 0.640682958632 -0.502092215275
 2.835 0.66701259038 0.641484117799 -0.502718658869
 2.84 0.667832951035 0.642273110647 -0.503335591563
 2.845 0.668640626416 0.643049903217 -0.503942986693
 2.85 0.66943558183 0.643814462146 -0.504540818061
 2.855 0.670217783197 0.644566754657 -0.505129059932
 2.86 0.67098719705 0.645306748567 -0.505707687033
 2.865 0.671743790531 0.646034412276 -0.506276674556
 2.87 0.672487531393 0.646749714772 -0.506835998148
 2.875 0.673218387992 0.647452625624 -0.507385633917
 2.88 0.673936329291 0.648143114982 -0.507925558425
 2.885 0.674641324853 0.648821153576 -0.508455748691
 2.89 0.675333344842 0.649486712714 -0.508976182187
 2.895 0.676012360023 0.650139764277 -0.509486836836
 2.9 0.676678341753 0.650780280724 -0.509987691013
 2.905 0.677331261989 0.651408235083 -0.510478723543
 2.91 0.677971093279 0.652023600953 -0.510959913698
 2.915 0.678597808763 0.652626352505 -0.511431241198
 2.92 0.679211382171 0.653216464474 -0.511892686207
 2.925 0.679811787823 0.653793912164 -0.512344229337
 2.93 0.680399000624 0.654358671442 -0.51278585164
 2.935 0.680972996068 0.654910718738 -0.513217534612
 2.94 0.68153375023 0.655450031045 -0.51363926019
 2.945 0.682081239769 0.655976585918 -0.514051010752
 2.95 0.682615441928 0.656490361467 -0.514452769115
 2.955 0.683136334526 0.656991336365 -0.514844518533
 2.96 0.683643895966 0.65747948984 -0.515226242699
 2.965 0.684138105224 0.657954801673 -0.515597925741
 2.97 0.684618941856 0.658417252205 -0.515959552223
 2.975 0.685086385993 0.658866822326 -0.516311107145
 2.98 0.68554041834 0.65930349348 -0.516652575939
 2.985 0.685981020175 0.659727247664 -0.516983944471
 2.99 0.68640817335 0.660138067424 -0.517305199038
 2.995 0.686821860286 0.660535935854 -0.51761632637
 3.0 0.687222063978 0.6609208366 -0.517917313627
 3.005 0.687608767987 0.661292753853 -0.518208148399
 3.01 0.687981956444 0.661651672352 -0.518488818706
 3.015 0.688341614048 0.661997577383 -0.518759312996
 3.02 0.688687726066 0.662330454775 -0.519019620146
 3.025 0.68902027833 0.662650290904 -0.519269729459
 3.03 0.689339257236 0.662957072688 -0.519509630666
 3.035 0.689644649749 0.663250787589 -0.519739313925
 3.04 0.689936443393 0.66353142361 -0.519958769818
 3.045 0.69021462626 0.6637989693 -0.520167989355
 3.05 0.690479187001 0.664053413743 -0.520366963968
 3.055 0.690730114832 0.664294746569 -0.520555685517
 3.06 0.69096739953 0.664522957946 -0.520734146282
 3.065 0.691191031432 0.664738038582 -0.520902338969
 3.07 0.691401001436 0.664939979723 -0.521060256708
 3.075 0.691597301001 0.665128773155 -0.521207893049
 3.08 0.691779922146 0.665304411203 -0.521345241967
 3.085 0.691948857447 0.665466886727 -0.52147229786
 3.09 0.692104100041 0.665616193127 -0.521589055545
 3.095 0.692245643624 0.665752324341 -0.521695510262
 3.1 0.692373482449 0.66587527484 -0.521791657673
 3.105 0.692487611326 0.665985039636 -0.521877493862
 3.11 0.692588025625 0.666081614274 -0.521953015332
 3.115 0.692674721273 0.666164994837 -0.522018219007
 3.12 0.692747694752 0.666235177944 -0.522073102234
 3.125 0.692806943105 0.666292160748 -0.522117662779
 3.13 0.692852463927 0.666335940939 -0.522151898827
 3.135 0.692884255375 0.666366516743 -0.522175808986
 3.14 0.692902316159 0.666383886919 -0.522189392283
 3.145 0.692906645548 0.666388050765 -0.522192648165
 3.15 0.692897243365 0.666379008111 -0.522185576499
 3.155 0.692874109991 0.666356759324 -0.522168177574
 3.16 0.692837246366 0.666321305305 -0.522140452097
 3.165 0.692786653982 0.666272647492 -0.522102401197
 3.17 0.692722334892 0.666210787857 -0.522054026421
 3.175 0.692644291702 0.666135728909 -0.52199532974
 3.18 0.692552527579 0.666047473691 -0.521926313541
 3.185 0.692447046244 0.665946025782 -0.521846980635
 3.19 0.692327851977 0.6658313893 -0.521757334254
 3.195 0.692194949615 0.665703568894 -0.521657378047
 3.2 0.692048344552 0.665562569754 -0.521547116089
 3.205 0.691888042742 0.665408397604 -0.521426552872
 3.21 0.691714050695 0.665241058706 -0.521295693314
 3.215 0.691526375483 0.66506055986 -0.52115454275
 3.22 0.691325024733 0.664866908402 -0.52100310694
 3.225 0.691110006635 0.664660112207 -0.520841392067
 3.23 0.690881329936 0.664440179688 -0.520669404734
 3.235 0.690639003946 0.664207119798 -0.520487151969
 3.24 0.690383038533 0.663960942028 -0.520294641223
 3.245 0.690113444129 0.663701656409 -0.52009188037
 3.25 0.689830231727 0.663429273514 -0.51987887771
 3.255 0.689533412881 0.663143804454 -0.519655641966
 3.26 0.68922299971 0.662845260884 -0.519422182286
 3.265 0.688899004895 0.662533654999 -0.519178508244
 3.27 0.688561441683 0.662208999539 -0.518924629841
 3.275 0.688210323885 0.661871307786 -0.518660557504
 3.28 0.687845665877 0.661520593566 -0.518386302086
 3.285 0.687467482603 0.661156871249 -0.518101874869
 3.29 0.687075789574 0.660780155754 -0.517807287563
 3.295 0.686670602869 0.660390462541 -0.517502552308
 3.3 0.686251939135 0.659987807623 -0.517187681671
 3.305 0.68581981559 0.659572207557 -0.516862688652
 3.31 0.685374250023 0.659143679451 -0.516527586681
 3.315 0.684915260794 0.65870224096 -0.516182389619
 3.32 0.684442866836 0.658247910295 -0.515827111761
 3.325 0.683957087657 0.657780706214 -0.515461767834
 3.33 0.683457943337 0.657300648029 -0.515086373
 3.335 0.682945454535 0.656807755609 -0.514700942855
 3.34 0.682419642486 0.656302049373 -0.514305493432
 3.345 0.681880529004 0.655783550301 -0.5139000412
 3.35 0.68132813648 0.655252279927 -0.513484603067
 3.355 0.680762487889 0.654708260345 -0.513059196377
 3.36 0.680183606787 0.654151514209 -0.512623838915
 3.365 0.679591517313 0.653582064733 -0.512178548908
 3.37 0.678986244191 0.652999935695 -0.511723345023
 3.375 0.678367812731 0.652405151435 -0.51125824637
 3.38 0.677736248832 0.65179773686 -0.510783272503
 3.385 0.677091578981 0.651177717443 -0.510298443422
 3.39 0.676433830257 0.650545119224 -0.509803779572
 3.395 0.675763030329 0.649899968815 -0.509299301846
 3.4 0.675079207464 0.649242293398 -0.508785031585
 3.405 0.67438239052 0.648572120727 -0.508260990582
 3.41 0.673672608957 0.647889479133 -0.507727201079
 3.415 0.672949892831 0.647194397521 -0.507183685772
 3.42 0.6722142728 0.646486905375 -0.50663046781
 3.425 0.671465780127 0.645767032759 -0.506067570799
 3.43 0.670704446677 0.645034810319 -0.505495018802
 3.435 0.669930304924 0.644290269284 -0.504912836338
 3.44 0.669143387949 0.643533441469 -0.504321048389
 3.445 0.668343729445 0.642764359277 -0.503719680397
 3.45 0.66753136372 0.6419830557 -0.503108758267
 3.455 0.666706325695 0.641189564321 -0.502488308371
 3.46 0.665868650909 0.64038391932 -0.501858357545
 3.465 0.665018375521 0.63956615547 -0.501218933096
 3.47 0.664155536314 0.638736308144 -0.500570062799
 3.475 0.663280170693 0.637894413316 -0.499911774902
 3.48 0.662392316693 0.637040507562 -0.499244098128
 3.485 0.661492012976 0.636174628065 -0.498567061674
 3.49 0.66057929884 0.635296812616 -0.497880695216
 3.495 0.659654214214 0.634407099616 -0.497185028911
 3.5 0.658716799669 0.63350552808 -0.496480093395
 3.505 0.657767096412 0.632592137639 -0.495765919792
 3.51 0.656805146299 0.631666968543 -0.495042539709
 3.515 0.655830991828 0.630730061664 -0.494309985244
 3.52 0.654844676148 0.629781458498 -0.493568288985
 3.525 0.653846243062 0.628821201169 -0.492817484014
 3.53 0.652835737028 0.627849332431 -0.492057603906
 3.535 0.651813203161 0.626865895674 -0.491288682738
 3.54 0.650778687241 0.625870934922 -0.490510755085
 3.545 0.649732235713 0.624864494841 -0.489723856027
 3.55 0.64867389569 0.62384662074 -0.488928021149
 3.555 0.647603714961 0.622817358577 -0.488123286545
 3.56 0.646521741988 0.621776754956 -0.487309688819
 3.565 0.645428025915 0.62072485714 -0.486487265092
 3.57 0.644322616569 0.619661713047 -0.485656053
 3.575 0.643205564466 0.618587371258 -0.484816090699
 3.58 0.642076920813 0.617501881018 -0.483967416871
 3.585 0.640936737513 0.616405292241 -0.48311007072
 3.59 0.639785067171 0.615297655517 -0.482244091983
 3.595 0.638621963093 0.61417902211 -0.481369520927
 3.6 0.637447479297 0.613049443969 -0.480486398358
 3.605 0.636261670513 0.611908973727 -0.479594765619
 3.61 0.635064592188 0.610757664706 -0.478694664597
 3.615 0.633856300493 0.609595570926 -0.477786137725
 3.62 0.632636852326 0.608422747104 -0.476869227986
 3.625 0.631406305316 0.607239248663 -0.475943978917
 3.63 0.63016471783 0.606045131733 -0.475010434613
 3.635 0.628912148978 0.604840453158 -0.474068639731
 3.64 0.627648658616 0.603625270504 -0.473118639491
 3.645 0.626374307355 0.602399642056 -0.472160479685
 3.65 0.625089156563 0.601163626833 -0.471194206679
 3.655 0.623793268371 0.599917284585 -0.470219867414
 3.66 0.622486705681 0.598660675805 -0.469237509417
 3.665 0.621169532171 0.59739386173 -0.468247180798
 3.67 0.619841812298 0.596116904347 -0.467248930262
 3.675 0.618503611308 0.594829866405 -0.466242807107
 3.68 0.617154995243 0.593532811411 -0.465228861232
 3.685 0.61579603094 0.592225803646 -0.464207143144
 3.69 0.614426786047 0.590908908163 -0.463177703957
 3.695 0.613047329023 0.589582190799 -0.462140595402
 3.7 0.611657729148 0.588245718179 -0.461095869831
 3.705 0.610258056529 0.586899557724 -0.460043580221
 3.71 0.608848382106 0.585543777656 -0.458983780182
 3.715 0.607428777662 0.584178447007 -0.457916523958
 3.72 0.605999315827 0.582803635625 -0.456841866438
 3.725 0.604560070087 0.58141941418 -0.455759863158
 3.73 0.603111114795 0.580025854174 -0.454670570307
 3.735 0.601652525172 0.578623027949 -0.453574044736
 3.74 0.600184377322 0.57721100869 -0.452470343962
 3.745 0.598706748236 0.575789870438 -0.451359526173
 3.75 0.597219715799 0.574359688096 -0.450241650237
 3.755 0.595723358807 0.572920537438 -0.449116775706
 3.76 0.594217756963 0.571472495115 -0.447984962825
 3.765 0.592702990898 0.570015638666 -0.446846272538
 3.77 0.591179142173 0.568550046528 -0.445700766494
 3.775 0.58964629329 0.567075798041 -0.444548507055
 3.78 0.588104527703 0.56559297346 -0.443389557303
 3.785 0.586553929825 0.564101653965 -0.442223981048
 3.79 0.58499458504 0.562601921667 -0.441051842834
 3.795 0.583426579714 0.561093859622 -0.439873207949
 3.8 0.581850001201 0.559577551837 -0.438688142431
 3.805 0.580264937859 0.558053083284 -0.437496713075
 3.81 0.578671479058 0.556520539907 -0.436298987445
 3.815 0.57706971519 0.554980008635 -0.435095033879
 3.82 0.575459737682 0.55343157739 -0.433884921499
 3.825 0.573841639007 0.551875335102 -0.432668720218
 3.83 0.572215512696 0.550311371716 -0.431446500753
 3.835 0.570581453348 0.548739778208 -0.430218334629
 3.84 0.568939556645 0.547160646592 -0.42898429419
 3.845 0.567289919364 0.545574069933 -0.427744452612
 3.85 0.565632639385 0.543980142364 -0.426498883906
 3.855 0.563967815711 0.542378959091 -0.425247662932
 3.86 0.562295548476 0.540770616411 -0.423990865411
 3.865 0.560615938961 0.539155211723 -0.42272856793
 3.87 0.558929089606 0.53753284354 -0.421460847954
 3.875 0.557235104024 0.535903611504 -0.420187783841
 3.88 0.555534087018 0.534267616402 -0.418909454845
 3.885 0.553826144591 0.532624960174 -0.417625941134
 3.89 0.552111383966 0.53097574593 -0.416337323798
 3.895 0.550389913593 0.529320077968 -0.415043684861
 3.9 0.548661843175 0.527658061783 -0.413745107291
 3.905 0.546927283675 0.525989804085 -0.412441675014
 3.91 0.545186347335 0.524315412814 -0.411133472927
 3.915 0.543439147692 0.522634997155 -0.409820586906
 3.92 0.541685799596 0.520948667555 -0.408503103824
 3.925 0.539926419222 0.519256535737 -0.407181111558
 3.93 0.538161124094 0.517558714719 -0.405854699007
 3.935 0.536390033097 0.515855318828 -0.404523956103
 3.94 0.534613266496 0.51414646372 -0.403188973823
 3.945 0.532830945953 0.512432266394 -0.401849844205
 3.95 0.531043194551 0.510712845212 -0.400506660362
 3.955 0.529250136803 0.508988319917 -0.399159516494
 3.96 0.52745189868 0.507258811648 -0.397808507904
 3.965 0.525648607624 0.505524442963 -0.396453731011
 3.97 0.523840392571 0.503785337855 -0.395095283369
 3.975 0.522027383969 0.50204162177 -0.393733263676
 3.98 0.5202097138 0.50029342163 -0.392367771795
 3.985 0.518387515597 0.498540865851 -0.390998908764
 3.99 0.51656092447 0.496784084361 -0.389626776817
 3.995 0.514730077122 0.495023208624 -0.388251479397
 4.0 0.512895111875 0.493258371656 -0.386873121175
 4.005 0.511056168688 0.491489708052 -0.385491808062
 4.01 0.509213389179 0.489717354001 -0.384107647229
 4.015 0.507366916653 0.487941447312 -0.382720747125
 4.02 0.505516896116 0.486162127432 -0.381331217492
 4.025 0.503663474306 0.484379535473 -0.379939169382
 4.03 0.501806799711 0.482593814229 -0.378544715177
 4.035 0.499947022595 0.480805108204 -0.377147968604
 4.04 0.49808429502 0.479013563628 -0.375749044757
 4.045 0.496218770873 0.477219328489 -0.374348060113
 4.05 0.494350605888 0.475422552549 -0.372945132548
 4.055 0.49247995767 0.473623387369 -0.37154038136
 4.06 0.490606985724 0.471821986339 -0.370133927289
 4.065 0.488731851475 0.470018504694 -0.368725892528
 4.07 0.486854718296 0.468213099543 -0.367316400752
 4.075 0.484975751535 0.466405929892 -0.365905577131
 4.08 0.483095118539 0.464597156672 -0.364493548354
 4.085 0.481212988678 0.462786942759 -0.363080442644
 4.09 0.479329533376 0.460975453002 -0.361666389783
 4.095 0.477444926134 0.459162854249 -0.360251521127
 4.1 0.475559342557 0.457349315371 -0.35883596963
 4.105 0.473672960381 0.455535007288 -0.357419869863
 4.11 0.4717859595 0.453720102997 -0.356003358034
 4.115 0.469898521992 0.451904777592 -0.35458657201
 4.12 0.468010832148 0.450089208296 -0.353169651332
 4.125 0.466123076496 0.448273574485 -0.351752737245
 4.13 0.464235443829 0.44645805771 -0.350335972708
 4.135 0.462348125232 0.44464284173 -0.348919502422
 4.14 0.460461314111 0.442828112532 -0.347503472848
 4.145 0.458575206214 0.441014058358 -0.346088032226
 4.15 0.456689999666 0.439200869734 -0.344673330596
 4.155 0.454805894988 0.437388739489 -0.343259519819
 4.16 0.452923095125 0.435577862787 -0.341846753597
 4.165 0.451041805476 0.433768437147 -0.340435187491
 4.17 0.449162233914 0.431960662471 -0.339024978943
 4.175 0.447284590815 0.430154741067 -0.337616287292
 4.18 0.445409089084 0.428350877671 -0.336209273796
 4.185 0.443535944175 0.426549279476 -0.334804101649
 4.19 0.441665374118 0.424750156149 -0.333400936001
 4.195 0.439797599544 0.422953719857 -0.331999943974
 4.2 0.437932843703 0.421160185289 -0.330601294679
 4.205 0.436071332492 0.419369769676 -0.329205159235
 4.21 0.434213294471 0.417582692813 -0.327811710783
 4.215 0.432358960887 0.415799177076 -0.326421124504
 4.22 0.430508565694 0.414019447444 -0.325033577632
 4.225 0.428662345568 0.412243731516 -0.323649249467
 4.23 0.426820539928 0.410472259527 -0.322268321393
 4.235 0.424983390951 0.408705264364 -0.320890976886
 4.24 0.423151143588 0.406942981582 -0.319517401527
 4.245 0.421324045576 0.405185649416 -0.318147783013
 4.25 0.419502347453 0.403433508793 -0.316782311167
 4.255 0.417686302566 0.401686803341 -0.315421177943
 4.26 0.415876167083 0.399945779402 -0.314064577436
 4.265 0.414072199998 0.398210686035 -0.312712705889
 4.27 0.412274663137 0.396481775022 -0.311365761692
 4.275 0.410483821163 0.394759300873 -0.310023945389
 4.28 0.408699941576 0.393043520826 -0.308687459678
 4.285 0.406923294712 0.391334694847 -0.307356509408
 4.29 0.405154153741 0.389633085625 -0.306031301581
 4.295 0.403392794657 0.387938958569 -0.304712045344
 4.3 0.401639496276 0.386252581798 -0.303398951983
 4.305 0.399894540221 0.384574226129 -0.302092234916
 4.31 0.398158210906 0.382904165068 -0.300792109681
 4.315 0.396430795523 0.381242674786 -0.299498793922
 4.32 0.394712584016 0.379590034107 -0.298212507374
 4.325 0.393003869062 0.377946524478 -0.296933471846
 4.33 0.39130494604 0.376312429946 -0.295661911199
 4.335 0.389616113 0.374688037128 -0.294398051321
 4.34 0.387937670629 0.373073635173 -0.2931421201
 4.345 0.38626992221 0.371469515729 -0.291894347397
 4.35 0.384613173577 0.369875972898 -0.290654965008
 4.355 0.38296773307 0.368293303189 -0.289424206633
 4.36 0.381333911479 0.366721805469 -0.288202307829
 4.365 0.379712021988 0.365161780907 -0.286989505974
 4.37 0.378102380112 0.363613532912 -0.28578604021
 4.375 0.376505303626 0.362077367068 -0.284592151401
 4.38 0.374921112499 0.360553591067 -0.283408082071
 4.385 0.373350128806 0.359042514628 -0.282234076345
 4.39 0.371792676651 0.35754444942 -0.281070379889
 4.395 0.370249082073 0.356059708973 -0.279917239835
 4.4 0.36871967295 0.354588608585 -0.278774904713
 4.405 0.367204778897 0.353131465225 -0.277643624371
 4.41 0.365704731156 0.351688597427 -0.276523649891
 4.415 0.364219862485 0.350260325181 -0.275415233506
 4.42 0.362750507029 0.348846969811 -0.274318628503
 4.425 0.361297000197 0.347448853859 -0.273234089125
 4.43 0.359859678522 0.346066300945 -0.272161870472
 4.435 0.358438879525 0.34469963564 -0.271102228389
 4.44 0.357034941556 0.343349183315 -0.270055419354
 4.445 0.355648203647 0.34201526999 -0.26902170036
 4.45 0.35427900534 0.340698222183 -0.268001328787
 4.455 0.35292768652 0.339398366737 -0.266994562277
 4.46 0.351594587237 0.338116030656 -0.266001658592
 4.465 0.350280047517 0.336851540918 -0.265022875478
 4.47 0.34898440717 0.335605224298 -0.264058470518
 4.475 0.34770800559 0.334377407167 -0.263108700975
 4.48 0.346451181547 0.333168415299 -0.26217382364
 4.485 0.345214272973 0.331978573658 -0.261254094665
 4.49 0.343997616737 0.33080820619 -0.260349769397
 4.495 0.34280154842 0.3296576356 -0.259461102199
 4.5 0.341626402075 0.328527183125 -0.25858834628
 4.505 0.340472509987 0.327417168302 -0.257731753501
 4.51 0.339340202425 0.326327908729 -0.256891574191
 4.515 0.338229807386 0.325259719817 -0.256068056956
 4.52 0.337141650331 0.324212914543 -0.255261448474
 4.525 0.336076053925 0.323187803191 -0.254471993299
 4.53 0.335033337757 0.322184693091 -0.253699933648
 4.535 0.334013818073 0.321203888354 -0.252945509199
 4.54 0.333017807484 0.3202456896 -0.25220895687
 4.545 0.332045614688 0.319310393684 -0.251490510607
 4.55 0.331097544182 0.31839829342 -0.25079040116
 4.555 0.330173895961 0.317509677296 -0.250108855868
 4.56 0.329274965233 0.316644829195 -0.249446098428
 4.565 0.328401042119 0.315804028108 -0.248802348674
 4.57 0.32755241135 0.314987547844 -0.248177822348
 4.575 0.326729351976 0.314195656749 -0.247572730876
 4.58 0.325932137059 0.313428617411 -0.246987281137
 4.585 0.325161033382 0.312686686377 -0.246421675238
 4.59 0.324416301142 0.311970113867 -0.245876110288
 4.595 0.323698193662 0.311279143487 -0.245350778174
 4.6 0.323006957094 0.310614011948 -0.244845865335
 4.605 0.322342830131 0.309974948787 -0.244361552545
 4.61 0.321706043716 0.309362176092 -0.243898014695
 4.615 0.321096820769 0.308775908232 -0.243455420579
 4.62 0.320515375903 0.308216351592 -0.243033932684
 4.625 0.319961915162 0.307683704313 -0.242633706989
 4.63 0.319436635754 0.307178156044 -0.242254892761
 4.635 0.318939725799 0.306699887691 -0.241897632365
 4.64 0.318471364083 0.306249071186 -0.24156206108
 4.645 0.318031719824 0.30582586926 -0.241248306913
 4.65 0.317620952442 0.305430435224 -0.240956490435
 4.655 0.317239211349 0.305062912761 -0.240686724613
 4.66 0.31688663574 0.304723435734 -0.240439114655
 4.665 0.316563354407 0.304412128 -0.240213757869
 4.67 0.316269485558 0.30412910324 -0.240010743524
 4.675 0.316005136652 0.303874464796 -0.239830152727
 4.68 0.315770404248 0.303648305531 -0.239672058306
 4.685 0.315565373871 0.303450707697 -0.239536524706
 4.69 0.315390119885 0.303281742814 -0.239423607902
 4.695 0.315244705394 0.303141471573 -0.239333355313
 4.7 0.315129182145 0.303029943746 -0.239265805733
 4.705 0.315043590459 0.302947198116 -0.23922098928
 4.71 0.31498795917 0.302893262421 -0.239198927347
 4.715 0.314962305584 0.302868153314 -0.239199632573
 4.72 0.314966635455 0.302871876338 -0.239223108823
 4.725 0.315000942977 0.302904425921 -0.239269351182
 4.73 0.315065210791 0.302965785383 -0.239338345963
 4.735 0.315159410014 0.30305592696 -0.239430070727
 4.74 0.315283500279 0.303174811846 -0.23954449431
 4.745 0.315437429794 0.303322390249 -0.239681576875
 4.75 0.315621135417 0.303498601463 -0.239841269965
 4.755 0.315834542748 0.303703373956 -0.240023516572
 4.76 0.316077566237 0.303936625472 -0.240228251218
 4.765 0.316350109302 0.304198263151 -0.240455400053
 4.77 0.316652064471 0.304488183658 -0.24070488095
 4.775 0.316983313532 0.304806273331 -0.24097660363
 4.78 0.317343727698 0.305152408339 -0.241270469781
 4.785 0.317733167786 0.305526454855 -0.241586373196
 4.79 0.318151484411 0.30592826924 -0.241924199921
 4.795 0.318598518187 0.306357698241 -0.242283828406
 4.8 0.319074099945 0.306814579196 -0.242665129673
 4.805 0.319578050959 0.307298740251 -0.243067967483
 4.81 0.320110183181 0.30781000059 -0.243492198522
 4.815 0.32067029949 0.308348170673 -0.24393767258
 4.82 0.321258193941 0.308913052475 -0.244404232752
 4.825 0.321873652035 0.309504439741 -0.244891715633
 4.83 0.322516450982 0.31012211825 -0.245399951522
 4.835 0.323186359979 0.310765866072 -0.245928764634
 4.84 0.323883140494 0.311435453844 -0.246477973314
 4.845 0.324606546547 0.312130645043 -0.247047390251
 4.85 0.325356325006 0.312851196268 -0.247636822702
 4.855 0.326132215875 0.313596857517 -0.248246072712
 4.86 0.326933952595 0.314367372478 -0.248874937341
 4.865 0.327761262337 0.315162478809 -0.24952320889
 4.87 0.328613866305 0.31598190843 -0.250190675128
 4.875 0.329491480034 0.316825387809 -0.250877119515
 4.88 0.330393813687 0.317692638252 -0.251582321438
 4.885 0.331320572356 0.318583376184 -0.252306056429
 4.89 0.332271456358 0.31949731344 -0.253048096395
 4.895 0.333246161529 0.320434157547 -0.25380820984
 4.9 0.334244379515 0.321393612002 -0.254586162088
 4.905 0.335265798064 0.322375376555 -0.255381715501
 4.91 0.336310101307 0.323379147475 -0.256194629696
 4.915 0.337376970043 0.32440461783 -0.257024661759
 4.92 0.338466082012 0.325451477745 -0.257871566453
 4.925 0.339577112171 0.326519414668 -0.258735096429
 4.93 0.340709732953 0.327608113622 -0.259615002423
 4.935 0.341863614537 0.328717257461 -0.260511033456
 4.94 0.343038425094 0.329846527109 -0.261422937027
 4.945 0.344233831041 0.330995601803 -0.262350459304
 4.95 0.345449497282 0.332164159324 -0.263293345304
 4.955 0.346685087442 0.333351876225 -0.264251339076
 4.96 0.347940264095 0.334558428047 -0.26522418387
 4.965 0.34921468899 0.335783489538 -0.26621162231
 4.97 0.350508023261 0.337026734855 -0.267213396553
 4.975 0.351819927636 0.338287837764 -0.268229248451
 4.98 0.353150062637 0.339566471833 -0.269258919696
 4.985 0.354498088774 0.340862310619 -0.270302151976
 4.99 0.355863666729 0.342175027844 -0.271358687107
 4.995 0.357246457534 0.343504297568 -0.272428267172
 5.0 0.358646122744 0.344849794349 -0.273510634654
