 0.20000E+00  0.10000E+01 -0.19659E-20
 0.40000E+00  0.10000E+01  0.55204E-20
 0.60000E+00  0.10000E+01 -0.15186E-18
 0.80000E+00  0.10000E+01  0.15273E-18
 0.10000E+01  0.10000E+01 -0.59462E-19
 0.12000E+01  0.10000E+01 -0.11958E-18
 0.14000E+01  0.10000E+01 -0.34734E-18
 0.16000E+01  0.10000E+01 -0.36460E-19
 0.18000E+01  0.10000E+01 -0.11696E-18
 0.20000E+01  0.10000E+01 -0.77322E-19
 0.22000E+01  0.10000E+01 -0.47486E-18
 0.24000E+01  0.10000E+01 -0.52967E-18
 0.26000E+01  0.10000E+01  0.98227E-19
 0.28000E+01  0.10000E+01  0.32401E-19
 0.30000E+01  0.10000E+01 -0.12941E-18
 0.32000E+01  0.10000E+01 -0.16778E-17
 0.34000E+01  0.10000E+01 -0.10696E-17
 0.36000E+01  0.10000E+01 -0.10389E-17
 0.38000E+01  0.10000E+01 -0.88570E-18
 0.40000E+01  0.10000E+01 -0.69623E-18
 0.42000E+01  0.10000E+01  0.76249E-18
 0.44000E+01  0.10000E+01 -0.13653E-17
 0.46000E+01  0.10000E+01  0.14322E-17
 0.48000E+01  0.10000E+01  0.46371E-18
 0.50000E+01  0.10000E+01 -0.43357E-18
 0.52000E+01  0.10000E+01 -0.21196E-18
 0.54000E+01  0.10000E+01 -0.14342E-17
 0.56000E+01  0.10000E+01 -0.52086E-18
 0.58000E+01  0.10000E+01 -0.87577E-18
 0.60000E+01  0.10000E+01  0.64223E-18
 0.62000E+01  0.10000E+01 -0.85050E-18
 0.64000E+01  0.10000E+01  0.46461E-18
 0.66000E+01  0.10000E+01  0.39229E-18
 0.68000E+01  0.10000E+01  0.28789E-18
 0.70000E+01  0.10000E+01  0.22620E-17
 0.72000E+01  0.10000E+01  0.42745E-18
 0.74000E+01  0.10000E+01  0.53337E-18
 0.76000E+01  0.10000E+01  0.14052E-17
 0.78000E+01  0.10000E+01 -0.82374E-19
 0.80000E+01  0.10000E+01 -0.16133E-17
 0.82000E+01  0.10000E+01  0.82180E-19
 0.84000E+01  0.10000E+01 -0.41620E-18
 0.86000E+01  0.10000E+01 -0.10686E-17
 0.88000E+01  0.10000E+01  0.95970E-18
 0.90000E+01  0.10000E+01 -0.10446E-17
 0.92000E+01  0.10000E+01  0.10173E-17
 0.94000E+01  0.10000E+01 -0.28372E-17
 0.96000E+01  0.10000E+01 -0.38919E-19
 0.98000E+01  0.10000E+01 -0.10372E-17
 0.10000E+02  0.10000E+01 -0.30555E-17
 0.10200E+02  0.10000E+01  0.12616E-17
 0.10400E+02  0.10001E+01  0.33858E-17
 0.10600E+02  0.10001E+01  0.17011E-17
 0.10800E+02  0.10001E+01  0.35577E-18
 0.11000E+02  0.10001E+01  0.70406E-18
 0.11200E+02  0.10001E+01 -0.22322E-17
 0.11400E+02  0.10001E+01  0.47292E-18
 0.11600E+02  0.10001E+01  0.11146E-17
 0.11800E+02  0.10001E+01 -0.16235E-17
 0.12000E+02  0.10001E+01  0.14826E-18
 0.12200E+02  0.10001E+01 -0.10234E-17
 0.12400E+02  0.10001E+01  0.29251E-18
 0.12600E+02  0.10001E+01 -0.19605E-17
 0.12800E+02  0.10001E+01 -0.18011E-17
 0.13000E+02  0.10001E+01 -0.23408E-17
 0.13200E+02  0.10001E+01  0.35425E-18
 0.13400E+02  0.10001E+01  0.17450E-17
 0.13600E+02  0.10001E+01  0.19853E-17
 0.13800E+02  0.10001E+01  0.49567E-17
 0.14000E+02  0.10001E+01  0.26485E-17
 0.14200E+02  0.10001E+01  0.19885E-17
 0.14400E+02  0.10001E+01 -0.19200E-17
 0.14600E+02  0.10001E+01 -0.68432E-17
 0.14800E+02  0.10001E+01 -0.22493E-17
 0.15000E+02  0.10001E+01  0.25930E-17
 0.15200E+02  0.10001E+01  0.26859E-17
 0.15400E+02  0.10001E+01  0.98968E-18
 0.15600E+02  0.10001E+01 -0.39461E-17
 0.15800E+02  0.10001E+01  0.22878E-17
 0.16000E+02  0.10001E+01  0.13340E-17
 0.16200E+02  0.10001E+01  0.87227E-18
 0.16400E+02  0.10001E+01 -0.13251E-17
 0.16600E+02  0.10001E+01 -0.15528E-17
 0.16800E+02  0.10002E+01  0.94181E-18
 0.17000E+02  0.10002E+01 -0.27599E-17
 0.17200E+02  0.10002E+01 -0.25835E-18
 0.17400E+02  0.10002E+01  0.88159E-18
 0.17600E+02  0.10002E+01  0.14626E-18
 0.17800E+02  0.10002E+01  0.38070E-17
 0.18000E+02  0.10002E+01  0.86623E-18
 0.18200E+02  0.10002E+01 -0.14324E-17
 0.18400E+02  0.10002E+01 -0.18772E-17
 0.18600E+02  0.10002E+01  0.49102E-17
 0.18800E+02  0.10002E+01  0.21920E-17
 0.19000E+02  0.10002E+01  0.17046E-17
 0.19200E+02  0.10002E+01 -0.53469E-18
 0.19400E+02  0.10002E+01  0.26170E-17
 0.19600E+02  0.10002E+01 -0.33046E-17
 0.19800E+02  0.10002E+01 -0.37195E-17
 0.20000E+02  0.10002E+01  0.15732E-17
 0.20200E+02  0.10002E+01 -0.14703E-17
 0.20400E+02  0.10002E+01  0.47198E-17
 0.20600E+02  0.10003E+01 -0.37079E-18
 0.20800E+02  0.10003E+01 -0.43248E-17
 0.21000E+02  0.10003E+01 -0.25867E-17
 0.21200E+02  0.10003E+01  0.21000E-17
 0.21400E+02  0.10003E+01 -0.73164E-18
 0.21600E+02  0.10003E+01 -0.12031E-17
 0.21800E+02  0.10003E+01 -0.35228E-18
 0.22000E+02  0.10003E+01  0.22980E-17
 0.22200E+02  0.10003E+01 -0.60428E-17
 0.22400E+02  0.10003E+01 -0.44099E-17
 0.22600E+02  0.10003E+01 -0.44167E-17
 0.22800E+02  0.10003E+01  0.22817E-17
 0.23000E+02  0.10003E+01 -0.23659E-17
 0.23200E+02  0.10003E+01 -0.13656E-17
 0.23400E+02  0.10004E+01  0.16995E-17
 0.23600E+02  0.10004E+01  0.20235E-17
 0.23800E+02  0.10004E+01  0.10668E-17
 0.24000E+02  0.10004E+01 -0.26355E-17
 0.24200E+02  0.10004E+01 -0.10920E-18
 0.24400E+02  0.10004E+01 -0.10874E-17
 0.24600E+02  0.10004E+01  0.17216E-17
 0.24800E+02  0.10004E+01 -0.11350E-18
 0.25000E+02  0.10004E+01 -0.77277E-18
 0.25200E+02  0.10004E+01  0.32192E-18
 0.25400E+02  0.10004E+01 -0.17844E-17
 0.25600E+02  0.10005E+01 -0.12001E-16
 0.25800E+02  0.10005E+01  0.49066E-17
 0.26000E+02  0.10005E+01  0.10632E-17
 0.26200E+02  0.10005E+01  0.48294E-17
 0.26400E+02  0.10005E+01  0.22791E-17
 0.26600E+02  0.10005E+01  0.39064E-17
 0.26800E+02  0.10005E+01  0.18075E-18
 0.27000E+02  0.10005E+01  0.16432E-17
 0.27200E+02  0.10005E+01 -0.23268E-17
 0.27400E+02  0.10006E+01 -0.49517E-17
 0.27600E+02  0.10006E+01  0.83147E-17
 0.27800E+02  0.10006E+01  0.40091E-17
 0.28000E+02  0.10006E+01 -0.84030E-17
 0.28200E+02  0.10006E+01 -0.25429E-16
 0.28400E+02  0.10006E+01 -0.23287E-17
 0.28600E+02  0.10006E+01  0.47855E-17
 0.28800E+02  0.10006E+01  0.23301E-18
 0.29000E+02  0.10007E+01 -0.14949E-16
 0.29200E+02  0.10007E+01 -0.41027E-17
 0.29400E+02  0.10007E+01  0.98974E-17
 0.29600E+02  0.10007E+01  0.32996E-17
 0.29800E+02  0.10007E+01 -0.47071E-17
 0.30000E+02  0.10007E+01  0.44890E-17
 0.30200E+02  0.10007E+01 -0.23661E-17
 0.30400E+02  0.10007E+01 -0.16233E-16
 0.30600E+02  0.10008E+01  0.15783E-17
 0.30800E+02  0.10008E+01 -0.16695E-17
 0.31000E+02  0.10008E+01  0.14295E-16
 0.31200E+02  0.10008E+01 -0.27765E-17
 0.31400E+02  0.10008E+01  0.51157E-17
 0.31600E+02  0.10008E+01  0.65408E-17
 0.31800E+02  0.10009E+01 -0.23254E-17
 0.32000E+02  0.10009E+01 -0.49022E-17
 0.32200E+02  0.10009E+01 -0.42408E-17
 0.32400E+02  0.10009E+01 -0.81728E-17
 0.32600E+02  0.10009E+01  0.56154E-17
 0.32800E+02  0.10009E+01  0.37627E-17
 0.33000E+02  0.10010E+01  0.10271E-17
 0.33200E+02  0.10010E+01 -0.26086E-17
 0.33400E+02  0.10010E+01  0.12392E-16
 0.33600E+02  0.10010E+01  0.82971E-17
 0.33800E+02  0.10010E+01 -0.13961E-16
 0.34000E+02  0.10010E+01  0.56517E-17
 0.34200E+02  0.10011E+01 -0.17843E-17
 0.34400E+02  0.10011E+01 -0.18571E-16
 0.34600E+02  0.10011E+01  0.67319E-18
 0.34800E+02  0.10011E+01  0.58784E-17
 0.35000E+02  0.10011E+01 -0.67176E-17
 0.35200E+02  0.10011E+01  0.22577E-17
 0.35400E+02  0.10012E+01  0.17658E-16
 0.35600E+02  0.10012E+01 -0.17403E-18
 0.35800E+02  0.10012E+01  0.70894E-17
 0.36000E+02  0.10012E+01 -0.86743E-18
 0.36200E+02  0.10012E+01 -0.20376E-16
 0.36400E+02  0.10012E+01 -0.82557E-17
 0.36600E+02  0.10012E+01 -0.12711E-17
 0.36800E+02  0.10013E+01 -0.13141E-17
 0.37000E+02  0.10013E+01  0.41693E-17
 0.37200E+02  0.10013E+01 -0.18093E-16
 0.37400E+02  0.10013E+01  0.77401E-17
 0.37600E+02  0.10013E+01  0.15262E-16
 0.37800E+02  0.10013E+01  0.59924E-17
 0.38000E+02  0.10014E+01 -0.61122E-17
 0.38200E+02  0.10014E+01  0.73282E-17
 0.38400E+02  0.10014E+01  0.12732E-16
 0.38600E+02  0.10014E+01 -0.11967E-16
 0.38800E+02  0.10014E+01 -0.81167E-17
 0.39000E+02  0.10015E+01 -0.43043E-17
 0.39200E+02  0.10015E+01  0.33992E-16
 0.39400E+02  0.10015E+01  0.10878E-16
 0.39600E+02  0.10015E+01  0.24788E-16
 0.39800E+02  0.10015E+01  0.36444E-16
 0.40000E+02  0.10016E+01 -0.15234E-17
 0.40200E+02  0.10016E+01 -0.12315E-16
 0.40400E+02  0.10016E+01  0.22327E-16
 0.40600E+02  0.10016E+01 -0.31882E-16
 0.40800E+02  0.10016E+01  0.22083E-16
 0.41000E+02  0.10016E+01  0.54780E-16
 0.41200E+02  0.10016E+01  0.26690E-16
 0.41400E+02  0.10017E+01 -0.36731E-16
 0.41600E+02  0.10017E+01  0.43208E-16
 0.41800E+02  0.10017E+01  0.48265E-16
 0.42000E+02  0.10017E+01  0.60194E-16
 0.42200E+02  0.10017E+01 -0.51431E-16
 0.42400E+02  0.10017E+01  0.18692E-16
 0.42600E+02  0.10018E+01  0.93065E-16
 0.42800E+02  0.10018E+01 -0.88695E-16
 0.43000E+02  0.10018E+01  0.13276E-16
 0.43200E+02  0.10019E+01  0.18799E-15
 0.43400E+02  0.10020E+01  0.24514E-15
 0.43600E+02  0.10021E+01 -0.41838E-15
 0.43800E+02  0.10022E+01 -0.85422E-15
 0.44000E+02  0.10023E+01  0.47558E-15
 0.44200E+02  0.10024E+01  0.16350E-15
 0.44400E+02  0.10025E+01  0.24635E-15
 0.44600E+02  0.10025E+01 -0.61886E-15
 0.44800E+02  0.10025E+01 -0.40729E-16
 0.45000E+02  0.10025E+01 -0.22123E-15
 0.45200E+02  0.10025E+01  0.22841E-15
 0.45400E+02  0.10025E+01  0.33840E-15
 0.45600E+02  0.10025E+01 -0.25577E-15
 0.45800E+02  0.10025E+01  0.41667E-15
 0.46000E+02  0.10025E+01  0.52219E-16
 0.46200E+02  0.10026E+01  0.19856E-15
 0.46400E+02  0.10026E+01 -0.36157E-15
 0.46600E+02  0.10026E+01 -0.40608E-15
 0.46800E+02  0.10026E+01 -0.77855E-15
 0.47000E+02  0.10026E+01  0.99760E-15
 0.47200E+02  0.10026E+01  0.33277E-15
 0.47400E+02  0.10027E+01  0.49332E-16
 0.47600E+02  0.10027E+01 -0.28577E-15
 0.47800E+02  0.10027E+01  0.77764E-15
 0.48000E+02  0.10027E+01  0.15477E-14
 0.48200E+02  0.10027E+01 -0.12927E-14
 0.48400E+02  0.10027E+01 -0.38015E-15
 0.48600E+02  0.10026E+01  0.13764E-14
 0.48800E+02  0.10027E+01  0.98836E-15
 0.49000E+02  0.10031E+01 -0.11705E-14
 0.49200E+02  0.10034E+01 -0.12218E-14
 0.49400E+02  0.10037E+01  0.82815E-16
 0.49600E+02  0.10039E+01  0.13276E-14
 0.49800E+02  0.10041E+01 -0.15247E-15
 0.50000E+02  0.10042E+01  0.45231E-16
 0.50200E+02  0.10044E+01 -0.93586E-15
 0.50400E+02  0.10046E+01 -0.41948E-16
 0.50600E+02  0.10047E+01 -0.75697E-15
 0.50800E+02  0.10049E+01  0.50391E-15
 0.51000E+02  0.10050E+01  0.32721E-14
 0.51200E+02  0.10052E+01  0.75630E-16
 0.51400E+02  0.10053E+01  0.59906E-15
 0.51600E+02  0.10055E+01 -0.94072E-15
 0.51800E+02  0.10056E+01 -0.46458E-14
 0.52000E+02  0.10057E+01  0.30914E-14
 0.52200E+02  0.10058E+01 -0.54000E-16
 0.52400E+02  0.10059E+01  0.29613E-14
 0.52600E+02  0.10059E+01  0.46780E-14
 0.52800E+02  0.10058E+01 -0.68228E-14
 0.53000E+02  0.10056E+01  0.20289E-14
 0.53200E+02  0.10054E+01 -0.22672E-14
 0.53400E+02  0.10052E+01  0.19354E-14
 0.53600E+02  0.10051E+01 -0.24394E-13
 0.53800E+02  0.10052E+01 -0.15577E-13
 0.54000E+02  0.10056E+01  0.27981E-13
 0.54200E+02  0.10057E+01  0.13538E-14
 0.54400E+02  0.10032E+01  0.16094E-13
 0.54600E+02  0.10032E+01  0.30739E-13
 0.54800E+02  0.10048E+01  0.26120E-14
 0.55000E+02  0.10062E+01  0.13873E-14
 0.55200E+02  0.10074E+01 -0.43038E-14
 0.55400E+02  0.10082E+01 -0.31397E-14
 0.55600E+02  0.10088E+01 -0.17115E-14
 0.55800E+02  0.10093E+01  0.30948E-14
 0.56000E+02  0.10097E+01 -0.20568E-15
 0.56200E+02  0.10101E+01 -0.35810E-15
 0.56400E+02  0.10104E+01 -0.11504E-14
 0.56600E+02  0.10107E+01  0.10015E-14
 0.56800E+02  0.10109E+01 -0.22572E-15
 0.57000E+02  0.10111E+01  0.33587E-15
 0.57200E+02  0.10113E+01 -0.24710E-14
 0.57400E+02  0.10115E+01  0.28450E-14
 0.57600E+02  0.10117E+01 -0.41129E-15
 0.57800E+02  0.10119E+01  0.55993E-15
 0.58000E+02  0.10120E+01 -0.13455E-14
 0.58200E+02  0.10122E+01  0.49845E-15
 0.58400E+02  0.10123E+01  0.51817E-15
 0.58600E+02  0.10125E+01 -0.38209E-15
 0.58800E+02  0.10126E+01 -0.26971E-16
 0.59000E+02  0.10127E+01 -0.10085E-14
 0.59200E+02  0.10127E+01 -0.50699E-16
 0.59400E+02  0.10126E+01  0.21982E-14
 0.59600E+02  0.10123E+01  0.17138E-14
 0.59800E+02  0.10118E+01 -0.93935E-15
 0.60000E+02  0.10111E+01 -0.63942E-15
 0.60200E+02  0.10107E+01 -0.23706E-14
 0.60400E+02  0.10109E+01  0.82731E-15
 0.60600E+02  0.10117E+01  0.13143E-14
 0.60800E+02  0.10125E+01  0.20213E-14
 0.61000E+02  0.10120E+01 -0.26358E-14
 0.61200E+02  0.10129E+01  0.11678E-14
 0.61400E+02  0.10143E+01  0.20143E-15
 0.61600E+02  0.10152E+01  0.32314E-14
 0.61800E+02  0.10157E+01  0.54227E-15
 0.62000E+02  0.10161E+01 -0.47516E-15
 0.62200E+02  0.10163E+01 -0.46579E-15
 0.62400E+02  0.10164E+01  0.20210E-14
 0.62600E+02  0.10165E+01  0.40407E-15
 0.62800E+02  0.10165E+01  0.22421E-15
 0.63000E+02  0.10165E+01  0.27476E-14
 0.63200E+02  0.10164E+01  0.46096E-16
 0.63400E+02  0.10163E+01 -0.90278E-15
 0.63600E+02  0.10162E+01 -0.11390E-14
 0.63800E+02  0.10160E+01 -0.24177E-15
 0.64000E+02  0.10158E+01 -0.14671E-14
 0.64200E+02  0.10155E+01 -0.21916E-15
 0.64400E+02  0.10153E+01 -0.25933E-14
 0.64600E+02  0.10150E+01  0.49202E-15
 0.64800E+02  0.10147E+01 -0.19697E-14
 0.65000E+02  0.10143E+01 -0.31381E-14
 0.65200E+02  0.10140E+01 -0.19401E-14
 0.65400E+02  0.10136E+01  0.29678E-14
 0.65600E+02  0.10133E+01 -0.26031E-14
 0.65800E+02  0.10129E+01  0.74835E-14
 0.66000E+02  0.10126E+01  0.33046E-14
 0.66200E+02  0.10124E+01 -0.49144E-14
 0.66400E+02  0.10121E+01 -0.65257E-14
 0.66600E+02  0.10119E+01 -0.14162E-14
 0.66800E+02  0.10116E+01 -0.21425E-14
 0.67000E+02  0.10114E+01 -0.42825E-14
 0.67200E+02  0.10110E+01  0.12884E-14
 0.67400E+02  0.10106E+01 -0.17524E-13
 0.67600E+02  0.10099E+01  0.17696E-13
 0.67800E+02  0.10089E+01 -0.99022E-15
 0.68000E+02  0.10075E+01  0.18695E-13
 0.68200E+02  0.10060E+01  0.71623E-14
 0.68400E+02  0.10052E+01 -0.13182E-13
 0.68600E+02  0.10061E+01 -0.28105E-13
 0.68800E+02  0.10079E+01  0.21342E-14
 0.69000E+02  0.10094E+01  0.47320E-14
 0.69200E+02  0.10104E+01 -0.73797E-14
 0.69400E+02  0.10110E+01  0.79802E-14
 0.69600E+02  0.10113E+01 -0.73241E-14
 0.69800E+02  0.10114E+01 -0.67374E-14
 0.70000E+02  0.10112E+01  0.20380E-14
 0.70200E+02  0.10103E+01  0.13506E-14
 0.70400E+02  0.10089E+01  0.13615E-14
 0.70600E+02  0.10093E+01  0.85321E-15
 0.70800E+02  0.10099E+01 -0.19309E-14
 0.71000E+02  0.10103E+01  0.69403E-15
 0.71200E+02  0.10104E+01  0.31586E-15
 0.71400E+02  0.10105E+01 -0.13117E-14
 0.71600E+02  0.10104E+01 -0.39490E-14
 0.71800E+02  0.10104E+01  0.24213E-14
 0.72000E+02  0.10103E+01 -0.14922E-15
 0.72200E+02  0.10101E+01 -0.24791E-14
 0.72400E+02  0.10100E+01  0.22600E-14
 0.72600E+02  0.10098E+01 -0.15360E-14
 0.72800E+02  0.10096E+01  0.36637E-15
 0.73000E+02  0.10094E+01  0.14022E-14
 0.73200E+02  0.10092E+01 -0.28589E-14
 0.73400E+02  0.10090E+01 -0.43694E-15
 0.73600E+02  0.10088E+01 -0.69720E-15
 0.73800E+02  0.10086E+01 -0.16590E-14
 0.74000E+02  0.10083E+01 -0.12484E-14
 0.74200E+02  0.10081E+01  0.13215E-14
 0.74400E+02  0.10079E+01 -0.29939E-14
 0.74600E+02  0.10076E+01 -0.12285E-14
 0.74800E+02  0.10074E+01 -0.86181E-15
 0.75000E+02  0.10071E+01 -0.21933E-15
 0.75200E+02  0.10069E+01  0.97834E-15
 0.75400E+02  0.10066E+01 -0.82071E-15
 0.75600E+02  0.10064E+01 -0.20383E-15
 0.75800E+02  0.10062E+01 -0.28099E-16
 0.76000E+02  0.10059E+01  0.61091E-15
 0.76200E+02  0.10057E+01 -0.16741E-14
 0.76400E+02  0.10054E+01 -0.29299E-15
 0.76600E+02  0.10052E+01 -0.21340E-15
 0.76800E+02  0.10050E+01  0.11071E-15
 0.77000E+02  0.10048E+01  0.10710E-14
 0.77200E+02  0.10046E+01  0.11153E-14
 0.77400E+02  0.10045E+01 -0.38034E-15
 0.77600E+02  0.10043E+01  0.80312E-15
 0.77800E+02  0.10042E+01  0.62516E-15
 0.78000E+02  0.10041E+01  0.18376E-15
 0.78200E+02  0.10040E+01 -0.38401E-15
 0.78400E+02  0.10040E+01  0.95415E-15
 0.78600E+02  0.10040E+01  0.72866E-15
 0.78800E+02  0.10040E+01  0.52959E-15
 0.79000E+02  0.10040E+01 -0.95100E-15
 0.79200E+02  0.10040E+01  0.82769E-16
 0.79400E+02  0.10041E+01 -0.30753E-15
 0.79600E+02  0.10041E+01 -0.53254E-15
 0.79800E+02  0.10042E+01 -0.67339E-16
 0.80000E+02  0.10042E+01  0.20063E-15
 0.80200E+02  0.10042E+01  0.17114E-16
 0.80400E+02  0.10043E+01 -0.10627E-15
 0.80600E+02  0.10043E+01 -0.23831E-17
 0.80800E+02  0.10043E+01  0.45999E-16
 0.81000E+02  0.10043E+01 -0.65013E-16
 0.81200E+02  0.10043E+01  0.49195E-15
 0.81400E+02  0.10043E+01 -0.12248E-15
 0.81600E+02  0.10043E+01  0.24714E-17
 0.81800E+02  0.10043E+01 -0.13227E-15
 0.82000E+02  0.10043E+01  0.79382E-16
 0.82200E+02  0.10043E+01  0.32952E-16
 0.82400E+02  0.10043E+01  0.15487E-15
 0.82600E+02  0.10044E+01  0.49046E-16
 0.82800E+02  0.10044E+01 -0.18850E-16
 0.83000E+02  0.10044E+01  0.26478E-16
 0.83200E+02  0.10045E+01 -0.28680E-15
 0.83400E+02  0.10045E+01 -0.14791E-15
 0.83600E+02  0.10045E+01  0.86397E-16
 0.83800E+02  0.10045E+01  0.45691E-16
 0.84000E+02  0.10045E+01  0.61409E-16
 0.84200E+02  0.10045E+01 -0.84716E-16
 0.84400E+02  0.10044E+01  0.97521E-16
 0.84600E+02  0.10044E+01 -0.10995E-15
 0.84800E+02  0.10044E+01  0.44609E-16
 0.85000E+02  0.10043E+01 -0.21959E-16
 0.85200E+02  0.10043E+01  0.17421E-16
 0.85400E+02  0.10043E+01  0.16340E-17
 0.85600E+02  0.10042E+01 -0.13913E-15
 0.85800E+02  0.10042E+01 -0.54185E-18
 0.86000E+02  0.10041E+01  0.10235E-15
 0.86200E+02  0.10041E+01 -0.12838E-15
 0.86400E+02  0.10040E+01  0.22566E-16
 0.86600E+02  0.10040E+01  0.62394E-16
 0.86800E+02  0.10039E+01 -0.14690E-15
 0.87000E+02  0.10038E+01 -0.15422E-15
 0.87200E+02  0.10038E+01  0.16789E-15
 0.87400E+02  0.10037E+01  0.42648E-16
 0.87600E+02  0.10037E+01 -0.29743E-15
 0.87800E+02  0.10036E+01 -0.37990E-16
 0.88000E+02  0.10035E+01 -0.19926E-16
 0.88200E+02  0.10035E+01  0.16379E-15
 0.88400E+02  0.10034E+01 -0.36352E-16
 0.88600E+02  0.10033E+01  0.27877E-16
 0.88800E+02  0.10033E+01  0.14047E-15
 0.89000E+02  0.10032E+01  0.48611E-16
 0.89200E+02  0.10031E+01 -0.44803E-16
 0.89400E+02  0.10030E+01 -0.17735E-16
 0.89600E+02  0.10030E+01 -0.32040E-16
 0.89800E+02  0.10029E+01  0.57483E-16
 0.90000E+02  0.10028E+01  0.23202E-17
 0.90200E+02  0.10027E+01  0.58438E-19
 0.90400E+02  0.10027E+01 -0.83184E-16
 0.90600E+02  0.10026E+01  0.63196E-16
 0.90800E+02  0.10025E+01 -0.42180E-16
 0.91000E+02  0.10025E+01  0.32883E-16
 0.91200E+02  0.10024E+01  0.16363E-16
 0.91400E+02  0.10023E+01  0.66552E-16
 0.91600E+02  0.10022E+01 -0.80894E-16
 0.91800E+02  0.10022E+01  0.55803E-16
 0.92000E+02  0.10021E+01  0.22787E-16
 0.92200E+02  0.10020E+01  0.40613E-16
 0.92400E+02  0.10020E+01 -0.93546E-17
 0.92600E+02  0.10019E+01  0.15899E-16
 0.92800E+02  0.10018E+01  0.52432E-16
 0.93000E+02  0.10018E+01  0.12640E-17
 0.93200E+02  0.10017E+01  0.33001E-16
 0.93400E+02  0.10016E+01 -0.57309E-17
 0.93600E+02  0.10016E+01 -0.17529E-16
 0.93800E+02  0.10015E+01  0.12226E-16
 0.94000E+02  0.10015E+01  0.23703E-16
 0.94200E+02  0.10014E+01  0.11147E-17
 0.94400E+02  0.10013E+01  0.62554E-17
 0.94600E+02  0.10013E+01  0.11149E-16
 0.94800E+02  0.10012E+01  0.93676E-16
 0.95000E+02  0.10011E+01  0.14838E-16
 0.95200E+02  0.10011E+01  0.23418E-16
 0.95400E+02  0.10010E+01 -0.34517E-16
 0.95600E+02  0.10010E+01 -0.55299E-17
 0.95800E+02  0.10009E+01 -0.35543E-16
 0.96000E+02  0.10009E+01 -0.21326E-16
 0.96200E+02  0.10008E+01 -0.96538E-18
 0.96400E+02  0.10008E+01  0.28965E-17
 0.96600E+02  0.10007E+01 -0.83378E-17
 0.96800E+02  0.10006E+01  0.27691E-16
 0.97000E+02  0.10006E+01 -0.17705E-16
 0.97200E+02  0.10005E+01 -0.17075E-16
 0.97400E+02  0.10005E+01  0.45641E-16
 0.97600E+02  0.10004E+01  0.42535E-16
 0.97800E+02  0.10004E+01 -0.36014E-16
 0.98000E+02  0.10003E+01  0.31125E-16
 0.98200E+02  0.10003E+01 -0.25732E-16
 0.98400E+02  0.10002E+01 -0.17091E-17
 0.98600E+02  0.10002E+01  0.18946E-16
 0.98800E+02  0.10002E+01  0.30708E-16
 0.99000E+02  0.10001E+01  0.73233E-17
 0.99200E+02  0.10001E+01 -0.11758E-16
 0.99400E+02  0.10000E+01 -0.38052E-17
 0.99600E+02  0.99997E+00  0.88337E-17
 0.99800E+02  0.99993E+00  0.72991E-17
 0.10000E+03  0.99989E+00  0.24373E-16
 0.10020E+03  0.99984E+00 -0.14953E-16
 0.10040E+03  0.99980E+00 -0.97778E-17
 0.10060E+03  0.99976E+00  0.14662E-16
 0.10080E+03  0.99972E+00 -0.21927E-16
 0.10100E+03  0.99968E+00 -0.78040E-17
 0.10120E+03  0.99964E+00  0.83247E-17
 0.10140E+03  0.99960E+00  0.33698E-16
 0.10160E+03  0.99956E+00  0.12102E-16
 0.10180E+03  0.99952E+00  0.72131E-17
 0.10200E+03  0.99949E+00 -0.24602E-16
 0.10220E+03  0.99945E+00  0.23354E-18
 0.10240E+03  0.99942E+00 -0.10764E-16
 0.10260E+03  0.99938E+00  0.17565E-16
 0.10280E+03  0.99934E+00 -0.21467E-16
 0.10300E+03  0.99931E+00 -0.23599E-17
 0.10320E+03  0.99928E+00 -0.24290E-16
 0.10340E+03  0.99924E+00  0.95979E-18
 0.10360E+03  0.99921E+00 -0.22694E-16
 0.10380E+03  0.99918E+00  0.21627E-16
 0.10400E+03  0.99915E+00  0.22330E-16
 0.10420E+03  0.99911E+00 -0.77106E-17
 0.10440E+03  0.99908E+00  0.20912E-16
 0.10460E+03  0.99905E+00  0.57055E-17
 0.10480E+03  0.99902E+00 -0.25015E-16
 0.10500E+03  0.99899E+00  0.73502E-17
 0.10520E+03  0.99897E+00 -0.24804E-16
 0.10540E+03  0.99894E+00 -0.17729E-16
 0.10560E+03  0.99891E+00 -0.12564E-16
 0.10580E+03  0.99888E+00  0.69185E-17
 0.10600E+03  0.99885E+00 -0.31158E-17
 0.10620E+03  0.99883E+00 -0.16049E-17
 0.10640E+03  0.99880E+00  0.97136E-17
 0.10660E+03  0.99877E+00  0.67908E-17
 0.10680E+03  0.99875E+00  0.19421E-16
 0.10700E+03  0.99872E+00  0.39866E-17
 0.10720E+03  0.99869E+00  0.10329E-16
 0.10740E+03  0.99867E+00 -0.13796E-17
 0.10760E+03  0.99864E+00 -0.24889E-16
 0.10780E+03  0.99862E+00  0.36892E-16
 0.10800E+03  0.99859E+00  0.19899E-16
 0.10820E+03  0.99857E+00 -0.23035E-16
 0.10840E+03  0.99854E+00  0.70279E-17
 0.10860E+03  0.99852E+00 -0.11150E-17
 0.10880E+03  0.99849E+00 -0.22802E-16
 0.10900E+03  0.99847E+00 -0.91487E-17
 0.10920E+03  0.99845E+00 -0.63288E-17
 0.10940E+03  0.99842E+00  0.57834E-17
 0.10960E+03  0.99840E+00  0.43110E-16
 0.10980E+03  0.99838E+00  0.12058E-17
 0.11000E+03  0.99835E+00  0.12356E-16
 0.11020E+03  0.99833E+00 -0.38348E-18
 0.11040E+03  0.99831E+00  0.36711E-17
 0.11060E+03  0.99828E+00 -0.42802E-18
 0.11080E+03  0.99826E+00 -0.67101E-17
 0.11100E+03  0.99824E+00 -0.11368E-16
 0.11120E+03  0.99821E+00 -0.30913E-16
 0.11140E+03  0.99819E+00  0.14670E-16
 0.11160E+03  0.99817E+00 -0.69254E-17
 0.11180E+03  0.99815E+00  0.12788E-16
 0.11200E+03  0.99812E+00  0.14757E-16
 0.11220E+03  0.99810E+00  0.17373E-16
 0.11240E+03  0.99808E+00 -0.91068E-17
 0.11260E+03  0.99806E+00 -0.44111E-16
 0.11280E+03  0.99803E+00 -0.24639E-17
 0.11300E+03  0.99801E+00  0.40745E-16
 0.11320E+03  0.99799E+00 -0.43699E-16
 0.11340E+03  0.99797E+00 -0.83063E-18
 0.11360E+03  0.99795E+00  0.16473E-17
 0.11380E+03  0.99792E+00  0.19412E-16
 0.11400E+03  0.99790E+00  0.43065E-16
 0.11420E+03  0.99788E+00  0.14957E-16
 0.11440E+03  0.99786E+00 -0.11094E-16
 0.11460E+03  0.99784E+00  0.31688E-16
 0.11480E+03  0.99782E+00  0.49444E-17
 0.11500E+03  0.99780E+00  0.11622E-16
 0.11520E+03  0.99777E+00  0.38717E-16
 0.11540E+03  0.99775E+00  0.15885E-16
 0.11560E+03  0.99773E+00  0.30863E-16
 0.11580E+03  0.99771E+00  0.60324E-17
 0.11600E+03  0.99769E+00  0.41086E-16
 0.11620E+03  0.99767E+00  0.19502E-18
 0.11640E+03  0.99765E+00 -0.71544E-17
 0.11660E+03  0.99763E+00  0.29806E-16
 0.11680E+03  0.99761E+00 -0.11702E-16
 0.11700E+03  0.99759E+00  0.25568E-16
 0.11720E+03  0.99757E+00 -0.30480E-17
 0.11740E+03  0.99755E+00 -0.10479E-16
 0.11760E+03  0.99753E+00 -0.93402E-17
 0.11780E+03  0.99751E+00  0.13445E-16
 0.11800E+03  0.99749E+00  0.30552E-16
 0.11820E+03  0.99746E+00 -0.22276E-16
 0.11840E+03  0.99744E+00 -0.14273E-16
 0.11860E+03  0.99742E+00 -0.11550E-16
 0.11880E+03  0.99740E+00  0.27741E-16
 0.11900E+03  0.99738E+00 -0.99180E-17
 0.11920E+03  0.99736E+00  0.18521E-16
 0.11940E+03  0.99734E+00  0.28940E-16
 0.11960E+03  0.99732E+00  0.12981E-16
 0.11980E+03  0.99731E+00  0.52001E-16
 0.12000E+03  0.99729E+00 -0.73249E-17
 0.12020E+03  0.99727E+00  0.20518E-16
 0.12040E+03  0.99725E+00  0.15111E-16
 0.12060E+03  0.99723E+00 -0.31708E-16
 0.12080E+03  0.99721E+00  0.12493E-16
 0.12100E+03  0.99719E+00  0.25753E-16
 0.12120E+03  0.99717E+00 -0.32304E-16
 0.12140E+03  0.99715E+00 -0.43111E-17
 0.12160E+03  0.99713E+00  0.11420E-16
 0.12180E+03  0.99711E+00  0.45358E-16
 0.12200E+03  0.99709E+00 -0.50385E-18
 0.12220E+03  0.99707E+00  0.10232E-17
 0.12240E+03  0.99705E+00  0.23986E-16
 0.12260E+03  0.99703E+00  0.28668E-16
 0.12280E+03  0.99701E+00  0.56199E-17
 0.12300E+03  0.99699E+00 -0.60774E-17
 0.12320E+03  0.99697E+00  0.22801E-16
 0.12340E+03  0.99695E+00  0.74775E-17
 0.12360E+03  0.99694E+00  0.49209E-17
 0.12380E+03  0.99692E+00  0.26820E-16
 0.12400E+03  0.99690E+00 -0.36047E-16
 0.12420E+03  0.99688E+00  0.25939E-16
 0.12440E+03  0.99686E+00  0.21049E-16
 0.12460E+03  0.99684E+00 -0.12808E-16
 0.12480E+03  0.99682E+00 -0.30417E-16
 0.12500E+03  0.99680E+00 -0.46628E-17
 0.12520E+03  0.99678E+00 -0.28283E-16
 0.12540E+03  0.99676E+00 -0.22264E-16
 0.12560E+03  0.99674E+00 -0.78136E-18
 0.12580E+03  0.99673E+00  0.18625E-16
 0.12600E+03  0.99671E+00 -0.13346E-16
 0.12620E+03  0.99669E+00 -0.16831E-16
 0.12640E+03  0.99667E+00 -0.23458E-16
 0.12660E+03  0.99665E+00  0.97999E-17
 0.12680E+03  0.99663E+00 -0.97471E-17
 0.12700E+03  0.99661E+00 -0.18517E-17
 0.12720E+03  0.99659E+00 -0.19605E-16
 0.12740E+03  0.99657E+00  0.23684E-16
 0.12760E+03  0.99655E+00 -0.19611E-16
 0.12780E+03  0.99653E+00 -0.40355E-17
 0.12800E+03  0.99652E+00  0.39539E-16
 0.12820E+03  0.99650E+00 -0.22197E-17
 0.12840E+03  0.99648E+00 -0.22634E-17
 0.12860E+03  0.99646E+00  0.11558E-16
 0.12880E+03  0.99644E+00 -0.23297E-16
 0.12900E+03  0.99642E+00  0.47047E-16
 0.12920E+03  0.99640E+00  0.75454E-16
 0.12940E+03  0.99638E+00  0.24020E-16
 0.12960E+03  0.99636E+00  0.17224E-16
 0.12980E+03  0.99634E+00  0.15132E-16
 0.13000E+03  0.99632E+00  0.16831E-16
 0.13020E+03  0.99630E+00 -0.54033E-17
 0.13040E+03  0.99629E+00  0.63577E-17
 0.13060E+03  0.99627E+00 -0.23835E-16
 0.13080E+03  0.99625E+00  0.75848E-17
 0.13100E+03  0.99623E+00  0.18409E-17
 0.13120E+03  0.99621E+00  0.49921E-16
 0.13140E+03  0.99619E+00 -0.52008E-16
 0.13160E+03  0.99617E+00  0.44449E-16
 0.13180E+03  0.99615E+00 -0.18426E-16
 0.13200E+03  0.99613E+00  0.16246E-16
 0.13220E+03  0.99611E+00  0.15639E-16
 0.13240E+03  0.99609E+00  0.83095E-17
 0.13260E+03  0.99607E+00 -0.18315E-16
 0.13280E+03  0.99606E+00 -0.27435E-16
 0.13300E+03  0.99604E+00 -0.40726E-16
 0.13320E+03  0.99602E+00  0.22319E-16
 0.13340E+03  0.99600E+00 -0.13197E-16
 0.13360E+03  0.99598E+00 -0.23158E-16
 0.13380E+03  0.99596E+00 -0.13139E-16
 0.13400E+03  0.99594E+00 -0.29936E-16
 0.13420E+03  0.99592E+00 -0.59432E-17
 0.13440E+03  0.99590E+00 -0.15216E-16
 0.13460E+03  0.99588E+00 -0.32883E-16
 0.13480E+03  0.99586E+00  0.12774E-16
 0.13500E+03  0.99585E+00  0.38316E-17
 0.13520E+03  0.99583E+00  0.27085E-16
 0.13540E+03  0.99581E+00 -0.13782E-16
 0.13560E+03  0.99579E+00 -0.14530E-16
 0.13580E+03  0.99577E+00 -0.20752E-16
 0.13600E+03  0.99575E+00 -0.66533E-17
 0.13620E+03  0.99573E+00  0.66971E-16
 0.13640E+03  0.99571E+00 -0.12229E-16
 0.13660E+03  0.99570E+00 -0.12351E-16
 0.13680E+03  0.99568E+00  0.57880E-16
 0.13700E+03  0.99566E+00  0.46104E-16
 0.13720E+03  0.99564E+00  0.66148E-16
 0.13740E+03  0.99562E+00  0.23271E-17
 0.13760E+03  0.99560E+00 -0.49973E-17
 0.13780E+03  0.99558E+00  0.17400E-16
 0.13800E+03  0.99557E+00  0.43413E-16
 0.13820E+03  0.99555E+00 -0.76261E-16
 0.13840E+03  0.99553E+00  0.10672E-16
 0.13860E+03  0.99551E+00  0.38983E-16
 0.13880E+03  0.99549E+00 -0.90928E-16
 0.13900E+03  0.99548E+00  0.60596E-16
 0.13920E+03  0.99546E+00  0.35877E-16
 0.13940E+03  0.99544E+00  0.60382E-16
 0.13960E+03  0.99542E+00  0.28239E-16
 0.13980E+03  0.99540E+00 -0.66806E-16
 0.14000E+03  0.99539E+00  0.73501E-16
 0.14020E+03  0.99537E+00 -0.60819E-16
 0.14040E+03  0.99535E+00 -0.27608E-16
 0.14060E+03  0.99533E+00  0.12108E-15
 0.14080E+03  0.99532E+00 -0.58196E-16
 0.14100E+03  0.99530E+00 -0.58785E-16
 0.14120E+03  0.99529E+00  0.12865E-15
 0.14140E+03  0.99527E+00 -0.49359E-16
 0.14160E+03  0.99526E+00  0.10618E-15
 0.14180E+03  0.99524E+00 -0.29317E-16
 0.14200E+03  0.99523E+00  0.13218E-15
 0.14220E+03  0.99522E+00 -0.56500E-18
 0.14240E+03  0.99521E+00  0.22240E-16
 0.14260E+03  0.99520E+00  0.57630E-16
 0.14280E+03  0.99520E+00 -0.42744E-16
 0.14300E+03  0.99520E+00 -0.15848E-15
 0.14320E+03  0.99520E+00  0.32985E-16
 0.14340E+03  0.99520E+00 -0.84327E-16
 0.14360E+03  0.99521E+00  0.19594E-16
 0.14380E+03  0.99522E+00  0.13221E-15
 0.14400E+03  0.99524E+00  0.53242E-16
 0.14420E+03  0.99527E+00  0.19527E-15
 0.14440E+03  0.99530E+00 -0.19937E-15
 0.14460E+03  0.99533E+00  0.26986E-15
 0.14480E+03  0.99538E+00  0.31507E-15
 0.14500E+03  0.99543E+00  0.14933E-15
 0.14520E+03  0.99549E+00 -0.14138E-15
 0.14540E+03  0.99556E+00  0.74301E-16
 0.14560E+03  0.99563E+00  0.24986E-15
 0.14580E+03  0.99572E+00 -0.53104E-15
 0.14600E+03  0.99581E+00  0.10300E-16
 0.14620E+03  0.99591E+00 -0.76053E-16
 0.14640E+03  0.99601E+00 -0.35637E-16
 0.14660E+03  0.99612E+00 -0.22103E-15
 0.14680E+03  0.99623E+00 -0.41225E-15
 0.14700E+03  0.99635E+00 -0.11656E-15
 0.14720E+03  0.99647E+00 -0.42500E-15
 0.14740E+03  0.99659E+00  0.27701E-15
 0.14760E+03  0.99672E+00 -0.38094E-15
 0.14780E+03  0.99684E+00 -0.55431E-15
 0.14800E+03  0.99697E+00  0.32089E-15
 0.14820E+03  0.99709E+00  0.23896E-15
 0.14840E+03  0.99722E+00  0.29128E-15
 0.14860E+03  0.99734E+00 -0.63231E-16
 0.14880E+03  0.99746E+00  0.23201E-15
 0.14900E+03  0.99758E+00  0.63552E-15
 0.14920E+03  0.99770E+00 -0.10473E-15
 0.14940E+03  0.99781E+00 -0.42740E-16
 0.14960E+03  0.99793E+00  0.51680E-15
 0.14980E+03  0.99803E+00  0.16495E-16
 0.15000E+03  0.99814E+00  0.41492E-15
 0.15020E+03  0.99824E+00 -0.67859E-15
 0.15040E+03  0.99834E+00 -0.67250E-15
 0.15060E+03  0.99844E+00 -0.56849E-16
 0.15080E+03  0.99853E+00 -0.28602E-16
 0.15100E+03  0.99862E+00 -0.35995E-15
 0.15120E+03  0.99871E+00 -0.19158E-15
 0.15140E+03  0.99879E+00  0.25706E-15
 0.15160E+03  0.99886E+00  0.10797E-15
 0.15180E+03  0.99893E+00  0.28655E-15
 0.15200E+03  0.99900E+00  0.53019E-15
 0.15220E+03  0.99905E+00 -0.88876E-15
 0.15240E+03  0.99911E+00 -0.30096E-15
 0.15260E+03  0.99915E+00 -0.62355E-15
 0.15280E+03  0.99919E+00  0.79990E-15
 0.15300E+03  0.99921E+00  0.66934E-16
 0.15320E+03  0.99924E+00  0.10508E-14
 0.15340E+03  0.99925E+00 -0.10249E-14
 0.15360E+03  0.99926E+00 -0.10873E-14
 0.15380E+03  0.99926E+00 -0.19544E-14
 0.15400E+03  0.99927E+00 -0.56956E-15
 0.15420E+03  0.99927E+00 -0.79044E-15
 0.15440E+03  0.99927E+00 -0.45614E-15
 0.15460E+03  0.99928E+00 -0.30430E-15
 0.15480E+03  0.99930E+00  0.38688E-15
 0.15500E+03  0.99932E+00  0.91457E-16
 0.15520E+03  0.99935E+00  0.58083E-15
 0.15540E+03  0.99939E+00  0.29491E-15
 0.15560E+03  0.99944E+00 -0.63918E-15
 0.15580E+03  0.99949E+00  0.33761E-15
 0.15600E+03  0.99955E+00 -0.92796E-16
 0.15620E+03  0.99962E+00  0.64813E-15
 0.15640E+03  0.99969E+00 -0.11092E-15
 0.15660E+03  0.99976E+00 -0.10385E-15
 0.15680E+03  0.99984E+00  0.17153E-15
 0.15700E+03  0.99991E+00 -0.32337E-15
 0.15720E+03  0.99999E+00 -0.51036E-15
 0.15740E+03  0.10001E+01 -0.66466E-16
 0.15760E+03  0.10001E+01 -0.13120E-15
 0.15780E+03  0.10002E+01 -0.40313E-15
 0.15800E+03  0.10003E+01 -0.33736E-15
 0.15820E+03  0.10004E+01 -0.14635E-15
 0.15840E+03  0.10004E+01  0.10602E-15
 0.15860E+03  0.10005E+01 -0.57641E-16
 0.15880E+03  0.10006E+01 -0.23019E-15
 0.15900E+03  0.10006E+01 -0.39791E-15
 0.15920E+03  0.10007E+01  0.14238E-15
 0.15940E+03  0.10007E+01 -0.21531E-15
 0.15960E+03  0.10008E+01 -0.23837E-16
 0.15980E+03  0.10008E+01  0.39246E-16
 0.16000E+03  0.10009E+01  0.72198E-15
 0.16020E+03  0.10009E+01  0.22106E-15
 0.16040E+03  0.10010E+01  0.64278E-15
 0.16060E+03  0.10010E+01 -0.21498E-15
 0.16080E+03  0.10011E+01 -0.24523E-15
 0.16100E+03  0.10011E+01  0.77462E-16
 0.16120E+03  0.10011E+01 -0.22727E-15
 0.16140E+03  0.10012E+01 -0.20013E-15
 0.16160E+03  0.10012E+01 -0.21014E-15
 0.16180E+03  0.10013E+01  0.22481E-15
 0.16200E+03  0.10013E+01 -0.64118E-15
 0.16220E+03  0.10014E+01 -0.46408E-15
 0.16240E+03  0.10014E+01 -0.28622E-15
 0.16260E+03  0.10015E+01  0.32707E-15
 0.16280E+03  0.10016E+01  0.11654E-14
 0.16300E+03  0.10018E+01  0.49252E-15
 0.16320E+03  0.10020E+01 -0.10408E-14
 0.16340E+03  0.10024E+01  0.88497E-15
 0.16360E+03  0.10029E+01 -0.20866E-14
 0.16380E+03  0.10037E+01  0.30697E-15
 0.16400E+03  0.10043E+01  0.10964E-14
 0.16420E+03  0.10043E+01 -0.16689E-15
 0.16440E+03  0.10036E+01 -0.88377E-15
 0.16460E+03  0.10029E+01  0.53812E-15
 0.16480E+03  0.10023E+01 -0.30675E-15
 0.16500E+03  0.10019E+01 -0.74222E-16
 0.16520E+03  0.10016E+01 -0.78143E-15
 0.16540E+03  0.10014E+01  0.68937E-15
 0.16560E+03  0.10013E+01  0.39379E-15
 0.16580E+03  0.10011E+01  0.15335E-15
 0.16600E+03  0.10010E+01 -0.84630E-15
 0.16620E+03  0.10010E+01  0.11418E-15
 0.16640E+03  0.10009E+01  0.19797E-15
 0.16660E+03  0.10008E+01  0.16217E-16
 0.16680E+03  0.10008E+01 -0.38921E-15
 0.16700E+03  0.10008E+01  0.50550E-16
 0.16720E+03  0.10008E+01  0.16947E-15
 0.16740E+03  0.10008E+01 -0.39031E-15
 0.16760E+03  0.10008E+01  0.53796E-15
 0.16780E+03  0.10008E+01  0.11958E-15
 0.16800E+03  0.10008E+01 -0.10200E-15
 0.16820E+03  0.10009E+01  0.11209E-14
 0.16840E+03  0.10010E+01  0.21138E-15
 0.16860E+03  0.10012E+01  0.81193E-15
 0.16880E+03  0.10013E+01 -0.10895E-15
 0.16900E+03  0.10015E+01 -0.82739E-15
 0.16920E+03  0.10018E+01 -0.10878E-14
 0.16940E+03  0.10022E+01 -0.31376E-15
 0.16960E+03  0.10026E+01 -0.26321E-14
 0.16980E+03  0.10032E+01  0.26737E-14
 0.17000E+03  0.10039E+01  0.80047E-16
 0.17020E+03  0.10048E+01  0.32933E-14
 0.17040E+03  0.10060E+01 -0.23652E-14
 0.17060E+03  0.10076E+01 -0.34084E-14
 0.17080E+03  0.10095E+01 -0.25731E-14
 0.17100E+03  0.10109E+01 -0.82540E-15
 0.17120E+03  0.10113E+01 -0.90445E-15
 0.17140E+03  0.10110E+01  0.25300E-14
 0.17160E+03  0.10103E+01  0.57563E-14
 0.17180E+03  0.10094E+01  0.28918E-14
 0.17200E+03  0.10084E+01  0.44659E-14
 0.17220E+03  0.10074E+01 -0.42870E-14
 0.17240E+03  0.10065E+01 -0.61075E-14
 0.17260E+03  0.10056E+01  0.36201E-14
 0.17280E+03  0.10049E+01  0.12372E-14
 0.17300E+03  0.10042E+01  0.30735E-14
 0.17320E+03  0.10036E+01 -0.33373E-14
 0.17340E+03  0.10031E+01  0.57859E-15
 0.17360E+03  0.10026E+01 -0.96346E-15
 0.17380E+03  0.10021E+01  0.13923E-14
 0.17400E+03  0.10016E+01 -0.17413E-14
 0.17420E+03  0.10012E+01  0.42790E-14
 0.17440E+03  0.10008E+01  0.15228E-14
 0.17460E+03  0.10003E+01 -0.51095E-15
 0.17480E+03  0.99993E+00  0.21242E-14
 0.17500E+03  0.99953E+00  0.39389E-14
 0.17520E+03  0.99913E+00 -0.25129E-15
 0.17540E+03  0.99874E+00 -0.99535E-15
 0.17560E+03  0.99835E+00 -0.11673E-14
 0.17580E+03  0.99797E+00  0.18580E-14
 0.17600E+03  0.99759E+00  0.18127E-14
 0.17620E+03  0.99722E+00 -0.18417E-14
 0.17640E+03  0.99686E+00  0.51670E-14
 0.17660E+03  0.99651E+00 -0.47047E-14
 0.17680E+03  0.99618E+00  0.43658E-14
 0.17700E+03  0.99587E+00 -0.90744E-14
 0.17720E+03  0.99559E+00  0.61582E-14
 0.17740E+03  0.99535E+00 -0.23925E-14
 0.17760E+03  0.99515E+00  0.54875E-14
 0.17780E+03  0.99501E+00 -0.65736E-14
 0.17800E+03  0.99494E+00 -0.87252E-14
 0.17820E+03  0.99495E+00  0.12348E-13
 0.17840E+03  0.99504E+00  0.33844E-14
 0.17860E+03  0.99523E+00 -0.73775E-14
 0.17880E+03  0.99555E+00  0.82605E-14
 0.17900E+03  0.99603E+00  0.92539E-15
 0.17920E+03  0.99669E+00 -0.36230E-15
 0.17940E+03  0.99750E+00  0.92249E-14
 0.17960E+03  0.99834E+00 -0.58988E-14
 0.17980E+03  0.99904E+00  0.19318E-13
 0.18000E+03  0.99949E+00  0.11054E-14
 0.18020E+03  0.99968E+00  0.39288E-14
 0.18040E+03  0.99965E+00 -0.82393E-14
 0.18060E+03  0.99947E+00 -0.13875E-13
 0.18080E+03  0.99919E+00 -0.57029E-14
 0.18100E+03  0.99885E+00 -0.22003E-14
 0.18120E+03  0.99847E+00  0.98572E-15
 0.18140E+03  0.99806E+00 -0.66014E-14
 0.18160E+03  0.99765E+00 -0.53845E-14
 0.18180E+03  0.99723E+00 -0.33995E-14
 0.18200E+03  0.99681E+00  0.20165E-14
 0.18220E+03  0.99638E+00  0.19392E-14
 0.18240E+03  0.99595E+00 -0.17569E-14
 0.18260E+03  0.99552E+00 -0.64431E-14
 0.18280E+03  0.99509E+00  0.31851E-14
 0.18300E+03  0.99465E+00 -0.76019E-14
 0.18320E+03  0.99421E+00 -0.10877E-14
 0.18340E+03  0.99376E+00  0.16608E-14
 0.18360E+03  0.99330E+00  0.63997E-15
 0.18380E+03  0.99283E+00 -0.63273E-14
 0.18400E+03  0.99236E+00 -0.92452E-14
 0.18420E+03  0.99187E+00  0.26371E-14
 0.18440E+03  0.99139E+00 -0.78106E-14
 0.18460E+03  0.99089E+00  0.12103E-13
 0.18480E+03  0.99039E+00 -0.23745E-15
 0.18500E+03  0.98989E+00  0.14678E-14
 0.18520E+03  0.98939E+00  0.50434E-14
 0.18540E+03  0.98889E+00  0.29584E-14
 0.18560E+03  0.98840E+00 -0.85277E-14
 0.18580E+03  0.98792E+00  0.39818E-14
 0.18600E+03  0.98746E+00 -0.10924E-14
 0.18620E+03  0.98702E+00 -0.83835E-14
 0.18640E+03  0.98659E+00  0.47497E-14
 0.18660E+03  0.98620E+00  0.78204E-14
 0.18680E+03  0.98583E+00 -0.14998E-13
 0.18700E+03  0.98550E+00  0.18136E-14
 0.18720E+03  0.98520E+00  0.13446E-13
 0.18740E+03  0.98494E+00 -0.44173E-14
 0.18760E+03  0.98473E+00  0.40359E-14
 0.18780E+03  0.98457E+00 -0.43971E-14
 0.18800E+03  0.98448E+00 -0.45583E-14
 0.18820E+03  0.98447E+00  0.35643E-14
 0.18840E+03  0.98454E+00  0.26346E-15
 0.18860E+03  0.98470E+00 -0.25401E-14
 0.18880E+03  0.98495E+00  0.23625E-14
 0.18900E+03  0.98529E+00  0.37595E-14
 0.18920E+03  0.98570E+00 -0.66573E-14
 0.18940E+03  0.98618E+00 -0.36495E-14
 0.18960E+03  0.98670E+00  0.47378E-14
 0.18980E+03  0.98726E+00 -0.51628E-14
 0.19000E+03  0.98785E+00  0.19283E-14
 0.19020E+03  0.98846E+00  0.91419E-15
 0.19040E+03  0.98907E+00  0.35671E-14
 0.19060E+03  0.98968E+00  0.15039E-14
 0.19080E+03  0.99029E+00  0.46372E-16
 0.19100E+03  0.99090E+00 -0.48908E-15
 0.19120E+03  0.99149E+00 -0.18948E-14
 0.19140E+03  0.99205E+00  0.15410E-14
 0.19160E+03  0.99258E+00 -0.15915E-14
 0.19180E+03  0.99307E+00  0.18289E-14
 0.19200E+03  0.99360E+00  0.13942E-14
 0.19220E+03  0.99432E+00  0.97565E-15
 0.19240E+03  0.99509E+00 -0.44725E-15
 0.19260E+03  0.99578E+00 -0.19538E-15
 0.19280E+03  0.99641E+00 -0.14731E-15
 0.19300E+03  0.99701E+00  0.74313E-15
 0.19320E+03  0.99760E+00  0.64110E-15
 0.19340E+03  0.99817E+00  0.19289E-14
 0.19360E+03  0.99874E+00 -0.74940E-16
 0.19380E+03  0.99931E+00  0.27988E-15
 0.19400E+03  0.99987E+00  0.21249E-15
 0.19420E+03  0.10004E+01 -0.22982E-14
 0.19440E+03  0.10010E+01  0.84541E-15
 0.19460E+03  0.10015E+01 -0.23342E-16
 0.19480E+03  0.10020E+01  0.19493E-14
 0.19500E+03  0.10026E+01  0.79318E-15
 0.19520E+03  0.10031E+01  0.11756E-14
 0.19540E+03  0.10036E+01  0.16187E-14
 0.19560E+03  0.10041E+01  0.17443E-14
 0.19580E+03  0.10045E+01 -0.11871E-14
 0.19600E+03  0.10050E+01  0.24048E-15
 0.19620E+03  0.10054E+01 -0.12479E-14
 0.19640E+03  0.10058E+01  0.68397E-15
 0.19660E+03  0.10062E+01  0.10007E-14
 0.19680E+03  0.10066E+01 -0.93313E-15
 0.19700E+03  0.10070E+01  0.14577E-14
 0.19720E+03  0.10073E+01 -0.13320E-15
 0.19740E+03  0.10076E+01 -0.92940E-15
 0.19760E+03  0.10079E+01 -0.21015E-14
 0.19780E+03  0.10082E+01 -0.10364E-14
 0.19800E+03  0.10084E+01  0.17580E-14
 0.19820E+03  0.10086E+01 -0.24065E-14
 0.19840E+03  0.10088E+01  0.56798E-15
 0.19860E+03  0.10090E+01 -0.96414E-15
 0.19880E+03  0.10091E+01  0.59471E-15
 0.19900E+03  0.10092E+01 -0.29642E-14
 0.19920E+03  0.10093E+01  0.65402E-16
 0.19940E+03  0.10094E+01 -0.45241E-15
 0.19960E+03  0.10094E+01 -0.40517E-15
 0.19980E+03  0.10095E+01 -0.92362E-15
 0.20000E+03  0.10095E+01  0.57468E-15
 0.20020E+03  0.10095E+01  0.94574E-15
 0.20040E+03  0.10096E+01 -0.82656E-15
 0.20060E+03  0.10096E+01 -0.75778E-15
 0.20080E+03  0.10096E+01  0.59974E-15
 0.20100E+03  0.10095E+01  0.18274E-15
 0.20120E+03  0.10095E+01 -0.34033E-15
 0.20140E+03  0.10095E+01 -0.29655E-15
 0.20160E+03  0.10095E+01  0.31970E-15
 0.20180E+03  0.10095E+01  0.33583E-15
 0.20200E+03  0.10095E+01  0.65566E-16
 0.20220E+03  0.10095E+01  0.11219E-15
 0.20240E+03  0.10095E+01 -0.81770E-15
 0.20260E+03  0.10094E+01  0.30335E-15
 0.20280E+03  0.10092E+01  0.90815E-16
 0.20300E+03  0.10089E+01  0.87462E-15
 0.20320E+03  0.10087E+01  0.48359E-15
 0.20340E+03  0.10085E+01 -0.41380E-16
 0.20360E+03  0.10085E+01  0.21236E-15
 0.20380E+03  0.10084E+01  0.48150E-15
 0.20400E+03  0.10084E+01  0.41406E-15
 0.20420E+03  0.10083E+01 -0.92382E-15
 0.20440E+03  0.10083E+01  0.79348E-16
 0.20460E+03  0.10083E+01  0.84475E-15
 0.20480E+03  0.10082E+01 -0.88834E-16
 0.20500E+03  0.10082E+01 -0.27064E-15
 0.20520E+03  0.10081E+01  0.10150E-15
 0.20540E+03  0.10081E+01 -0.33513E-15
 0.20560E+03  0.10080E+01  0.16507E-15
 0.20580E+03  0.10080E+01 -0.24868E-16
 0.20600E+03  0.10080E+01 -0.57556E-16
 0.20620E+03  0.10079E+01  0.85741E-16
 0.20640E+03  0.10079E+01  0.14871E-15
 0.20660E+03  0.10078E+01  0.16365E-15
 0.20680E+03  0.10078E+01  0.29960E-15
 0.20700E+03  0.10077E+01 -0.19464E-15
 0.20720E+03  0.10077E+01  0.43937E-17
 0.20740E+03  0.10076E+01 -0.13085E-16
 0.20760E+03  0.10076E+01 -0.23660E-15
 0.20780E+03  0.10076E+01 -0.58648E-16
 0.20800E+03  0.10075E+01  0.84128E-16
 0.20820E+03  0.10075E+01 -0.79567E-16
 0.20840E+03  0.10075E+01  0.77398E-16
 0.20860E+03  0.10074E+01 -0.11953E-15
 0.20880E+03  0.10074E+01  0.90869E-16
 0.20900E+03  0.10074E+01  0.46598E-16
 0.20920E+03  0.10074E+01  0.11757E-15
 0.20940E+03  0.10073E+01 -0.49873E-16
 0.20960E+03  0.10073E+01  0.13974E-15
 0.20980E+03  0.10073E+01 -0.13001E-15
 0.21000E+03  0.10073E+01  0.57429E-16
 0.21020E+03  0.10073E+01 -0.13304E-15
 0.21040E+03  0.10073E+01  0.13251E-16
 0.21060E+03  0.10073E+01 -0.21310E-17
 0.21080E+03  0.10073E+01  0.16975E-15
 0.21100E+03  0.10073E+01 -0.99463E-18
 0.21120E+03  0.10073E+01  0.49918E-16
 0.21140E+03  0.10073E+01 -0.16130E-15
 0.21160E+03  0.10073E+01 -0.22525E-17
 0.21180E+03  0.10073E+01 -0.11253E-15
 0.21200E+03  0.10074E+01  0.71083E-16
 0.21220E+03  0.10074E+01  0.36085E-15
 0.21240E+03  0.10074E+01 -0.11028E-15
 0.21260E+03  0.10074E+01  0.12297E-16
 0.21280E+03  0.10075E+01  0.67917E-16
 0.21300E+03  0.10075E+01  0.42878E-16
 0.21320E+03  0.10075E+01 -0.10306E-15
 0.21340E+03  0.10076E+01  0.22105E-15
 0.21360E+03  0.10076E+01  0.12796E-16
 0.21380E+03  0.10077E+01 -0.38962E-16
 0.21400E+03  0.10078E+01 -0.49172E-16
 0.21420E+03  0.10078E+01  0.14962E-15
 0.21440E+03  0.10078E+01  0.25100E-16
 0.21460E+03  0.10079E+01 -0.98157E-16
 0.21480E+03  0.10079E+01 -0.18138E-16
 0.21500E+03  0.10079E+01  0.14323E-15
 0.21520E+03  0.10079E+01 -0.61360E-16
 0.21540E+03  0.10079E+01 -0.55030E-16
 0.21560E+03  0.10080E+01  0.31124E-16
 0.21580E+03  0.10080E+01  0.97460E-16
 0.21600E+03  0.10080E+01 -0.71954E-16
 0.21620E+03  0.10081E+01 -0.72041E-16
 0.21640E+03  0.10081E+01 -0.57240E-16
 0.21660E+03  0.10082E+01  0.13613E-15
 0.21680E+03  0.10082E+01 -0.15278E-16
 0.21700E+03  0.10083E+01  0.13828E-15
 0.21720E+03  0.10083E+01  0.70386E-16
 0.21740E+03  0.10084E+01  0.15529E-15
 0.21760E+03  0.10085E+01 -0.58463E-16
 0.21780E+03  0.10085E+01 -0.77912E-17
 0.21800E+03  0.10086E+01 -0.27518E-16
 0.21820E+03  0.10087E+01  0.10955E-15
 0.21840E+03  0.10087E+01 -0.49517E-16
 0.21860E+03  0.10088E+01 -0.38739E-16
 0.21880E+03  0.10089E+01 -0.11219E-15
 0.21900E+03  0.10089E+01  0.17175E-16
 0.21920E+03  0.10090E+01 -0.25025E-16
 0.21940E+03  0.10091E+01 -0.42411E-16
 0.21960E+03  0.10091E+01 -0.13194E-16
 0.21980E+03  0.10092E+01  0.37464E-16
 0.22000E+03  0.10093E+01  0.41123E-16
 0.22020E+03  0.10094E+01 -0.98480E-17
 0.22040E+03  0.10095E+01  0.10379E-15
 0.22060E+03  0.10096E+01  0.20635E-16
 0.22080E+03  0.10096E+01 -0.27359E-17
 0.22100E+03  0.10097E+01  0.10975E-15
 0.22120E+03  0.10098E+01  0.35289E-16
 0.22140E+03  0.10098E+01  0.21767E-16
 0.22160E+03  0.10099E+01  0.26089E-16
 0.22180E+03  0.10100E+01 -0.10916E-15
 0.22200E+03  0.10100E+01  0.12781E-15
 0.22220E+03  0.10101E+01 -0.28121E-16
 0.22240E+03  0.10102E+01  0.34494E-16
 0.22260E+03  0.10103E+01 -0.48827E-16
 0.22280E+03  0.10104E+01  0.36751E-16
 0.22300E+03  0.10104E+01 -0.13596E-16
 0.22320E+03  0.10105E+01 -0.71487E-17
 0.22340E+03  0.10106E+01 -0.31829E-16
 0.22360E+03  0.10107E+01 -0.68465E-16
 0.22380E+03  0.10107E+01  0.11908E-15
 0.22400E+03  0.10108E+01 -0.12622E-16
 0.22420E+03  0.10109E+01 -0.95627E-16
 0.22440E+03  0.10110E+01 -0.89647E-16
 0.22460E+03  0.10111E+01  0.32965E-16
 0.22480E+03  0.10111E+01  0.49257E-16
 0.22500E+03  0.10112E+01  0.57139E-16
 0.22520E+03  0.10113E+01 -0.86050E-16
 0.22540E+03  0.10114E+01 -0.15584E-16
 0.22560E+03  0.10114E+01 -0.46737E-17
 0.22580E+03  0.10115E+01  0.82689E-17
 0.22600E+03  0.10116E+01  0.48689E-16
 0.22620E+03  0.10116E+01 -0.13085E-15
 0.22640E+03  0.10117E+01 -0.89317E-16
 0.22660E+03  0.10117E+01  0.96264E-16
 0.22680E+03  0.10118E+01  0.64096E-16
 0.22700E+03  0.10118E+01 -0.66084E-16
 0.22720E+03  0.10118E+01  0.22556E-16
 0.22740E+03  0.10119E+01 -0.26444E-16
 0.22760E+03  0.10119E+01 -0.64690E-16
 0.22780E+03  0.10120E+01  0.60907E-16
 0.22800E+03  0.10121E+01 -0.13537E-15
 0.22820E+03  0.10122E+01 -0.13880E-15
 0.22840E+03  0.10122E+01  0.12945E-15
 0.22860E+03  0.10123E+01  0.33324E-16
 0.22880E+03  0.10124E+01 -0.15029E-15
 0.22900E+03  0.10125E+01 -0.54052E-16
 0.22920E+03  0.10126E+01  0.43749E-16
 0.22940E+03  0.10128E+01 -0.11760E-15
 0.22960E+03  0.10129E+01  0.17876E-16
 0.22980E+03  0.10130E+01 -0.57067E-17
 0.23000E+03  0.10131E+01  0.40920E-16
 0.23020E+03  0.10132E+01 -0.87031E-16
 0.23040E+03  0.10133E+01  0.91211E-16
 0.23060E+03  0.10134E+01 -0.72487E-17
 0.23080E+03  0.10135E+01  0.44033E-16
 0.23100E+03  0.10136E+01 -0.12826E-15
 0.23120E+03  0.10137E+01 -0.49237E-16
 0.23140E+03  0.10138E+01 -0.80002E-16
 0.23160E+03  0.10139E+01 -0.19206E-16
 0.23180E+03  0.10140E+01  0.68271E-17
 0.23200E+03  0.10141E+01 -0.61112E-16
 0.23220E+03  0.10142E+01 -0.72845E-19
 0.23240E+03  0.10143E+01 -0.11462E-15
 0.23260E+03  0.10144E+01  0.22246E-16
 0.23280E+03  0.10145E+01 -0.59983E-17
 0.23300E+03  0.10146E+01 -0.47659E-16
 0.23320E+03  0.10147E+01  0.54430E-16
 0.23340E+03  0.10148E+01  0.15967E-16
 0.23360E+03  0.10149E+01 -0.90544E-16
 0.23380E+03  0.10151E+01 -0.81031E-16
 0.23400E+03  0.10151E+01 -0.28420E-16
 0.23420E+03  0.10152E+01  0.47275E-17
 0.23440E+03  0.10153E+01  0.53231E-16
 0.23460E+03  0.10154E+01  0.81649E-16
 0.23480E+03  0.10155E+01  0.93615E-16
 0.23500E+03  0.10156E+01  0.57022E-16
 0.23520E+03  0.10157E+01 -0.31152E-16
 0.23540E+03  0.10158E+01 -0.79441E-16
 0.23560E+03  0.10159E+01  0.56137E-17
 0.23580E+03  0.10160E+01  0.58238E-16
 0.23600E+03  0.10160E+01  0.64877E-16
 0.23620E+03  0.10161E+01 -0.10560E-15
 0.23640E+03  0.10162E+01  0.12888E-16
 0.23660E+03  0.10163E+01 -0.70892E-17
 0.23680E+03  0.10164E+01 -0.11725E-16
 0.23700E+03  0.10164E+01 -0.21294E-16
 0.23720E+03  0.10165E+01 -0.52181E-16
 0.23740E+03  0.10166E+01 -0.59310E-16
 0.23760E+03  0.10167E+01  0.47429E-16
 0.23780E+03  0.10167E+01 -0.34646E-16
 0.23800E+03  0.10168E+01 -0.49270E-16
 0.23820E+03  0.10168E+01 -0.14874E-16
 0.23840E+03  0.10169E+01 -0.41329E-16
 0.23860E+03  0.10169E+01 -0.54991E-16
 0.23880E+03  0.10169E+01  0.17948E-16
 0.23900E+03  0.10169E+01 -0.17940E-16
 0.23920E+03  0.10170E+01 -0.22461E-17
 0.23940E+03  0.10170E+01  0.36188E-16
 0.23960E+03  0.10170E+01  0.64349E-16
 0.23980E+03  0.10170E+01  0.80938E-16
 0.24000E+03  0.10170E+01 -0.58248E-16
 0.24020E+03  0.10170E+01  0.12580E-15
 0.24040E+03  0.10170E+01 -0.62315E-16
 0.24060E+03  0.10170E+01  0.37486E-16
 0.24080E+03  0.10170E+01  0.30791E-16
 0.24100E+03  0.10171E+01 -0.57274E-16
 0.24120E+03  0.10171E+01 -0.34452E-16
 0.24140E+03  0.10171E+01 -0.54754E-16
 0.24160E+03  0.10171E+01  0.56050E-16
 0.24180E+03  0.10172E+01  0.51171E-16
 0.24200E+03  0.10172E+01  0.59601E-16
 0.24220E+03  0.10172E+01  0.38892E-16
 0.24240E+03  0.10172E+01 -0.41990E-16
 0.24260E+03  0.10173E+01 -0.52453E-16
 0.24280E+03  0.10173E+01  0.37888E-16
 0.24300E+03  0.10173E+01 -0.38115E-16
 0.24320E+03  0.10174E+01  0.11056E-17
 0.24340E+03  0.10174E+01 -0.42832E-16
 0.24360E+03  0.10174E+01 -0.33969E-16
 0.24380E+03  0.10175E+01 -0.23941E-16
 0.24400E+03  0.10175E+01  0.21135E-16
 0.24420E+03  0.10176E+01 -0.58907E-16
 0.24440E+03  0.10176E+01  0.44092E-16
 0.24460E+03  0.10176E+01  0.19507E-16
 0.24480E+03  0.10177E+01  0.82855E-17
 0.24500E+03  0.10177E+01 -0.78694E-17
 0.24520E+03  0.10177E+01  0.15441E-16
 0.24540E+03  0.10178E+01 -0.64063E-17
 0.24560E+03  0.10178E+01 -0.19878E-16
 0.24580E+03  0.10179E+01 -0.26329E-16
 0.24600E+03  0.10179E+01  0.13894E-16
 0.24620E+03  0.10180E+01 -0.56525E-16
 0.24640E+03  0.10180E+01 -0.36387E-16
 0.24660E+03  0.10181E+01 -0.71674E-17
 0.24680E+03  0.10181E+01 -0.22483E-16
 0.24700E+03  0.10181E+01  0.34709E-16
 0.24720E+03  0.10181E+01  0.54658E-16
 0.24740E+03  0.10181E+01 -0.52173E-17
 0.24760E+03  0.10181E+01 -0.72237E-17
 0.24780E+03  0.10182E+01 -0.75765E-17
 0.24800E+03  0.10182E+01 -0.44629E-16
 0.24820E+03  0.10182E+01 -0.16223E-16
 0.24840E+03  0.10183E+01 -0.61137E-17
 0.24860E+03  0.10183E+01  0.76557E-17
 0.24880E+03  0.10183E+01 -0.26335E-16
 0.24900E+03  0.10184E+01 -0.59788E-17
 0.24920E+03  0.10184E+01  0.98775E-17
 0.24940E+03  0.10184E+01  0.29230E-16
 0.24960E+03  0.10185E+01  0.21993E-16
 0.24980E+03  0.10185E+01  0.10825E-16
 0.25000E+03  0.10185E+01  0.38987E-16
 0.25020E+03  0.10186E+01 -0.78486E-16
 0.25040E+03  0.10186E+01  0.29608E-16
 0.25060E+03  0.10186E+01 -0.10833E-16
 0.25080E+03  0.10186E+01 -0.31108E-16
 0.25100E+03  0.10187E+01 -0.65423E-16
 0.25120E+03  0.10187E+01 -0.36150E-16
 0.25140E+03  0.10187E+01 -0.58051E-16
 0.25160E+03  0.10188E+01 -0.15930E-16
 0.25180E+03  0.10188E+01 -0.27152E-16
 0.25200E+03  0.10188E+01 -0.21135E-16
 0.25220E+03  0.10189E+01  0.92856E-18
 0.25240E+03  0.10189E+01  0.41812E-17
 0.25260E+03  0.10189E+01  0.96880E-16
 0.25280E+03  0.10189E+01  0.41369E-16
 0.25300E+03  0.10190E+01  0.30256E-16
 0.25320E+03  0.10190E+01 -0.41302E-16
 0.25340E+03  0.10190E+01 -0.54691E-17
 0.25360E+03  0.10190E+01 -0.17832E-17
 0.25380E+03  0.10190E+01 -0.57403E-17
 0.25400E+03  0.10191E+01  0.40067E-16
 0.25420E+03  0.10191E+01 -0.67812E-16
 0.25440E+03  0.10191E+01  0.28357E-16
 0.25460E+03  0.10191E+01 -0.16529E-16
 0.25480E+03  0.10191E+01 -0.10512E-16
 0.25500E+03  0.10191E+01  0.46679E-16
 0.25520E+03  0.10192E+01  0.16305E-17
 0.25540E+03  0.10192E+01  0.74977E-16
 0.25560E+03  0.10192E+01  0.89071E-16
 0.25580E+03  0.10192E+01 -0.48623E-16
 0.25600E+03  0.10192E+01  0.60209E-17
 0.25620E+03  0.10192E+01  0.80885E-16
 0.25640E+03  0.10192E+01 -0.17127E-16
 0.25660E+03  0.10192E+01  0.84191E-16
 0.25680E+03  0.10192E+01  0.13770E-15
 0.25700E+03  0.10192E+01 -0.83318E-16
 0.25720E+03  0.10192E+01 -0.91775E-16
 0.25740E+03  0.10192E+01  0.16828E-17
 0.25760E+03  0.10191E+01 -0.26940E-16
 0.25780E+03  0.10191E+01 -0.75187E-16
 0.25800E+03  0.10191E+01  0.12474E-15
 0.25820E+03  0.10191E+01 -0.13171E-16
 0.25840E+03  0.10191E+01  0.70583E-16
 0.25860E+03  0.10191E+01  0.35075E-16
 0.25880E+03  0.10190E+01  0.12469E-16
 0.25900E+03  0.10190E+01 -0.71007E-17
 0.25920E+03  0.10190E+01  0.12598E-15
 0.25940E+03  0.10190E+01 -0.56975E-16
 0.25960E+03  0.10190E+01  0.95843E-16
 0.25980E+03  0.10190E+01  0.70907E-16
 0.26000E+03  0.10190E+01  0.78058E-17
 0.26020E+03  0.10191E+01 -0.16644E-16
 0.26040E+03  0.10192E+01 -0.97591E-17
 0.26060E+03  0.10192E+01  0.57298E-16
 0.26080E+03  0.10192E+01  0.61906E-16
 0.26100E+03  0.10192E+01  0.11731E-15
 0.26120E+03  0.10192E+01 -0.23421E-16
 0.26140E+03  0.10192E+01  0.63749E-16
 0.26160E+03  0.10193E+01  0.40005E-16
 0.26180E+03  0.10193E+01 -0.25806E-16
 0.26200E+03  0.10193E+01  0.58761E-16
 0.26220E+03  0.10194E+01  0.14743E-16
 0.26240E+03  0.10195E+01  0.74375E-16
 0.26260E+03  0.10195E+01 -0.65067E-17
 0.26280E+03  0.10196E+01  0.74799E-17
 0.26300E+03  0.10197E+01 -0.67113E-16
 0.26320E+03  0.10198E+01  0.10446E-15
 0.26340E+03  0.10198E+01 -0.28297E-16
 0.26360E+03  0.10199E+01  0.58060E-16
 0.26380E+03  0.10200E+01 -0.42391E-16
 0.26400E+03  0.10201E+01  0.30576E-16
 0.26420E+03  0.10202E+01 -0.56366E-17
 0.26440E+03  0.10203E+01  0.23420E-16
 0.26460E+03  0.10204E+01 -0.56811E-16
 0.26480E+03  0.10205E+01 -0.10755E-15
 0.26500E+03  0.10207E+01 -0.32522E-17
 0.26520E+03  0.10208E+01 -0.14095E-17
 0.26540E+03  0.10209E+01 -0.26888E-16
 0.26560E+03  0.10210E+01  0.10810E-15
 0.26580E+03  0.10211E+01  0.97687E-16
 0.26600E+03  0.10212E+01 -0.50849E-16
 0.26620E+03  0.10214E+01 -0.33936E-16
 0.26640E+03  0.10215E+01  0.82941E-16
 0.26660E+03  0.10216E+01 -0.65974E-16
 0.26680E+03  0.10217E+01  0.53180E-16
 0.26700E+03  0.10218E+01 -0.12360E-16
 0.26720E+03  0.10220E+01  0.38760E-16
 0.26740E+03  0.10221E+01 -0.24503E-16
 0.26760E+03  0.10222E+01 -0.36050E-16
 0.26780E+03  0.10223E+01  0.27782E-16
 0.26800E+03  0.10224E+01  0.20898E-16
 0.26820E+03  0.10226E+01  0.34207E-16
 0.26840E+03  0.10227E+01  0.92672E-16
 0.26860E+03  0.10228E+01  0.37676E-16
 0.26880E+03  0.10229E+01 -0.64372E-17
 0.26900E+03  0.10230E+01 -0.50226E-16
 0.26920E+03  0.10231E+01 -0.14906E-17
 0.26940E+03  0.10232E+01 -0.26671E-16
 0.26960E+03  0.10233E+01  0.48654E-17
 0.26980E+03  0.10234E+01 -0.69566E-16
 0.27000E+03  0.10235E+01 -0.48274E-16
 0.27020E+03  0.10236E+01 -0.94055E-17
 0.27040E+03  0.10237E+01 -0.70527E-16
 0.27060E+03  0.10238E+01  0.92430E-17
 0.27080E+03  0.10239E+01 -0.13932E-16
 0.27100E+03  0.10240E+01 -0.37730E-16
 0.27120E+03  0.10240E+01 -0.31523E-16
 0.27140E+03  0.10241E+01  0.11734E-15
 0.27160E+03  0.10242E+01 -0.15911E-16
 0.27180E+03  0.10243E+01  0.54373E-16
 0.27200E+03  0.10244E+01 -0.47108E-16
 0.27220E+03  0.10244E+01  0.13558E-15
 0.27240E+03  0.10244E+01  0.36646E-16
 0.27260E+03  0.10244E+01  0.21684E-18
 0.27280E+03  0.10243E+01  0.58384E-16
 0.27300E+03  0.10243E+01 -0.72479E-16
 0.27320E+03  0.10243E+01  0.53289E-16
 0.27340E+03  0.10243E+01 -0.14387E-15
 0.27360E+03  0.10243E+01  0.10826E-15
 0.27380E+03  0.10243E+01 -0.35074E-16
 0.27400E+03  0.10242E+01  0.34152E-16
 0.27420E+03  0.10242E+01  0.44452E-16
 0.27440E+03  0.10242E+01  0.40874E-16
 0.27460E+03  0.10242E+01  0.98987E-16
 0.27480E+03  0.10243E+01 -0.11243E-15
 0.27500E+03  0.10243E+01 -0.67221E-16
 0.27520E+03  0.10243E+01  0.43368E-16
 0.27540E+03  0.10243E+01  0.14783E-15
 0.27560E+03  0.10243E+01 -0.88579E-16
 0.27580E+03  0.10243E+01 -0.11463E-15
 0.27600E+03  0.10244E+01 -0.24858E-15
 0.27620E+03  0.10244E+01 -0.40305E-16
 0.27640E+03  0.10244E+01 -0.72967E-16
 0.27660E+03  0.10245E+01  0.67437E-16
 0.27680E+03  0.10245E+01 -0.14957E-15
 0.27700E+03  0.10246E+01  0.37958E-18
 0.27720E+03  0.10246E+01 -0.19516E-17
 0.27740E+03  0.10246E+01 -0.74132E-16
 0.27760E+03  0.10247E+01  0.51906E-16
 0.27780E+03  0.10247E+01  0.56921E-16
 0.27800E+03  0.10248E+01 -0.11276E-16
 0.27820E+03  0.10248E+01 -0.35318E-16
 0.27840E+03  0.10249E+01 -0.96684E-16
 0.27860E+03  0.10250E+01  0.38652E-16
 0.27880E+03  0.10250E+01  0.15881E-15
 0.27900E+03  0.10251E+01 -0.98662E-17
 0.27920E+03  0.10251E+01  0.17835E-16
 0.27940E+03  0.10252E+01 -0.14512E-15
 0.27960E+03  0.10252E+01 -0.10422E-15
 0.27980E+03  0.10253E+01  0.94759E-16
 0.28000E+03  0.10253E+01  0.23264E-15
 0.28020E+03  0.10254E+01 -0.69606E-16
 0.28040E+03  0.10255E+01  0.68359E-16
 0.28060E+03  0.10255E+01 -0.54861E-16
 0.28080E+03  0.10256E+01 -0.40468E-16
 0.28100E+03  0.10256E+01  0.86817E-16
 0.28120E+03  0.10257E+01  0.17117E-15
 0.28140E+03  0.10257E+01 -0.10175E-15
 0.28160E+03  0.10258E+01 -0.13585E-15
 0.28180E+03  0.10259E+01 -0.91507E-16
 0.28200E+03  0.10259E+01 -0.14638E-17
 0.28220E+03  0.10260E+01 -0.60417E-16
 0.28240E+03  0.10260E+01 -0.74891E-16
 0.28260E+03  0.10261E+01 -0.59712E-16
 0.28280E+03  0.10261E+01 -0.46322E-16
 0.28300E+03  0.10262E+01  0.41173E-16
 0.28320E+03  0.10262E+01  0.26726E-16
 0.28340E+03  0.10263E+01  0.47190E-16
 0.28360E+03  0.10263E+01  0.11089E-15
 0.28380E+03  0.10264E+01  0.26915E-16
 0.28400E+03  0.10264E+01 -0.27376E-17
 0.28420E+03  0.10265E+01  0.40549E-16
 0.28440E+03  0.10265E+01 -0.19028E-16
 0.28460E+03  0.10266E+01 -0.11761E-15
 0.28480E+03  0.10266E+01  0.78550E-16
 0.28500E+03  0.10267E+01  0.36727E-16
 0.28520E+03  0.10267E+01  0.33746E-16
 0.28540E+03  0.10267E+01 -0.51391E-16
 0.28560E+03  0.10268E+01 -0.11487E-15
 0.28580E+03  0.10268E+01  0.32011E-16
 0.28600E+03  0.10268E+01  0.13241E-15
 0.28620E+03  0.10268E+01  0.22023E-16
 0.28640E+03  0.10268E+01 -0.48247E-16
 0.28660E+03  0.10269E+01  0.24279E-16
 0.28680E+03  0.10268E+01  0.73636E-16
 0.28700E+03  0.10268E+01  0.46417E-17
 0.28720E+03  0.10268E+01  0.24395E-17
 0.28740E+03  0.10268E+01  0.29870E-16
 0.28760E+03  0.10268E+01  0.42718E-16
 0.28780E+03  0.10267E+01  0.36050E-16
 0.28800E+03  0.10266E+01  0.55701E-16
 0.28820E+03  0.10265E+01  0.65459E-16
 0.28840E+03  0.10264E+01  0.78551E-16
 0.28860E+03  0.10264E+01 -0.17374E-16
 0.28880E+03  0.10263E+01  0.39899E-16
 0.28900E+03  0.10264E+01 -0.10997E-15
 0.28920E+03  0.10266E+01 -0.82264E-16
 0.28940E+03  0.10267E+01 -0.74349E-16
 0.28960E+03  0.10266E+01 -0.18314E-15
 0.28980E+03  0.10265E+01  0.13065E-16
 0.29000E+03  0.10264E+01  0.46431E-16
 0.29020E+03  0.10263E+01 -0.48193E-16
 0.29040E+03  0.10263E+01  0.12468E-16
 0.29060E+03  0.10262E+01 -0.24936E-17
 0.29080E+03  0.10262E+01  0.11371E-16
 0.29100E+03  0.10262E+01 -0.40007E-16
 0.29120E+03  0.10262E+01 -0.20573E-16
 0.29140E+03  0.10262E+01 -0.71896E-16
 0.29160E+03  0.10262E+01  0.81315E-16
 0.29180E+03  0.10262E+01  0.15409E-16
 0.29200E+03  0.10262E+01 -0.11791E-17
 0.29220E+03  0.10262E+01 -0.22382E-16
 0.29240E+03  0.10263E+01 -0.22382E-16
 0.29260E+03  0.10263E+01 -0.31401E-16
 0.29280E+03  0.10263E+01  0.79228E-16
 0.29300E+03  0.10264E+01 -0.70203E-17
 0.29320E+03  0.10264E+01  0.10883E-16
 0.29340E+03  0.10264E+01  0.10435E-16
 0.29360E+03  0.10265E+01  0.50361E-16
 0.29380E+03  0.10265E+01  0.46018E-16
 0.29400E+03  0.10265E+01  0.26556E-16
 0.29420E+03  0.10266E+01 -0.17097E-16
 0.29440E+03  0.10266E+01 -0.59631E-17
 0.29460E+03  0.10266E+01 -0.24469E-16
 0.29480E+03  0.10266E+01 -0.55227E-18
 0.29500E+03  0.10267E+01  0.10225E-16
 0.29520E+03  0.10267E+01  0.18543E-16
 0.29540E+03  0.10267E+01  0.91480E-16
 0.29560E+03  0.10267E+01  0.24584E-16
 0.29580E+03  0.10266E+01 -0.45338E-16
 0.29600E+03  0.10266E+01  0.76605E-17
 0.29620E+03  0.10265E+01 -0.19921E-17
 0.29640E+03  0.10264E+01  0.38713E-16
 0.29660E+03  0.10263E+01 -0.90328E-17
 0.29680E+03  0.10262E+01  0.30022E-16
 0.29700E+03  0.10263E+01  0.12404E-15
 0.29720E+03  0.10264E+01 -0.75501E-16
 0.29740E+03  0.10264E+01  0.87668E-16
 0.29760E+03  0.10264E+01  0.63324E-17
 0.29780E+03  0.10264E+01 -0.89109E-17
 0.29800E+03  0.10264E+01  0.16195E-16
 0.29820E+03  0.10263E+01 -0.41539E-16
 0.29840E+03  0.10263E+01 -0.54346E-16
 0.29860E+03  0.10263E+01 -0.79065E-16
 0.29880E+03  0.10263E+01 -0.71707E-16
 0.29900E+03  0.10263E+01  0.82738E-17
 0.29920E+03  0.10263E+01  0.57063E-16
 0.29940E+03  0.10263E+01 -0.39790E-16
 0.29960E+03  0.10263E+01 -0.86059E-17
 0.29980E+03  0.10263E+01  0.18933E-16
 0.30000E+03  0.10263E+01 -0.42223E-16
 0.30020E+03  0.10264E+01 -0.15958E-16
 0.30040E+03  0.10264E+01 -0.49677E-16
 0.30060E+03  0.10264E+01 -0.13009E-17
 0.30080E+03  0.10264E+01 -0.11716E-16
 0.30100E+03  0.10265E+01 -0.36646E-16
 0.30120E+03  0.10265E+01 -0.27085E-16
 0.30140E+03  0.10265E+01 -0.29280E-16
 0.30160E+03  0.10266E+01  0.21813E-16
 0.30180E+03  0.10266E+01 -0.12794E-16
 0.30200E+03  0.10266E+01 -0.17198E-16
 0.30220E+03  0.10267E+01 -0.28684E-16
 0.30240E+03  0.10267E+01  0.50822E-17
 0.30260E+03  0.10267E+01 -0.59950E-16
 0.30280E+03  0.10268E+01 -0.74336E-17
 0.30300E+03  0.10268E+01 -0.21637E-16
 0.30320E+03  0.10269E+01 -0.52015E-16
 0.30340E+03  0.10269E+01 -0.43151E-16
 0.30360E+03  0.10269E+01  0.57327E-17
 0.30380E+03  0.10270E+01 -0.54400E-16
 0.30400E+03  0.10270E+01 -0.84841E-17
 0.30420E+03  0.10271E+01 -0.32058E-16
 0.30440E+03  0.10271E+01 -0.12387E-16
 0.30460E+03  0.10271E+01  0.12096E-16
 0.30480E+03  0.10272E+01 -0.20749E-16
 0.30500E+03  0.10272E+01 -0.46668E-16
 0.30520E+03  0.10272E+01  0.77384E-17
 0.30540E+03  0.10273E+01 -0.24761E-16
 0.30560E+03  0.10273E+01  0.53573E-16
 0.30580E+03  0.10274E+01 -0.83348E-17
 0.30600E+03  0.10274E+01  0.47901E-16
 0.30620E+03  0.10274E+01 -0.10036E-16
 0.30640E+03  0.10275E+01  0.46892E-17
 0.30660E+03  0.10275E+01  0.38211E-16
 0.30680E+03  0.10276E+01  0.28589E-16
 0.30700E+03  0.10276E+01 -0.37269E-17
 0.30720E+03  0.10276E+01 -0.22341E-16
 0.30740E+03  0.10277E+01 -0.36660E-17
 0.30760E+03  0.10277E+01 -0.10437E-17
 0.30780E+03  0.10277E+01  0.33787E-16
 0.30800E+03  0.10278E+01 -0.17090E-16
 0.30820E+03  0.10278E+01 -0.25086E-16
 0.30840E+03  0.10278E+01 -0.16805E-16
 0.30860E+03  0.10279E+01  0.43774E-17
 0.30880E+03  0.10279E+01  0.14474E-16
 0.30900E+03  0.10279E+01  0.41810E-17
 0.30920E+03  0.10280E+01  0.43978E-17
 0.30940E+03  0.10280E+01  0.36591E-17
 0.30960E+03  0.10280E+01 -0.36252E-17
 0.30980E+03  0.10281E+01 -0.19895E-16
 0.31000E+03  0.10281E+01 -0.18479E-16
 0.31020E+03  0.10281E+01 -0.61664E-18
 0.31040E+03  0.10281E+01 -0.86330E-17
 0.31060E+03  0.10282E+01 -0.24530E-16
 0.31080E+03  0.10282E+01 -0.20749E-16
 0.31100E+03  0.10282E+01  0.29694E-16
 0.31120E+03  0.10282E+01 -0.70412E-16
 0.31140E+03  0.10283E+01  0.51500E-17
 0.31160E+03  0.10283E+01  0.38903E-16
 0.31180E+03  0.10283E+01  0.13024E-16
 0.31200E+03  0.10283E+01 -0.19211E-16
 0.31220E+03  0.10283E+01 -0.36118E-16
 0.31240E+03  0.10283E+01 -0.23920E-17
 0.31260E+03  0.10284E+01 -0.82196E-17
 0.31280E+03  0.10284E+01  0.28820E-16
 0.31300E+03  0.10284E+01  0.37026E-16
 0.31320E+03  0.10284E+01  0.11757E-16
 0.31340E+03  0.10284E+01 -0.38001E-16
 0.31360E+03  0.10284E+01 -0.14156E-16
 0.31380E+03  0.10284E+01  0.39133E-16
 0.31400E+03  0.10284E+01  0.39099E-16
 0.31420E+03  0.10284E+01 -0.25445E-16
 0.31440E+03  0.10284E+01  0.55701E-17
 0.31460E+03  0.10283E+01 -0.33332E-16
 0.31480E+03  0.10283E+01 -0.89989E-17
 0.31500E+03  0.10283E+01  0.38001E-16
 0.31520E+03  0.10283E+01  0.28352E-16
 0.31540E+03  0.10283E+01  0.37310E-16
 0.31560E+03  0.10283E+01  0.74559E-16
 0.31580E+03  0.10283E+01 -0.75887E-16
 0.31600E+03  0.10283E+01 -0.19238E-16
 0.31620E+03  0.10283E+01  0.27715E-17
 0.31640E+03  0.10283E+01 -0.94597E-17
 0.31660E+03  0.10283E+01 -0.13945E-16
 0.31680E+03  0.10283E+01  0.31476E-16
 0.31700E+03  0.10283E+01 -0.41877E-16
 0.31720E+03  0.10283E+01  0.68236E-17
 0.31740E+03  0.10284E+01 -0.15789E-16
 0.31760E+03  0.10284E+01  0.19705E-16
 0.31780E+03  0.10284E+01  0.26597E-16
 0.31800E+03  0.10285E+01 -0.16812E-16
 0.31820E+03  0.10285E+01 -0.28223E-16
 0.31840E+03  0.10285E+01  0.32269E-16
 0.31860E+03  0.10286E+01  0.10815E-16
 0.31880E+03  0.10286E+01  0.33434E-16
 0.31900E+03  0.10286E+01  0.29843E-16
 0.31920E+03  0.10287E+01  0.48125E-16
 0.31940E+03  0.10287E+01 -0.11228E-16
 0.31960E+03  0.10287E+01  0.20952E-16
 0.31980E+03  0.10288E+01  0.36267E-16
 0.32000E+03  0.10288E+01 -0.15247E-17
 0.32020E+03  0.10289E+01 -0.35542E-16
 0.32040E+03  0.10289E+01  0.95816E-17
 0.32060E+03  0.10289E+01  0.10151E-16
 0.32080E+03  0.10290E+01  0.57131E-16
 0.32100E+03  0.10290E+01  0.36348E-16
 0.32120E+03  0.10291E+01 -0.12821E-16
 0.32140E+03  0.10291E+01 -0.51357E-16
 0.32160E+03  0.10292E+01 -0.36050E-17
 0.32180E+03  0.10292E+01  0.56670E-16
 0.32200E+03  0.10292E+01 -0.25282E-16
 0.32220E+03  0.10293E+01 -0.73272E-16
 0.32240E+03  0.10293E+01  0.32926E-16
 0.32260E+03  0.10294E+01 -0.54386E-16
 0.32280E+03  0.10294E+01 -0.61894E-16
 0.32300E+03  0.10295E+01  0.36131E-16
 0.32320E+03  0.10295E+01 -0.99068E-17
 0.32340E+03  0.10296E+01  0.45272E-16
 0.32360E+03  0.10296E+01  0.38286E-16
 0.32380E+03  0.10297E+01  0.44039E-16
 0.32400E+03  0.10297E+01  0.10070E-16
 0.32420E+03  0.10298E+01 -0.23249E-16
 0.32440E+03  0.10298E+01  0.29612E-17
 0.32460E+03  0.10298E+01 -0.28325E-16
 0.32480E+03  0.10299E+01 -0.26394E-16
 0.32500E+03  0.10299E+01 -0.48674E-16
 0.32520E+03  0.10300E+01 -0.31625E-16
 0.32540E+03  0.10300E+01 -0.32119E-17
 0.32560E+03  0.10301E+01 -0.45841E-16
 0.32580E+03  0.10301E+01 -0.52170E-16
 0.32600E+03  0.10302E+01  0.16575E-16
 0.32620E+03  0.10302E+01  0.34816E-16
 0.32640E+03  0.10302E+01 -0.67241E-16
 0.32660E+03  0.10303E+01 -0.21040E-16
 0.32680E+03  0.10303E+01  0.80143E-16
 0.32700E+03  0.10303E+01  0.12100E-15
 0.32720E+03  0.10304E+01  0.60614E-16
 0.32740E+03  0.10304E+01  0.18824E-16
 0.32760E+03  0.10304E+01 -0.32211E-16
 0.32780E+03  0.10305E+01  0.93987E-17
 0.32800E+03  0.10305E+01 -0.43954E-16
 0.32820E+03  0.10306E+01 -0.23483E-16
 0.32840E+03  0.10306E+01 -0.97002E-17
 0.32860E+03  0.10306E+01  0.27884E-16
 0.32880E+03  0.10307E+01  0.20986E-16
 0.32900E+03  0.10307E+01  0.11110E-15
 0.32920E+03  0.10308E+01  0.86424E-16
 0.32940E+03  0.10308E+01  0.28098E-16
 0.32960E+03  0.10309E+01 -0.81586E-16
 0.32980E+03  0.10309E+01  0.11591E-16
 0.33000E+03  0.10309E+01 -0.14098E-16
 0.33020E+03  0.10310E+01  0.26438E-16
 0.33040E+03  0.10310E+01  0.99323E-16
 0.33060E+03  0.10311E+01 -0.22927E-15
 0.33080E+03  0.10311E+01  0.54986E-16
 0.33100E+03  0.10312E+01  0.41074E-16
 0.33120E+03  0.10312E+01  0.85967E-16
 0.33140E+03  0.10313E+01 -0.69707E-16
 0.33160E+03  0.10313E+01 -0.20407E-16
 0.33180E+03  0.10314E+01  0.63798E-17
 0.33200E+03  0.10314E+01  0.77758E-17
 0.33220E+03  0.10315E+01 -0.11912E-15
 0.33240E+03  0.10316E+01 -0.51293E-16
 0.33260E+03  0.10316E+01  0.24821E-16
 0.33280E+03  0.10317E+01 -0.19980E-16
 0.33300E+03  0.10317E+01 -0.56602E-16
 0.33320E+03  0.10318E+01  0.19787E-17
 0.33340E+03  0.10319E+01  0.70934E-16
 0.33360E+03  0.10319E+01  0.17381E-16
 0.33380E+03  0.10320E+01  0.11472E-15
 0.33400E+03  0.10321E+01 -0.11012E-15
 0.33420E+03  0.10321E+01 -0.18967E-16
 0.33440E+03  0.10322E+01  0.46594E-16
 0.33460E+03  0.10323E+01  0.82518E-16
 0.33480E+03  0.10323E+01  0.89887E-17
 0.33500E+03  0.10324E+01  0.71232E-16
 0.33520E+03  0.10324E+01 -0.44097E-16
 0.33540E+03  0.10325E+01 -0.61664E-16
 0.33560E+03  0.10325E+01 -0.10565E-15
 0.33580E+03  0.10326E+01  0.81790E-16
 0.33600E+03  0.10326E+01 -0.21835E-15
 0.33620E+03  0.10326E+01  0.10346E-15
 0.33640E+03  0.10326E+01 -0.17755E-15
 0.33660E+03  0.10326E+01  0.89697E-16
 0.33680E+03  0.10325E+01  0.78307E-16
 0.33700E+03  0.10324E+01  0.22324E-15
 0.33720E+03  0.10323E+01  0.29414E-15
 0.33740E+03  0.10321E+01 -0.10657E-15
 0.33760E+03  0.10319E+01  0.16030E-15
 0.33780E+03  0.10319E+01  0.97646E-17
 0.33800E+03  0.10325E+01  0.89567E-15
 0.33820E+03  0.10335E+01 -0.17223E-14
 0.33840E+03  0.10340E+01  0.77197E-15
 0.33860E+03  0.10342E+01  0.13208E-14
 0.33880E+03  0.10342E+01  0.14792E-15
 0.33900E+03  0.10341E+01  0.14026E-15
 0.33920E+03  0.10341E+01 -0.95417E-15
 0.33940E+03  0.10340E+01 -0.31863E-15
 0.33960E+03  0.10340E+01 -0.12023E-15
 0.33980E+03  0.10340E+01 -0.19955E-15
 0.34000E+03  0.10340E+01  0.18599E-15
 0.34020E+03  0.10340E+01 -0.95627E-16
 0.34040E+03  0.10341E+01 -0.25681E-15
 0.34060E+03  0.10342E+01  0.14205E-15
 0.34080E+03  0.10343E+01  0.61014E-16
 0.34100E+03  0.10344E+01 -0.78571E-16
 0.34120E+03  0.10345E+01  0.75765E-16
 0.34140E+03  0.10346E+01 -0.23039E-18
 0.34160E+03  0.10347E+01  0.31352E-15
 0.34180E+03  0.10349E+01  0.38983E-15
 0.34200E+03  0.10350E+01 -0.17769E-15
 0.34220E+03  0.10352E+01 -0.34308E-16
 0.34240E+03  0.10353E+01  0.14558E-15
 0.34260E+03  0.10355E+01  0.51280E-15
 0.34280E+03  0.10356E+01 -0.24500E-15
 0.34300E+03  0.10358E+01  0.67891E-16
 0.34320E+03  0.10359E+01  0.17513E-15
 0.34340E+03  0.10361E+01 -0.21928E-16
 0.34360E+03  0.10362E+01  0.27452E-15
 0.34380E+03  0.10363E+01  0.52783E-15
 0.34400E+03  0.10364E+01  0.95037E-16
 0.34420E+03  0.10365E+01 -0.63573E-15
 0.34440E+03  0.10366E+01  0.48387E-15
 0.34460E+03  0.10367E+01 -0.11343E-14
 0.34480E+03  0.10368E+01  0.42609E-16
 0.34500E+03  0.10370E+01 -0.23249E-16
 0.34520E+03  0.10372E+01  0.12966E-15
 0.34540E+03  0.10374E+01  0.14015E-15
 0.34560E+03  0.10376E+01  0.33500E-15
 0.34580E+03  0.10378E+01 -0.19132E-15
 0.34600E+03  0.10380E+01 -0.11799E-15
 0.34620E+03  0.10382E+01  0.24298E-15
 0.34640E+03  0.10383E+01 -0.47152E-15
 0.34660E+03  0.10385E+01  0.36402E-16
 0.34680E+03  0.10387E+01 -0.39644E-15
 0.34700E+03  0.10388E+01  0.33205E-15
 0.34720E+03  0.10389E+01 -0.13952E-15
 0.34740E+03  0.10390E+01  0.33698E-15
 0.34760E+03  0.10391E+01 -0.22774E-15
 0.34780E+03  0.10392E+01 -0.15407E-15
 0.34800E+03  0.10393E+01 -0.26312E-15
 0.34820E+03  0.10393E+01  0.23256E-15
 0.34840E+03  0.10393E+01  0.70595E-16
 0.34860E+03  0.10394E+01 -0.88105E-16
 0.34880E+03  0.10394E+01 -0.78034E-15
 0.34900E+03  0.10394E+01  0.88590E-15
 0.34920E+03  0.10394E+01  0.49471E-15
 0.34940E+03  0.10393E+01 -0.59356E-15
 0.34960E+03  0.10393E+01 -0.13124E-14
 0.34980E+03  0.10393E+01  0.37307E-15
 0.35000E+03  0.10393E+01  0.60298E-15
 0.35020E+03  0.10394E+01 -0.12817E-14
 0.35040E+03  0.10395E+01  0.29047E-15
 0.35060E+03  0.10397E+01  0.21017E-14
 0.35080E+03  0.10400E+01 -0.16748E-14
 0.35100E+03  0.10403E+01 -0.16471E-14
 0.35120E+03  0.10404E+01  0.18615E-14
 0.35140E+03  0.10400E+01 -0.24638E-16
 0.35160E+03  0.10395E+01  0.42857E-15
 0.35180E+03  0.10390E+01 -0.19379E-15
 0.35200E+03  0.10387E+01 -0.86190E-15
 0.35220E+03  0.10385E+01 -0.58098E-15
 0.35240E+03  0.10384E+01  0.15364E-15
 0.35260E+03  0.10383E+01  0.98527E-16
 0.35280E+03  0.10382E+01 -0.32147E-15
 0.35300E+03  0.10381E+01  0.57303E-15
 0.35320E+03  0.10380E+01  0.44344E-16
 0.35340E+03  0.10380E+01  0.15961E-15
 0.35360E+03  0.10379E+01 -0.23880E-16
 0.35380E+03  0.10378E+01  0.54785E-15
 0.35400E+03  0.10378E+01 -0.10560E-15
 0.35420E+03  0.10377E+01  0.22554E-15
 0.35440E+03  0.10377E+01 -0.16190E-15
 0.35460E+03  0.10376E+01  0.19529E-15
 0.35480E+03  0.10376E+01  0.13417E-16
 0.35500E+03  0.10375E+01 -0.12476E-15
 0.35520E+03  0.10375E+01  0.94786E-16
 0.35540E+03  0.10375E+01 -0.54779E-15
 0.35560E+03  0.10374E+01  0.43170E-15
 0.35580E+03  0.10374E+01  0.18987E-15
 0.35600E+03  0.10373E+01  0.85001E-16
 0.35620E+03  0.10373E+01 -0.11086E-16
 0.35640E+03  0.10372E+01 -0.78957E-16
 0.35660E+03  0.10372E+01  0.27840E-15
 0.35680E+03  0.10372E+01  0.70717E-16
 0.35700E+03  0.10371E+01  0.94678E-16
 0.35720E+03  0.10371E+01  0.92211E-16
 0.35740E+03  0.10371E+01 -0.13661E-16
 0.35760E+03  0.10370E+01 -0.51472E-16
 0.35780E+03  0.10370E+01 -0.17786E-15
 0.35800E+03  0.10370E+01 -0.10763E-15
 0.35820E+03  0.10370E+01 -0.23698E-15
 0.35840E+03  0.10370E+01  0.17133E-15
 0.35860E+03  0.10369E+01  0.42799E-16
 0.35880E+03  0.10369E+01 -0.36296E-15
 0.35900E+03  0.10370E+01 -0.25899E-15
 0.35920E+03  0.10370E+01  0.64347E-16
 0.35940E+03  0.10370E+01  0.38096E-15
 0.35960E+03  0.10370E+01 -0.25593E-15
 0.35980E+03  0.10370E+01  0.13943E-15
 0.36000E+03  0.10370E+01  0.18296E-15
 0.36020E+03  0.10370E+01  0.16209E-16
 0.36040E+03  0.10368E+01  0.28243E-16
 0.36060E+03  0.10364E+01 -0.36782E-16
 0.36080E+03  0.10355E+01  0.41511E-15
 0.36100E+03  0.10368E+01 -0.29843E-15
 0.36120E+03  0.10390E+01 -0.82426E-16
 0.36140E+03  0.10385E+01 -0.13260E-15
 0.36160E+03  0.10382E+01 -0.12880E-15
 0.36180E+03  0.10381E+01 -0.82183E-16
 0.36200E+03  0.10381E+01 -0.16534E-16
 0.36220E+03  0.10381E+01 -0.10690E-15
 0.36240E+03  0.10381E+01  0.19846E-15
 0.36260E+03  0.10382E+01 -0.79038E-16
 0.36280E+03  0.10382E+01 -0.82860E-16
 0.36300E+03  0.10382E+01  0.11590E-15
 0.36320E+03  0.10382E+01 -0.10585E-15
 0.36340E+03  0.10382E+01 -0.74891E-16
 0.36360E+03  0.10382E+01  0.11493E-16
 0.36380E+03  0.10382E+01 -0.80909E-16
 0.36400E+03  0.10381E+01 -0.75406E-16
 0.36420E+03  0.10381E+01  0.12439E-15
 0.36440E+03  0.10381E+01  0.69741E-16
 0.36460E+03  0.10380E+01  0.51689E-16
 0.36480E+03  0.10380E+01  0.49738E-16
 0.36500E+03  0.10379E+01 -0.10482E-15
 0.36520E+03  0.10378E+01 -0.10045E-15
 0.36540E+03  0.10378E+01  0.99042E-16
 0.36560E+03  0.10377E+01 -0.15504E-16
 0.36580E+03  0.10376E+01  0.19835E-15
 0.36600E+03  0.10376E+01 -0.51771E-16
 0.36620E+03  0.10375E+01  0.36370E-15
 0.36640E+03  0.10374E+01 -0.53435E-15
 0.36660E+03  0.10374E+01  0.21223E-15
 0.36680E+03  0.10373E+01 -0.17878E-15
 0.36700E+03  0.10372E+01  0.18486E-16
 0.36720E+03  0.10372E+01 -0.11655E-16
 0.36740E+03  0.10371E+01 -0.18480E-15
 0.36760E+03  0.10370E+01 -0.16176E-15
 0.36780E+03  0.10370E+01 -0.21483E-15
 0.36800E+03  0.10369E+01  0.55077E-16
 0.36820E+03  0.10368E+01  0.52513E-15
 0.36840E+03  0.10368E+01 -0.20388E-15
 0.36860E+03  0.10367E+01  0.40376E-15
 0.36880E+03  0.10366E+01 -0.30309E-15
 0.36900E+03  0.10366E+01 -0.10940E-15
 0.36920E+03  0.10365E+01 -0.29170E-15
 0.36940E+03  0.10365E+01 -0.46149E-15
 0.36960E+03  0.10365E+01  0.31610E-15
 0.36980E+03  0.10364E+01 -0.17488E-15
 0.37000E+03  0.10364E+01 -0.19255E-15
 0.37020E+03  0.10364E+01 -0.56899E-15
 0.37040E+03  0.10364E+01  0.38598E-16
 0.37060E+03  0.10364E+01  0.50621E-15
 0.37080E+03  0.10364E+01  0.12116E-15
 0.37100E+03  0.10364E+01 -0.54590E-16
 0.37120E+03  0.10364E+01  0.41145E-16
 0.37140E+03  0.10364E+01 -0.84839E-16
 0.37160E+03  0.10365E+01 -0.57755E-15
 0.37180E+03  0.10365E+01 -0.29707E-16
 0.37200E+03  0.10366E+01  0.27376E-16
 0.37220E+03  0.10366E+01 -0.29116E-15
 0.37240E+03  0.10366E+01 -0.24454E-15
 0.37260E+03  0.10366E+01  0.30900E-17
 0.37280E+03  0.10366E+01 -0.11216E-15
 0.37300E+03  0.10366E+01 -0.17586E-15
 0.37320E+03  0.10365E+01 -0.29593E-15
 0.37340E+03  0.10364E+01 -0.30141E-16
 0.37360E+03  0.10363E+01  0.98825E-16
 0.37380E+03  0.10361E+01 -0.93133E-16
 0.37400E+03  0.10360E+01  0.11330E-15
 0.37420E+03  0.10359E+01  0.23419E-16
 0.37440E+03  0.10357E+01 -0.30650E-15
 0.37460E+03  0.10356E+01  0.39834E-15
 0.37480E+03  0.10355E+01  0.49006E-16
 0.37500E+03  0.10354E+01 -0.27213E-16
 0.37520E+03  0.10353E+01 -0.13130E-15
 0.37540E+03  0.10352E+01  0.12685E-16
 0.37560E+03  0.10351E+01  0.12859E-15
 0.37580E+03  0.10351E+01 -0.16621E-15
 0.37600E+03  0.10351E+01 -0.12035E-15
 0.37620E+03  0.10351E+01 -0.37643E-15
 0.37640E+03  0.10351E+01 -0.24427E-15
 0.37660E+03  0.10351E+01 -0.19537E-15
 0.37680E+03  0.10352E+01  0.86953E-16
 0.37700E+03  0.10353E+01 -0.11460E-15
 0.37720E+03  0.10354E+01 -0.30694E-15
 0.37740E+03  0.10355E+01  0.50166E-15
 0.37760E+03  0.10355E+01 -0.68977E-15
 0.37780E+03  0.10357E+01 -0.53961E-15
 0.37800E+03  0.10367E+01  0.13227E-16
 0.37820E+03  0.10367E+01  0.21511E-15
 0.37840E+03  0.10369E+01  0.39617E-15
 0.37860E+03  0.10370E+01  0.11124E-15
 0.37880E+03  0.10372E+01  0.29501E-15
 0.37900E+03  0.10373E+01  0.20925E-15
 0.37920E+03  0.10374E+01  0.88579E-16
 0.37940E+03  0.10375E+01 -0.35670E-16
 0.37960E+03  0.10376E+01 -0.38554E-15
 0.37980E+03  0.10376E+01 -0.93534E-15
 0.38000E+03  0.10376E+01 -0.88709E-15
 0.38020E+03  0.10376E+01 -0.41319E-15
 0.38040E+03  0.10376E+01 -0.32450E-15
 0.38060E+03  0.10376E+01  0.76111E-15
 0.38080E+03  0.10377E+01  0.85869E-15
 0.38100E+03  0.10377E+01  0.90704E-15
 0.38120E+03  0.10377E+01  0.14405E-14
 0.38140E+03  0.10377E+01  0.68760E-15
 0.38160E+03  0.10377E+01  0.21684E-16
 0.38180E+03  0.10376E+01  0.47076E-15
 0.38200E+03  0.10375E+01 -0.41904E-15
 0.38220E+03  0.10374E+01 -0.37253E-15
 0.38240E+03  0.10372E+01 -0.17874E-14
 0.38260E+03  0.10369E+01 -0.37578E-15
 0.38280E+03  0.10367E+01  0.13232E-14
 0.38300E+03  0.10364E+01 -0.11211E-14
 0.38320E+03  0.10361E+01  0.30401E-15
 0.38340E+03  0.10358E+01 -0.72511E-15
 0.38360E+03  0.10355E+01  0.24937E-15
 0.38380E+03  0.10352E+01 -0.86996E-15
 0.38400E+03  0.10349E+01  0.12147E-14
 0.38420E+03  0.10346E+01  0.11276E-16
 0.38440E+03  0.10343E+01  0.66136E-15
 0.38460E+03  0.10340E+01  0.24473E-14
 0.38480E+03  0.10337E+01 -0.28122E-14
 0.38500E+03  0.10334E+01 -0.60650E-15
 0.38520E+03  0.10331E+01 -0.24546E-15
 0.38540E+03  0.10328E+01 -0.93914E-15
 0.38560E+03  0.10325E+01  0.23612E-14
 0.38580E+03  0.10322E+01 -0.27799E-15
 0.38600E+03  0.10319E+01  0.74073E-15
 0.38620E+03  0.10316E+01 -0.20008E-14
 0.38640E+03  0.10313E+01  0.20819E-14
 0.38660E+03  0.10309E+01 -0.15235E-14
 0.38680E+03  0.10306E+01 -0.88905E-15
 0.38700E+03  0.10303E+01 -0.36126E-15
 0.38720E+03  0.10299E+01 -0.25496E-14
 0.38740E+03  0.10295E+01  0.92070E-15
 0.38760E+03  0.10292E+01 -0.57853E-15
 0.38780E+03  0.10288E+01  0.30978E-14
 0.38800E+03  0.10284E+01  0.42024E-14
 0.38820E+03  0.10280E+01 -0.77932E-15
 0.38840E+03  0.10276E+01  0.75677E-15
 0.38860E+03  0.10272E+01 -0.29239E-14
 0.38880E+03  0.10268E+01  0.25006E-14
 0.38900E+03  0.10264E+01 -0.49353E-14
 0.38920E+03  0.10260E+01  0.35787E-14
 0.38940E+03  0.10257E+01  0.93241E-15
 0.38960E+03  0.10253E+01 -0.19013E-14
 0.38980E+03  0.10250E+01  0.66995E-14
 0.39000E+03  0.10248E+01  0.21580E-14
 0.39020E+03  0.10246E+01 -0.11309E-13
 0.39040E+03  0.10243E+01  0.25934E-14
 0.39060E+03  0.10241E+01  0.11829E-13
 0.39080E+03  0.10239E+01 -0.12953E-13
 0.39100E+03  0.10236E+01  0.29768E-14
 0.39120E+03  0.10233E+01  0.14849E-14
 0.39140E+03  0.10230E+01 -0.27773E-14
 0.39160E+03  0.10226E+01  0.30965E-14
 0.39180E+03  0.10222E+01  0.86216E-15
 0.39200E+03  0.10217E+01 -0.22482E-14
 0.39220E+03  0.10212E+01  0.31433E-14
 0.39240E+03  0.10208E+01  0.44791E-14
 0.39260E+03  0.10203E+01  0.70378E-14
 0.39280E+03  0.10198E+01  0.25466E-14
 0.39300E+03  0.10194E+01 -0.22291E-14
 0.39320E+03  0.10189E+01 -0.53915E-14
 0.39340E+03  0.10185E+01  0.41286E-15
 0.39360E+03  0.10181E+01  0.12230E-15
 0.39380E+03  0.10177E+01 -0.52701E-14
 0.39400E+03  0.10174E+01 -0.14710E-14
 0.39420E+03  0.10171E+01  0.20730E-15
 0.39440E+03  0.10169E+01 -0.42856E-14
 0.39460E+03  0.10167E+01  0.20817E-16
 0.39480E+03  0.10165E+01  0.80925E-15
 0.39500E+03  0.10164E+01  0.69389E-17
 0.39520E+03  0.10160E+01 -0.28796E-14
 0.39540E+03  0.10157E+01 -0.95323E-15
 0.39560E+03  0.10155E+01  0.23506E-15
 0.39580E+03  0.10154E+01  0.59414E-15
 0.39600E+03  0.10152E+01 -0.27235E-15
 0.39620E+03  0.10150E+01  0.14745E-16
 0.39640E+03  0.10149E+01 -0.17677E-14
 0.39660E+03  0.10147E+01  0.21615E-14
 0.39680E+03  0.10145E+01  0.44496E-15
 0.39700E+03  0.10144E+01  0.51608E-15
 0.39720E+03  0.10142E+01 -0.47184E-15
 0.39740E+03  0.10140E+01  0.21970E-14
 0.39760E+03  0.10139E+01  0.60108E-15
 0.39780E+03  0.10137E+01  0.71124E-16
 0.39800E+03  0.10135E+01 -0.98012E-16
 0.39820E+03  0.10134E+01  0.49700E-15
 0.39840E+03  0.10132E+01 -0.28449E-15
 0.39860E+03  0.10131E+01 -0.13444E-15
 0.39880E+03  0.10129E+01  0.16544E-23
 0.39900E+03  0.10128E+01 -0.56725E-15
 0.39920E+03  0.10126E+01  0.82052E-15
 0.39940E+03  0.10124E+01 -0.23289E-14
 0.39960E+03  0.10123E+01 -0.15760E-14
 0.39980E+03  0.10121E+01  0.16098E-14
 0.40000E+03  0.10119E+01  0.23996E-14
 0.40020E+03  0.10117E+01 -0.17486E-14
 0.40040E+03  0.10115E+01 -0.17447E-14
 0.40060E+03  0.10114E+01 -0.28406E-15
 0.40080E+03  0.10109E+01 -0.13736E-13
 0.40100E+03  0.10101E+01  0.54731E-15
 0.40120E+03  0.10102E+01 -0.12837E-15
 0.40140E+03  0.10119E+01  0.82599E-14
 0.40160E+03  0.10143E+01 -0.12348E-13
 0.40180E+03  0.10147E+01  0.13949E-13
 0.40200E+03  0.10138E+01 -0.50975E-14
 0.40220E+03  0.10129E+01 -0.14103E-14
 0.40240E+03  0.10123E+01  0.83787E-15
 0.40260E+03  0.10118E+01 -0.10859E-14
 0.40280E+03  0.10116E+01  0.14186E-14
 0.40300E+03  0.10114E+01 -0.95540E-15
 0.40320E+03  0.10112E+01 -0.17304E-15
 0.40340E+03  0.10111E+01  0.97535E-15
 0.40360E+03  0.10111E+01 -0.12624E-14
 0.40380E+03  0.10110E+01 -0.98489E-15
 0.40400E+03  0.10109E+01  0.18388E-15
 0.40420E+03  0.10109E+01  0.16588E-14
 0.40440E+03  0.10108E+01  0.37600E-15
 0.40460E+03  0.10107E+01  0.35475E-15
 0.40480E+03  0.10106E+01 -0.11362E-14
 0.40500E+03  0.10105E+01  0.82226E-15
 0.40520E+03  0.10104E+01 -0.55077E-15
 0.40540E+03  0.10103E+01  0.63578E-15
 0.40560E+03  0.10103E+01 -0.92287E-15
 0.40580E+03  0.10103E+01  0.91680E-15
 0.40600E+03  0.10106E+01 -0.15322E-14
 0.40620E+03  0.10117E+01  0.19455E-14
 0.40640E+03  0.10114E+01 -0.17477E-15
 0.40660E+03  0.10095E+01 -0.14194E-14
 0.40680E+03  0.10087E+01 -0.19689E-14
 0.40700E+03  0.10082E+01  0.51825E-15
 0.40720E+03  0.10078E+01 -0.13487E-15
 0.40740E+03  0.10075E+01 -0.12976E-14
 0.40760E+03  0.10072E+01  0.28623E-15
 0.40780E+03  0.10069E+01  0.29924E-16
 0.40800E+03  0.10068E+01 -0.59371E-15
 0.40820E+03  0.10066E+01 -0.69866E-15
 0.40840E+03  0.10064E+01  0.20773E-14
 0.40860E+03  0.10063E+01  0.54470E-15
 0.40880E+03  0.10061E+01  0.82573E-15
 0.40900E+03  0.10060E+01  0.21597E-15
 0.40920E+03  0.10058E+01 -0.57940E-15
 0.40940E+03  0.10056E+01  0.22898E-14
 0.40960E+03  0.10053E+01  0.46751E-15
 0.40980E+03  0.10051E+01  0.46924E-15
 0.41000E+03  0.10049E+01  0.45536E-15
 0.41020E+03  0.10046E+01 -0.13696E-14
 0.41040E+03  0.10044E+01  0.12915E-14
 0.41060E+03  0.10042E+01 -0.31485E-15
 0.41080E+03  0.10040E+01  0.70603E-15
 0.41100E+03  0.10037E+01  0.15439E-15
 0.41120E+03  0.10035E+01 -0.34694E-16
 0.41140E+03  0.10033E+01  0.56205E-15
 0.41160E+03  0.10030E+01 -0.99747E-15
 0.41180E+03  0.10028E+01  0.11935E-14
 0.41200E+03  0.10025E+01 -0.13496E-14
 0.41220E+03  0.10022E+01  0.24633E-14
 0.41240E+03  0.10018E+01  0.48885E-14
 0.41260E+03  0.10015E+01 -0.14190E-14
 0.41280E+03  0.10012E+01  0.70152E-14
 0.41300E+03  0.10017E+01  0.85244E-14
 0.41320E+03  0.10021E+01 -0.22548E-13
 0.41340E+03  0.10015E+01 -0.98706E-14
 0.41360E+03  0.10012E+01 -0.52042E-16
 0.41380E+03  0.10009E+01 -0.26402E-14
 0.41400E+03  0.10005E+01  0.18527E-14
 0.41420E+03  0.10002E+01  0.45103E-16
 0.41440E+03  0.10000E+01 -0.15925E-14
 0.41460E+03  0.99982E+00 -0.10061E-15
 0.41480E+03  0.99968E+00 -0.43368E-15
 0.41500E+03  0.99957E+00  0.45103E-16
 0.41520E+03  0.99948E+00 -0.83267E-16
 0.41540E+03  0.99940E+00  0.31225E-15
 0.41560E+03  0.99934E+00  0.22204E-15
 0.41580E+03  0.99928E+00 -0.97145E-16
 0.41600E+03  0.99923E+00 -0.11033E-14
 0.41620E+03  0.99918E+00  0.13531E-15
 0.41640E+03  0.99912E+00  0.46144E-15
 0.41660E+03  0.99906E+00  0.31919E-15
 0.41680E+03  0.99898E+00  0.18041E-15
 0.41700E+03  0.99890E+00  0.18041E-15
 0.41720E+03  0.99885E+00 -0.10894E-14
 0.41740E+03  0.99897E+00  0.18041E-15
 0.41760E+03  0.99956E+00  0.12108E-14
 0.41780E+03  0.10006E+01 -0.16532E-14
 0.41800E+03  0.10015E+01 -0.24113E-15
 0.41820E+03  0.10019E+01 -0.36603E-15
 0.41840E+03  0.10021E+01  0.48572E-16
 0.41860E+03  0.10022E+01 -0.11276E-15
 0.41880E+03  0.10023E+01 -0.87777E-15
 0.41900E+03  0.10023E+01 -0.12317E-15
 0.41920E+03  0.10023E+01  0.11276E-15
 0.41940E+03  0.10023E+01  0.10408E-15
 0.41960E+03  0.10023E+01 -0.81098E-16
 0.41980E+03  0.10023E+01 -0.29360E-15
 0.42000E+03  0.10023E+01  0.21684E-16
 0.42020E+03  0.10023E+01  0.39031E-17
 0.42040E+03  0.10022E+01 -0.14919E-15
 0.42060E+03  0.10022E+01 -0.39465E-15
 0.42080E+03  0.10022E+01  0.31572E-15
 0.42100E+03  0.10021E+01  0.11579E-15
 0.42120E+03  0.10021E+01 -0.50307E-15
 0.42140E+03  0.10020E+01 -0.55685E-15
 0.42160E+03  0.10020E+01  0.58113E-15
 0.42180E+03  0.10019E+01  0.32266E-15
 0.42200E+03  0.10019E+01 -0.36429E-16
 0.42220E+03  0.10018E+01  0.49613E-15
 0.42240E+03  0.10018E+01  0.12143E-15
 0.42260E+03  0.10017E+01 -0.71991E-15
 0.42280E+03  0.10017E+01 -0.84308E-15
 0.42300E+03  0.10016E+01  0.78063E-15
 0.42320E+03  0.10016E+01 -0.86736E-16
 0.42340E+03  0.10015E+01 -0.76675E-15
 0.42360E+03  0.10014E+01  0.31225E-15
 0.42380E+03  0.10014E+01 -0.78410E-15
 0.42400E+03  0.10013E+01 -0.11796E-15
 0.42420E+03  0.10013E+01 -0.58287E-15
 0.42440E+03  0.10012E+01 -0.62450E-15
 0.42460E+03  0.10012E+01 -0.74940E-15
 0.42480E+03  0.10011E+01 -0.24980E-15
 0.42500E+03  0.10010E+01 -0.41633E-15
 0.42520E+03  0.10009E+01 -0.74940E-15
 0.42540E+03  0.10007E+01 -0.16653E-15
 0.42560E+03  0.10005E+01  0.11102E-15
 0.42580E+03  0.10002E+01  0.22204E-15
 0.42600E+03  0.99983E+00  0.12212E-14
 0.42620E+03  0.99940E+00  0.22204E-15
 0.42640E+03  0.99901E+00 -0.44409E-15
 0.42660E+03  0.99953E+00 -0.88818E-15
 0.42680E+03  0.10007E+01 -0.13323E-14
 0.42700E+03  0.99994E+00 -0.82718E-24
 0.42720E+03  0.99835E+00 -0.88818E-15
 0.42740E+03  0.99719E+00  0.13323E-14
 0.42760E+03  0.99654E+00  0.11102E-14
 0.42780E+03  0.99616E+00 -0.77716E-15
 0.42800E+03  0.99588E+00 -0.27756E-15
 0.42820E+03  0.99566E+00  0.55511E-16
 0.42840E+03  0.99546E+00  0.41633E-15
 0.42860E+03  0.99528E+00  0.11102E-15
 0.42880E+03  0.99511E+00 -0.27756E-16
 0.42900E+03  0.99495E+00 -0.41359E-24
 0.42920E+03  0.99478E+00  0.33307E-15
 0.42940E+03  0.99461E+00 -0.43021E-15
 0.42960E+03  0.99445E+00  0.31919E-15
 0.42980E+03  0.99428E+00 -0.58287E-15
 0.43000E+03  0.99411E+00  0.15266E-15
 0.43020E+03  0.99394E+00  0.19429E-15
 0.43040E+03  0.99378E+00  0.40246E-15
 0.43060E+03  0.99363E+00  0.45797E-15
 0.43080E+03  0.99348E+00 -0.94369E-15
 0.43100E+03  0.99335E+00  0.47184E-15
 0.43120E+03  0.99323E+00  0.11102E-15
 0.43140E+03  0.99312E+00  0.55511E-16
 0.43160E+03  0.99297E+00  0.72164E-15
 0.43180E+03  0.99264E+00  0.77716E-15
 0.43200E+03  0.99187E+00 -0.44409E-15
 0.43220E+03  0.99027E+00 -0.88818E-15
 0.43240E+03  0.10006E+01  0.10658E-13
 0.43260E+03  0.10038E+01  0.44409E-15
 0.43280E+03  0.99750E+00 -0.88818E-15
 0.43300E+03  0.99573E+00 -0.22204E-15
 0.43320E+03  0.99511E+00  0.41359E-24
 0.43340E+03  0.99487E+00  0.22204E-15
 0.43360E+03  0.99471E+00 -0.47527-211
 0.43380E+03  0.99457E+00  0.33307E-15
 0.43400E+03  0.99441E+00  0.55511E-16
 0.43420E+03  0.99423E+00 -0.11102E-15
 0.43440E+03  0.99403E+00 -0.83267E-16
 0.43460E+03  0.99383E+00  0.13878E-15
 0.43480E+03  0.99362E+00 -0.83267E-16
 0.43500E+03  0.99340E+00 -0.49407-323
 0.43520E+03  0.99318E+00  0.30531E-15
 0.43540E+03  0.99296E+00 -0.27756E-16
 0.43560E+03  0.99274E+00  0.30531E-15
 0.43580E+03  0.99251E+00  0.18565-213
 0.43600E+03  0.99228E+00  0.13878E-15
 0.43620E+03  0.99206E+00 -0.13878E-15
 0.43640E+03  0.99183E+00  0.15725-234
 0.43660E+03  0.99161E+00 -0.27756E-16
 0.43680E+03  0.99138E+00  0.38858E-15
 0.43700E+03  0.99116E+00  0.13878E-15
 0.43720E+03  0.99093E+00 -0.83267E-16
 0.43740E+03  0.99071E+00  0.16653E-15
 0.43760E+03  0.99047E+00  0.13878E-15
 0.43780E+03  0.99023E+00 -0.83267E-16
 0.43800E+03  0.98997E+00 -0.61062E-15
 0.43820E+03  0.98967E+00 -0.16653E-15
 0.43840E+03  0.98929E+00 -0.55511E-16
 0.43860E+03  0.98882E+00  0.13878E-15
 0.43880E+03  0.98831E+00  0.80491E-15
 0.43900E+03  0.98789E+00 -0.83267E-16
 0.43920E+03  0.98755E+00 -0.69389E-15
 0.43940E+03  0.98728E+00  0.77716E-15
 0.43960E+03  0.98704E+00 -0.16653E-15
 0.43980E+03  0.98682E+00 -0.16653E-15
 0.44000E+03  0.98662E+00  0.27756E-15
 0.44020E+03  0.98642E+00 -0.66613E-15
 0.44040E+03  0.98624E+00 -0.27756E-16
 0.44060E+03  0.98606E+00  0.55511E-16
 0.44080E+03  0.98589E+00  0.47184E-15
 0.44100E+03  0.98573E+00 -0.13878E-15
 0.44120E+03  0.98557E+00  0.15266E-15
 0.44140E+03  0.98542E+00 -0.13600E-14
 0.44160E+03  0.98527E+00  0.19429E-15
 0.44180E+03  0.98512E+00  0.49960E-15
 0.44200E+03  0.98497E+00 -0.24980E-15
 0.44220E+03  0.98483E+00 -0.15404E-14
 0.44240E+03  0.98469E+00 -0.15682E-14
 0.44260E+03  0.98456E+00 -0.36776E-15
 0.44280E+03  0.98446E+00  0.14502E-14
 0.44300E+03  0.98441E+00  0.17070E-14
 0.44320E+03  0.98447E+00 -0.49266E-15
 0.44340E+03  0.98457E+00 -0.38580E-14
 0.44360E+03  0.98347E+00  0.27756E-14
 0.44380E+03  0.97909E+00 -0.76328E-15
 0.44400E+03  0.97709E+00 -0.31850E-14
 0.44420E+03  0.97670E+00 -0.73552E-15
 0.44440E+03  0.97644E+00  0.32196E-14
 0.44460E+03  0.97618E+00 -0.14919E-15
 0.44480E+03  0.97593E+00 -0.24876E-14
 0.44500E+03  0.97570E+00 -0.70430E-15
 0.44520E+03  0.97550E+00  0.11102E-15
 0.44540E+03  0.97532E+00  0.41460E-15
 0.44560E+03  0.97516E+00 -0.70950E-15
 0.44580E+03  0.97502E+00  0.40419E-15
 0.44600E+03  0.97489E+00 -0.50134E-15
 0.44620E+03  0.97478E+00 -0.15613E-16
 0.44640E+03  0.97467E+00  0.23592E-15
 0.44660E+03  0.97457E+00 -0.28276E-15
 0.44680E+03  0.97447E+00  0.17174E-15
 0.44700E+03  0.97437E+00  0.28276E-15
 0.44720E+03  0.97428E+00  0.70777E-15
 0.44740E+03  0.97420E+00 -0.40419E-15
 0.44760E+03  0.97412E+00  0.16306E-15
 0.44780E+03  0.97406E+00 -0.16133E-15
 0.44800E+03  0.97403E+00 -0.90206E-16
 0.44820E+03  0.97405E+00 -0.31225E-16
 0.44840E+03  0.97416E+00 -0.20123E-15
 0.44860E+03  0.97440E+00 -0.31745E-15
 0.44880E+03  0.97484E+00  0.44062E-15
 0.44900E+03  0.97535E+00 -0.18796E-14
 0.44920E+03  0.97558E+00 -0.28770E-14
 0.44940E+03  0.97542E+00 -0.43021E-15
 0.44960E+03  0.97515E+00  0.51868E-15
 0.44980E+03  0.97490E+00 -0.66180E-15
 0.45000E+03  0.97467E+00  0.13097E-15
 0.45020E+03  0.97446E+00 -0.62970E-15
 0.45040E+03  0.97426E+00 -0.12230E-15
 0.45060E+03  0.97406E+00 -0.16220E-15
 0.45080E+03  0.97387E+00  0.26021E-17
 0.45100E+03  0.97368E+00  0.32092E-15
 0.45120E+03  0.97350E+00 -0.13791E-15
 0.45140E+03  0.97333E+00  0.25067E-15
 0.45160E+03  0.97316E+00 -0.23679E-15
 0.45180E+03  0.97300E+00 -0.12143E-15
 0.45200E+03  0.97284E+00 -0.61583E-16
 0.45220E+03  0.97269E+00 -0.46317E-15
 0.45240E+03  0.97254E+00 -0.12143E-16
 0.45260E+03  0.97240E+00 -0.30271E-15
 0.45280E+03  0.97226E+00  0.45536E-15
 0.45300E+03  0.97213E+00 -0.21337E-15
 0.45320E+03  0.97201E+00  0.36429E-15
 0.45340E+03  0.97189E+00  0.48572E-16
 0.45360E+03  0.97177E+00  0.37817E-15
 0.45380E+03  0.97167E+00 -0.41026E-15
 0.45400E+03  0.97156E+00 -0.50914E-15
 0.45420E+03  0.97147E+00 -0.13965E-15
 0.45440E+03  0.97137E+00  0.46838E-15
 0.45460E+03  0.97129E+00 -0.19516E-15
 0.45480E+03  0.97121E+00 -0.33220E-15
 0.45500E+03  0.97113E+00 -0.84134E-16
 0.45520E+03  0.97106E+00  0.26281E-15
 0.45540E+03  0.97100E+00  0.35215E-15
 0.45560E+03  0.97094E+00 -0.11839E-15
 0.45580E+03  0.97088E+00 -0.48052E-15
 0.45600E+03  0.97083E+00  0.68782E-15
 0.45620E+03  0.97078E+00  0.20036E-15
 0.45640E+03  0.97074E+00 -0.16957E-15
 0.45660E+03  0.97069E+00 -0.74680E-15
 0.45680E+03  0.97064E+00 -0.22508E-15
 0.45700E+03  0.97058E+00 -0.86086E-15
 0.45720E+03  0.97050E+00 -0.19667E-14
 0.45740E+03  0.97039E+00  0.10469E-14
 0.45760E+03  0.97023E+00 -0.19602E-14
 0.45780E+03  0.96999E+00 -0.44301E-14
 0.45800E+03  0.96962E+00  0.34165E-14
 0.45820E+03  0.96903E+00  0.49843E-14
 0.45840E+03  0.96809E+00  0.17846E-13
 0.45860E+03  0.96657E+00  0.64835E-14
 0.45880E+03  0.96405E+00 -0.12676E-13
 0.45900E+03  0.96001E+00 -0.87278E-14
 0.45920E+03  0.95617E+00 -0.87611E-13
 0.45940E+03  0.98235E+00  0.92648E-13
 0.45960E+03  0.98638E+00 -0.82477E-12
 0.45980E+03  0.94705E+00 -0.12227E-12
 0.46000E+03  0.94873E+00  0.28928E-13
 0.46020E+03  0.95300E+00  0.15008E-13
 0.46040E+03  0.95603E+00 -0.26392E-13
 0.46060E+03  0.95799E+00  0.38515E-14
 0.46080E+03  0.95922E+00 -0.94673E-15
 0.46100E+03  0.95997E+00  0.38537E-14
 0.46120E+03  0.96042E+00 -0.11015E-15
 0.46140E+03  0.96068E+00  0.14168E-14
 0.46160E+03  0.96083E+00 -0.41208E-14
 0.46180E+03  0.96090E+00  0.15743E-15
 0.46200E+03  0.96094E+00 -0.17586E-14
 0.46220E+03  0.96095E+00 -0.39031E-16
 0.46240E+03  0.96095E+00  0.41200E-15
 0.46260E+03  0.96095E+00 -0.26021E-16
 0.46280E+03  0.96094E+00 -0.11406E-14
 0.46300E+03  0.96093E+00  0.20383E-15
 0.46320E+03  0.96093E+00 -0.13227E-14
 0.46340E+03  0.96092E+00 -0.17310E-14
 0.46360E+03  0.96093E+00 -0.70191E-15
 0.46380E+03  0.96094E+00  0.95562E-15
 0.46400E+03  0.96095E+00 -0.38923E-15
 0.46420E+03  0.96098E+00  0.10649E-14
 0.46440E+03  0.96101E+00  0.50632E-15
 0.46460E+03  0.96104E+00  0.65356E-15
 0.46480E+03  0.96109E+00 -0.40961E-15
 0.46500E+03  0.96114E+00 -0.64358E-15
 0.46520E+03  0.96119E+00 -0.10510E-14
 0.46540E+03  0.96126E+00 -0.10577E-14
 0.46560E+03  0.96135E+00 -0.70907E-16
 0.46580E+03  0.96145E+00 -0.24440E-14
 0.46600E+03  0.96159E+00 -0.11024E-14
 0.46620E+03  0.96180E+00  0.35436E-14
 0.46640E+03  0.96210E+00  0.29104E-14
 0.46660E+03  0.96251E+00 -0.85088E-15
 0.46680E+03  0.96259E+00  0.60264E-14
 0.46700E+03  0.96052E+00 -0.22616E-14
 0.46720E+03  0.95776E+00 -0.11356E-14
 0.46740E+03  0.95715E+00  0.10352E-14
 0.46760E+03  0.95734E+00  0.69996E-15
 0.46780E+03  0.95773E+00  0.89533E-15
 0.46800E+03  0.95828E+00 -0.52042E-17
 0.46820E+03  0.95908E+00 -0.27975E-14
 0.46840E+03  0.96029E+00  0.50572E-14
 0.46860E+03  0.96199E+00  0.15109E-14
 0.46880E+03  0.96300E+00  0.71540E-14
 0.46900E+03  0.96129E+00  0.14524E-14
 0.46920E+03  0.95962E+00  0.16005E-14
 0.46940E+03  0.95903E+00  0.45008E-14
 0.46960E+03  0.95885E+00  0.91615E-16
 0.46980E+03  0.95877E+00 -0.42403E-15
 0.47000E+03  0.95868E+00  0.26768E-14
 0.47020E+03  0.95857E+00 -0.22989E-14
 0.47040E+03  0.95842E+00  0.69855E-15
 0.47060E+03  0.95825E+00  0.94499E-15
 0.47080E+03  0.95806E+00 -0.27409E-15
 0.47100E+03  0.95786E+00  0.19530E-14
 0.47120E+03  0.95766E+00  0.69031E-15
 0.47140E+03  0.95745E+00  0.61344E-15
 0.47160E+03  0.95724E+00 -0.12671E-14
 0.47180E+03  0.95703E+00 -0.46534E-15
 0.47200E+03  0.95682E+00 -0.56812E-16
 0.47220E+03  0.95660E+00 -0.13769E-15
 0.47240E+03  0.95637E+00  0.78648E-15
 0.47260E+03  0.95614E+00  0.34770E-15
 0.47280E+03  0.95590E+00 -0.13093E-14
 0.47300E+03  0.95565E+00 -0.68663E-15
 0.47320E+03  0.95539E+00 -0.71086E-15
 0.47340E+03  0.95512E+00  0.63724E-15
 0.47360E+03  0.95484E+00 -0.25977E-15
 0.47380E+03  0.95458E+00 -0.33331E-14
 0.47400E+03  0.95439E+00 -0.15479E-14
 0.47420E+03  0.95449E+00 -0.29859E-15
 0.47440E+03  0.95567E+00  0.43323E-14
 0.47460E+03  0.95742E+00 -0.17854E-14
 0.47480E+03  0.95652E+00 -0.84237E-15
 0.47500E+03  0.95538E+00 -0.11829E-14
 0.47520E+03  0.95465E+00  0.42875E-15
 0.47540E+03  0.95426E+00 -0.78014E-15
 0.47560E+03  0.95426E+00 -0.25090E-14
 0.47580E+03  0.95442E+00  0.28756E-15
 0.47600E+03  0.95411E+00  0.84191E-15
 0.47620E+03  0.95347E+00  0.11962E-14
 0.47640E+03  0.95283E+00  0.12714E-14
 0.47660E+03  0.95227E+00 -0.75944E-15
 0.47680E+03  0.95176E+00 -0.12542E-14
 0.47700E+03  0.95131E+00  0.37999E-15
 0.47720E+03  0.95089E+00  0.61295E-15
 0.47740E+03  0.95051E+00 -0.62994E-15
 0.47760E+03  0.95016E+00 -0.10950E-14
 0.47780E+03  0.94984E+00 -0.41019E-15
 0.47800E+03  0.94955E+00  0.12342E-15
 0.47820E+03  0.94929E+00  0.91696E-16
 0.47840E+03  0.94905E+00  0.52756E-15
 0.47860E+03  0.94883E+00  0.58140E-16
 0.47880E+03  0.94862E+00  0.41121E-15
 0.47900E+03  0.94843E+00  0.16044E-14
 0.47920E+03  0.94826E+00 -0.29184E-15
 0.47940E+03  0.94810E+00 -0.12905E-15
 0.47960E+03  0.94794E+00  0.86980E-15
 0.47980E+03  0.94780E+00 -0.89785E-15
 0.48000E+03  0.94766E+00  0.75081E-16
 0.48020E+03  0.94753E+00  0.28523E-15
 0.48040E+03  0.94740E+00 -0.80499E-15
 0.48060E+03  0.94727E+00 -0.10164E-15
 0.48080E+03  0.94715E+00 -0.42311E-15
 0.48100E+03  0.94704E+00  0.30900E-17
 0.48120E+03  0.94692E+00  0.92070E-15
 0.48140E+03  0.94680E+00 -0.10958E-14
 0.48160E+03  0.94669E+00 -0.98343E-15
 0.48180E+03  0.94658E+00  0.90200E-15
 0.48200E+03  0.94646E+00  0.40847E-15
 0.48220E+03  0.94635E+00  0.97969E-15
 0.48240E+03  0.94623E+00  0.71254E-15
 0.48260E+03  0.94612E+00 -0.18995E-15
 0.48280E+03  0.94600E+00 -0.79309E-16
 0.48300E+03  0.94589E+00  0.41704E-15
 0.48320E+03  0.94577E+00 -0.12691E-14
 0.48340E+03  0.94566E+00 -0.29501E-15
 0.48360E+03  0.94555E+00 -0.81868E-15
 0.48380E+03  0.94545E+00  0.66483E-15
 0.48400E+03  0.94535E+00  0.20471E-14
 0.48420E+03  0.94525E+00  0.54454E-15
 0.48440E+03  0.94517E+00 -0.12808E-14
 0.48460E+03  0.94510E+00 -0.24167E-15
 0.48480E+03  0.94505E+00  0.45878E-15
 0.48500E+03  0.94502E+00  0.88259E-15
 0.48520E+03  0.94501E+00 -0.67432E-15
 0.48540E+03  0.94502E+00  0.83202E-15
 0.48560E+03  0.94505E+00 -0.59669E-15
 0.48580E+03  0.94512E+00 -0.14783E-15
 0.48600E+03  0.94521E+00 -0.13043E-14
 0.48620E+03  0.94533E+00 -0.94580E-15
 0.48640E+03  0.94547E+00 -0.28515E-14
 0.48660E+03  0.94564E+00  0.39931E-15
 0.48680E+03  0.94582E+00 -0.32060E-15
 0.48700E+03  0.94603E+00  0.26362E-15
 0.48720E+03  0.94625E+00  0.51375E-15
 0.48740E+03  0.94650E+00  0.10004E-14
 0.48760E+03  0.94679E+00 -0.53451E-16
 0.48780E+03  0.94711E+00 -0.17348E-14
 0.48800E+03  0.94746E+00 -0.76545E-16
 0.48820E+03  0.94781E+00  0.11593E-14
 0.48840E+03  0.94818E+00  0.46154E-15
 0.48860E+03  0.94856E+00  0.98370E-15
 0.48880E+03  0.94895E+00 -0.94261E-15
 0.48900E+03  0.94934E+00 -0.23690E-16
 0.48920E+03  0.94975E+00  0.54546E-15
 0.48940E+03  0.95016E+00  0.13595E-14
 0.48960E+03  0.95057E+00  0.11774E-14
 0.48980E+03  0.95099E+00 -0.13813E-14
 0.49000E+03  0.95142E+00  0.15491E-14
 0.49020E+03  0.95184E+00  0.14989E-14
 0.49040E+03  0.95227E+00  0.54774E-15
 0.49060E+03  0.95271E+00 -0.40565E-15
 0.49080E+03  0.95315E+00 -0.64857E-15
 0.49100E+03  0.95358E+00  0.78225E-15
 0.49120E+03  0.95402E+00 -0.27718E-15
 0.49140E+03  0.95446E+00  0.40571E-15
 0.49160E+03  0.95490E+00 -0.15390E-15
 0.49180E+03  0.95534E+00  0.15158E-14
 0.49200E+03  0.95578E+00 -0.50475E-15
 0.49220E+03  0.95621E+00 -0.38289E-15
 0.49240E+03  0.95664E+00 -0.18437E-15
 0.49260E+03  0.95706E+00  0.24660E-15
 0.49280E+03  0.95748E+00  0.89013E-15
 0.49300E+03  0.95789E+00 -0.82998E-15
 0.49320E+03  0.95829E+00  0.15569E-15
 0.49340E+03  0.95867E+00  0.54010E-15
 0.49360E+03  0.95904E+00  0.76626E-15
 0.49380E+03  0.95940E+00  0.82866E-15
 0.49400E+03  0.95974E+00 -0.92884E-15
 0.49420E+03  0.96006E+00  0.15949E-15
 0.49440E+03  0.96036E+00  0.16361E-15
 0.49460E+03  0.96064E+00  0.43287E-15
 0.49480E+03  0.96089E+00  0.34694E-16
 0.49500E+03  0.96112E+00  0.46306E-15
 0.49520E+03  0.96132E+00 -0.18350E-15
 0.49540E+03  0.96149E+00  0.33773E-15
 0.49560E+03  0.96165E+00 -0.32439E-15
 0.49580E+03  0.96187E+00  0.10625E-15
 0.49600E+03  0.96231E+00 -0.64792E-15
 0.49620E+03  0.96279E+00 -0.35562E-15
 0.49640E+03  0.96306E+00  0.44886E-15
 0.49660E+03  0.96320E+00  0.24807E-15
 0.49680E+03  0.96329E+00  0.86302E-15
 0.49700E+03  0.96335E+00 -0.61344E-15
 0.49720E+03  0.96341E+00 -0.14355E-15
 0.49740E+03  0.96344E+00  0.72837E-15
 0.49760E+03  0.96346E+00  0.18995E-15
 0.49780E+03  0.96345E+00 -0.81846E-15
 0.49800E+03  0.96344E+00 -0.20146E-14
 0.49820E+03  0.96340E+00 -0.25639E-14
 0.49840E+03  0.96335E+00 -0.12880E-14
 0.49860E+03  0.96329E+00  0.98917E-15
 0.49880E+03  0.96321E+00 -0.69844E-15
 0.49900E+03  0.96314E+00 -0.60444E-15
 0.49920E+03  0.96306E+00  0.11855E-14
 0.49940E+03  0.96298E+00  0.24788E-15
 0.49960E+03  0.96291E+00  0.70080E-15
 0.49980E+03  0.96284E+00  0.12302E-14
 0.50000E+03  0.96278E+00  0.14127E-14
