 0.6106106E+00  0.1271857E-05
 0.6306306E+00  0.2901202E-05
 0.6506507E+00  0.6320643E-05
 0.6706707E+00  0.1321892E-04
 0.6906907E+00  0.2671789E-04
 0.7107107E+00  0.5258705E-04
 0.7307307E+00  0.1014885E-03
 0.7507508E+00  0.1928447E-03
 0.7707708E+00  0.3607336E-03
 0.7907908E+00  0.6613491E-03
 0.8108108E+00  0.1179901E-02
 0.8308308E+00  0.2032980E-02
 0.8508509E+00  0.3362083E-02
 0.8708709E+00  0.5317391E-02
 0.8908909E+00  0.8038699E-02
 0.9109109E+00  0.1164958E-01
 0.9309309E+00  0.1628448E-01
 0.9509510E+00  0.2215985E-01
 0.9709710E+00  0.2968083E-01
 0.9909910E+00  0.3955569E-01
 0.1011011E+01  0.5288546E-01
 0.1031031E+01  0.7120816E-01
 0.1051051E+01  0.9648712E-01
 0.1071071E+01  0.1310239E+00
 0.1091091E+01  0.1772581E+00
 0.1111111E+01  0.2374374E+00
 0.1131131E+01  0.3132370E+00
 0.1151151E+01  0.4055279E+00
 0.1171171E+01  0.5145136E+00
 0.1191191E+01  0.6402512E+00
 0.1211211E+01  0.7832282E+00
 0.1231231E+01  0.9444410E+00
 0.1251251E+01  0.1124573E+01
 0.1271271E+01  0.1322405E+01
 0.1291291E+01  0.1533168E+01
 0.1311311E+01  0.1747743E+01
 0.1331331E+01  0.1953280E+01
 0.1351351E+01  0.2135181E+01
 0.1371371E+01  0.2279847E+01
 0.1391391E+01  0.2377368E+01
 0.1411411E+01  0.2423385E+01
 0.1431431E+01  0.2419615E+01
 0.1451451E+01  0.2372874E+01
 0.1471471E+01  0.2292944E+01
 0.1491491E+01  0.2190038E+01
 0.1511512E+01  0.2072793E+01
 0.1531532E+01  0.1947352E+01
 0.1551552E+01  0.1817552E+01
 0.1571572E+01  0.1685681E+01
 0.1591592E+01  0.1553202E+01
 0.1611612E+01  0.1421146E+01
 0.1631632E+01  0.1290249E+01
 0.1651652E+01  0.1161082E+01
 0.1671672E+01  0.1034292E+01
 0.1691692E+01  0.9108424E+00
 0.1711712E+01  0.7920854E+00
 0.1731732E+01  0.6795659E+00
 0.1751752E+01  0.5746897E+00
 0.1771772E+01  0.4784676E+00
 0.1791792E+01  0.3914816E+00
 0.1811812E+01  0.3140425E+00
 0.1831832E+01  0.2463765E+00
 0.1851852E+01  0.1886841E+00
 0.1871872E+01  0.1410294E+00
 0.1891892E+01  0.1031491E+00
 0.1911912E+01  0.7432022E-01
 0.1931932E+01  0.5338138E-01
 0.1951952E+01  0.3890107E-01
 0.1971972E+01  0.2941034E-01
 0.1991992E+01  0.2359873E-01
 0.2012012E+01  0.2041062E-01
 0.2032032E+01  0.1903869E-01
 0.2052052E+01  0.1885555E-01
 0.2072072E+01  0.1933806E-01
 0.2092092E+01  0.2002336E-01
 0.2112112E+01  0.2050889E-01
 0.2132132E+01  0.2048350E-01
 0.2152152E+01  0.1976512E-01
 0.2172172E+01  0.1832111E-01
 0.2192192E+01  0.1625865E-01
 0.2212212E+01  0.1378590E-01
 0.2232232E+01  0.1115600E-01
 0.2252252E+01  0.8610413E-02
 0.2272272E+01  0.6336156E-02
 0.2292292E+01  0.4444558E-02
 0.2312312E+01  0.2971573E-02
 0.2332332E+01  0.1893545E-02
 0.2352352E+01  0.1149964E-02
 0.2372372E+01  0.6655893E-03
 0.2392392E+01  0.3671470E-03
 0.2412412E+01  0.1930120E-03
 0.2432432E+01  0.9670281E-04
 0.2452452E+01  0.4617476E-04
 0.2472472E+01  0.2101267E-04
 0.2492492E+01  0.9113160E-05
 0.2512513E+01  0.3766763E-05
 0.2532533E+01  0.1483814E-05
 0.4894895E+01  0.1068569E-05
 0.4914915E+01  0.1814049E-05
 0.4934935E+01  0.2934996E-05
 0.4954955E+01  0.4525622E-05
 0.4974975E+01  0.6650603E-05
 0.4994995E+01  0.9314422E-05
 0.5015015E+01  0.1243263E-04
 0.5035035E+01  0.1581547E-04
 0.5055055E+01  0.1917402E-04
 0.5075075E+01  0.2215423E-04
 0.5095095E+01  0.2439563E-04
 0.5115115E+01  0.2560234E-04
 0.5135135E+01  0.2560703E-04
 0.5155155E+01  0.2440906E-04
 0.5175175E+01  0.2217456E-04
 0.5195195E+01  0.1919866E-04
 0.5215215E+01  0.1584160E-04
 0.5235235E+01  0.1245774E-04
 0.5255255E+01  0.9336660E-05
 0.5275275E+01  0.6668928E-05
 0.5295295E+01  0.4539757E-05
 0.5315315E+01  0.2945244E-05
 0.5335335E+01  0.1821052E-05
 0.5355355E+01  0.1073089E-05
 0.5815816E+01  0.1198337E-05
 0.5835836E+01  0.2219136E-05
 0.5855856E+01  0.3916522E-05
 0.5875876E+01  0.6587631E-05
 0.5895896E+01  0.1056015E-04
 0.5915916E+01  0.1613329E-04
 0.5935936E+01  0.2349026E-04
 0.5955956E+01  0.3259604E-04
 0.5975976E+01  0.4310762E-04
 0.5995996E+01  0.5433195E-04
 0.6016016E+01  0.6526325E-04
 0.6036036E+01  0.7471265E-04
 0.6056056E+01  0.8151392E-04
 0.6076076E+01  0.8475815E-04
 0.6096096E+01  0.8399304E-04
 0.6116116E+01  0.7932631E-04
 0.6136136E+01  0.7140083E-04
 0.6156156E+01  0.6124934E-04
 0.6176176E+01  0.5007393E-04
 0.6196196E+01  0.3901522E-04
 0.6216216E+01  0.2897134E-04
 0.6236236E+01  0.2050289E-04
 0.6256256E+01  0.1382846E-04
 0.6276276E+01  0.8888831E-05
 0.6296296E+01  0.5445372E-05
 0.6316316E+01  0.3179235E-05
 0.6336336E+01  0.1769008E-05
