           1   9.8555783034928734E-003
           2   2.8714879015396280E-002
           3   4.6438371867074252E-002
           4   6.3026056858410923E-002
           5   7.8477933989522033E-002
           6   9.2794003260372682E-002
           7  0.10597426467096416     
           8  0.11801871822129237     
           9  0.12892736391135229     
          10  0.13870020174113937     
          11  0.14733723171067370     
          12  0.15483845381995337     
          13  0.16120386806897538     
          14  0.16643347453156623     
          15  0.17052734836279626     
          16  0.17350108355561855     
          17  0.17571141438874172     
          18  0.17813813581328247     
          19  0.18110060010996684     
          20  0.18451715980064326     
          21  0.18832786972870458     
          22  0.19249506437257852     
          23  0.19699257926088276     
          24  0.20180097069964456     
          25  0.20690510677152318     
          26  0.21229281051179877     
          27  0.21795403066024696     
          28  0.22388030277690493     
          29  0.23006438199887286     
          30  0.23649998311872528     
          31  0.24318159087241781     
          32  0.25010431789647330     
          33  0.25726379607101740     
          34  0.26465609186855282     
          35  0.27227763935657673     
          36  0.28012518643989959     
          37  0.28819575120189045     
          38  0.29648658606632194     
          39  0.30499514809634248     
          40  0.31371907416698180     
          41  0.32265616004942066     
          42  0.33180434266540515     
          43  0.34116168493308641     
          44  0.35072636274851154     
          45  0.36049665373971762     
          46  0.37047092750211602     
          47  0.38064763707938348     
          48  0.39102531149766129     
          49  0.40160254919527005     
          50  0.41237801221746756     
          51  0.42335042106820681     
          52  0.43451855012793295     
          53  0.44588122356199178     
          54  0.45743731165484747     
          55  0.46918572751633536     
          56  0.48112542411304748     
          57  0.49325539158588749     
          58  0.50557465481917674     
          59  0.51808227123261008     
          60  0.53077732877045480     
          61  0.54365894406602000     
          62  0.55672626076274001     
          63  0.56997844797461950     
          64  0.58341469887195951     
          65  0.59703422937948047     
          66  0.61083627697537812     
          67  0.62482009958170059     
          68  0.63898497453712899     
          69  0.65333019764433198     
          70  0.66785508228518031     
          71  0.68255895859751525     
          72  0.69744117270801465     
          73  0.71250108601641382     
          74  0.72773807452633621     
          75  0.74315152821927311     
          76  0.75874085046770767     
          77  0.77450545748452615     
          78  0.79044477780566891     
          79  0.80655825180331686     
          80  0.82284533122770764     
          81  0.83930547877467121     
          82  0.85593816767789521     
          83  0.87274288132304689     
          84  0.88971911288341499     
          85  0.90686636497425244     
          86  0.92418414932555437     
          87  0.94167198647159545     
          88  0.95932940545581324     
          89  0.97715594355069835     
          90  0.99515114599105936     
          91   1.0133145657202978     
          92   1.0316457631483442     
          93   1.0501443059211930     
          94   1.0688097687008500     
          95   1.0876417329548715     
          96   1.1066397867558542     
          97   1.1258035245890678     
          98   1.1451325471687392     
          99   1.1646264612619577     
         100   1.1842848795200276     
         101   1.2041074203166855     
         102   1.2240937075929539     
         103   1.2442433707081813     
         104   1.2645560442968826     
         105   1.2850313681314265     
         106   1.3056689869895963     
         107   1.3264685505275506     
         108   1.3474297131573192     
         109   1.3685521339289002     
         110   1.3898354764167347     
         111   1.4112794086100831     
         112   1.4328836028075460     
         113   1.4546477355150260     
         114   1.4765714873475457     
         115   1.4986545429341511     
         116   1.5208965908262106     
         117   1.5432973234088079     
         118   1.5658564368149666     
         119   1.5885736308426626     
         120   1.6114486088748088     
         121   1.6344810778013252     
         122   1.6576707479442507     
         123   1.6810173329847011     
         124   1.7045205498924298     
         125   1.7281801188573467     
         126   1.7519957632233343     
         127   1.7759672094237922     
         128   1.8000941869192981     
         129   1.8243764281371400     
         130   1.8488136684123411     
         131   1.8734056459307487     
         132   1.8981521016735117     
         133   1.9230527793631678     
         134   1.9481074254113806     
         135   1.9733157888678945     
         136   1.9986776213712256     
         137   2.0241926771002938     
         138   2.0498607127277699     
         139   2.0756814873743550     
         140   2.1016547625645430     
         141   2.1277803021832358     
         142   2.1540578724338579     
         143   2.1804872417972594     
         144   2.2070681809918389     
         145   2.2338004629345973     
         146   2.2606838627031878     
         147   2.2877181574990337     
         148   2.3149031266111586     
         149   2.3422385513811137     
         150   2.3697242151685627     
         151   2.3973599033178767     
         152   2.4251454031255060     
         153   2.4530805038078838     
         154   2.4811649964705791     
         155   2.5093986740776315     
         156   2.5377813314220252     
         157   2.5663127650965905     
         158   2.5949927734656577     
         159   2.6238211566375074     
         160   2.6527977164370409     
         161   2.6819222563795559     
         162   2.7111945816447616     
         163   2.7406144990514592     
         164   2.7701818170329635     
         165   2.7998963456126487     
         166   2.8297578963805061     
         167   2.8597662824697925     
         168   2.8899213185345327     
         169   2.9202228207272052     
         170   2.9506706066769999     
         171   2.9812644954687166     
         172   3.0120043076217482     
         173   3.0428898650698235     
         174   3.0739209911409238     
         175   3.1050975105378313     
         176   3.1364192493188408     
         177   3.1678860348791007     
         178   3.1994976959320423     
         179   3.2312540624915558     
         180   3.2631549658540178     
         181   3.2952002385812773     
         182   3.3273897144833464     
         183   3.3597232286019247     
         184   3.3922006171940602     
         185   3.4248217177159130     
         186   3.4575863688072732     
         187   3.4904944102759137     
         188   3.5235456830826255     
         189   3.5567400293262166     
         190   3.5900772922289730     
         191   3.6235573161224148     
         192   3.6571799464331223     
         193   3.6909450296689998     
         194   3.7248524134057819     
         195   3.7589019462736113     
         196   3.7930934779440912     
         197   3.8274268591174008     
         198   3.8619019415096778     
         199   3.8965185778407259     
         200   3.9312766218216986     
         201   3.9661759281433033     
         202   4.0012163524640387     
         203   4.0363977513985123     
         204   4.0717199825062869     
         205   4.1071829042806263     
         206   4.1427863761375194     
         207   4.1785302584050283     
         208   4.2144144123125526     
         209   4.2504386999805375     
         210   4.2866029844100790     
         211   4.3229071294730588     
         212   4.3593509999020394     
         213   4.3959344612807003     
         214   4.4326573800340281     
         215   4.4695196234191634     
         216   4.5065210595158574     
         217   4.5436615572175674     
         218   4.5809409862223118     
         219   4.6183592170238930     
         220   4.6559161209032167     
         221   4.6936115699196854     
         222   4.7314454369027974     
         223   4.7694175954438487     
         224   4.8075279198877485     
         225   4.8457762853249822     
         226   4.8841625675837070     
         227   4.9226866432218825     
         228   4.9613483895196921     
         229   5.0001476844719752     
         230   5.0390844067806553     
         231   5.0781584358474987     
         232   5.1173696517669516     
         233   5.1567179353187713     
         234   5.1962031679613840     
         235   5.2358252318245615     
         236   5.2755840097029472     
         237   5.3154793850491453     
         238   5.3555112419671840     
         239   5.3956794652060189     
         240   5.4359839401529904     
         241   5.4764245528276572     
         242   5.5170011898754012     
         243   5.5577137385613939     
         244   5.5985620867644039     
         245   5.6395461229710016     
         246   5.6806657362693951     
         247   5.7219208163438910     
         248   5.7633112534689888     
         249   5.8048369385037732     
         250   5.8464977628863330     
         251   5.8882936186282606     
         252   5.9302243983092255     
         253   5.9722899950716810     
         254   6.0144903026154246     
         255   6.0568252151925908     
         256   6.0992946276023439     
         257   6.1418984351859409     
         258   6.1846365338216289     
         259   6.2275088199197715     
         260   6.2705151904179628     
         261   6.3136555427761776     
         262   6.3569297749720892     
         263   6.4003377854964292     
         264   6.4438794733481490     
         265   6.4875547380301750     
         266   6.5313634795446527     
         267   6.5753055983886251     
         268   6.6193809955495855     
         269   6.6635895725012331     
         270   6.7079312311991028     
         271   6.7524058740763317     
         272   6.7970134040396699     
         273   6.8417537244650983     
         274   6.8866267391939706     
         275   6.9316323525289034     
         276   6.9767704692298258     
         277   7.0220409945101228     
         278   7.0674438340326526     
         279   7.1129788939060026     
         280   7.1586460806807208     
         281   7.2044453013455891     
         282   7.2503764633238958     
         283   7.2964394744698096     
         284   7.3426342430648202     
         285   7.3889606778141879     
         286   7.4354186878433870     
         287   7.4820081826947211     
         288   7.5287290723236930     
         289   7.5755812670959610     
         290   7.6225646777836769     
         291   7.6696792155623683     
         292   7.7169247920075863     
         293   7.7643013190916585     
         294   7.8118087091805810     
         295   7.8594468750308790     
         296   7.9072157297862278     
         297   7.9551151869748384     
         298   8.0031451605059214     
         299   8.0513055646669685     
         300   8.0995963141207774     
         301   8.1480173239022839     
         302   8.1965685094159166     
         303   8.2452497864325647     
         304   8.2940610710866718     
         305   8.3430022798736410     
         306   8.3920733296468732     
         307   8.4412741376150322     
         308   8.4906046213393953     
         309   8.5400646987311308     
         310   8.5896542880485587     
         311   8.6393733078946102     
         312   8.6892216772142739     
         313   8.7391993152918044     
         314   8.7893061417483942     
         315   8.8395420765395833     
         316   8.8899070399526430     
         317   8.9404009526043495     
         318   8.9910237354383202     
         319   9.0417753097227429     
         320   9.0926555970478340     
         321   9.1436645193236910     
         322   9.1948019987777467     
         323   9.2460679579525724     
         324   9.2974623197035768     
         325   9.3489850071966600     
         326   9.4006359439061065     
         327   9.4524150536122225     
         328   9.5043222603992064     
         329   9.5563574886530400     
         330   9.6085206630591937     
         331   9.6608117086006686     
         332   9.7132305505556520     
         333   9.7657771144957213     
         334   9.8184513262835171     
         335   9.8712531120709333     
         336   9.9241823982968143     
         337   9.9772391116852841     
         338   10.030423179243442     
         339   10.083734528259644     
         340   10.137173086301409     
         341   10.190738781213572     
         342   10.244431541116368     
         343   10.298251294403473     
         344   10.352197969740271     
         345   10.406271496061901     
         346   10.460471802571389     
         347   10.514798818737987     
         348   10.569252474295270     
         349   10.623832699239321     
         350   10.678539423827061     
         351   10.733372578574496     
         352   10.788332094254908     
         353   10.843417901897213     
         354   10.898629932784278     
         355   10.953968118451179     
         356   11.009432390683562     
         357   11.065022681516041     
         358   11.120738923230546     
         359   11.176581048354594     
         360   11.232548989659938     
         361   11.288642680160718     
         362   11.344862053112021     
         363   11.401207042008320     
         364   11.457677580581953     
         365   11.514273602801481     
         366   11.570995042870328     
         367   11.627841835225126     
         368   11.684813914534422     
         369   11.741911215696954     
         370   11.799133673840444     
         371   11.856481224319991     
         372   11.913953802716664     
         373   11.971551344836154     
         374   12.029273786707277     
         375   12.087121064580643     
         376   12.145093114927260     
         377   12.203189874437079     
         378   12.261411280017873     
         379   12.319757268793492     
         380   12.378227778103032     
         381   12.436822745499052     
         382   12.495542108746582     
         383   12.554385805821594     
         384   12.613353774910001     
         385   12.672445954406008     
         386   12.731662282911168     
         387   12.791002699232999     
         388   12.850467142383703     
         389   12.910055551579017     
         390   12.969767866236932     
         391   13.029604025976539     
         392   13.089563970616748     
         393   13.149647640175230     
         394   13.209854974867026     
         395   13.270185915103573     
         396   13.330640401491534     
         397   13.391218374831446     
         398   13.451919776116851     
         399   13.512744546532966     
         400   13.573692627455628     
         401   13.634763960450247     
         402   13.695958487270564     
         403   13.757276149857676     
         404   13.818716890338909     
         405   13.880280651026702     
         406   13.941967374417676     
         407   14.003777003191381     
         408   14.065709480209408     
         409   14.127764748514201     
         410   14.189942751328289     
         411   14.252243432052913     
         412   14.314666734267220     
         413   14.377212601727324     
         414   14.439880978365020     
         415   14.502671808287168     
         416   14.565585035774362     
         417   14.628620605280211     
         418   14.691778461430216     
         419   14.755058549020852     
         420   14.818460813018737     
         421   14.881985198559441     
         422   14.945631650946751     
         423   15.009400115651724     
         424   15.073290538311628     
         425   15.137302864729168     
         426   15.201437040871568     
         427   15.265693012869477     
         428   15.330070727016478     
         429   15.394570129767725     
         430   15.459191167739434     
         431   15.523933787707758     
         432   15.588797936608088     
         433   15.653783561534212     
         434   15.718890609737215     
         435   15.784119028624946     
         436   15.849468765760948     
         437   15.914939768863748     
         438   15.980531985806017     
         439   16.046245364613647     
         440   16.112079853465140     
         441   16.178035400690472     
         442   16.244111954770741     
         443   16.310309464336903     
         444   16.376627878169341     
         445   16.443067145196895     
         446   16.509627214496049     
         447   16.576308035290342     
         448   16.643109556949454     
         449   16.710031728988465     
         450   16.777074501067155     
         451   16.844237822989214     
         452   16.911521644701388     
         453   16.978925916293033     
         454   17.046450587995057     
         455   17.114095610179366     
         456   17.181860933358131     
         457   17.249746508183005     
         458   17.317752285444527     
         459   17.385878216071177     
         460   17.454124251128970     
         461   17.522490341820632     
         462   17.590976439484724     
         463   17.659582495595320     
         464   17.728308461760964     
         465   17.797154289724300     
         466   17.866119931361052     
         467   17.935205338679786     
         468   18.004410463820864     
         469   18.073735259055969     
         470   18.143179676787408     
         471   18.212743669547450     
         472   18.282427189997701     
         473   18.352230190928481     
         474   18.422152625258146     
         475   18.492194446032517     
         476   18.562355606424088     
         477   18.632636059731649     
         478   18.703035759379386     
         479   18.773554658916613     
         480   18.844192712016802     
         481   18.914949872477067     
         482   18.985826094217881     
         483   19.056821331282062     
         484   19.127935537834233     
         485   19.199168668160581     
         486   19.270520676667815     
         487   19.341991517882857     
         488   19.413581146452213     
         489   19.485289517141364     
         490   19.557116584834176     
         491   19.629062304532404     
         492   19.701126631354978     
         493   19.773309520537712     
         494   19.845610927432428     
         495   19.918030807506685     
         496   19.990569116342918     
         497   20.063225809638176     
         498   20.136000843203519     
         499   20.208894172963308     
         500   20.281905754954870     
         501   20.355035545327812     
         502   20.428283500343579     
         503   20.501649576374977     
         504   20.575133729905474     
         505   20.648735917528743     
         506   20.722456095948338     
         507   20.796294221976904     
         508   20.870250252535804     
         509   20.944324144654619     
         510   21.018515855470532     
         511   21.092825342228053     
         512   21.167252562278158     
         513   21.241797473078222     
         514   21.316460032191106     
         515   21.391240197285029     
         516   21.466137926132863     
         517   21.541153176611598     
         518   21.616285906702135     
         519   21.691536074488528     
         520   21.766903638157618     
         521   21.842388555998529     
         522   21.917990786402356     
         523   21.993710287861322     
         524   22.069547018968752     
         525   22.145500938418266     
         526   22.221572005003562     
         527   22.297760177617739     
         528   22.374065415253042     
         529   22.450487677000194     
         530   22.527026922048226     
         531   22.603683109683686     
         532   22.680456199290422     
         533   22.757346150349225     
         534   22.834352922437024     
         535   22.911476475226731     
         536   22.988716768486764     
         537   23.066073762080631     
         538   23.143547415966239     
         539   23.221137690195942     
         540   23.298844544915575     
         541   23.376667940364374     
         542   23.454607836874523     
         543   23.532664194870545     
         544   23.610836974869091     
         545   23.689126137478308     
         546   23.767531643397618     
         547   23.846053453417152     
         548   23.924691528417469     
         549   24.003445829368925     
         550   24.082316317331589     
         551   24.161302953454495     
         552   24.240405698975380     
         553   24.319624515220369     
         554   24.398959363603343     
         555   24.478410205625753     
         556   24.557977002876104     
         557   24.637659717029518     
         558   24.717458309847423     
         559   24.797372743177100     
         560   24.877402978951338     
         561   24.957548979187912     
         562   25.037810705989280     
         563   25.118188121542168     
         564   25.198681188117273     
         565   25.279289868068645     
         566   25.360014123833412     
         567   25.440853917931573     
         568   25.521809212965170     
         569   25.602879971618275     
         570   25.684066156656517     
         571   25.765367730926545     
         572   25.846784657355858     
         573   25.928316898952222     
         574   26.009964418803264     
         575   26.091727180076337     
         576   26.173605146017906     
         577   26.255598279953194     
         578   26.337706545285783     
         579   26.419929905497334     
         580   26.502268324147114     
         581   26.584721764871578     
         582   26.667290191383994     
         583   26.749973567474086     
         584   26.832771857007657     
         585   26.915685023926198     
         586   26.998713032246393     
         587   27.081855846059746     
         588   27.165113429532457     
         589   27.248485746904564     
         590   27.331972762489944     
         591   27.415574440675694     
         592   27.499290745921851     
         593   27.583121642760833     
         594   27.667067095797286     
         595   27.751127069707476     
         596   27.835301529238819     
         597   27.919590439209831     
         598   28.003993764509293     
         599   28.088511470096098     
         600   28.173143520998728     
         601   28.257889882314892     
         602   28.342750519211126     
         603   28.427725396922153     
         604   28.512814480750901     
         605   28.598017736067472     
         606   28.683335128309160     
         607   28.768766622979982     
         608   28.854312185649935     
         609   28.939971781954814     
         610   29.025745377595726     
         611   29.111632938338353     
         612   29.197634430012972     
         613   29.283749818513567     
         614   29.369979069797491     
         615   29.456322149884961     
         616   29.542779024858728     
         617   29.629349660863177     
         618   29.716034024104363     
         619   29.802832080848852     
         620   29.889743797423819     
         621   29.976769140216131     
         622   30.063908075671776     
         623   30.151160570295598     
         624   30.238526590650359     
         625   30.326006103356477     
         626   30.413599075091188     
         627   30.501305472588133     
         628   30.589125262636447     
         629   30.677058412080608     
         630   30.765104887819099     
         631   30.853264656804367     
         632   30.941537686041727     
         633   31.029923942588926     
         634   31.118423393555037     
         635   31.207036006100129     
         636   31.295761747434216     
         637   31.384600584816454     
         638   31.473552485554460     
         639   31.562617417003306     
         640   31.651795346564718     
         641   31.741086241686052     
         642   31.830490069859394     
         643   31.920006798620594     
         644   32.009636395548263     
         645   32.099378828262580     
         646   32.189234064424049     
         647   32.279202071732684     
         648   32.369282817926717     
         649   32.459476270780925     
         650   32.549782398105748     
         651   32.640201167745694     
         652   32.730732547577972     
         653   32.821376505510678     
         654   32.912133009481515     
         655   33.003002027456361     
         656   33.093983527426062     
         657   33.185077477406637     
         658   33.276283845435636     
         659   33.367602599570866     
         660   33.459033707887599     
         661   33.550577138477095     
         662   33.642232859442679     
         663   33.734000838898957     
         664   33.825881044966955     
         665   33.917873445772891     
         666   34.009978009443628     
         667   34.102194704104122     
         668   34.194523497873391     
         669   34.286964358860239     
         670   34.379517255159804     
         671   34.472182154848390     
         672   34.564959025978666     
         673   34.657847836574888     
         674   34.750848554626394     
         675   34.843961148081853     
         676   34.937185584843583     
         677   35.030521832756889     
         678   35.123969859608543     
         679   35.217529633109798     
         680   35.311201120892711     
         681   35.404984290506697     
         682   35.498879109374386     
         683   35.592885544847945     
         684   35.687003564098646     
         685   35.781233134177874     
         686   35.875574222054553     
         687   35.970026794250700     
         688   36.064590817590648     
         689   36.159266258062694     
         690   36.254053081681498     
         691   36.348951255099038     
         692   36.443960741558314     
         693   36.539081509540985     
         694   36.634313520783415     
         695   36.729656738008671     
         696   36.825111137447387     
         697   36.920676656321007     
         698   37.016353288357784     
         699   37.112140975673022     
         700   37.208039644254740     
         701   37.304049451134702     
         702   37.400170003396063     
         703   37.496401318385999     
         704   37.592743764899453     
         705   37.689197363499105     
         706   37.785763204356286     
         707   37.882432637654446     
         708   37.979209329580939     
         709   38.076133254083473     
         710   38.173162918059788     
         711   38.270152890513181     
         712   38.367281256463421     
         713   38.465158110029861     
         714   38.562675574205066     
         715   38.657446437286154     
         716   38.756489050612259     
         717   38.862176712589751     
         718   38.940855799743751     
         719   39.039602026173974     
         720   39.188085579010298     
         721   39.228796689998966     
         722   39.574808129447135     
         723   39.975313322378405     
         724   40.410465245255111     
         725   40.875454195788429     
         726   41.367751417327142     
         727   41.885828172280391     
         728   42.428705950731533     
         729   42.995748844681401     
         730   43.586552417138186     
         731   44.200878200920435     
         732   44.838612349931736     
         733   45.499738157123119     
         734   46.184317042256630     
         735   46.892474972809978     
         736   47.624392511954490     
         737   48.380297369655658     
         738   49.160458730577822     
         739   49.965182874185260     
         740   50.794809754699223     
         741   51.649710307513843     
         742   52.530284314685431     
         743   53.436958707227042     
         744   54.370186213408061     
         745   55.330444284635014     
         746   56.318234246666741     
         747   57.334080635789519     
         748   58.378530688412781     
         749   59.452153959210513     
         750   60.555542048011425     
         751   61.689308419550272     
         752   62.854088303252645     
         753   64.050538662607906     
         754   65.279338225582663     
         755   66.541187569057016     
         756   67.836809251457154     
         757   69.166947988788877     
         758   70.532370870028331     
         759   71.933867608545611     
         760   73.372250826742231     
         761   74.848356371555681     
         762   76.363043658872940     
         763   77.917196045188788     
         764   79.511721225143901     
         765   81.147551653788327     
         766   82.825644992619928     
         767   84.546984578603400     
         768   86.312579915549676     
         769   88.123467187318056     
         770   89.980709792452856     
         771   91.885398899940071     
         772   93.838654025851596     
         773   95.841623630742248     
         774   97.895485737699971     
         775   100.00144857102984     
         776   102.16075121560473     
         777   104.37466429695135     
         778   106.64449068219288     
         779   108.97156620201754     
         780   111.35726039385294     
         781   113.80297726649256     
         782   116.31015608643177     
         783   118.88027218619783     
         784   121.51483779500937     
         785   124.21540289209592     
         786   126.98355608306115     
         787   129.82092549967913     
         788   132.72917972354202     
         789   135.71002873400712     
         790   138.76522488089518     
         791   141.89656388244151     
         792   145.10588584898190     
         793   148.39507633291930     
         794   151.76606740551131     
         795   155.22083876103389     
         796   158.76141884892519     
         797   162.38988603450147     
         798   166.10836978887554     
         799   169.91905190872524     
         800   173.82416776657354     
         801   177.82600759226969     
         802   181.92691778637706     
         803   186.12930226618923     
         804   190.43562384513078     
         805   194.84840564630079     
         806   199.37023255095792     
         807   204.00375268275351     
         808   208.75167892854284     
         809   213.61679049663093     
         810   218.60193451334905     
         811   223.71002765882429     
         812   228.94405784290134     
         813   234.30708592215888     
         814   239.80224745897311     
         815   245.43275452364918     
         816   251.20189754063637     
         817   257.11304717986951     
         818   263.16965629432218     
         819   269.37526190485880     
         820   275.73348723355184     
         821   282.24804378656199     
         822   288.92273348784420     
         823   295.76145086481694     
         824   302.76818528731741     
         825   309.94702326105761     
         826   317.30215077693737     
         827   324.83785571753054     
         828   332.55853032211820     
         829   340.46867371170333     
         830   348.57289447541842     
         831   356.87591331982998     
         832   365.38256578263400     
         833   374.09780501231000     
         834   383.02670461533569     
         835   392.17446157253727     
         836   401.54639922632964     
         837   411.14797034046575     
         838   420.98476023412013     
         839   431.06248999205394     
         840   441.38701975272443     
         841   451.96435207621084     
         842   462.80063539388226     
         843   473.90216754179670     
         844   485.27539937984000     
         845   496.92693849868527     
         846   508.86355301670255     
         847   521.09217546896605     
         848   533.61990679063399     
         849   546.45402039692203     
         850   559.60196636207047     
         851   573.07137569965585     
         852   586.87006474670386     
         853   601.00603965413882     
         854   615.48750098612925     
         855   630.32284843093942     
         856   645.52068562602176     
         857   661.08982510013061     
         858   677.03929333520580     
         859   693.37833595101165     
         860   710.11642301548670     
         861   727.26325448378554     
         862   744.82876576921819     
         863   762.82313344922272     
         864   781.25678110961530     
         865   800.14038533057771     
         866   819.48488181766197     
         867   839.30147168147653     
         868   859.60162786949024     
         869   880.39710175381776     
         870   901.69992987858973     
         871   923.52244087090969     
         872   945.87726251928893     
         873   968.77732902359628     
         874   992.23588842073798     
         875   1016.2665101903177     
         876   1040.8830930445217     
         877   1066.0998729069026     
         878   1091.9314310843836     
         879   1118.3927026374110     
         880   1145.4989849528336     
         881   1173.2659465245895     
         882   1201.7096359471400     
         883   1230.8464911267936     
         884   1260.6933487162898     
         885   1291.2674537779465     
         886   1322.5864696809579     
         887   1354.6684882385036     
         888   1387.5320400904898     
         889   1421.1961053378532     
         890   1455.6801244345286     
         891   1491.0040093433051     
         892   1527.1881549619939     
         893   1564.2534508264537     
         894   1602.2212930971054     
         895   1641.1135968359285     
         896   1680.9528085808331     
         897   1721.7619192247794     
         898   1763.5644772068415     
         899   1806.3846020228541     
         900   1850.2469980634680     
         901   1895.1769687874271     
         902   1941.2004312381644     
         903   1988.3439309121525     
         904   2036.6346569874818     
         905   2086.1004579212927     
         906   2136.7698574251813     
         907   2188.6720708275575     
         908   2241.8370218323626     
         909   2296.2953596839557     
         910   2352.0784767476503     
         911   2409.2185265162075     
         912   2467.7484420526434     
         913   2527.7019548796470     
         914   2589.1136143268577     
         915   2652.0188073464260     
         916   2716.4537788091488     
         917   2782.4556522918351     
         918   2850.0624513684293     
         919   2919.3131214169143     
         920   2990.2475519544328     
         921   3062.9065995135456     
         922   3137.3321110725205     
         923   3213.5669480533802     
         924   3291.6550109011778     
         925   3371.6412642586902     
         926   3453.5717627510148     
         927   3537.4936773946752     
         928   3623.4553226466128     
         929   3711.5061841082534     
         930   3801.6969469008059     
         931   3894.0795247277651     
         932   3988.7070896416185     
         933   4085.6341025314346     
         934   4184.9163443490934     
         935   4286.6109480918767     
         936   4390.7764315596232     
         937   4497.4727309058480     
         938   4606.7612350010077     
         939   4718.7048206284599     
         940   4833.3678885330573     
         941   4950.8164003427537     
         942   5071.1179163846036     
         943   5194.3416344168672     
         944   5320.5584292992480     
         945   5449.8408936241822     
         946   5582.2633793320047     
         947   5717.9020403346358     
         948   5856.8348761712641     
         949   5999.1417767218136     
         950   6144.9045680033105     
         951   6294.2070590755102     
         952   6447.1350900829948     
         953   6603.7765814606300     
         954   6764.2215843309150     
         955   6928.5623321224584     
         956   7096.8932934382301     
         957   7269.3112262047944     
         958   7445.9152331329342     
         959   7626.8068185218481     
         960   7812.0899464390595     
         961   8001.8711003095841     
         962   8196.2593439487682     
         963   8395.3663840729332     
         964   8599.3066343246119     
         965   8808.1972808481951     
         966   9022.1583494545612     
         967   9241.3127744116737     
         968   9465.7864689021699     
         969   9695.7083971871580     
         970   9931.2106485179138     
         971   10172.428512838147     
         972   10419.500558319553     
         973   10672.568710775644     
         974   10931.778334998746     
         975   11197.278318067629     
         976   11469.221154672499     
         977   11747.763034506781     
         978   12033.063931775752     
         979   12325.287696873200     
         980   12624.602150278506     
         981   12931.179178727965     
         982   13245.194833715586     
         983   13566.829432379840     
         984   13896.267660833559     
         985   14233.698679997044     
         986   14579.316233994339     
         987   14933.318761175031     
         988   15295.909507825032     
         989   15667.296644631486     
         990   16047.693385968747     
         991   16437.318112073637     
         992   16836.394494179247     
         993   17245.151622680864     
         994   17663.824138404023     
         995   18092.652367054859     
         996   18531.882456924253     
         997   18981.766519928828     
         998   19442.562776067542     
         999   19914.535701376954     
        1000   20397.956179471086     
        1001   20893.101656749390     
        1002   21400.256301367335     
        1003   21919.711166053185     
        1004   22451.764354872634     
        1005   22996.721194029109     
        1006   23554.894406802992     
        1007   24126.604292727359     
        1008   24712.178911102888     
        1009   25311.954268959675     
        1010   25926.274513569806     
        1011   26555.492129624927     
        1012   27199.968141190166     
        1013   27860.072318552779     
        1014   28536.183390086539     
        1015   29228.689259260500     
        1016   29937.987226935518     
        1017   30664.484219124060     
        1018   31408.597020496010     
        1019   32170.752514279393     
        1020   32951.387930819466     
        1021   33750.951115996315     
        1022   34569.900901343310     
        1023   35408.708669796702     
        1024   36267.923469396148     
