-0.6000000E+01  0.1173641E+06 -0.9980229E+07  0.8483476E+09
-0.5988270E+01  0.2939899E+03 -0.2893769E+05  0.4770517E+07
-0.5976540E+01 -0.4545510E+02  0.2702146E+05 -0.4459967E+07
-0.5964809E+01  0.2715121E+03 -0.2529488E+05  0.3378502E+07
-0.5953079E+01 -0.2520198E+02  0.1433565E+05 -0.2407660E+07
-0.5941349E+01  0.1429581E+03 -0.1390669E+05  0.1458167E+07
-0.5929619E+01 -0.2017025E+02  0.3197908E+04  0.5384423E+06
-0.5917889E+01  0.1734187E+02  0.9513946E+04 -0.2236236E+07
-0.5906158E+01  0.1289424E+03 -0.1671756E+05  0.7466597E+07
-0.5894428E+01 -0.6715799E+02  0.7086715E+05 -0.1148011E+08
-0.5882698E+01  0.7641283E+03 -0.6379690E+05  0.5753179E+07
-0.5870968E+01  0.1577758E+02  0.3689074E+04 -0.9243480E+06
-0.5859238E+01  0.5905118E+02 -0.7153718E+04  0.3204504E+06
-0.5847507E+01 -0.2486340E+02 -0.3394769E+04  0.2607645E+07
-0.5835777E+01 -0.6468473E+02  0.2719344E+05 -0.4535140E+07
-0.5824047E+01  0.2542999E+03 -0.2600468E+05  0.2806382E+07
-0.5812317E+01 -0.5074041E+02  0.6914756E+04 -0.6201608E+06
-0.5800587E+01  0.3037109E+02 -0.3598582E+03 -0.3836526E+05
-0.5788856E+01  0.2614988E+02 -0.8098905E+03 -0.3836723E+06
-0.5777126E+01  0.1664970E+02 -0.5310445E+04  0.5395803E+07
-0.5765396E+01 -0.4564291E+02  0.5798344E+05 -0.9959270E+07
-0.5753666E+01  0.6345147E+03 -0.5884085E+05  0.5655577E+07
-0.5741935E+01 -0.5570055E+02  0.7500232E+04 -0.8737669E+06
-0.5730205E+01  0.3227871E+02 -0.2749233E+04  0.3685339E+06
-0.5718475E+01  0.2963913E-01  0.1573745E+04 -0.7207474E+06
-0.5706745E+01  0.1849000E+02 -0.6880770E+04  0.2079500E+07
-0.5695015E+01 -0.6222285E+02  0.1751219E+05 -0.1978522E+07
-0.5683284E+01  0.1431987E+03 -0.5696277E+04 -0.3538362E+06
-0.5671554E+01  0.7638023E+02 -0.9846848E+04  0.9208993E+06
-0.5659824E+01 -0.3912532E+02  0.9554895E+03  0.6447237E+06
-0.5648094E+01 -0.2791724E+02  0.8518231E+04 -0.1494948E+07
-0.5636364E+01  0.7200336E+02 -0.9017815E+04  0.8871423E+06
-0.5624633E+01 -0.3377747E+02  0.1388545E+04 -0.2392013E+06
-0.5612903E+01 -0.1748955E+02 -0.1417335E+04 -0.8732620E+05
-0.5601173E+01 -0.3411517E+02 -0.2441689E+04  0.2041210E+08
-0.5589443E+01 -0.6275669E+02  0.2369965E+06 -0.4035197E+08
-0.5577713E+01  0.2717261E+04 -0.2363404E+06  0.2230926E+08
-0.5565982E+01 -0.5506075E+02  0.2535181E+05 -0.4431906E+07
-0.5554252E+01  0.2423212E+03 -0.2663535E+05  0.3923954E+07
-0.5542522E+01 -0.7011694E+02  0.1939344E+05 -0.2671294E+07
-0.5530792E+01  0.1573721E+03 -0.1194139E+05  0.1210093E+07
-0.5519062E+01  0.1729716E+02  0.2253247E+04 -0.8643147E+06
-0.5507331E+01  0.4372821E+02 -0.7885342E+04  0.1370218E+07
-0.5495601E+01 -0.4876847E+02  0.8187596E+04 -0.1449160E+07
-0.5483871E+01  0.4727372E+02 -0.8811353E+04  0.8208196E+06
-0.5472141E+01 -0.5608526E+02  0.8170287E+03  0.2488341E+07
-0.5460411E+01 -0.4650135E+02  0.3000578E+05 -0.5314050E+07
-0.5448680E+01  0.3054726E+03 -0.3232911E+05  0.2946444E+07
-0.5436950E+01 -0.7375453E+02  0.2233282E+04  0.1152236E+08
-0.5425220E+01 -0.4755768E+02  0.1373930E+06 -0.2270640E+08
-0.5413490E+01  0.1564090E+04 -0.1289578E+06  0.1012079E+08
-0.5401760E+01  0.5138819E+02 -0.1023890E+05  0.1207941E+07
-0.5390029E+01 -0.6871619E+02  0.3930494E+04  0.1168377E+06
-0.5378299E+01 -0.2261068E+02  0.5301025E+04 -0.1298108E+07
-0.5366569E+01  0.3957143E+02 -0.9926051E+04  0.1194842E+08
-0.5354839E+01 -0.7686319E+02  0.1302314E+06 -0.2190054E+08
-0.5343109E+01  0.1450778E+04 -0.1266665E+06  0.1318056E+08
-0.5331378E+01 -0.3504610E+02  0.2794416E+05 -0.4827053E+07
-0.5319648E+01  0.2927446E+03 -0.2867817E+05  0.2277601E+07
-0.5307918E+01 -0.4365625E+02 -0.1961447E+04  0.1194278E+07
-0.5296188E+01 -0.6666443E+02  0.1204768E+05  0.4343173E+06
-0.5284457E+01  0.7465732E+02  0.1714231E+05 -0.3791109E+07
-0.5272727E+01  0.2757401E+03 -0.2732818E+05  0.2964113E+07
-0.5260997E+01 -0.4482502E+02  0.7441479E+04 -0.1458673E+07
-0.5249267E+01  0.4246505E+02 -0.9669060E+04  0.3455516E+07
-0.5237537E+01 -0.7095500E+02  0.3086485E+05 -0.3910881E+07
-0.5225806E+01  0.2910961E+03 -0.1501058E+05  0.4676173E+06
-0.5214076E+01  0.1150188E+03 -0.9525335E+04  0.4475842E+06
-0.5202346E+01  0.3284706E+01 -0.4275081E+04  0.7328947E+06
-0.5190616E+01 -0.4686287E+02  0.4321924E+04 -0.6120141E+06
-0.5178886E+01  0.3834190E+01 -0.2857127E+04  0.1369919E+07
-0.5167155E+01 -0.2968050E+02  0.1321230E+05 -0.1758671E+07
-0.5155425E+01  0.1253025E+03 -0.7417265E+04  0.5389777E+06
-0.5143695E+01  0.3829649E+02 -0.1094947E+04 -0.6760049E+06
-0.5131965E+01  0.2545255E+02 -0.9024623E+04  0.2531828E+07
-0.5120235E+01 -0.8040813E+02  0.2067424E+05  0.4516875E+06
-0.5108504E+01  0.1621050E+03  0.2597263E+05 -0.5790158E+07
-0.5096774E+01  0.4667693E+03 -0.4194711E+05  0.3967434E+07
-0.5085044E+01 -0.2527887E+02  0.4591711E+04 -0.7163827E+06
-0.5073314E+01  0.2858284E+02 -0.3811606E+04 -0.1591718E+06
-0.5061584E+01 -0.1612807E+02 -0.5678724E+04  0.2166325E+08
-0.5049853E+01 -0.8274067E+02  0.2484356E+06 -0.4097808E+08
-0.5038123E+01  0.2831460E+04 -0.2322457E+06  0.1894639E+08
-0.5026393E+01  0.1071705E+03 -0.1000064E+05  0.4413491E+06
-0.5014663E+01 -0.1013909E+02 -0.4823526E+04  0.1107648E+07
-0.5002933E+01 -0.6672004E+02  0.8169417E+04 -0.7922063E+06
-0.4991202E+01  0.2910890E+02 -0.1123326E+04 -0.6387389E+06
-0.4979472E+01  0.1593206E+02 -0.8615864E+04  0.2746281E+08
-0.4967742E+01 -0.8513380E+02  0.3135286E+06 -0.2596531E+08
-0.4956012E+01  0.3592621E+04  0.8950137E+04 -0.2803194E+08
-0.4944282E+01  0.3697608E+04 -0.3198703E+06  0.2830732E+08
-0.4932551E+01 -0.5453646E+02  0.1218044E+05 -0.2037636E+07
-0.4920821E+01  0.8834255E+02 -0.1172145E+05  0.2404712E+07
-0.4909091E+01 -0.4915243E+02  0.1648632E+05 -0.2874400E+07
-0.4897361E+01  0.1442355E+03 -0.1723097E+05  0.2692306E+07
-0.4885630E+01 -0.5788734E+02  0.1435033E+05 -0.2185765E+07
-0.4873900E+01  0.1104449E+03 -0.1128915E+05  0.6875526E+06
-0.4862170E+01 -0.2197907E+02 -0.3224015E+04  0.3213580E+07
-0.4850440E+01 -0.5979742E+02  0.3447194E+05 -0.5965781E+07
-0.4838710E+01  0.3445655E+03 -0.3550789E+05  0.3553591E+07
-0.4826979E+01 -0.7194939E+02  0.6176459E+04  0.1846690E+07
-0.4815249E+01  0.5017451E+00  0.2783851E+05 -0.5212825E+07
-0.4803519E+01  0.3270532E+03 -0.3330900E+05  0.4406601E+07
-0.4791789E+01 -0.6366818E+02  0.1838134E+05 -0.2406471E+07
-0.4780059E+01  0.1519487E+03 -0.9847057E+04  0.5769795E+06
-0.4768328E+01  0.3644071E+02 -0.3078968E+04 -0.8092371E+05
-0.4756598E+01  0.3237816E+00 -0.4028220E+04  0.1010273E+07
-0.4744868E+01 -0.4692806E+02  0.7822484E+04 -0.8314318E+06
-0.4733138E+01  0.4483128E+02 -0.1930381E+04 -0.3601325E+06
-0.4721408E+01  0.2218751E+02 -0.6154809E+04  0.7929749E+06
-0.4709677E+01 -0.5000967E+02  0.3146949E+04 -0.7334844E+05
-0.4697947E+01 -0.1309531E+02  0.2286557E+04  0.3041139E+07
-0.4686217E+01  0.1372647E+02  0.3795974E+05 -0.7158409E+07
-0.4674487E+01  0.4590020E+03 -0.4600987E+05  0.6219861E+07
-0.4662757E+01 -0.8070321E+02  0.2695038E+05 -0.3884629E+07
-0.4651026E+01  0.2354303E+03 -0.1861712E+05  0.1777521E+07
-0.4639296E+01  0.1704772E+02  0.2233566E+04  0.4388504E+06
-0.4627566E+01  0.4324791E+02  0.7381372E+04 -0.2142530E+07
-0.4615836E+01  0.1298329E+03 -0.1775095E+05  0.7101713E+07
-0.4604106E+01 -0.7838931E+02  0.6555360E+05 -0.1122191E+08
-0.4592375E+01  0.6905679E+03 -0.6608174E+05  0.5055928E+08
-0.4580645E+01 -0.8458445E+02  0.5269890E+06 -0.8744688E+08
-0.4568915E+01  0.6097104E+04 -0.4987809E+06  0.4019655E+08
-0.4557185E+01  0.2463021E+03 -0.2726708E+05  0.3862669E+07
-0.4545455E+01 -0.7354632E+02  0.1804282E+05 -0.2711296E+07
-0.4533724E+01  0.1380997E+03 -0.1376124E+05  0.2212920E+07
-0.4521994E+01 -0.2332250E+02  0.1219676E+05 -0.2403093E+07
-0.4510264E+01  0.1197480E+03 -0.1599201E+05  0.1889688E+07
-0.4498534E+01 -0.6784148E+02  0.6174424E+04  0.1467721E+07
-0.4486804E+01  0.4585773E+01  0.2339109E+05 -0.3805774E+07
-0.4475073E+01  0.2789681E+03 -0.2125141E+05  0.1068975E+07
-0.4463343E+01  0.2968465E+02 -0.8712123E+04  0.1349470E+07
-0.4451613E+01 -0.7251034E+02  0.7117438E+04 -0.7121717E+06
-0.4439883E+01  0.1097867E+02 -0.1236482E+04  0.1548393E+06
-0.4428152E+01 -0.3525510E+01  0.5798157E+03 -0.5217809E+06
-0.4416422E+01  0.3275847E+01 -0.5540781E+04  0.2006679E+07
-0.4404692E+01 -0.6171865E+02  0.1799798E+05  0.9716234E+06
-0.4392962E+01  0.1494013E+03  0.2939532E+05 -0.5806271E+07
-0.4381232E+01  0.4942145E+03 -0.3871343E+05  0.2550149E+07
-0.4369501E+01  0.4009808E+02 -0.8799654E+04  0.1567553E+07
-0.4357771E+01 -0.6312367E+02  0.9588063E+04 -0.6354474E+06
-0.4346041E+01  0.4934627E+02  0.2134134E+04 -0.7867696E+06
-0.4334311E+01  0.7438011E+02 -0.7094834E+04  0.1763136E+06
-0.4322581E+01 -0.8843757E+01 -0.5026640E+04  0.2714548E+07
-0.4310850E+01 -0.6780728E+02  0.2681557E+05 -0.4511282E+07
-0.4299120E+01  0.2467448E+03 -0.2610269E+05  0.2818784E+07
-0.4287390E+01 -0.5944515E+02  0.6962224E+04 -0.4593855E+06
-0.4275660E+01  0.2222317E+02  0.1573538E+04 -0.1386908E+06
-0.4263930E+01  0.4068109E+02 -0.5333378E+02 -0.3803582E+06
-0.4252199E+01  0.4005547E+02 -0.4515014E+04  0.2426615E+06
-0.4240469E+01 -0.1290656E+02 -0.1668545E+04  0.2428052E+07
-0.4228739E+01 -0.3247893E+02  0.2681300E+05 -0.4479267E+07
-0.4217009E+01  0.2820431E+03 -0.2572971E+05  0.2343265E+07
-0.4205279E+01 -0.1977169E+02  0.1757265E+04 -0.1113864E+06
-0.4193548E+01  0.8413818E+00  0.4506797E+03 -0.2811094E+06
-0.4181818E+01  0.6127947E+01 -0.2846791E+04  0.2718050E+06
-0.4170088E+01 -0.2726550E+02  0.3415377E+03 -0.3853150E+06
-0.4158358E+01 -0.2325919E+02 -0.4178286E+04  0.2356328E+07
-0.4146628E+01 -0.7227134E+02  0.2346192E+05 -0.2050061E+07
-0.4134897E+01  0.2029418E+03 -0.5857122E+03 -0.1583725E+07
-0.4123167E+01  0.1960713E+03 -0.1916313E+05  0.1755298E+07
-0.4111437E+01 -0.2871620E+02  0.1426871E+04  0.2929977E+06
-0.4099707E+01 -0.1197871E+02  0.4863794E+04 -0.9496867E+06
-0.4087977E+01  0.4507460E+02 -0.6276225E+04  0.2402521E+06
-0.4076246E+01 -0.2854681E+02 -0.3458019E+04  0.2254926E+07
-0.4064516E+01 -0.6911008E+02  0.2299273E+05 -0.3126626E+07
-0.4052786E+01  0.2005993E+03 -0.1368324E+05  0.4363772E+06
-0.4041056E+01  0.4009212E+02 -0.8564443E+04  0.3864208E+07
-0.4029326E+01 -0.6037055E+02  0.3676351E+05 -0.5849272E+07
-0.4017595E+01  0.3708730E+03 -0.3184965E+05  0.2717166E+07
-0.4005865E+01 -0.2729900E+01  0.2326413E+02  0.3272475E+06
-0.3994135E+01 -0.2457007E+01  0.3861944E+04 -0.4849876E+06
-0.3982405E+01  0.4284439E+02 -0.1827059E+04 -0.4223597E+05
-0.3970674E+01  0.2141261E+02 -0.2322496E+04  0.5279529E+05
-0.3958944E+01 -0.5830741E+01 -0.1703196E+04  0.4233690E+06
-0.3947214E+01 -0.2580958E+02  0.3263009E+04 -0.6440514E+06
-0.3935484E+01  0.1246618E+02 -0.4291847E+04  0.7511601E+05
-0.3923754E+01 -0.3787806E+02 -0.3410720E+04  0.1469472E+07
-0.3912023E+01 -0.7788651E+02  0.1382648E+05  0.4544161E+06
-0.3900293E+01  0.8430098E+02  0.1915688E+05 -0.3891102E+07
-0.3888563E+01  0.3090151E+03 -0.2648654E+05  0.3236213E+07
-0.3876833E+01 -0.1677476E+01  0.1147490E+05 -0.2268880E+07
-0.3865103E+01  0.1329255E+03 -0.1513953E+05  0.1176729E+07
-0.3853372E+01 -0.4466432E+02 -0.1336254E+04  0.1854728E+07
-0.3841642E+01 -0.6033885E+02  0.2042008E+05 -0.3658820E+07
-0.3829912E+01  0.1791929E+03 -0.2249862E+05  0.1890916E+09
-0.3818182E+01 -0.8472055E+02  0.2195585E+07 -0.3740084E+09
-0.3806452E+01  0.2566994E+05 -0.2191610E+07  0.1875135E+09
-0.3794721E+01 -0.3808674E+02  0.7961995E+04 -0.5756735E+06
-0.3782991E+01  0.5530909E+02  0.1209226E+04 -0.6501976E+06
-0.3771261E+01  0.6949356E+02 -0.6417725E+04 -0.1056471E+04
-0.3759531E+01 -0.5787666E+01 -0.6430118E+04  0.1971610E+08
-0.3747801E+01 -0.8121427E+02  0.2248438E+06 -0.3795665E+08
-0.3736070E+01  0.2556249E+04 -0.2203956E+06  0.1867668E+08
-0.3724340E+01 -0.2903636E+02 -0.1314252E+04  0.4156985E+04
-0.3712610E+01 -0.4445280E+02 -0.1265489E+04  0.1762097E+07
-0.3700880E+01 -0.5929725E+02  0.1940427E+05 -0.1063096E+07
-0.3689150E+01  0.1683188E+03  0.6933932E+04 -0.2428572E+07
-0.3677419E+01  0.2496553E+03 -0.2155372E+05  0.1876277E+07
-0.3665689E+01 -0.3174270E+01  0.4553973E+03 -0.2363074E+06
-0.3653959E+01  0.2167634E+01 -0.2316537E+04  0.3816574E+06
-0.3642229E+01 -0.2500583E+02  0.2160382E+04 -0.4819512E+06
-0.3630499E+01  0.3359038E+00 -0.3493005E+04  0.2045980E+06
-0.3618768E+01 -0.4063776E+02 -0.1093028E+04  0.2562528E+06
-0.3607038E+01 -0.5345920E+02  0.1912870E+04 -0.5025090E+05
-0.3595308E+01 -0.3102085E+02  0.1323416E+04  0.5244144E+07
-0.3583578E+01 -0.1549690E+02  0.6283830E+05 -0.1051259E+08
-0.3571848E+01  0.7216093E+03 -0.6047658E+05  0.5111978E+07
-0.3560117E+01  0.1220656E+02 -0.5120252E+03 -0.1416514E+05
-0.3548387E+01  0.6200401E+01 -0.6781852E+03 -0.2587500E+06
-0.3536657E+01 -0.1754851E+01 -0.3713375E+04  0.6329575E+06
-0.3524927E+01 -0.4531351E+02  0.3711346E+04 -0.3457720E+06
-0.3513196E+01 -0.1778654E+01 -0.3446305E+03 -0.5252022E+06
-0.3501466E+01 -0.5821241E+01 -0.6505360E+04  0.3493241E+07
-0.3489736E+01 -0.8213045E+02  0.3447107E+05 -0.3297214E+07
-0.3478006E+01  0.3222223E+03 -0.4205933E+04 -0.1749449E+07
-0.3466276E+01  0.2728858E+03 -0.2472733E+05  0.3083023E+07
-0.3454545E+01 -0.1717080E+02  0.1143717E+05 -0.1524808E+07
-0.3442815E+01  0.1169896E+03 -0.6449141E+04 -0.3623081E+05
-0.3431085E+01  0.4133981E+02 -0.6874136E+04  0.1466016E+07
-0.3419355E+01 -0.3929522E+02  0.1032254E+05 -0.1872686E+07
-0.3407625E+01  0.8179024E+02 -0.1164446E+05  0.2642678E+07
-0.3395894E+01 -0.5480163E+02  0.1935469E+05 -0.2946875E+07
-0.3384164E+01  0.1722329E+03 -0.1521276E+05  0.1169125E+07
-0.3372434E+01 -0.6215884E+01 -0.1498686E+04  0.5364009E+06
-0.3360704E+01 -0.2379578E+02  0.4793406E+04 -0.1188138E+07
-0.3348974E+01  0.3243186E+02 -0.9143697E+04  0.1799118E+07
-0.3337243E+01 -0.7482559E+02  0.1196033E+05 -0.1747097E+07
-0.3325513E+01  0.6547156E+02 -0.8533472E+04  0.1560021E+07
-0.3313783E+01 -0.3462782E+02  0.9765900E+04 -0.8599776E+06
-0.3302053E+01  0.7992820E+02 -0.3218139E+03 -0.2880120E+06
-0.3290323E+01  0.7615325E+02 -0.3700254E+04  0.7873514E+06
-0.3278592E+01  0.3274852E+02  0.5535540E+04 -0.1351317E+07
-0.3266862E+01  0.9768154E+02 -0.1031568E+05  0.1132352E+07
-0.3255132E+01 -0.2332353E+02  0.2967036E+04 -0.1945228E+06
-0.3243402E+01  0.1148041E+02  0.6852435E+03 -0.2981078E+06
-0.3231672E+01  0.1951846E+02 -0.2811622E+04  0.3971064E+06
-0.3219941E+01 -0.1346244E+02  0.1846518E+04 -0.3097114E+06
-0.3208211E+01  0.8197601E+01 -0.1786460E+04 -0.9720432E+05
-0.3196481E+01 -0.1275795E+02 -0.2926687E+04  0.2050225E+06
-0.3184751E+01 -0.4708859E+02 -0.5217306E+03  0.1128673E+07
-0.3173021E+01 -0.5320859E+02  0.1271784E+05 -0.2113842E+07
-0.3161290E+01  0.9597424E+02 -0.1207796E+05  0.1402523E+07
-0.3149560E+01 -0.4570274E+02  0.4373917E+04  0.1360262E+07
-0.3137830E+01  0.5604196E+01  0.2033007E+05 -0.2902960E+07
-0.3126100E+01  0.2440801E+03 -0.1372224E+05  0.7498073E+06
-0.3114370E+01  0.8311540E+02 -0.4926849E+04  0.8179183E+05
-0.3102639E+01  0.2532245E+02 -0.3967414E+04  0.3356428E+06
-0.3090909E+01 -0.2121613E+02 -0.3025523E+02  0.9230909E+06
-0.3079179E+01 -0.2157103E+02  0.1079779E+05 -0.1830389E+07
-0.3067449E+01  0.1050893E+03 -0.1067304E+05  0.8926934E+06
-0.3055718E+01 -0.2010774E+02 -0.2015680E+03  0.2430577E+06
-0.3043988E+01 -0.2247217E+02  0.2649548E+04 -0.4679985E+06
-0.3032258E+01  0.8607571E+01 -0.2840170E+04  0.1269767E+06
-0.3020528E+01 -0.2470821E+02 -0.1350708E+04 -0.9305738E+05
-0.3008798E+01 -0.4055230E+02 -0.2442290E+04  0.1027627E+07
-0.2997067E+01 -0.6920086E+02  0.9611980E+04 -0.1539433E+06
-0.2985337E+01  0.4354964E+02  0.7806193E+04 -0.1359136E+07
-0.2973607E+01  0.1351179E+03 -0.8136752E+04 -0.7159979E+05
-0.2961877E+01  0.3967212E+02 -0.8976632E+04  0.1146315E+07
-0.2950147E+01 -0.6562562E+02  0.4469875E+04  0.8609501E+06
-0.2938416E+01 -0.1319307E+02  0.1456900E+05 -0.1919875E+07
-0.2926686E+01  0.1577042E+03 -0.7951533E+04  0.1312059E+06
-0.2914956E+01  0.6443113E+02 -0.6412461E+04  0.1612372E+05
-0.2903226E+01 -0.1078835E+02 -0.6223327E+04  0.1293966E+08
-0.2891496E+01 -0.8378925E+02  0.1455615E+06 -0.2388310E+08
-0.2879765E+01  0.1623677E+04 -0.1345921E+06  0.1229141E+08
-0.2868035E+01  0.4488374E+02  0.9588635E+04 -0.1990268E+07
-0.2856305E+01  0.1573604E+03 -0.1375762E+05  0.2451938E+07
-0.2844575E+01 -0.4019331E+01  0.1500412E+05 -0.2537853E+07
-0.2832845E+01  0.1719820E+03 -0.1476542E+05  0.7790736E+06
-0.2821114E+01 -0.1219388E+01 -0.5626727E+04  0.2935517E+07
-0.2809384E+01 -0.6722205E+02  0.2880749E+05 -0.4322315E+07
-0.2797654E+01  0.2706957E+03 -0.2189415E+05  0.1586317E+07
-0.2785924E+01  0.1387287E+02 -0.3286323E+04  0.4268569E+06
-0.2774194E+01 -0.2467638E+02  0.1720796E+04  0.2954182E+06
-0.2762463E+01 -0.4491089E+01  0.5186112E+04 -0.9574669E+06
-0.2750733E+01  0.5634307E+02 -0.6045172E+04  0.5758123E+06
-0.2739003E+01 -0.1456803E+02  0.7092250E+03  0.3513482E+06
-0.2727273E+01 -0.6248677E+01  0.4830612E+04 -0.1262802E+07
-0.2715543E+01  0.5041539E+02 -0.9982311E+04  0.3602322E+07
-0.2703812E+01 -0.6667916E+02  0.3227366E+05 -0.5350949E+07
-0.2692082E+01  0.3118975E+03 -0.3049407E+05  0.3743210E+07
-0.2680352E+01 -0.4580423E+02  0.1341455E+05 -0.2498764E+07
-0.2668622E+01  0.1115512E+03 -0.1589647E+05  0.6750469E+07
-0.2656891E+01 -0.7491758E+02  0.6328792E+05 -0.1059561E+08
-0.2645161E+01  0.6674627E+03 -0.6100072E+05  0.6960679E+07
-0.2633431E+01 -0.4808823E+02  0.2064947E+05 -0.3646424E+07
-0.2621701E+01  0.1941343E+03 -0.2212383E+05  0.3810418E+07
-0.2609971E+01 -0.6538276E+02  0.2257315E+05 -0.3265779E+07
-0.2598240E+01  0.1994050E+03 -0.1573511E+05  0.9479564E+06
-0.2586510E+01  0.1482895E+02 -0.4615382E+04  0.3015837E+06
-0.2574780E+01 -0.3931043E+02 -0.1077743E+04  0.7732233E+06
-0.2563050E+01 -0.5195258E+02  0.7992325E+04 -0.1075210E+07
-0.2551320E+01  0.4179903E+02 -0.4620107E+04  0.1095952E+07
-0.2539589E+01 -0.1239577E+02  0.8235640E+04 -0.1862893E+07
-0.2527859E+01  0.8420997E+02 -0.1361648E+05  0.6610100E+07
-0.2516129E+01 -0.7551409E+02  0.6392136E+05 -0.1061821E+08
-0.2504399E+01  0.6742966E+03 -0.6063247E+05  0.5196096E+07
-0.2492669E+01 -0.3693472E+02  0.3188059E+03  0.3093122E+06
-0.2480938E+01 -0.3319506E+02  0.3947101E+04 -0.7213245E+06
-0.2469208E+01  0.1310525E+02 -0.4514184E+04  0.2492526E+07
-0.2457478E+01 -0.3984705E+02  0.2472365E+05 -0.4379939E+07
-0.2445748E+01  0.2501665E+03 -0.2665393E+05  0.2111631E+07
-0.2434018E+01 -0.6248957E+02 -0.1884063E+04  0.4882977E+09
-0.2422287E+01 -0.8459002E+02  0.5725948E+07 -0.9760436E+09
-0.2410557E+01  0.6708196E+05 -0.5723244E+07  0.4884081E+09
-0.2398827E+01 -0.5286550E+02  0.5883618E+04 -0.2385178E+06
-0.2387097E+01  0.1615055E+02  0.3085754E+04 -0.1206711E+07
-0.2375367E+01  0.5234708E+02 -0.1106921E+05  0.1321844E+08
-0.2363636E+01 -0.7749700E+02  0.1439858E+06 -0.2444156E+08
-0.2351906E+01  0.1611486E+04 -0.1427187E+06  0.1345059E+08
-0.2340176E+01 -0.6263424E+02  0.1505944E+05 -0.2429376E+07
-0.2328446E+01  0.1140161E+03 -0.1343764E+05  0.2561664E+07
-0.2316716E+01 -0.4361022E+02  0.1661120E+05 -0.2789724E+07
-0.2304985E+01  0.1512426E+03 -0.1611283E+05  0.1799652E+07
-0.2293255E+01 -0.3776421E+02  0.4997451E+04 -0.7709176E+06
-0.2281525E+01  0.2085692E+02 -0.4045571E+04  0.7782468E+06
-0.2269795E+01 -0.2659846E+02  0.5083424E+04 -0.4007581E+06
-0.2258065E+01  0.3303115E+02  0.3824492E+03 -0.3092459E+06
-0.2246334E+01  0.3751736E+02 -0.3245069E+04  0.7768937E+05
-0.2234604E+01 -0.5479641E+00 -0.2333756E+04  0.4946888E+06
-0.2222874E+01 -0.2792340E+02  0.3469045E+04 -0.9229476E+06
-0.2211144E+01  0.1276920E+02 -0.7357320E+04  0.3674527E+07
-0.2199413E+01 -0.7353367E+02  0.3574564E+05 -0.5436249E+07
-0.2187683E+01  0.3457700E+03 -0.2802268E+05  0.1670699E+07
-0.2175953E+01  0.1705818E+02 -0.8425034E+04  0.1679559E+07
-0.2164223E+01 -0.8176919E+02  0.1127654E+05  0.2045156E+08
-0.2152493E+01  0.5050693E+02  0.2511775E+06 -0.4298712E+08
-0.2140762E+01  0.2996870E+04 -0.2530702E+06  0.2114216E+08
-0.2129032E+01  0.2830462E+02 -0.5068379E+04  0.9278495E+06
-0.2117302E+01 -0.3114851E+02  0.5815486E+04 -0.8196255E+06
-0.2105572E+01  0.3706833E+02 -0.3798890E+04 -0.1363946E+06
-0.2093842E+01 -0.7493429E+01 -0.5398826E+04  0.1749745E+07
-0.2082111E+01 -0.7082277E+02  0.1512604E+05 -0.2460202E+07
-0.2070381E+01  0.1066088E+03 -0.1373263E+05  0.3481063E+07
-0.2058651E+01 -0.5447779E+02  0.2710095E+05 -0.4369599E+07
-0.2046921E+01  0.2634219E+03 -0.2415534E+05  0.2343859E+07
-0.2035191E+01 -0.1992520E+02  0.3338606E+04  0.1893050E+06
-0.2023460E+01  0.1923734E+02  0.5559193E+04 -0.1450223E+07
-0.2011730E+01  0.8444781E+02 -0.1145222E+05  0.1196465E+07
-0.2000000E+01 -0.4988910E+02  0.2582560E+04 -0.3746310E+06
-0.1988270E+01 -0.1959515E+02 -0.1811939E+04  0.2649458E+06
-0.1976540E+01 -0.4084956E+02  0.1295930E+04  0.2330364E+06
-0.1964809E+01 -0.2564803E+02  0.4029495E+04 -0.1369978E+05
-0.1953079E+01  0.2161878E+02  0.3868794E+04 -0.1411631E+07
-0.1941349E+01  0.6700053E+02 -0.1268992E+05  0.1695234E+08
-0.1929619E+01 -0.8185486E+02  0.1861646E+06 -0.3099479E+08
-0.1917889E+01  0.2101894E+04 -0.1774107E+06  0.1540968E+08
-0.1906158E+01  0.2082960E+02  0.3348016E+04 -0.5544317E+06
-0.1894428E+01  0.6010251E+02 -0.3155582E+04 -0.5072838E+05
-0.1882698E+01  0.2308689E+02 -0.3750636E+04  0.2747825E+06
-0.1870968E+01 -0.2090884E+02 -0.5273806E+03  0.4319704E+06
-0.1859238E+01 -0.2709512E+02  0.4539721E+04  0.3561073E+06
-0.1847507E+01  0.2615674E+02  0.8716933E+04 -0.1840630E+07
-0.1835777E+01  0.1284082E+03 -0.1287403E+05  0.1178742E+07
-0.1824047E+01 -0.2260691E+02  0.9528462E+03 -0.4621569E+06
-0.1812317E+01 -0.1142983E+02 -0.4468350E+04  0.4512432E+07
-0.1800587E+01 -0.6384448E+02  0.4846340E+05 -0.7677163E+07
-0.1788856E+01  0.5046411E+03 -0.4159130E+05  0.3442776E+07
-0.1777126E+01  0.1676661E+02 -0.1206839E+04 -0.3672179E+05
-0.1765396E+01  0.2610141E+01 -0.1637593E+04  0.6035846E+06
-0.1753666E+01 -0.1659916E+02  0.5442577E+04 -0.9636437E+06
-0.1741935E+01  0.4724339E+02 -0.5861161E+04  0.4981671E+06
-0.1730205E+01 -0.2150923E+02 -0.1755898E+02 -0.3179864E+06
-0.1718475E+01 -0.2171520E+02 -0.3747605E+04  0.2990751E+07
-0.1706745E+01 -0.6567537E+02  0.3133452E+05 -0.5254770E+07
-0.1695015E+01  0.3018849E+03 -0.3030501E+05  0.2376437E+07
-0.1683284E+01 -0.5359904E+02 -0.2428913E+04  0.4311741E+08
-0.1671554E+01 -0.8209070E+02  0.5033471E+06 -0.8510810E+08
-0.1659824E+01  0.5822275E+04 -0.4949884E+06  0.4224960E+08
-0.1648094E+01  0.1595920E+02  0.6080720E+03 -0.3284862E+06
-0.1636364E+01  0.2309201E+02 -0.3245139E+04  0.1874273E+06
-0.1624633E+01 -0.1497413E+02 -0.1046578E+04 -0.2336032E+06
-0.1612903E+01 -0.2725070E+02 -0.3786791E+04  0.3802700E+07
-0.1601173E+01 -0.7167054E+02  0.4081966E+05 -0.6343918E+07
-0.1589443E+01  0.4071524E+03 -0.3359581E+05  0.2179737E+07
-0.1577713E+01  0.1306664E+02 -0.8027044E+04  0.2278476E+08
-0.1565982E+01 -0.8109222E+02  0.2592429E+06 -0.4373524E+08
-0.1554252E+01  0.2959880E+04 -0.2537805E+06  0.2154175E+08
-0.1542522E+01 -0.1701763E+02 -0.1091373E+04 -0.6118204E+05
-0.1530792E+01 -0.2981966E+02 -0.1809051E+04  0.4251197E+06
-0.1519062E+01 -0.5104020E+02  0.3177690E+04  0.4783049E+05
-0.1507331E+01 -0.1376524E+02  0.3738752E+04 -0.1150015E+07
-0.1495601E+01  0.3009108E+02 -0.9751157E+04  0.1396420E+09
-0.1483871E+01 -0.8429199E+02  0.1628279E+07 -0.2775435E+09
-0.1472141E+01  0.1901575E+05 -0.1627364E+07  0.1395543E+09
-0.1460411E+01 -0.7355906E+02  0.9637025E+04  0.7355384E+06
-0.1448680E+01  0.3948522E+02  0.1826504E+05 -0.3320504E+07
-0.1436950E+01  0.2537379E+03 -0.2068515E+05  0.3363244E+07
-0.1425220E+01  0.1109691E+02  0.1876639E+05 -0.2362541E+07
-0.1413490E+01  0.2312305E+03 -0.8946697E+04  0.4597212E+06
-0.1401760E+01  0.1262839E+03 -0.3554072E+04  0.3155350E+06
-0.1390029E+01  0.8459395E+02  0.1472186E+03 -0.8033760E+05
-0.1378299E+01  0.8632085E+02 -0.7951579E+03  0.5474850E+05
-0.1366569E+01  0.7699348E+02 -0.1529468E+03 -0.8230743E+04
-0.1354839E+01  0.7519939E+02 -0.2494951E+03  0.2204668E+05
-0.1343109E+01  0.7227276E+02  0.9117042E+01 -0.1465993E+05
-0.1331378E+01  0.7237970E+02 -0.1628469E+03  0.3554048E+04
-0.1319648E+01  0.7046948E+02 -0.1211572E+03 -0.3122573E+04
-0.1307918E+01  0.6904828E+02 -0.1577856E+03  0.3109340E+04
-0.1296188E+01  0.6719742E+02 -0.1213124E+03 -0.9759860E+02
-0.1284457E+01  0.6577440E+02 -0.1224573E+03  0.6575866E+03
-0.1272727E+01  0.6433795E+02 -0.1147436E+03 -0.2296363E+02
-0.1260997E+01  0.6299198E+02 -0.1150130E+03  0.3685093E+03
-0.1249267E+01  0.6164286E+02 -0.1106903E+03  0.1275367E+03
-0.1237537E+01  0.6034444E+02 -0.1091943E+03  0.2374774E+03
-0.1225806E+01  0.5906357E+02 -0.1064086E+03  0.1467986E+03
-0.1214076E+01  0.5781537E+02 -0.1046866E+03  0.2197870E+03
-0.1202346E+01  0.5658738E+02 -0.1021085E+03  0.1624952E+03
-0.1190616E+01  0.5538962E+02 -0.1002024E+03  0.1783461E+03
-0.1178886E+01  0.5421423E+02 -0.9811036E+02  0.1662018E+03
-0.1167155E+01  0.5306337E+02 -0.9616078E+02  0.1623116E+03
-0.1155425E+01  0.5193539E+02 -0.9425683E+02  0.1579302E+03
-0.1143695E+01  0.5082974E+02 -0.9240427E+02  0.1560549E+03
-0.1131965E+01  0.4974581E+02 -0.9057372E+02  0.1516740E+03
-0.1120235E+01  0.4868337E+02 -0.8879455E+02  0.1482107E+03
-0.1108504E+01  0.4764179E+02 -0.8705601E+02  0.1442379E+03
-0.1096774E+01  0.4662060E+02 -0.8536407E+02  0.1408682E+03
-0.1085044E+01  0.4561926E+02 -0.8371166E+02  0.1372954E+03
-0.1073314E+01  0.4463731E+02 -0.8210115E+02  0.1343376E+03
-0.1061584E+01  0.4367425E+02 -0.8052535E+02  0.1310175E+03
-0.1049853E+01  0.4272967E+02 -0.7898848E+02  0.1279873E+03
-0.1038123E+01  0.4180312E+02 -0.7748717E+02  0.1249858E+03
-0.1026393E+01  0.4089418E+02 -0.7602106E+02  0.1220845E+03
-0.1014663E+01  0.4000243E+02 -0.7458898E+02  0.1192618E+03
-0.1002933E+01  0.3912749E+02 -0.7319002E+02  0.1165186E+03
-0.9912023E+00  0.3826896E+02 -0.7182323E+02  0.1138400E+03
-0.9794721E+00  0.3742645E+02 -0.7048786E+02  0.1112540E+03
-0.9677419E+00  0.3659962E+02 -0.6918283E+02  0.1087266E+03
-0.9560117E+00  0.3578809E+02 -0.6790744E+02  0.1062766E+03
-0.9442815E+00  0.3499152E+02 -0.6666080E+02  0.1038897E+03
-0.9325513E+00  0.3420958E+02 -0.6544215E+02  0.1015684E+03
-0.9208211E+00  0.3344193E+02 -0.6425073E+02  0.9930776E+02
-0.9090909E+00  0.3268825E+02 -0.6308583E+02  0.9711062E+02
-0.8973607E+00  0.3194824E+02 -0.6194670E+02  0.9497069E+02
-0.8856305E+00  0.3122159E+02 -0.6083268E+02  0.9288851E+02
-0.8739003E+00  0.3050801E+02 -0.5974308E+02  0.9086115E+02
-0.8621701E+00  0.2980722E+02 -0.5867726E+02  0.8888760E+02
-0.8504399E+00  0.2911892E+02 -0.5763459E+02  0.8696558E+02
-0.8387097E+00  0.2844285E+02 -0.5661446E+02  0.8509407E+02
-0.8269795E+00  0.2777875E+02 -0.5561629E+02  0.8327116E+02
-0.8152493E+00  0.2712636E+02 -0.5463950E+02  0.8149550E+02
-0.8035191E+00  0.2648543E+02 -0.5368354E+02  0.7976553E+02
-0.7917889E+00  0.2585571E+02 -0.5274788E+02  0.7808010E+02
-0.7800587E+00  0.2523697E+02 -0.5183198E+02  0.7643762E+02
-0.7683284E+00  0.2462897E+02 -0.5093535E+02  0.7483695E+02
-0.7565982E+00  0.2403149E+02 -0.5005750E+02  0.7327679E+02
-0.7448680E+00  0.2344430E+02 -0.4919795E+02  0.7175597E+02
-0.7331378E+00  0.2286720E+02 -0.4835624E+02  0.7027328E+02
-0.7214076E+00  0.2229997E+02 -0.4753192E+02  0.6882764E+02
-0.7096774E+00  0.2174241E+02 -0.4672455E+02  0.6741792E+02
-0.6979472E+00  0.2119432E+02 -0.4593373E+02  0.6604310E+02
-0.6862170E+00  0.2065551E+02 -0.4515903E+02  0.6470215E+02
-0.6744868E+00  0.2012579E+02 -0.4440006E+02  0.6339409E+02
-0.6627566E+00  0.1960497E+02 -0.4365643E+02  0.6211797E+02
-0.6510264E+00  0.1909287E+02 -0.4292778E+02  0.6087288E+02
-0.6392962E+00  0.1858932E+02 -0.4221373E+02  0.5965792E+02
-0.6275660E+00  0.1809414E+02 -0.4151393E+02  0.5847225E+02
-0.6158358E+00  0.1760717E+02 -0.4082804E+02  0.5731501E+02
-0.6041056E+00  0.1712825E+02 -0.4015572E+02  0.5618542E+02
-0.5923754E+00  0.1665722E+02 -0.3949665E+02  0.5508269E+02
-0.5806452E+00  0.1619391E+02 -0.3885052E+02  0.5400607E+02
-0.5689150E+00  0.1573819E+02 -0.3821702E+02  0.5295483E+02
-0.5571848E+00  0.1528989E+02 -0.3759585E+02  0.5192827E+02
-0.5454545E+00  0.1484889E+02 -0.3698672E+02  0.5092569E+02
-0.5337243E+00  0.1441503E+02 -0.3638935E+02  0.4994645E+02
-0.5219941E+00  0.1398817E+02 -0.3580347E+02  0.4898990E+02
-0.5102639E+00  0.1356819E+02 -0.3522881E+02  0.4805542E+02
-0.4985337E+00  0.1315495E+02 -0.3466511E+02  0.4714240E+02
-0.4868035E+00  0.1274832E+02 -0.3411212E+02  0.4625027E+02
-0.4750733E+00  0.1234818E+02 -0.3356959E+02  0.4537846E+02
-0.4633431E+00  0.1195440E+02 -0.3303729E+02  0.4452642E+02
-0.4516129E+00  0.1156686E+02 -0.3251499E+02  0.4369363E+02
-0.4398827E+00  0.1118546E+02 -0.3200245E+02  0.4287957E+02
-0.4281525E+00  0.1081006E+02 -0.3149947E+02  0.4208374E+02
-0.4164223E+00  0.1044057E+02 -0.3100582E+02  0.4130567E+02
-0.4046921E+00  0.1007686E+02 -0.3052129E+02  0.4054487E+02
-0.3929619E+00  0.9718841E+01 -0.3004569E+02  0.3980090E+02
-0.3812317E+00  0.9366399E+01 -0.2957882E+02  0.3907332E+02
-0.3695015E+00  0.9019433E+01 -0.2912048E+02  0.3836170E+02
-0.3577713E+00  0.8677844E+01 -0.2867049E+02  0.3766563E+02
-0.3460411E+00  0.8341533E+01 -0.2822866E+02  0.3698470E+02
-0.3343109E+00  0.8010405E+01 -0.2779483E+02  0.3631853E+02
-0.3225806E+00  0.7684366E+01 -0.2736880E+02  0.3566673E+02
-0.3108504E+00  0.7363325E+01 -0.2695042E+02  0.3502894E+02
-0.2991202E+00  0.7047191E+01 -0.2653953E+02  0.3440480E+02
-0.2873900E+00  0.6735876E+01 -0.2613595E+02  0.3379397E+02
-0.2756598E+00  0.6429296E+01 -0.2573954E+02  0.3319611E+02
-0.2639296E+00  0.6127366E+01 -0.2535015E+02  0.3261090E+02
-0.2521994E+00  0.5830004E+01 -0.2496761E+02  0.3203801E+02
-0.2404692E+00  0.5537129E+01 -0.2459180E+02  0.3147715E+02
-0.2287390E+00  0.5248662E+01 -0.2422257E+02  0.3092800E+02
-0.2170088E+00  0.4964526E+01 -0.2385978E+02  0.3039029E+02
-0.2052786E+00  0.4684646E+01 -0.2350329E+02  0.2986373E+02
-0.1935484E+00  0.4408948E+01 -0.2315298E+02  0.2934804E+02
-0.1818182E+00  0.4137358E+01 -0.2280872E+02  0.2884296E+02
-0.1700880E+00  0.3869807E+01 -0.2247039E+02  0.2834823E+02
-0.1583578E+00  0.3606225E+01 -0.2213786E+02  0.2786360E+02
-0.1466276E+00  0.3346543E+01 -0.2181101E+02  0.2738883E+02
-0.1348974E+00  0.3090696E+01 -0.2148974E+02  0.2692368E+02
-0.1231672E+00  0.2838617E+01 -0.2117392E+02  0.2646791E+02
-0.1114370E+00  0.2590242E+01 -0.2086344E+02  0.2602130E+02
-0.9970674E-01  0.2345510E+01 -0.2055821E+02  0.2558364E+02
-0.8797654E-01  0.2104358E+01 -0.2025811E+02  0.2515471E+02
-0.7624633E-01  0.1866726E+01 -0.1996304E+02  0.2473431E+02
-0.6451613E-01  0.1632556E+01 -0.1967290E+02  0.2432223E+02
-0.5278592E-01  0.1401788E+01 -0.1938759E+02  0.2391828E+02
-0.4105572E-01  0.1174368E+01 -0.1910703E+02  0.2352227E+02
-0.2932551E-01  0.9502386E+00 -0.1883111E+02  0.2313402E+02
-0.1759531E-01  0.7293459E+00 -0.1855974E+02  0.2275334E+02
-0.5865103E-02  0.5116363E+00 -0.1829284E+02  0.2238006E+02
 0.5865103E-02  0.2970576E+00 -0.1803032E+02  0.2201400E+02
 0.1759531E-01  0.8555826E-01 -0.1777209E+02  0.2165502E+02
 0.2932551E-01 -0.1229120E+00 -0.1751807E+02  0.2130293E+02
 0.4105572E-01 -0.3284025E+00 -0.1726818E+02  0.2095759E+02
 0.5278592E-01 -0.5309618E+00 -0.1702234E+02  0.2061884E+02
 0.6451613E-01 -0.7306374E+00 -0.1678048E+02  0.2028653E+02
 0.7624633E-01 -0.9274759E+00 -0.1654252E+02  0.1996052E+02
 0.8797654E-01 -0.1121523E+01 -0.1630837E+02  0.1964067E+02
 0.9970674E-01 -0.1312824E+01 -0.1607799E+02  0.1932683E+02
 0.1114370E+00 -0.1501422E+01 -0.1585128E+02  0.1901888E+02
 0.1231672E+00 -0.1687360E+01 -0.1562818E+02  0.1871669E+02
 0.1348974E+00 -0.1870682E+01 -0.1540863E+02  0.1842012E+02
 0.1466276E+00 -0.2051429E+01 -0.1519256E+02  0.1812905E+02
 0.1583578E+00 -0.2229640E+01 -0.1497990E+02  0.1784337E+02
 0.1700880E+00 -0.2405358E+01 -0.1477060E+02  0.1756295E+02
 0.1818182E+00 -0.2578620E+01 -0.1456458E+02  0.1728768E+02
 0.1935484E+00 -0.2749465E+01 -0.1436179E+02  0.1701745E+02
 0.2052786E+00 -0.2917932E+01 -0.1416217E+02  0.1675215E+02
 0.2170088E+00 -0.3084057E+01 -0.1396567E+02  0.1649167E+02
 0.2287390E+00 -0.3247878E+01 -0.1377222E+02  0.1623591E+02
 0.2404692E+00 -0.3409428E+01 -0.1358177E+02  0.1598477E+02
 0.2521994E+00 -0.3568745E+01 -0.1339426E+02  0.1573814E+02
 0.2639296E+00 -0.3725863E+01 -0.1320965E+02  0.1549595E+02
 0.2756598E+00 -0.3880815E+01 -0.1302788E+02  0.1525808E+02
 0.2873900E+00 -0.4033634E+01 -0.1284890E+02  0.1502445E+02
 0.2991202E+00 -0.4184355E+01 -0.1267266E+02  0.1479497E+02
 0.3108504E+00 -0.4333008E+01 -0.1249911E+02  0.1456955E+02
 0.3225806E+00 -0.4479625E+01 -0.1232821E+02  0.1434811E+02
 0.3343109E+00 -0.4624237E+01 -0.1215990E+02  0.1413056E+02
 0.3460411E+00 -0.4766875E+01 -0.1199415E+02  0.1391683E+02
 0.3577713E+00 -0.4907569E+01 -0.1183090E+02  0.1370684E+02
 0.3695015E+00 -0.5046348E+01 -0.1167012E+02  0.1350050E+02
 0.3812317E+00 -0.5183241E+01 -0.1151175E+02  0.1329774E+02
 0.3929619E+00 -0.5318276E+01 -0.1135577E+02  0.1309850E+02
 0.4046921E+00 -0.5451481E+01 -0.1120212E+02  0.1290270E+02
 0.4164223E+00 -0.5582885E+01 -0.1105077E+02  0.1271026E+02
 0.4281525E+00 -0.5712512E+01 -0.1090167E+02  0.1252113E+02
 0.4398827E+00 -0.5840391E+01 -0.1075480E+02  0.1233522E+02
 0.4516129E+00 -0.5966547E+01 -0.1061010E+02  0.1215249E+02
 0.4633431E+00 -0.6091006E+01 -0.1046755E+02  0.1197287E+02
 0.4750733E+00 -0.6213792E+01 -0.1032711E+02  0.1179628E+02
 0.4868035E+00 -0.6334931E+01 -0.1018873E+02  0.1162269E+02
 0.4985337E+00 -0.6454447E+01 -0.1005240E+02  0.1145201E+02
 0.5102639E+00 -0.6572364E+01 -0.9918064E+01  0.1128420E+02
 0.5219941E+00 -0.6688705E+01 -0.9785698E+01  0.1111920E+02
 0.5337243E+00 -0.6803493E+01 -0.9655267E+01  0.1095696E+02
 0.5454545E+00 -0.6916751E+01 -0.9526740E+01  0.1079742E+02
 0.5571848E+00 -0.7028502E+01 -0.9400084E+01  0.1064052E+02
 0.5689150E+00 -0.7138767E+01 -0.9275268E+01  0.1048622E+02
 0.5806452E+00 -0.7247568E+01 -0.9152263E+01  0.1033447E+02
 0.5923754E+00 -0.7354926E+01 -0.9031037E+01  0.1018521E+02
 0.6041056E+00 -0.7460862E+01 -0.8911563E+01  0.1003841E+02
 0.6158358E+00 -0.7565396E+01 -0.8793810E+01  0.9894005E+01
 0.6275660E+00 -0.7668549E+01 -0.8677751E+01  0.9751958E+01
 0.6392962E+00 -0.7770341E+01 -0.8563359E+01  0.9612223E+01
 0.6510264E+00 -0.7870791E+01 -0.8450606E+01  0.9474755E+01
 0.6627566E+00 -0.7969918E+01 -0.8339465E+01  0.9339512E+01
 0.6744868E+00 -0.8067742E+01 -0.8229910E+01  0.9206451E+01
 0.6862170E+00 -0.8164281E+01 -0.8121917E+01  0.9075532E+01
 0.6979472E+00 -0.8259552E+01 -0.8015459E+01  0.8946715E+01
 0.7096774E+00 -0.8353575E+01 -0.7910512E+01  0.8819960E+01
 0.7214076E+00 -0.8446367E+01 -0.7807052E+01  0.8695229E+01
 0.7331378E+00 -0.8537946E+01 -0.7705055E+01  0.8572484E+01
 0.7448680E+00 -0.8628327E+01 -0.7604498E+01  0.8451688E+01
 0.7565982E+00 -0.8717530E+01 -0.7505358E+01  0.8332806E+01
 0.7683284E+00 -0.8805569E+01 -0.7407613E+01  0.8215803E+01
 0.7800587E+00 -0.8892462E+01 -0.7311240E+01  0.8100643E+01
 0.7917889E+00 -0.8978224E+01 -0.7216217E+01  0.7987294E+01
 0.8035191E+00 -0.9062872E+01 -0.7122525E+01  0.7875722E+01
 0.8152493E+00 -0.9146421E+01 -0.7030141E+01  0.7765895E+01
 0.8269795E+00 -0.9228886E+01 -0.6939045E+01  0.7657782E+01
 0.8387097E+00 -0.9310282E+01 -0.6849218E+01  0.7551350E+01
 0.8504399E+00 -0.9390625E+01 -0.6760639E+01  0.7446572E+01
 0.8621701E+00 -0.9469929E+01 -0.6673289E+01  0.7343414E+01
 0.8739003E+00 -0.9548208E+01 -0.6587150E+01  0.7241852E+01
 0.8856305E+00 -0.9625476E+01 -0.6502201E+01  0.7141853E+01
 0.8973607E+00 -0.9701748E+01 -0.6418426E+01  0.7043394E+01
 0.9090909E+00 -0.9777038E+01 -0.6335805E+01  0.6946442E+01
 0.9208211E+00 -0.9851358E+01 -0.6254322E+01  0.6850976E+01
 0.9325513E+00 -0.9924723E+01 -0.6173959E+01  0.6756966E+01
 0.9442815E+00 -0.9997144E+01 -0.6094698E+01  0.6664388E+01
 0.9560117E+00 -0.1006864E+02 -0.6016524E+01  0.6573215E+01
 0.9677419E+00 -0.1013921E+02 -0.5939418E+01  0.6483428E+01
 0.9794721E+00 -0.1020888E+02 -0.5863367E+01  0.6394994E+01
 0.9912023E+00 -0.1027766E+02 -0.5788352E+01  0.6307898E+01
 0.1002933E+01 -0.1034556E+02 -0.5714359E+01  0.6222111E+01
 0.1014663E+01 -0.1041259E+02 -0.5641372E+01  0.6137617E+01
 0.1026393E+01 -0.1047876E+02 -0.5569377E+01  0.6054380E+01
 0.1038123E+01 -0.1054409E+02 -0.5498358E+01  0.5972397E+01
 0.1049853E+01 -0.1060859E+02 -0.5428300E+01  0.5891633E+01
 0.1061584E+01 -0.1067227E+02 -0.5359190E+01  0.5812076E+01
 0.1073314E+01 -0.1073513E+02 -0.5291013E+01  0.5733699E+01
 0.1085044E+01 -0.1079720E+02 -0.5223756E+01  0.5656479E+01
 0.1096774E+01 -0.1085847E+02 -0.5157404E+01  0.5580395E+01
 0.1108504E+01 -0.1091897E+02 -0.5091945E+01  0.5505463E+01
 0.1120235E+01 -0.1097870E+02 -0.5027365E+01  0.5431607E+01
 0.1131965E+01 -0.1103767E+02 -0.4963651E+01  0.5358854E+01
 0.1143695E+01 -0.1109589E+02 -0.4900791E+01  0.5287158E+01
 0.1155425E+01 -0.1115338E+02 -0.4838771E+01  0.5216515E+01
 0.1167155E+01 -0.1121014E+02 -0.4777580E+01  0.5146874E+01
 0.1178886E+01 -0.1126618E+02 -0.4717206E+01  0.5078334E+01
 0.1190616E+01 -0.1132152E+02 -0.4657637E+01  0.5010685E+01
 0.1202346E+01 -0.1137615E+02 -0.4598860E+01  0.4944114E+01
 0.1214076E+01 -0.1143010E+02 -0.4540865E+01  0.4878414E+01
 0.1225806E+01 -0.1148336E+02 -0.4483640E+01  0.4813776E+01
 0.1237537E+01 -0.1153596E+02 -0.4427173E+01  0.4749986E+01
 0.1249267E+01 -0.1158789E+02 -0.4371455E+01  0.4687133E+01
 0.1260997E+01 -0.1163917E+02 -0.4316474E+01  0.4625149E+01
 0.1272727E+01 -0.1168980E+02 -0.4262220E+01  0.4564132E+01
 0.1284457E+01 -0.1173980E+02 -0.4208682E+01  0.4503918E+01
 0.1296188E+01 -0.1178917E+02 -0.4155850E+01  0.4444748E+01
 0.1307918E+01 -0.1183791E+02 -0.4103712E+01  0.4386118E+01
 0.1319648E+01 -0.1188605E+02 -0.4052262E+01  0.4328625E+01
 0.1331378E+01 -0.1193359E+02 -0.4001486E+01  0.4271572E+01
 0.1343109E+01 -0.1198052E+02 -0.3951380E+01  0.4215706E+01
 0.1354839E+01 -0.1202687E+02 -0.3901929E+01  0.4160307E+01
 0.1366569E+01 -0.1207264E+02 -0.3853128E+01  0.4106380E+01
 0.1378299E+01 -0.1211784E+02 -0.3804959E+01  0.4052240E+01
 0.1390029E+01 -0.1216248E+02 -0.3757425E+01  0.3999703E+01
 0.1401760E+01 -0.1220655E+02 -0.3710508E+01  0.3947149E+01
 0.1413490E+01 -0.1225008E+02 -0.3664207E+01  0.3895833E+01
 0.1425220E+01 -0.1229306E+02 -0.3618508E+01  0.3845086E+01
 0.1436950E+01 -0.1233550E+02 -0.3573405E+01  0.3795519E+01
 0.1448680E+01 -0.1237742E+02 -0.3528882E+01  0.3745331E+01
 0.1460411E+01 -0.1241882E+02 -0.3484949E+01  0.3697467E+01
 0.1472141E+01 -0.1245969E+02 -0.3441577E+01  0.3649269E+01
 0.1483871E+01 -0.1250006E+02 -0.3398770E+01  0.3602704E+01
 0.1495601E+01 -0.1253993E+02 -0.3356510E+01  0.3554165E+01
 0.1507331E+01 -0.1257931E+02 -0.3314819E+01  0.3510096E+01
 0.1519062E+01 -0.1261819E+02 -0.3273644E+01  0.3463075E+01
 0.1530792E+01 -0.1265659E+02 -0.3233022E+01  0.3421618E+01
 0.1542522E+01 -0.1269451E+02 -0.3192886E+01  0.3373751E+01
 0.1554252E+01 -0.1273197E+02 -0.3153311E+01  0.3333505E+01
 0.1565982E+01 -0.1276896E+02 -0.3114208E+01  0.3286181E+01
 0.1577713E+01 -0.1280549E+02 -0.3075660E+01  0.3250182E+01
 0.1589443E+01 -0.1284156E+02 -0.3037535E+01  0.3202144E+01
 0.1601173E+01 -0.1287720E+02 -0.2999973E+01  0.3166136E+01
 0.1612903E+01 -0.1291239E+02 -0.2962834E+01  0.3118031E+01
 0.1624633E+01 -0.1294714E+02 -0.2926259E+01  0.3091200E+01
 0.1636364E+01 -0.1298147E+02 -0.2889998E+01  0.3034698E+01
 0.1648094E+01 -0.1301537E+02 -0.2854401E+01  0.3016702E+01
 0.1659824E+01 -0.1304885E+02 -0.2819014E+01  0.2954470E+01
 0.1671554E+01 -0.1308192E+02 -0.2784358E+01  0.2934038E+01
 0.1683284E+01 -0.1311458E+02 -0.2749941E+01  0.2882868E+01
 0.1695015E+01 -0.1314683E+02 -0.2716124E+01  0.2874200E+01
 0.1706745E+01 -0.1317870E+02 -0.2682409E+01  0.2803202E+01
 0.1718475E+01 -0.1321016E+02 -0.2649527E+01  0.2786496E+01
 0.1730205E+01 -0.1324124E+02 -0.2616841E+01  0.2731733E+01
 0.1741935E+01 -0.1327194E+02 -0.2584797E+01  0.2733092E+01
 0.1753666E+01 -0.1330226E+02 -0.2552737E+01  0.2650991E+01
 0.1765396E+01 -0.1333220E+02 -0.2521641E+01  0.2647035E+01
 0.1777126E+01 -0.1336178E+02 -0.2490590E+01  0.2611652E+01
 0.1788856E+01 -0.1339100E+02 -0.2459955E+01  0.2615212E+01
 0.1800587E+01 -0.1341985E+02 -0.2429278E+01  0.2510494E+01
 0.1812317E+01 -0.1344835E+02 -0.2399830E+01  0.2565656E+01
 0.1824047E+01 -0.1347650E+02 -0.2369734E+01  0.2483756E+01
 0.1835777E+01 -0.1350429E+02 -0.2340599E+01  0.2455063E+01
 0.1847507E+01 -0.1353175E+02 -0.2311801E+01  0.2270941E+01
 0.1859238E+01 -0.1355887E+02 -0.2285162E+01  0.2384510E+01
 0.1870968E+01 -0.1358567E+02 -0.2257191E+01  0.2439436E+01
 0.1882698E+01 -0.1361215E+02 -0.2228576E+01  0.2270358E+01
 0.1894428E+01 -0.1363829E+02 -0.2201944E+01  0.2291228E+01
 0.1906158E+01 -0.1366412E+02 -0.2175068E+01  0.2511229E+01
 0.1917889E+01 -0.1368964E+02 -0.2145611E+01  0.1955088E+01
 0.1929619E+01 -0.1371480E+02 -0.2122677E+01  0.2264708E+01
 0.1941349E+01 -0.1373970E+02 -0.2096111E+01  0.1694528E+01
 0.1953079E+01 -0.1376429E+02 -0.2076234E+01  0.3151358E+01
 0.1964809E+01 -0.1378865E+02 -0.2039268E+01  0.1542286E+01
 0.1976540E+01 -0.1381257E+02 -0.2021177E+01  0.2471930E+01
 0.1988270E+01 -0.1383628E+02 -0.1992181E+01  0.2410621E+01
 0.2000000E+01 -0.1385965E+02 -0.1963904E+01  0.7871335E+00
 0.2011730E+01 -0.1388268E+02 -0.1954670E+01  0.3139727E+01
 0.2023460E+01 -0.1390561E+02 -0.1917841E+01  0.2107052E+01
 0.2035191E+01 -0.1392811E+02 -0.1893125E+01  0.5644354E+00
 0.2046921E+01 -0.1395031E+02 -0.1886504E+01  0.3344071E+01
 0.2058651E+01 -0.1397244E+02 -0.1847277E+01 -0.1453344E+01
 0.2070381E+01 -0.1399411E+02 -0.1864325E+01  0.8329023E+01
 0.2082111E+01 -0.1401598E+02 -0.1766624E+01 -0.1877758E+01
 0.2093842E+01 -0.1403670E+02 -0.1788650E+01  0.2749806E+01
 0.2105572E+01 -0.1405769E+02 -0.1756395E+01 -0.1418793E+01
 0.2117302E+01 -0.1407829E+02 -0.1773037E+01  0.6801375E+01
 0.2129032E+01 -0.1409909E+02 -0.1693256E+01  0.6702642E+01
 0.2140762E+01 -0.1411895E+02 -0.1614632E+01  0.7657133E+01
 0.2152493E+01 -0.1413789E+02 -0.1524813E+01 -0.1847123E+02
 0.2164223E+01 -0.1415577E+02 -0.1741484E+01  0.2140408E+02
 0.2175953E+01 -0.1417620E+02 -0.1490410E+01 -0.1194160E+02
 0.2187683E+01 -0.1419369E+02 -0.1630487E+01 -0.1098236E+01
 0.2199413E+01 -0.1421281E+02 -0.1643370E+01  0.8491256E+01
 0.2211144E+01 -0.1423209E+02 -0.1543766E+01  0.4601789E+02
 0.2222874E+01 -0.1425020E+02 -0.1003966E+01 -0.3309709E+02
 0.2234604E+01 -0.1426197E+02 -0.1392202E+01  0.2960847E+02
 0.2246334E+01 -0.1427830E+02 -0.1044888E+01 -0.7127576E+02
 0.2258065E+01 -0.1429056E+02 -0.1880968E+01  0.2582119E+02
 0.2269795E+01 -0.1431263E+02 -0.1578080E+01  0.6351474E+01
 0.2281525E+01 -0.1433114E+02 -0.1503576E+01  0.3596447E+02
 0.2293255E+01 -0.1434877E+02 -0.1081705E+01 -0.1079114E+03
 0.2304985E+01 -0.1436146E+02 -0.2347528E+01  0.1809501E+03
 0.2316716E+01 -0.1438900E+02 -0.2249466E+00 -0.1447977E+03
 0.2328446E+01 -0.1439164E+02 -0.1923453E+01  0.6717199E+02
 0.2340176E+01 -0.1441420E+02 -0.1135512E+01 -0.1675544E+03
 0.2351906E+01 -0.1442752E+02 -0.3100959E+01  0.2851860E+03
 0.2363636E+01 -0.1446390E+02  0.2443319E+00 -0.2287905E+03
 0.2375367E+01 -0.1446103E+02 -0.2439427E+01  0.4117441E+03
 0.2387097E+01 -0.1448964E+02  0.2390416E+01 -0.3644698E+03
 0.2398827E+01 -0.1446160E+02 -0.1884890E+01 -0.3286606E+03
 0.2410557E+01 -0.1448371E+02 -0.5740147E+01  0.8130429E+03
 0.2422287E+01 -0.1455105E+02  0.3797014E+01  0.2638411E+03
 0.2434018E+01 -0.1450651E+02  0.6891924E+01 -0.1630435E+04
 0.2445748E+01 -0.1442566E+02 -0.1223341E+02  0.1925948E+03
 0.2457478E+01 -0.1456916E+02 -0.9974233E+01  0.2549479E+03
 0.2469208E+01 -0.1468616E+02 -0.6983642E+01  0.2583480E+04
 0.2480938E+01 -0.1476808E+02  0.2332111E+02 -0.1472690E+04
 0.2492669E+01 -0.1449452E+02  0.6046150E+01 -0.2197565E+04
 0.2504399E+01 -0.1442360E+02 -0.1973174E+02  0.8398928E+03
 0.2516129E+01 -0.1465506E+02 -0.9879629E+01  0.2482951E+04
 0.2527859E+01 -0.1477095E+02  0.1924590E+02 -0.1502539E+04
 0.2539589E+01 -0.1454519E+02  0.1620809E+01  0.1151979E+03
 0.2551320E+01 -0.1452618E+02  0.2972104E+01 -0.5428555E+04
 0.2563050E+01 -0.1449131E+02 -0.6070596E+02  0.2381377E+04
 0.2574780E+01 -0.1520341E+02 -0.3277192E+02  0.7569457E+04
 0.2586510E+01 -0.1558783E+02  0.5601936E+02 -0.1494324E+05
 0.2598240E+01 -0.1493071E+02 -0.1192679E+03  0.8240157E+04
 0.2609971E+01 -0.1632975E+02 -0.2260918E+02  0.1129210E+05
 0.2621701E+01 -0.1659496E+02  0.1098494E+03 -0.2791859E+05
 0.2633431E+01 -0.1530640E+02 -0.2176414E+03  0.6366334E+05
 0.2645161E+01 -0.1785938E+02  0.5291427E+03 -0.6731083E+05
 0.2656891E+01 -0.1165243E+02 -0.2604272E+03  0.4516703E+05
 0.2668622E+01 -0.1470729E+02  0.2693913E+03 -0.4742961E+05
 0.2680352E+01 -0.1154727E+02 -0.2869677E+03  0.4608768E+05
 0.2692082E+01 -0.1491346E+02  0.2536503E+03 -0.4164666E+05
 0.2703812E+01 -0.1193809E+02 -0.2348736E+03 -0.2279771E+05
 0.2715543E+01 -0.1469321E+02 -0.5022954E+03 -0.3839520E+04
 0.2727273E+01 -0.2058524E+02 -0.5473337E+03  0.2203753E+06
 0.2739003E+01 -0.2700557E+02  0.2037714E+04 -0.2837436E+06
 0.2750733E+01 -0.3102773E+01 -0.1290656E+04  0.3009328E+04
 0.2762463E+01 -0.1824244E+02 -0.1255356E+04 -0.5800538E+05
 0.2774194E+01 -0.3296803E+02 -0.1935771E+04  0.9432375E+05
 0.2785924E+01 -0.5567502E+02 -0.8293344E+03  0.6459021E+06
 0.2797654E+01 -0.6540329E+02  0.6747230E+04  0.6603384E+06
 0.2809384E+01  0.1374311E+02  0.1449313E+05 -0.2828390E+07
 0.2821114E+01  0.1837506E+03 -0.1868446E+05  0.2156931E+07
 0.2832845E+01 -0.3542205E+02  0.6616778E+04  0.1631843E+07
 0.2844575E+01  0.4219412E+02  0.2575863E+05 -0.4673248E+07
 0.2856305E+01  0.3443481E+03 -0.2905953E+05  0.2433810E+07
 0.2868035E+01  0.3473854E+01 -0.5104345E+03  0.9555325E+05
 0.2879765E+01 -0.2513648E+01  0.6104248E+03  0.1566712E+06
 0.2891496E+01  0.4646759E+01  0.2448211E+04 -0.4453662E+06
 0.2903226E+01  0.3336477E+02 -0.2776027E+04  0.2883399E+06
 0.2914956E+01  0.8014093E+00  0.6062598E+03 -0.1011829E+06
 0.2926686E+01  0.7912961E+01 -0.5806368E+03  0.1497854E+06
 0.2938416E+01  0.1101972E+01  0.1176377E+04 -0.2249756E+06
 0.2950147E+01  0.1490112E+02 -0.1462633E+04  0.7301383E+05
 0.2961877E+01 -0.2255864E+01 -0.6061655E+03  0.9196415E+05
 0.2973607E+01 -0.9366310E+01  0.4725929E+03 -0.3000263E+05
 0.2985337E+01 -0.3822698E+01  0.1206559E+03 -0.2605817E+06
 0.2997067E+01 -0.2407380E+01 -0.2936020E+04  0.4111743E+05
 0.3008798E+01 -0.3684750E+02 -0.2453704E+04  0.9001998E+06
 0.3020528E+01 -0.6562996E+02  0.8105824E+04 -0.1320599E+07
 0.3032258E+01  0.2945302E+02 -0.7385068E+04  0.1289393E+07
 0.3043988E+01 -0.5717535E+02  0.7739779E+04  0.1671925E+07
 0.3055718E+01  0.3361385E+02  0.2735180E+05 -0.4398176E+07
 0.3067449E+01  0.3544561E+03 -0.2423971E+05  0.1708350E+07
 0.3079179E+01  0.7011932E+02 -0.4200413E+04  0.3163644E+06
 0.3090909E+01  0.2084762E+02 -0.4893937E+03 -0.2040416E+06
 0.3102639E+01  0.1510693E+02 -0.2882844E+04  0.2492135E+06
 0.3114370E+01 -0.1870942E+02  0.4048240E+02  0.8256864E+05
 0.3126100E+01 -0.1823455E+02  0.1009029E+04 -0.7799101E+05
 0.3137830E+01 -0.6398427E+01  0.9417894E+02  0.2705456E+06
 0.3149560E+01 -0.5293688E+01  0.3267734E+04  0.5350037E+05
 0.3161290E+01  0.3303750E+02  0.3895304E+04 -0.7836963E+06
 0.3173021E+01  0.7873022E+02 -0.5297614E+04  0.4039377E+06
 0.3184751E+01  0.1658812E+02 -0.5593417E+03 -0.3595645E+05
 0.3196481E+01  0.1002692E+02 -0.9811182E+03  0.1939832E+06
 0.3208211E+01 -0.1481795E+01  0.1294344E+04 -0.1433168E+06
 0.3219941E+01  0.1370113E+02 -0.3867915E+03  0.6678358E+05
 0.3231672E+01  0.9163983E+01  0.3965936E+03 -0.8199432E+05
 0.3243402E+01  0.1381611E+02 -0.5652165E+03  0.5953992E+05
 0.3255132E+01  0.7186002E+01  0.1331990E+03 -0.6566251E+04
 0.3266862E+01  0.8748454E+01  0.5617553E+02 -0.2320317E+05
 0.3278592E+01  0.9407404E+01 -0.2160024E+03 -0.2872105E+05
 0.3290323E+01  0.6873652E+01 -0.5529062E+03  0.1429492E+05
 0.3302053E+01  0.3879487E+00 -0.3852239E+03  0.1961142E+05
 0.3313783E+01 -0.4130807E+01 -0.1551779E+03  0.3854779E+05
 0.3325513E+01 -0.5951075E+01  0.2969956E+03  0.9418139E+03
 0.3337243E+01 -0.2467256E+01  0.3080433E+03 -0.6403806E+05
 0.3348974E+01  0.1146155E+01 -0.4431363E+03  0.3781792E+05
 0.3360704E+01 -0.4051924E+01  0.4756632E+00  0.5634465E+05
 0.3372434E+01 -0.4046344E+01  0.6614100E+03 -0.7186396E+05
 0.3384164E+01  0.3712131E+01 -0.1815690E+03  0.5240195E+05
 0.3395894E+01  0.1582289E+01  0.4331166E+03 -0.1054065E+06
 0.3407625E+01  0.6662836E+01 -0.8033237E+03  0.7576393E+05
 0.3419355E+01 -0.2760316E+01  0.8540279E+02  0.7880437E+04
 0.3431085E+01 -0.1758524E+01  0.1778419E+03  0.1258498E+05
 0.3442815E+01  0.3275980E+00  0.3254664E+03 -0.8850426E+03
 0.3454545E+01  0.4145385E+01  0.3150846E+03 -0.7735749E+05
 0.3466276E+01  0.7841393E+01 -0.5923346E+03  0.2009228E+05
 0.3478006E+01  0.8931860E+00 -0.3566481E+03  0.4211023E+05
 0.3489736E+01 -0.3290369E+01  0.1373136E+03  0.8232579E+04
 0.3501466E+01 -0.1679652E+01  0.2338834E+03  0.4769472E+05
 0.3513196E+01  0.1063848E+01  0.7933523E+03 -0.1153372E+06
 0.3524927E+01  0.1037003E+02 -0.5595763E+03 -0.1412990E+05
 0.3536657E+01  0.3806089E+01 -0.7253229E+03 -0.6219865E+04
 0.3548387E+01 -0.4702098E+01 -0.7982832E+03  0.9865429E+05
 0.3560117E+01 -0.1406612E+02  0.3589519E+03  0.5999364E+05
 0.3571848E+01 -0.9855545E+01  0.1062690E+04 -0.4314572E+05
 0.3583578E+01  0.2610022E+01  0.5565814E+03 -0.1440556E+06
 0.3595308E+01  0.9138836E+01 -0.1133221E+04  0.5233342E+05
 0.3607038E+01 -0.4154074E+01 -0.5193388E+03  0.3663996E+05
 0.3618768E+01 -0.1024603E+02 -0.8954464E+02  0.9150907E+05
 0.3630499E+01 -0.1129640E+02  0.9838755E+03 -0.1007225E+06
 0.3642229E+01  0.2446590E+00 -0.1976200E+03 -0.2566605E+05
 0.3653959E+01 -0.2073464E+01 -0.4986881E+03 -0.4758911E+03
 0.3665689E+01 -0.7923177E+01 -0.5042704E+03  0.4352706E+05
 0.3677419E+01 -0.1383837E+02  0.6311035E+01  0.2020443E+05
 0.3689150E+01 -0.1376434E+02  0.2433131E+03  0.6718294E+05
 0.3700880E+01 -0.1091023E+02  0.1031383E+04 -0.8026272E+05
 0.3712610E+01  0.1188102E+01  0.8988452E+02 -0.1288194E+06
 0.3724340E+01  0.2242466E+01 -0.1421194E+04  0.1727203E+06
 0.3736070E+01 -0.1442843E+02  0.6048512E+03  0.1192946E+06
 0.3747801E+01 -0.7333398E+01  0.2004202E+04 -0.2748653E+06
 0.3759531E+01  0.1617630E+02 -0.1220025E+04  0.1688571E+06
 0.3771261E+01  0.1865158E+01  0.7607041E+03 -0.1372987E+06
 0.3782991E+01  0.1078837E+02 -0.8498383E+03  0.1925025E+05
 0.3794721E+01  0.8195959E+00 -0.6240289E+03  0.2035442E+06
 0.3806452E+01 -0.6500391E+01  0.1763586E+04 -0.1207195E+06
 0.3818182E+01  0.1418684E+02  0.3475221E+03 -0.2540614E+06
 0.3829912E+01  0.1826334E+02 -0.2632670E+04  0.2758013E+06
 0.3841642E+01 -0.1261842E+02  0.6025354E+03 -0.6120958E+04
 0.3853372E+01 -0.5550552E+01  0.5307353E+03  0.4266208E+05
 0.3865103E+01  0.6750826E+00  0.1031170E+04 -0.1241778E+06
 0.3876833E+01  0.1277092E+02 -0.4254606E+03 -0.6377803E+05
 0.3888563E+01  0.7780182E+01 -0.1173590E+04 -0.7469897E+05
 0.3900293E+01 -0.5986269E+01 -0.2049824E+04  0.2383069E+06
 0.3912023E+01 -0.3003113E+02  0.7455642E+03  0.2881589E+06
 0.3923754E+01 -0.2128551E+02  0.4125727E+04 -0.3251923E+06
 0.3935484E+01  0.2711012E+02  0.3111546E+03 -0.2164411E+06
 0.3947214E+01  0.3076003E+02 -0.2227744E+04  0.1207679E+06
 0.3958944E+01  0.4628131E+01 -0.8111115E+03  0.5155222E+05
 0.3970674E+01 -0.4886373E+01 -0.2063933E+03  0.1279060E+06
 0.3982405E+01 -0.7307408E+01  0.1293970E+04 -0.1676411E+06
 0.3994135E+01  0.7871125E+01 -0.6724944E+03  0.5145304E+05
 0.4005865E+01 -0.1737243E-01 -0.6893963E+02 -0.1838326E+05
 0.4017595E+01 -0.8260485E+00 -0.2845791E+03 -0.1291931E+05
 0.4029326E+01 -0.4164220E+01 -0.4361252E+03 -0.1463706E+05
 0.4041056E+01 -0.9280058E+01 -0.6078209E+03  0.8494355E+05
 0.4052786E+01 -0.1640992E+02  0.3885843E+03 -0.4487688E+05
 0.4064516E+01 -0.1185175E+02 -0.1378307E+03  0.2748756E+06
 0.4076246E+01 -0.1346853E+02  0.3086517E+04 -0.3716563E+06
 0.4087977E+01  0.2273695E+02 -0.1273087E+04  0.1388460E+05
 0.4099707E+01  0.7803371E+01 -0.1110218E+04  0.6154743E+05
 0.4111437E+01 -0.5219716E+01 -0.3882542E+03  0.1569394E+06
 0.4123167E+01 -0.9774017E+01  0.1452677E+04 -0.1648003E+06
 0.4134897E+01  0.7266182E+01 -0.4804640E+03  0.4576914E+05
 0.4146628E+01  0.1630240E+01  0.5641732E+02  0.6290651E+05
 0.4158358E+01  0.2292027E+01  0.7943236E+03 -0.5550576E+05
 0.4170088E+01  0.1160961E+02  0.1432296E+03 -0.2440581E+06
 0.4181818E+01  0.1328972E+02 -0.2719622E+04  0.3231261E+06
 0.4193548E+01 -0.1861200E+02  0.1070714E+04  0.1809419E+05
 0.4205279E+01 -0.6052314E+01  0.1282962E+04 -0.6379609E+05
 0.4217009E+01  0.8997096E+01  0.5346210E+03 -0.2533052E+06
 0.4228739E+01  0.1526831E+02 -0.2436701E+04  0.2622098E+05
 0.4240469E+01 -0.1331469E+02 -0.2129123E+04  0.9428593E+05
 0.4252199E+01 -0.3828974E+02 -0.1023130E+04  0.6068263E+06
 0.4263930E+01 -0.5029126E+02  0.6095067E+04 -0.4688097E+06
 0.4275660E+01  0.2120513E+02  0.5958336E+03 -0.3024228E+06
 0.4287390E+01  0.2819438E+02 -0.2951648E+04  0.9674127E+05
 0.4299120E+01 -0.6429064E+01 -0.1816853E+04  0.1858358E+06
 0.4310850E+01 -0.2774113E+02  0.3630394E+03 -0.3480816E+06
 0.4322581E+01 -0.2348260E+02 -0.3720029E+04  0.1532515E+07
 0.4334311E+01 -0.6711931E+02  0.1425669E+05 -0.2252407E+07
 0.4346041E+01  0.1001146E+03 -0.1216451E+05  0.9838997E+06
 0.4357771E+01 -0.4257758E+02 -0.6231599E+03  0.1679442E+08
 0.4369501E+01 -0.4988737E+02  0.1963788E+06 -0.3230013E+08
 0.4381232E+01  0.2253676E+04 -0.1825083E+06  0.1500477E+08
 0.4392962E+01  0.1128159E+03 -0.6499361E+04  0.2432479E+06
 0.4404692E+01  0.3657710E+02 -0.3646013E+04  0.2303845E+06
 0.4416422E+01 -0.6191378E+01 -0.9435555E+03 -0.1056241E+04
 0.4428152E+01 -0.1725948E+02 -0.9559454E+03  0.3017222E+05
 0.4439883E+01 -0.2847291E+02 -0.6020191E+03  0.1062444E+06
 0.4451613E+01 -0.3553472E+02  0.6442492E+03 -0.2976804E+05
 0.4463343E+01 -0.2797755E+02  0.2950640E+03  0.1889888E+06
 0.4475073E+01 -0.2451638E+02  0.2511942E+04 -0.4977664E+06
 0.4486804E+01  0.4949208E+01 -0.3326960E+04  0.2745349E+06
 0.4498534E+01 -0.3407672E+02 -0.1066096E+03  0.7133193E+06
 0.4510264E+01 -0.3532727E+02  0.8260773E+04 -0.1404594E+07
 0.4521994E+01  0.6157328E+02 -0.8215406E+04  0.2496025E+07
 0.4533724E+01 -0.3479512E+02  0.2106348E+05 -0.2481816E+07
 0.4545455E+01  0.2122838E+03 -0.8048727E+04  0.1163182E+06
 0.4557185E+01  0.1178706E+03 -0.6684291E+04  0.2735026E+06
 0.4568915E+01  0.3946251E+02 -0.3476050E+04  0.2189699E+06
 0.4580645E+01 -0.1312271E+01 -0.9074873E+03  0.5680657E+04
 0.4592375E+01 -0.1195728E+02 -0.8408520E+03  0.3172364E+06
 0.4604106E+01 -0.2182065E+02  0.2880397E+04 -0.4339228E+05
 0.4615836E+01  0.1196699E+02  0.2371396E+04 -0.2058010E+06
 0.4627566E+01  0.3978396E+02 -0.4269226E+02 -0.1513973E+06
 0.4639296E+01  0.3928317E+02 -0.1818614E+04  0.6659340E+05
 0.4651026E+01  0.1795045E+02 -0.1037460E+04  0.3832175E+04
 0.4662757E+01  0.5780837E+01 -0.9925076E+03  0.1039229E+06
 0.4674487E+01 -0.5861481E+01  0.2265298E+03 -0.2699152E+05
 0.4686217E+01 -0.3204240E+01 -0.9008637E+02  0.1378420E+06
 0.4697947E+01 -0.4260972E+01  0.1526829E+04 -0.1729361E+06
 0.4709677E+01  0.1364905E+02 -0.5017464E+03  0.7070015E+05
 0.4721408E+01  0.7763459E+01  0.3275810E+03 -0.5450821E+05
 0.4733138E+01  0.1160605E+02 -0.3118116E+03  0.1226867E+05
 0.4744868E+01  0.7948437E+01 -0.1678975E+03 -0.3460638E+05
 0.4756598E+01  0.5978965E+01 -0.5738374E+03  0.3489282E+05
 0.4768328E+01 -0.7522656E+00 -0.1645375E+03 -0.4870942E+04
 0.4780059E+01 -0.2682324E+01 -0.2216747E+03 -0.5387085E+05
 0.4791789E+01 -0.5282614E+01 -0.8535908E+03  0.7663534E+04
 0.4803519E+01 -0.1529541E+02 -0.7636959E+03 -0.9541328E+04
 0.4815249E+01 -0.2425372E+02 -0.8756177E+03 -0.9459247E+05
 0.4826979E+01 -0.3452489E+02 -0.1985207E+04  0.2057250E+06
 0.4838710E+01 -0.5781178E+02  0.4279891E+03  0.2892500E+07
 0.4850440E+01 -0.5279138E+02  0.3435761E+05 -0.5012969E+07
 0.4862170E+01  0.3502304E+03 -0.2444555E+05  0.2036702E+07
 0.4873900E+01  0.6347907E+02 -0.5546165E+03 -0.4779085E+05
 0.4885630E+01  0.5697330E+02 -0.1115213E+04 -0.1986490E+05
 0.4897361E+01  0.4389163E+02 -0.1348232E+04 -0.1149549E+04
 0.4909091E+01  0.2807658E+02 -0.1361717E+04  0.4840251E+05
 0.4920821E+01  0.1210337E+02 -0.7939454E+03  0.4408491E+03
 0.4932551E+01  0.2790224E+01 -0.7887742E+03  0.8849907E+05
 0.4944282E+01 -0.6462259E+01  0.2493381E+03 -0.4230825E+05
 0.4956012E+01 -0.3537471E+01 -0.2469463E+03  0.8054147E+05
 0.4967742E+01 -0.6434202E+01  0.6978216E+03 -0.7166313E+05
 0.4979472E+01  0.1751389E+01 -0.1428016E+03 -0.3862466E+03
 0.4991202E+01  0.7629614E-01 -0.1473324E+03 -0.7592645E+05
 0.5002933E+01 -0.1651943E+01 -0.1037965E+04 -0.7755944E+04
 0.5014663E+01 -0.1382749E+02 -0.1128944E+04 -0.4680353E+05
 0.5026393E+01 -0.2707023E+02 -0.1677959E+04 -0.6867111E+05
 0.5038123E+01 -0.4675304E+02 -0.2483485E+04  0.5371167E+07
 0.5049853E+01 -0.7588483E+02  0.6052140E+05 -0.9307038E+07
 0.5061584E+01  0.6340437E+03 -0.4865207E+05  0.3966332E+07
 0.5073314E+01  0.6334495E+02 -0.2126177E+04  0.6445371E+05
 0.5085044E+01  0.3840445E+02 -0.1370122E+04  0.1418553E+06
 0.5096774E+01  0.2233264E+02  0.2938701E+03 -0.1122119E+06
 0.5108504E+01  0.2577979E+02 -0.1022398E+04  0.5173037E+05
 0.5120235E+01  0.1378685E+02 -0.4155904E+03 -0.4778447E+04
 0.5131965E+01  0.8911892E+01 -0.4716425E+03 -0.1967182E+04
 0.5143695E+01  0.3379428E+01 -0.4947180E+03  0.3080063E+05
 0.5155425E+01 -0.2423715E+01 -0.1334203E+03  0.1508593E+05
 0.5167155E+01 -0.3988763E+01  0.4354075E+02 -0.5868396E+05
 0.5178886E+01 -0.3478021E+01 -0.6448341E+03  0.1686910E+05
 0.5190616E+01 -0.1104206E+02 -0.4469561E+03 -0.1521091E+05
 0.5202346E+01 -0.1628494E+02 -0.6253832E+03  0.2200179E+05
 0.5214076E+01 -0.2362082E+02 -0.3672977E+03 -0.5172031E+05
 0.5225806E+01 -0.2792929E+02 -0.9739875E+03  0.6464196E+04
 0.5237537E+01 -0.3935437E+02 -0.8981612E+03 -0.1040049E+06
 0.5249267E+01 -0.4988998E+02 -0.2118160E+04  0.5232952E+07
 0.5260997E+01 -0.7473643E+02  0.5926544E+05 -0.8305890E+07
 0.5272727E+01  0.6204593E+03 -0.3816436E+05  0.2482749E+07
 0.5284457E+01  0.1727836E+03 -0.9041200E+04  0.6046320E+06
 0.5296188E+01  0.6672844E+02 -0.1948742E+04 -0.2698138E+04
 0.5307918E+01  0.4386930E+02 -0.1980392E+04  0.7441401E+05
 0.5319648E+01  0.2063890E+02 -0.1107500E+04  0.4196038E+05
 0.5331378E+01  0.7647692E+01 -0.6152963E+03  0.6308370E+05
 0.5343109E+01  0.4301403E+00  0.1246885E+03  0.8749252E+04
 0.5354839E+01  0.1892763E+01  0.2273191E+03  0.2501055E+05
 0.5366569E+01  0.4559262E+01  0.5206979E+03 -0.2021901E+05
 0.5378299E+01  0.1066715E+02  0.2835247E+03 -0.6450900E+05
 0.5390029E+01  0.1399296E+02 -0.4731791E+03 -0.4221084E+04
 0.5401760E+01  0.8442471E+01 -0.5226933E+03  0.2429373E+05
 0.5413490E+01  0.2311171E+01 -0.2377229E+03 -0.9240010E+04
 0.5425220E+01 -0.4773665E+00 -0.3461101E+03  0.6832900E+05
 0.5436950E+01 -0.4537309E+01  0.4554031E+03 -0.2178506E+05
 0.5448680E+01  0.8046632E+00  0.1998598E+03 -0.9544471E+04
 0.5460411E+01  0.3149060E+01  0.8790124E+02 -0.2736394E+05
 0.5472141E+01  0.4180160E+01 -0.2330834E+03 -0.2024009E+05
 0.5483871E+01  0.1446044E+01 -0.4705038E+03 -0.9906257E+04
 0.5495601E+01 -0.4073062E+01 -0.5867062E+03  0.2166872E+05
 0.5507331E+01 -0.1095525E+02 -0.3325277E+03  0.1531904E+05
 0.5519062E+01 -0.1485587E+02 -0.1528323E+03  0.5972867E+05
 0.5530792E+01 -0.1664862E+02  0.5477973E+03 -0.4861624E+05
 0.5542522E+01 -0.1022284E+02 -0.2248118E+02  0.3946264E+05
 0.5554252E+01 -0.1048655E+02  0.4404237E+03 -0.1362908E+06
 0.5565982E+01 -0.5320293E+01 -0.1158295E+04  0.2493034E+05
 0.5577713E+01 -0.1890733E+02 -0.8658572E+03 -0.8154719E+05
 0.5589443E+01 -0.2906402E+02 -0.1822423E+04  0.3095055E+05
 0.5601173E+01 -0.5044141E+02 -0.1459366E+04  0.1467557E+07
 0.5612903E+01 -0.6756007E+02  0.1575538E+05 -0.2590901E+07
 0.5624633E+01  0.1172538E+03 -0.1463641E+05  0.5036905E+07
 0.5636364E+01 -0.5443433E+02  0.4444752E+05 -0.6790504E+07
 0.5648094E+01  0.4669442E+03 -0.3520649E+05  0.2585030E+07
 0.5659824E+01  0.5396482E+02 -0.4883557E+04  0.3585054E+06
 0.5671554E+01 -0.3320308E+01 -0.6782150E+03  0.7335481E+05
 0.5683284E+01 -0.1127591E+02  0.1822519E+03  0.1017183E+06
 0.5695015E+01 -0.9138057E+01  0.1375428E+04 -0.3430284E+05
 0.5706745E+01  0.6995997E+01  0.9730488E+03 -0.1012504E+05
 0.5718475E+01  0.1841006E+02  0.8542800E+03 -0.1244372E+06
 0.5730205E+01  0.2843094E+02 -0.6053940E+03 -0.3239355E+05
 0.5741935E+01  0.2132954E+02 -0.9853771E+03  0.2365413E+05
 0.5753666E+01  0.9770867E+01 -0.7079092E+03  0.7670455E+05
 0.5765396E+01  0.1466946E+01  0.1918508E+03 -0.2208935E+05
 0.5777126E+01  0.3717396E+01 -0.6726176E+02  0.6394008E+05
 0.5788856E+01  0.2928402E+01  0.6827685E+03 -0.8750446E+05
 0.5800587E+01  0.1093742E+02 -0.3436768E+03  0.8057814E+05
 0.5812317E+01  0.6906017E+01  0.6015213E+03 -0.1506362E+06
 0.5824047E+01  0.1396198E+02 -0.1165472E+04  0.1136160E+06
 0.5835777E+01  0.2907560E+00  0.1672668E+03 -0.1336579E+05
 0.5847507E+01  0.2252830E+01  0.1048329E+02 -0.4213956E+04
 0.5859238E+01  0.2375801E+01 -0.3894728E+02 -0.2078066E+05
 0.5870968E+01  0.1918941E+01 -0.2827087E+03  0.1273269E+06
 0.5882698E+01 -0.1397289E+01  0.1210863E+04 -0.6699109E+05
 0.5894428E+01  0.1280638E+02  0.4250433E+03  0.6022538E+05
 0.5906158E+01  0.1779222E+02  0.1131499E+04 -0.6558423E+05
 0.5917889E+01  0.3106494E+02  0.3621829E+03 -0.1357831E+06
 0.5929619E+01  0.3531342E+02 -0.1230581E+04  0.1018736E+06
 0.5941349E+01  0.2087845E+02 -0.3558265E+02 -0.1805396E+05
 0.5953079E+01  0.2046106E+02 -0.2473593E+03 -0.2021811E+06
 0.5964809E+01  0.1755949E+02 -0.2618985E+04 -0.3189272E+05
