-0.6000000E+01  0.2659905E-21  0.3763461E-22  0.2447531E-21
-0.5988270E+01  0.3664566E-18 -0.5772165E-18  0.3717020E-18
-0.5976540E+01  0.1630205E-17 -0.4233777E-17  0.2240292E-17
-0.5964809E+01 -0.7609833E-18 -0.4148397E-17 -0.3300032E-18
-0.5953079E+01 -0.3184634E-17 -0.2670502E-17 -0.9127356E-17
-0.5941349E+01  0.2243178E-17 -0.6968499E-17 -0.8819618E-17
-0.5929619E+01  0.6004827E-17 -0.8860978E-17  0.4975498E-17
-0.5917889E+01 -0.4584078E-17 -0.1055976E-16  0.8883086E-17
-0.5906158E+01 -0.5516588E-17 -0.9486091E-17 -0.2659903E-17
-0.5894428E+01 -0.1386054E-16 -0.5811514E-17 -0.9076560E-17
-0.5882698E+01  0.2941527E-17  0.8359888E-17 -0.2251557E-17
-0.5870968E+01  0.2930755E-16  0.4083156E-17 -0.7536958E-17
-0.5859238E+01  0.3473163E-16  0.6028970E-18 -0.2089463E-16
-0.5847507E+01  0.5878962E-16 -0.1861042E-16 -0.2184193E-16
-0.5835777E+01  0.4164346E-16 -0.3830772E-16 -0.1830274E-16
-0.5824047E+01 -0.1004585E-16 -0.8455420E-17 -0.2314786E-16
-0.5812317E+01 -0.4001253E-16 -0.3787676E-16  0.2272078E-16
-0.5800587E+01 -0.1619725E-16 -0.7863297E-16  0.4402568E-16
-0.5788856E+01  0.2196767E-16 -0.6520559E-16  0.8513686E-17
-0.5777126E+01  0.2870612E-16 -0.6798668E-16  0.7084439E-16
-0.5765396E+01 -0.3431255E-16  0.7611357E-19  0.9168188E-16
-0.5753666E+01  0.1594158E-16  0.4698751E-16  0.2858938E-16
-0.5741935E+01  0.1345946E-15  0.1225154E-16  0.8570256E-17
-0.5730205E+01  0.4665333E-16 -0.3848685E-16  0.6307577E-16
-0.5718475E+01 -0.6431795E-16 -0.7996081E-16  0.1194488E-15
-0.5706745E+01  0.6434031E-16 -0.3847520E-16  0.5034495E-16
-0.5695015E+01  0.7829518E-16 -0.1105635E-16  0.3666019E-17
-0.5683284E+01  0.2114856E-16  0.1023319E-16  0.1041825E-15
-0.5671554E+01  0.5667287E-16  0.4566985E-16  0.6700905E-16
-0.5659824E+01  0.1074493E-15  0.9170451E-16 -0.3612662E-18
-0.5648094E+01  0.5813562E-16  0.1559856E-15  0.2637008E-16
-0.5636364E+01 -0.3909767E-16  0.4612855E-16 -0.1336444E-16
-0.5624633E+01 -0.7212011E-16 -0.6685980E-16 -0.1883862E-16
-0.5612903E+01 -0.4354492E-16  0.4790870E-16 -0.2415806E-16
-0.5601173E+01  0.3461142E-16 -0.6326694E-17 -0.3882763E-16
-0.5589443E+01 -0.2076069E-16 -0.1418727E-15  0.2231389E-16
-0.5577713E+01 -0.5477734E-17 -0.2547891E-16  0.7798362E-16
-0.5565982E+01  0.1800752E-15  0.1903830E-16  0.5336366E-16
-0.5554252E+01 -0.6376931E-16 -0.5586634E-16 -0.1219820E-16
-0.5542522E+01 -0.2450321E-15 -0.1698287E-16 -0.1018866E-15
-0.5530792E+01  0.4349661E-16  0.3295384E-16 -0.1881814E-16
-0.5519062E+01 -0.1237916E-15 -0.1739099E-16  0.9324917E-16
-0.5507331E+01 -0.1489089E-15  0.1663919E-16 -0.3791154E-16
-0.5495601E+01  0.2252903E-15  0.5182861E-16 -0.3908013E-16
-0.5483871E+01  0.9640980E-16 -0.5930917E-16  0.7561308E-16
-0.5472141E+01 -0.1498720E-15 -0.8589946E-16 -0.8414685E-17
-0.5460411E+01  0.5127245E-16 -0.2202287E-16 -0.8971042E-16
-0.5448680E+01 -0.2330485E-16  0.1750844E-16 -0.6556796E-16
-0.5436950E+01 -0.1068121E-15  0.1204222E-15 -0.8409861E-17
-0.5425220E+01  0.1440300E-16  0.5128234E-16  0.7160206E-16
-0.5413490E+01 -0.6368122E-17 -0.4437732E-16  0.4188372E-16
-0.5401760E+01 -0.1232047E-15  0.4183812E-16 -0.6544107E-16
-0.5390029E+01 -0.1974717E-15 -0.3688070E-15  0.3951302E-16
-0.5378299E+01 -0.3829866E-16 -0.2186451E-15 -0.2691404E-16
-0.5366569E+01  0.2814078E-16  0.2546474E-15 -0.1006026E-15
-0.5354839E+01 -0.4120320E-16 -0.7992651E-16  0.3135660E-15
-0.5343109E+01 -0.4053530E-17  0.2174892E-16  0.2042562E-15
-0.5331378E+01 -0.7303618E-16  0.1742303E-15 -0.1514432E-15
-0.5319648E+01 -0.4301116E-16 -0.8525494E-16  0.1406961E-15
-0.5307918E+01  0.1907095E-15  0.2159462E-16  0.3382851E-15
-0.5296188E+01  0.9304779E-16  0.2829899E-17  0.1262436E-15
-0.5284457E+01  0.2028559E-16 -0.8424309E-16  0.8355981E-16
-0.5272727E+01 -0.3805061E-16  0.1443511E-15 -0.5556907E-16
-0.5260997E+01 -0.1611249E-15  0.1447972E-17 -0.2552015E-15
-0.5249267E+01 -0.7640433E-16 -0.1566533E-15  0.8718496E-16
-0.5237537E+01  0.1144632E-15  0.1241089E-16  0.7054899E-16
-0.5225806E+01  0.1919355E-16 -0.8303011E-16 -0.7977098E-16
-0.5214076E+01 -0.8473217E-16  0.3495015E-16  0.5588474E-16
-0.5202346E+01  0.1990524E-15  0.2971107E-16  0.1079148E-15
-0.5190616E+01  0.2067219E-15 -0.5355952E-18 -0.6863249E-16
-0.5178886E+01  0.9308459E-16  0.7361743E-16 -0.1181284E-15
-0.5167155E+01  0.9727114E-16 -0.5112695E-17  0.2449218E-15
-0.5155425E+01  0.6340539E-16  0.1098342E-15 -0.5588498E-16
-0.5143695E+01  0.1566002E-15  0.2221759E-16 -0.3833777E-15
-0.5131965E+01 -0.2269490E-15  0.1368425E-15  0.1667434E-16
-0.5120235E+01 -0.2947077E-15  0.1960041E-15 -0.1945586E-16
-0.5108504E+01  0.1673825E-16 -0.2332919E-15 -0.1181793E-15
-0.5096774E+01 -0.4856644E-16  0.8023639E-16 -0.9344060E-16
-0.5085044E+01 -0.3144823E-15  0.2130624E-15  0.1673469E-15
-0.5073314E+01 -0.2212300E-15  0.5346877E-16  0.6047593E-16
-0.5061584E+01 -0.2954046E-15  0.2139799E-15  0.2384990E-16
-0.5049853E+01 -0.2395183E-15  0.6230498E-16  0.2881009E-15
-0.5038123E+01  0.7050207E-17  0.1267880E-15 -0.8405569E-16
-0.5026393E+01 -0.2412130E-15  0.2688969E-15 -0.8303183E-16
-0.5014663E+01  0.5444496E-15  0.4307760E-16  0.1865603E-16
-0.5002933E+01  0.4796962E-15 -0.2069794E-15  0.2804438E-15
-0.4991202E+01 -0.1042669E-15 -0.4366237E-17 -0.3157327E-15
-0.4979472E+01  0.1398691E-15  0.9114448E-16 -0.2686489E-15
-0.4967742E+01  0.1660088E-15  0.2030783E-16  0.1509704E-15
-0.4956012E+01 -0.2262852E-18 -0.1101771E-15 -0.1054319E-15
-0.4944282E+01  0.9762436E-17 -0.3784663E-15  0.2067764E-15
-0.4932551E+01  0.4331954E-15  0.6286075E-16 -0.4442686E-15
-0.4920821E+01  0.1560699E-15 -0.1166952E-15 -0.2191121E-15
-0.4909091E+01 -0.3178015E-15  0.1282763E-15  0.3129086E-15
-0.4897361E+01  0.1345673E-15  0.5789551E-16 -0.2757186E-15
-0.4885630E+01  0.3622434E-15 -0.2862708E-15  0.7786344E-16
-0.4873900E+01  0.1162691E-15  0.1033642E-15 -0.1858264E-15
-0.4862170E+01 -0.2669006E-15 -0.2891673E-15  0.3242453E-16
-0.4850440E+01 -0.1980886E-15  0.1574303E-15  0.8106300E-16
-0.4838710E+01 -0.5914211E-16 -0.4151838E-17 -0.5707116E-16
-0.4826979E+01  0.2981841E-15 -0.2391849E-16  0.1722363E-15
-0.4815249E+01 -0.4652236E-16  0.3856244E-16 -0.4776683E-16
-0.4803519E+01 -0.4679617E-16 -0.9794493E-16  0.6276629E-16
-0.4791789E+01  0.2263251E-15  0.4629565E-15 -0.1512821E-15
-0.4780059E+01 -0.5729627E-16  0.6807250E-16  0.1307561E-15
-0.4768328E+01 -0.1594206E-15  0.1004033E-15 -0.4639470E-15
-0.4756598E+01 -0.2275660E-15  0.3792959E-15 -0.9648750E-16
-0.4744868E+01  0.2284303E-15  0.2787212E-15  0.5158128E-15
-0.4733138E+01  0.1026849E-15  0.2440236E-15 -0.3443270E-16
-0.4721408E+01 -0.1566849E-15 -0.1065592E-15  0.1119376E-15
-0.4709677E+01  0.1974643E-15 -0.4436900E-16 -0.1509967E-15
-0.4697947E+01  0.8162709E-16 -0.1536011E-15 -0.1876229E-16
-0.4686217E+01  0.6908830E-16  0.1574512E-15  0.2746877E-15
-0.4674487E+01 -0.8021250E-16  0.2079202E-15 -0.1758519E-16
-0.4662757E+01  0.5120917E-15 -0.1453096E-15  0.2658981E-15
-0.4651026E+01 -0.2731232E-16  0.3176079E-15 -0.6872869E-16
-0.4639296E+01  0.1027393E-15  0.2510717E-15 -0.3676318E-15
-0.4627566E+01  0.1232844E-15 -0.4920011E-15  0.5373677E-15
-0.4615836E+01 -0.1858274E-15 -0.9583244E-16  0.1249986E-15
-0.4604106E+01  0.4688363E-15  0.2224253E-15  0.7260825E-16
-0.4592375E+01 -0.3773068E-16 -0.1355640E-15  0.4518022E-16
-0.4580645E+01  0.3433681E-15 -0.3546974E-16 -0.6964933E-16
-0.4568915E+01  0.2680704E-17  0.1052523E-15  0.7080120E-16
-0.4557185E+01  0.1944054E-15  0.1267859E-15  0.9719631E-16
-0.4545455E+01  0.7560764E-15 -0.7733835E-15  0.4714444E-15
-0.4533724E+01  0.1037992E-15  0.2046418E-15 -0.3186747E-16
-0.4521994E+01  0.2719473E-15 -0.2008467E-15 -0.2219338E-15
-0.4510264E+01  0.1975486E-15 -0.3072450E-15  0.5914619E-15
-0.4498534E+01  0.4750390E-15  0.9979483E-16  0.1853386E-16
-0.4486804E+01 -0.9700555E-16 -0.2409037E-15 -0.2684510E-15
-0.4475073E+01  0.1022237E-15  0.1582522E-15  0.3330169E-15
-0.4463343E+01  0.4367356E-15 -0.9292952E-15  0.6525427E-15
-0.4451613E+01 -0.5888101E-15  0.1780351E-15  0.7444320E-15
-0.4439883E+01 -0.8799109E-16  0.2000965E-15 -0.2046250E-15
-0.4428152E+01  0.9932276E-16  0.4857315E-15  0.1294273E-15
-0.4416422E+01  0.9521528E-16 -0.4262673E-15 -0.2175224E-15
-0.4404692E+01  0.9887405E-16 -0.2887360E-15  0.8532292E-15
-0.4392962E+01  0.2729196E-16  0.1113948E-14 -0.5559018E-16
-0.4381232E+01  0.7512135E-16  0.9808178E-15 -0.3454727E-15
-0.4369501E+01  0.5106177E-15  0.3972175E-16  0.3338457E-15
-0.4357771E+01  0.7507911E-15 -0.1304092E-15 -0.3475009E-16
-0.4346041E+01 -0.1948651E-15  0.7572941E-15 -0.1737773E-15
-0.4334311E+01  0.3076612E-15 -0.1245408E-15 -0.6572425E-17
-0.4322581E+01  0.5760937E-15 -0.1212138E-15  0.4303752E-15
-0.4310850E+01 -0.5163303E-15  0.4161526E-15 -0.4513691E-15
-0.4299120E+01  0.1056446E-15 -0.3651620E-15  0.3676758E-15
-0.4287390E+01 -0.4114190E-15  0.3959575E-15 -0.5359897E-16
-0.4275660E+01  0.1245350E-15 -0.7087786E-15  0.1977274E-15
-0.4263930E+01 -0.1569991E-15 -0.6800808E-15  0.2169684E-15
-0.4252199E+01  0.2319186E-15 -0.1247758E-15  0.9281301E-16
-0.4240469E+01 -0.3408876E-15 -0.1542645E-15 -0.6027432E-15
-0.4228739E+01  0.2892784E-15  0.2686591E-15  0.2642039E-15
-0.4217009E+01 -0.1790678E-15 -0.1127333E-15 -0.2570401E-15
-0.4205279E+01 -0.7714999E-15  0.2063654E-15  0.3181479E-16
-0.4193548E+01  0.5925690E-15 -0.4675970E-15  0.2194900E-15
-0.4181818E+01 -0.5984174E-15 -0.4404989E-15  0.2366850E-15
-0.4170088E+01  0.6414329E-15 -0.2645392E-15  0.2496978E-15
-0.4158358E+01 -0.4362835E-15 -0.1129968E-15 -0.6744578E-16
-0.4146628E+01  0.3172500E-15  0.1253323E-15 -0.1625441E-15
-0.4134897E+01 -0.4829888E-16 -0.2528876E-15 -0.4627812E-15
-0.4123167E+01 -0.1632767E-15  0.1240966E-14  0.3312231E-16
-0.4111437E+01 -0.5388061E-15  0.5966038E-17 -0.2917444E-15
-0.4099707E+01  0.3573109E-15  0.4916029E-15  0.1799597E-15
-0.4087977E+01 -0.3071042E-15 -0.9171852E-16 -0.1238819E-15
-0.4076246E+01  0.4694808E-15  0.2464414E-15 -0.5198056E-16
-0.4064516E+01 -0.3122704E-15 -0.1993938E-15  0.2072178E-15
-0.4052786E+01  0.5912046E-16  0.1081994E-15 -0.4269926E-15
-0.4041056E+01  0.1982351E-15 -0.1947091E-15  0.3426235E-15
-0.4029326E+01 -0.2914629E-15 -0.3228098E-15 -0.3225371E-15
-0.4017595E+01  0.8506081E-16  0.2830638E-15 -0.5506142E-15
-0.4005865E+01 -0.4551108E-15 -0.7376156E-15  0.4191589E-15
-0.3994135E+01  0.4405371E-15 -0.3170759E-17 -0.4023573E-15
-0.3982405E+01 -0.4278403E-15 -0.1519978E-15  0.8088596E-15
-0.3970674E+01  0.6428615E-15  0.3894428E-15 -0.6966232E-15
-0.3958944E+01 -0.8043318E-15 -0.3908356E-15  0.2883831E-15
-0.3947214E+01  0.7493189E-15  0.3702683E-15 -0.1602409E-15
-0.3935484E+01 -0.5224613E-15 -0.1020079E-15 -0.4615501E-15
-0.3923754E+01  0.5988612E-15  0.6054725E-15  0.1663103E-15
-0.3912023E+01 -0.3327767E-15 -0.2769675E-15 -0.4824566E-15
-0.3900293E+01 -0.2874366E-16  0.4793864E-15  0.4207312E-15
-0.3888563E+01 -0.5716733E-16 -0.6729448E-16 -0.2053698E-15
-0.3876833E+01 -0.2643881E-15  0.1370053E-15  0.4833039E-15
-0.3865103E+01  0.2591857E-15 -0.2584787E-15  0.1153017E-16
-0.3853372E+01 -0.6633192E-15  0.8429380E-15 -0.2521580E-15
-0.3841642E+01  0.3157919E-15  0.7741724E-15 -0.1749364E-15
-0.3829912E+01  0.9227846E-16  0.5210658E-15  0.1032665E-15
-0.3818182E+01 -0.2862450E-15 -0.2596144E-15 -0.1502533E-15
-0.3806452E+01 -0.1777753E-17  0.7428963E-16  0.3762756E-15
-0.3794721E+01 -0.5370834E-15  0.1335412E-16 -0.1035386E-14
-0.3782991E+01 -0.2971332E-15 -0.3560294E-15  0.2323302E-15
-0.3771261E+01  0.4899093E-15  0.6079845E-15 -0.5535299E-16
-0.3759531E+01 -0.8892706E-15  0.1092553E-16 -0.2168421E-15
-0.3747801E+01  0.8288975E-15  0.7109100E-17 -0.1227886E-15
-0.3736070E+01 -0.3924001E-16 -0.7544683E-15 -0.1214345E-14
-0.3724340E+01  0.1215864E-14  0.6523239E-15  0.1002128E-14
-0.3712610E+01 -0.8017381E-15 -0.3167805E-15 -0.8828576E-15
-0.3700880E+01  0.3836794E-15  0.5955506E-15  0.7509912E-15
-0.3689150E+01 -0.1168039E-15 -0.1910168E-15 -0.1169147E-14
-0.3677419E+01 -0.3474233E-15  0.7527824E-15  0.9186507E-15
-0.3665689E+01  0.1364855E-14 -0.1131412E-14 -0.9764358E-15
-0.3653959E+01 -0.1314035E-14  0.1277251E-14  0.6932336E-15
-0.3642229E+01  0.1347446E-14 -0.1032433E-14 -0.4785472E-15
-0.3630499E+01 -0.9522088E-15  0.2159710E-14  0.2009031E-15
-0.3618768E+01  0.9559607E-15 -0.1713899E-14 -0.3963335E-15
-0.3607038E+01 -0.5002645E-15  0.1348125E-14  0.6010467E-15
-0.3595308E+01 -0.1865549E-15 -0.1811720E-14 -0.9206788E-15
-0.3583578E+01 -0.1186711E-15  0.1446783E-14  0.1496268E-14
-0.3571848E+01 -0.9709889E-16 -0.1321981E-14 -0.1104257E-14
-0.3560117E+01  0.9190046E-15  0.1312900E-14  0.7637628E-15
-0.3548387E+01 -0.1050593E-14 -0.6667168E-15 -0.4794267E-15
-0.3536657E+01  0.1127004E-14  0.6489409E-15  0.6574332E-15
-0.3524927E+01 -0.1103805E-14 -0.6595840E-15  0.2516300E-15
-0.3513196E+01  0.5170922E-15  0.5047273E-15 -0.7027467E-15
-0.3501466E+01 -0.5063036E-15 -0.4135726E-15  0.1472329E-14
-0.3489736E+01  0.4717310E-15  0.5873147E-15 -0.2095153E-14
-0.3478006E+01 -0.1726206E-16  0.1072522E-15  0.2129554E-14
-0.3466276E+01  0.8250804E-16 -0.6120885E-15 -0.2313778E-14
-0.3454545E+01 -0.3466168E-15  0.8683175E-15  0.2673926E-14
-0.3442815E+01  0.2768023E-15 -0.7105247E-15 -0.2937484E-14
-0.3431085E+01 -0.6566613E-15  0.1536450E-14  0.2633111E-14
-0.3419355E+01  0.9750924E-15 -0.1094504E-14 -0.2064870E-14
-0.3407625E+01 -0.5256324E-15  0.2718374E-15  0.1564721E-14
-0.3395894E+01  0.1029933E-14 -0.9806931E-15 -0.1514845E-14
-0.3384164E+01 -0.3678565E-15  0.1237657E-14 -0.5775340E-16
-0.3372434E+01  0.1111047E-14 -0.9448683E-15 -0.2312220E-15
-0.3360704E+01 -0.1030037E-14  0.1644065E-14 -0.3576248E-16
-0.3348974E+01  0.7425231E-15 -0.2254875E-14  0.7370290E-15
-0.3337243E+01 -0.1025003E-14  0.3278999E-14 -0.1189847E-14
-0.3325513E+01  0.1253378E-15 -0.3051413E-14  0.1221674E-14
-0.3313783E+01 -0.2215967E-15  0.3473059E-14 -0.1189466E-14
-0.3302053E+01  0.1315860E-15 -0.3843236E-14  0.6258514E-15
-0.3290323E+01  0.2549576E-15  0.3943561E-14 -0.7375375E-15
-0.3278592E+01 -0.4827096E-15 -0.3844953E-14  0.1082994E-14
-0.3266862E+01  0.6681410E-15  0.3498527E-14 -0.1331378E-14
-0.3255132E+01 -0.1433713E-14 -0.2838337E-14  0.1014247E-14
-0.3243402E+01  0.1041464E-14  0.2103159E-14 -0.1354316E-14
-0.3231672E+01 -0.1181715E-14 -0.1638793E-14  0.8025375E-15
-0.3219941E+01  0.1452276E-14  0.9974231E-15 -0.8696445E-15
-0.3208211E+01 -0.1222937E-14 -0.7729250E-15  0.4773982E-15
-0.3196481E+01  0.1340534E-14  0.5760377E-15 -0.1698652E-15
-0.3184751E+01 -0.1139918E-14  0.8343068E-15 -0.1632505E-15
-0.3173021E+01  0.5102744E-15 -0.6975523E-15  0.4680239E-16
-0.3161290E+01  0.1917878E-15  0.1027201E-14 -0.1564507E-18
-0.3149560E+01 -0.4077020E-15 -0.1443570E-14 -0.1154917E-15
-0.3137830E+01  0.1891319E-15  0.1283968E-14  0.2073805E-15
-0.3126100E+01 -0.2015651E-15 -0.1108044E-14 -0.3604823E-15
-0.3114370E+01  0.7786683E-15  0.6346602E-15  0.3330350E-15
-0.3102639E+01 -0.1537839E-14 -0.2134682E-15 -0.5228492E-15
-0.3090909E+01  0.1994635E-14  0.6242151E-15  0.2476362E-15
-0.3079179E+01 -0.1498231E-14 -0.2803365E-15 -0.6799733E-15
-0.3067449E+01  0.1119130E-14 -0.8631168E-15  0.4199484E-15
-0.3055718E+01 -0.2498702E-14  0.1232365E-14 -0.6483242E-15
-0.3043988E+01  0.1909338E-14 -0.1185721E-14  0.4523121E-15
-0.3032258E+01 -0.1406030E-14  0.1710799E-14 -0.1317229E-14
-0.3020528E+01  0.1547995E-14 -0.2596538E-14  0.9941658E-15
-0.3008798E+01 -0.1099336E-14  0.1929008E-14 -0.7110090E-15
-0.2997067E+01  0.5763965E-15 -0.2256815E-14  0.4740211E-15
-0.2985337E+01 -0.1085122E-15  0.1636040E-14 -0.3278835E-15
-0.2973607E+01  0.1639453E-15 -0.1487292E-14 -0.6833310E-15
-0.2961877E+01 -0.4237920E-15  0.2949053E-14 -0.4280851E-15
-0.2950147E+01 -0.6210088E-15 -0.9812507E-15 -0.8009123E-15
-0.2938416E+01 -0.1429550E-15  0.1331249E-14  0.9762984E-15
-0.2926686E+01  0.1208317E-15 -0.9893798E-15 -0.1568475E-14
-0.2914956E+01  0.3443585E-15 -0.3393113E-15  0.7313318E-15
-0.2903226E+01 -0.6046214E-15 -0.6745873E-15 -0.1518470E-14
-0.2891496E+01  0.5281068E-15 -0.9460600E-15  0.1280851E-14
-0.2879765E+01 -0.9049025E-17  0.1845266E-14 -0.2082625E-14
-0.2868035E+01 -0.1813974E-15 -0.9282053E-15  0.1942722E-14
-0.2856305E+01  0.2769023E-15  0.2401330E-14 -0.1682473E-14
-0.2844575E+01 -0.7880278E-15 -0.1984319E-14  0.5544930E-15
-0.2832845E+01  0.7508742E-15  0.2149372E-14 -0.1703847E-14
-0.2821114E+01 -0.2265676E-14 -0.2254922E-14  0.9237659E-15
-0.2809384E+01  0.2233269E-14  0.2887373E-14 -0.1450996E-14
-0.2797654E+01 -0.4722728E-15 -0.2288646E-14  0.8269145E-16
-0.2785924E+01  0.1971888E-14  0.2505854E-14 -0.1300311E-14
-0.2774194E+01 -0.2292777E-14 -0.2456865E-14  0.4510868E-15
-0.2762463E+01  0.1629112E-14  0.3182508E-14  0.1650073E-15
-0.2750733E+01 -0.1543288E-14 -0.1676084E-14  0.1174640E-15
-0.2739003E+01  0.2563272E-14  0.2701727E-14  0.8634458E-15
-0.2727273E+01 -0.2125245E-14 -0.2106556E-14 -0.1500299E-14
-0.2715543E+01  0.1969468E-14  0.2133882E-14  0.9117635E-15
-0.2703812E+01 -0.3134177E-14 -0.8772086E-15 -0.7203510E-15
-0.2692082E+01 -0.6827484E-15  0.3069104E-14  0.2062235E-14
-0.2680352E+01 -0.3180666E-14 -0.7545425E-15 -0.2861087E-14
-0.2668622E+01  0.1471717E-14  0.1891866E-14  0.1546819E-14
-0.2656891E+01 -0.3397485E-14 -0.1948688E-14 -0.3794492E-14
-0.2645161E+01  0.4117799E-15  0.2882806E-14  0.2995749E-14
-0.2633431E+01 -0.3635800E-14 -0.1347214E-14 -0.5098551E-14
-0.2621701E+01  0.1584900E-14  0.1705803E-14  0.2890251E-14
-0.2609971E+01 -0.5194092E-14 -0.2551351E-14 -0.3227899E-14
-0.2598240E+01  0.1210467E-14  0.4655647E-15  0.4788072E-14
-0.2586510E+01 -0.4041822E-14 -0.2585619E-14 -0.1176556E-14
-0.2574780E+01  0.4744884E-14  0.2372738E-14  0.4523992E-14
-0.2563050E+01 -0.2556926E-14 -0.8847818E-16 -0.4037782E-14
-0.2551320E+01  0.9986983E-15 -0.5682103E-15  0.3779787E-14
-0.2539589E+01 -0.1488371E-14 -0.2366596E-14 -0.2365549E-14
-0.2527859E+01 -0.1271955E-14  0.1658847E-14  0.2890582E-14
-0.2516129E+01 -0.2528392E-14  0.5180782E-15 -0.3610678E-14
-0.2504399E+01 -0.2887531E-15  0.8740747E-15  0.2518206E-14
-0.2492669E+01 -0.2572686E-14 -0.8732871E-15 -0.6080025E-14
-0.2480938E+01 -0.1458065E-14  0.3716121E-14  0.1877297E-14
-0.2469208E+01 -0.8903165E-15 -0.1498948E-14 -0.3926408E-14
-0.2457478E+01 -0.1027182E-14  0.4156010E-15  0.3300075E-14
-0.2445748E+01  0.5470629E-15 -0.3059960E-14  0.6159801E-16
-0.2434018E+01 -0.2152421E-14  0.2689326E-14  0.2804100E-14
-0.2422287E+01  0.5746632E-15 -0.8407617E-15 -0.2748713E-14
-0.2410557E+01  0.4448888E-17  0.3086879E-14  0.4250866E-14
-0.2398827E+01  0.3505212E-14 -0.4448560E-15 -0.4662684E-15
-0.2387097E+01 -0.1331549E-14  0.3318565E-14  0.4268340E-14
-0.2375367E+01  0.1583810E-14 -0.1820091E-14 -0.1854374E-14
-0.2363636E+01 -0.2556336E-14  0.1914757E-14  0.2796261E-14
-0.2351906E+01 -0.2324841E-15 -0.4185864E-14 -0.1658905E-14
-0.2340176E+01 -0.4627146E-14  0.5659398E-14  0.3872534E-14
-0.2328446E+01 -0.1227524E-14 -0.1015728E-14 -0.2559088E-15
-0.2316716E+01 -0.2869254E-14  0.1906685E-14  0.4571040E-14
-0.2304985E+01 -0.1401468E-14 -0.4088148E-14  0.2163791E-14
-0.2293255E+01 -0.3887821E-14  0.4033813E-14  0.1645524E-14
-0.2281525E+01  0.2165587E-14 -0.2622517E-14 -0.2854936E-14
-0.2269795E+01 -0.2695410E-14  0.6961892E-14  0.3184957E-14
-0.2258065E+01 -0.1854428E-14 -0.2092243E-14 -0.4151774E-16
-0.2246334E+01 -0.2572948E-14  0.4712697E-14  0.4252219E-14
-0.2234604E+01 -0.3705267E-14 -0.5978305E-14  0.1958287E-14
-0.2222874E+01 -0.3681451E-14  0.4472631E-14  0.5389152E-15
-0.2211144E+01 -0.2475602E-14 -0.3855451E-14 -0.1333052E-14
-0.2199413E+01 -0.2846410E-14  0.3160472E-14  0.5508376E-15
-0.2187683E+01 -0.3911963E-15 -0.6188029E-14 -0.2992770E-14
-0.2175953E+01 -0.1977870E-14  0.3570263E-14 -0.1531322E-14
-0.2164223E+01  0.2373634E-14 -0.3858606E-14 -0.4503165E-14
-0.2152493E+01 -0.9691680E-16  0.1231176E-14 -0.1313784E-14
-0.2140762E+01 -0.1543358E-15 -0.8654323E-14 -0.1768780E-14
-0.2129032E+01 -0.5579842E-14  0.1040173E-14 -0.1189634E-14
-0.2117302E+01 -0.7432455E-14 -0.4412473E-14 -0.2690972E-14
-0.2105572E+01 -0.4716796E-14  0.4132917E-14 -0.1447883E-14
-0.2093842E+01 -0.6767749E-14 -0.4320849E-14 -0.2380695E-14
-0.2082111E+01 -0.6172868E-14  0.2598619E-14 -0.2496043E-14
-0.2070381E+01 -0.1044662E-14 -0.2897673E-14 -0.2549914E-14
-0.2058651E+01  0.2351056E-14 -0.1347070E-14  0.1199864E-14
-0.2046921E+01 -0.8486474E-15 -0.1306123E-13  0.2943277E-14
-0.2035191E+01 -0.3470962E-14 -0.7906221E-14  0.4934445E-14
-0.2023460E+01 -0.2659706E-14 -0.1028070E-13 -0.5198566E-14
-0.2011730E+01 -0.3259889E-14 -0.1247116E-15 -0.2690744E-14
-0.2000000E+01 -0.6489103E-14 -0.5381029E-14 -0.3443768E-14
-0.1988270E+01 -0.2691619E-14 -0.1011236E-14 -0.1783225E-15
-0.1976540E+01  0.2072937E-14 -0.5872678E-14 -0.5490018E-15
-0.1964809E+01 -0.1079640E-14  0.2145680E-14  0.1341583E-14
-0.1953079E+01 -0.7548232E-15 -0.5570133E-14  0.8890898E-15
-0.1941349E+01 -0.9462409E-15 -0.4427786E-14 -0.6596059E-15
-0.1929619E+01 -0.1689920E-14 -0.1241575E-13 -0.1555075E-14
-0.1917889E+01  0.6730222E-16 -0.4699266E-14  0.3356887E-14
-0.1906158E+01  0.1726682E-14 -0.5119322E-14  0.5264896E-16
-0.1894428E+01 -0.2148571E-14 -0.4332849E-14  0.1712771E-14
-0.1882698E+01 -0.3663346E-14 -0.8923301E-14 -0.4492002E-14
-0.1870968E+01 -0.4655431E-14 -0.5074658E-14 -0.7868644E-15
-0.1859238E+01 -0.3513617E-14 -0.8828938E-14  0.1121260E-14
-0.1847507E+01 -0.2396880E-14 -0.3587711E-14  0.1261340E-14
-0.1835777E+01 -0.3132300E-14 -0.2534680E-14 -0.4859355E-14
-0.1824047E+01 -0.7850339E-14  0.3181379E-14 -0.8135453E-14
-0.1812317E+01 -0.5768557E-14 -0.2582989E-14 -0.5019778E-14
-0.1800587E+01 -0.4995142E-14  0.2979955E-14 -0.5524944E-15
-0.1788856E+01 -0.1254236E-14  0.2093365E-14 -0.2029613E-14
-0.1777126E+01 -0.8678740E-14  0.2154252E-14 -0.2202676E-14
-0.1765396E+01 -0.1038564E-13 -0.7473677E-14 -0.3379633E-14
-0.1753666E+01 -0.1070362E-13 -0.9619678E-14 -0.2914115E-14
-0.1741935E+01 -0.8619501E-14 -0.8956003E-14 -0.4317178E-14
-0.1730205E+01 -0.1339621E-13 -0.7761789E-14 -0.6600796E-14
-0.1718475E+01 -0.1001624E-13 -0.3107358E-14 -0.4986094E-14
-0.1706745E+01 -0.7464867E-14 -0.2959058E-14  0.8022639E-16
-0.1695015E+01 -0.1714041E-14 -0.6273733E-14 -0.1418751E-14
-0.1683284E+01 -0.7783755E-14  0.6733505E-15 -0.8127605E-15
-0.1671554E+01 -0.2889892E-14 -0.1210589E-14 -0.1156652E-14
-0.1659824E+01 -0.1070973E-15 -0.3535317E-14 -0.4485832E-14
-0.1648094E+01  0.7421468E-14 -0.6405901E-14 -0.6502398E-14
-0.1636364E+01  0.8810802E-14 -0.7262866E-14 -0.6194783E-15
-0.1624633E+01  0.1119742E-13 -0.6973270E-14  0.8631423E-15
-0.1612903E+01  0.9230597E-14  0.1346665E-14 -0.4620253E-14
-0.1601173E+01  0.6279978E-14  0.6569723E-14 -0.2147834E-14
-0.1589443E+01  0.1000337E-14 -0.2422125E-14 -0.3011805E-14
-0.1577713E+01  0.5777925E-14 -0.5515353E-14 -0.6590605E-14
-0.1565982E+01  0.6663533E-14 -0.4348347E-14 -0.8756289E-14
-0.1554252E+01 -0.3249909E-15 -0.5293000E-14 -0.9661573E-14
-0.1542522E+01 -0.1160867E-13 -0.6375637E-14 -0.1296713E-13
-0.1530792E+01 -0.9291348E-14 -0.1041280E-14 -0.1123542E-13
-0.1519062E+01 -0.6041320E-14  0.2415592E-14 -0.1800280E-13
-0.1507331E+01 -0.2424309E-14  0.3115952E-14 -0.1790884E-13
-0.1495601E+01 -0.2032858E-14 -0.9175508E-15 -0.2447883E-13
-0.1483871E+01  0.2750405E-14 -0.5991050E-15 -0.2002688E-13
-0.1472141E+01 -0.3090797E-16 -0.4174889E-14 -0.1579199E-13
-0.1460411E+01  0.6925199E-14 -0.6126458E-14 -0.3317458E-14
-0.1448680E+01  0.9497017E-15 -0.1254128E-13  0.5929754E-14
-0.1436950E+01 -0.1389575E-14 -0.1400521E-13  0.3058620E-13
-0.1425220E+01 -0.5525502E-14 -0.2703723E-13  0.8468278E-13
-0.1413490E+01  0.6244751E-14 -0.5917818E-13  0.2056125E-12
-0.1401760E+01  0.2318290E-13 -0.1294573E-12  0.4191854E-12
-0.1390029E+01  0.5752458E-13 -0.2592124E-12  0.8435802E-12
-0.1378299E+01  0.1146065E-12 -0.5236584E-12  0.1634675E-11
-0.1366569E+01  0.2306525E-12 -0.1009218E-11  0.3114930E-11
-0.1354839E+01  0.4389662E-12 -0.1915520E-11  0.5866468E-11
-0.1343109E+01  0.8261802E-12 -0.3581730E-11  0.1093664E-10
-0.1331378E+01  0.1526595E-11 -0.6635124E-11  0.2016496E-10
-0.1319648E+01  0.2822717E-11 -0.1215853E-10  0.3682493E-10
-0.1307918E+01  0.5156036E-11 -0.2207162E-10  0.6658074E-10
-0.1296188E+01  0.9332169E-11 -0.3966926E-10  0.1192269E-09
-0.1284457E+01  0.1668815E-10 -0.7063844E-10  0.2114550E-09
-0.1272727E+01  0.2956385E-10 -0.1245871E-09  0.3714993E-09
-0.1260997E+01  0.5187561E-10 -0.2177211E-09  0.6465664E-09
-0.1249267E+01  0.9020697E-10 -0.3769576E-09  0.1114908E-08
-0.1237537E+01  0.1554341E-09 -0.6467193E-09  0.1904930E-08
-0.1225806E+01  0.2654586E-09 -0.1099601E-08  0.3225468E-08
-0.1214076E+01  0.4493757E-09 -0.1853120E-08  0.5412799E-08
-0.1202346E+01  0.7541360E-09 -0.3095726E-08  0.9003524E-08
-0.1190616E+01  0.1254718E-08 -0.5126935E-08  0.1484591E-07
-0.1178886E+01  0.2069947E-08 -0.8418451E-08  0.2426882E-07
-0.1167155E+01  0.3386318E-08 -0.1370659E-07  0.3933510E-07
-0.1155425E+01  0.5494112E-08 -0.2213052E-07  0.6321838E-07
-0.1143695E+01  0.8841195E-08 -0.3543736E-07  0.1007580E-06
-0.1131965E+01  0.1411270E-07 -0.5628334E-07  0.1592681E-06
-0.1120235E+01  0.2234786E-07 -0.8867240E-07  0.2497078E-06
-0.1108504E+01  0.3510996E-07 -0.1385886E-06  0.3883549E-06
-0.1096774E+01  0.5473109E-07 -0.2149001E-06  0.5991805E-06
-0.1085044E+01  0.8466184E-07 -0.3306403E-06  0.9171862E-06
-0.1073314E+01  0.1299664E-06 -0.5048049E-06  0.1393049E-05
-0.1061584E+01  0.1980174E-06 -0.7648538E-06  0.2099526E-05
-0.1049853E+01  0.2994633E-06 -0.1150160E-05  0.3140217E-05
-0.1038123E+01  0.4495626E-06 -0.1716726E-05  0.4661413E-05
-0.1026393E+01  0.6700097E-06 -0.2543565E-05  0.6868012E-05
-0.1014663E+01  0.9914114E-06 -0.3741283E-05  0.1004466E-04
-0.1002933E+01  0.1456618E-05 -0.5463491E-05  0.1458362E-04
-0.9912023E+00  0.2125167E-05 -0.7921861E-05  0.2102109E-04
-0.9794721E+00  0.3079160E-05 -0.1140582E-04  0.3008423E-04
-0.9677419E+00  0.4430973E-05 -0.1630808E-04  0.4275132E-04
-0.9560117E+00  0.6333283E-05 -0.2315741E-04  0.6032813E-04
-0.9442815E+00  0.8992006E-05 -0.3266043E-04  0.8454387E-04
-0.9325513E+00  0.1268284E-04 -0.4575426E-04  0.1176706E-03
-0.9208211E+00  0.1777228E-04 -0.6367245E-04  0.1626705E-03
-0.9090909E+00  0.2474401E-04 -0.8802668E-04  0.2233752E-03
-0.8973607E+00  0.3423185E-04 -0.1209070E-03  0.3047030E-03
-0.8856305E+00  0.4706055E-04 -0.1650040E-03  0.4129180E-03
-0.8739003E+00  0.6429581E-04 -0.2237557E-03  0.5559366E-03
-0.8621701E+00  0.8730505E-04 -0.3015233E-03  0.7436860E-03
-0.8504399E+00  0.1178308E-03 -0.4037985E-03  0.9885188E-03
-0.8387097E+00  0.1580784E-03 -0.5374464E-03  0.1305686E-02
-0.8269795E+00  0.2108197E-03 -0.7109863E-03  0.1713870E-02
-0.8152493E+00  0.2795154E-03 -0.9349140E-03  0.2235780E-02
-0.8035191E+00  0.3684566E-03 -0.1222066E-02  0.2898797E-02
-0.7917889E+00  0.4829286E-03 -0.1588027E-02  0.3735681E-02
-0.7800587E+00  0.6293973E-03 -0.2051581E-02  0.4785304E-02
-0.7683284E+00  0.8157209E-03 -0.2635202E-02  0.6093423E-02
-0.7565982E+00  0.1051385E-02 -0.3365580E-02  0.7713451E-02
-0.7448680E+00  0.1347764E-02 -0.4274181E-02  0.9707217E-02
-0.7331378E+00  0.1718408E-02 -0.5397817E-02  0.1214568E-01
-0.7214076E+00  0.2179349E-02 -0.6779236E-02  0.1510955E-01
-0.7096774E+00  0.2749430E-02 -0.8467698E-02  0.1868984E-01
-0.6979472E+00  0.3450653E-02 -0.1051952E-01  0.2298814E-01
-0.6862170E+00  0.4308533E-02 -0.1299860E-01  0.2811683E-01
-0.6744868E+00  0.5352462E-02 -0.1597681E-01  0.3419891E-01
-0.6627566E+00  0.6616069E-02 -0.1953437E-01  0.4136757E-01
-0.6510264E+00  0.8137568E-02 -0.2376000E-01  0.4976536E-01
-0.6392962E+00  0.9960084E-02 -0.2875103E-01  0.5954298E-01
-0.6275660E+00  0.1213195E-01 -0.3461316E-01  0.7085760E-01
-0.6158358E+00  0.1470693E-01 -0.4146013E-01  0.8387063E-01
-0.6041056E+00  0.1774443E-01 -0.4941310E-01  0.9874505E-01
-0.5923754E+00  0.2130961E-01 -0.5859966E-01  0.1156421E+00
-0.5806452E+00  0.2547334E-01 -0.6915265E-01  0.1347177E+00
-0.5689150E+00  0.3031221E-01 -0.8120856E-01  0.1561177E+00
-0.5571848E+00  0.3590821E-01 -0.9490564E-01  0.1799738E+00
-0.5454545E+00  0.4234848E-01 -0.1103817E+00  0.2063976E+00
-0.5337243E+00  0.4972476E-01 -0.1277713E+00  0.2354758E+00
-0.5219941E+00  0.5813278E-01 -0.1472032E+00  0.2672641E+00
-0.5102639E+00  0.6767144E-01 -0.1687967E+00  0.3017814E+00
-0.4985337E+00  0.7844187E-01 -0.1926586E+00  0.3390045E+00
-0.4868035E+00  0.9054625E-01 -0.2188793E+00  0.3788619E+00
-0.4750733E+00  0.1040866E+00 -0.2475289E+00  0.4212297E+00
-0.4633431E+00  0.1191632E+00 -0.2786534E+00  0.4659261E+00
-0.4516129E+00  0.1358731E+00 -0.3122710E+00  0.5127085E+00
-0.4398827E+00  0.1543086E+00 -0.3483682E+00  0.5612708E+00
-0.4281525E+00  0.1745551E+00 -0.3868960E+00  0.6112414E+00
-0.4164223E+00  0.1966894E+00 -0.4277674E+00  0.6621837E+00
-0.4046921E+00  0.2207780E+00 -0.4708540E+00  0.7135971E+00
-0.3929619E+00  0.2468747E+00 -0.5159837E+00  0.7649199E+00
-0.3812317E+00  0.2750195E+00 -0.5629398E+00  0.8155342E+00
-0.3695015E+00  0.3052358E+00 -0.6114592E+00  0.8647718E+00
-0.3577713E+00  0.3375297E+00 -0.6612330E+00  0.9119225E+00
-0.3460411E+00  0.3718878E+00 -0.7119069E+00  0.9562435E+00
-0.3343109E+00  0.4082762E+00 -0.7630831E+00  0.9969708E+00
-0.3225806E+00  0.4466394E+00 -0.8143227E+00  0.1033331E+01
-0.3108504E+00  0.4868991E+00 -0.8651496E+00  0.1064557E+01
-0.2991202E+00  0.5289542E+00 -0.9150549E+00  0.1089897E+01
-0.2873900E+00  0.5726802E+00 -0.9635021E+00  0.1108638E+01
-0.2756598E+00  0.6179295E+00 -0.1009934E+01  0.1120113E+01
-0.2639296E+00  0.6645318E+00 -0.1053778E+01  0.1123722E+01
-0.2521994E+00  0.7122952E+00 -0.1094456E+01  0.1118942E+01
-0.2404692E+00  0.7610071E+00 -0.1131392E+01  0.1105344E+01
-0.2287390E+00  0.8104357E+00 -0.1164019E+01  0.1082606E+01
-0.2170088E+00  0.8603326E+00 -0.1191788E+01  0.1050522E+01
-0.2052786E+00  0.9104339E+00 -0.1214179E+01  0.1009013E+01
-0.1935484E+00  0.9604640E+00 -0.1230708E+01  0.9581325E+00
-0.1818182E+00  0.1010137E+01 -0.1240933E+01  0.8980723E+00
-0.1700880E+00  0.1059161E+01 -0.1244467E+01  0.8291652E+00
-0.1583578E+00  0.1107240E+01 -0.1240980E+01  0.7518836E+00
-0.1466276E+00  0.1154079E+01 -0.1230209E+01  0.6668363E+00
-0.1348974E+00  0.1199383E+01 -0.1211959E+01  0.5747630E+00
-0.1231672E+00  0.1242866E+01 -0.1186113E+01  0.4765257E+00
-0.1114370E+00  0.1284250E+01 -0.1152631E+01  0.3730971E+00
-0.9970674E-01  0.1323271E+01 -0.1111554E+01  0.2655477E+00
-0.8797654E-01  0.1359678E+01 -0.1063002E+01  0.1550302E+00
-0.7624633E-01  0.1393241E+01 -0.1007179E+01  0.4276240E-01
-0.6451613E-01  0.1423749E+01 -0.9443635E+00 -0.6999128E-01
-0.5278592E-01  0.1451014E+01 -0.8749122E+00 -0.1819394E+00
-0.4105572E-01  0.1474874E+01 -0.7992523E+00 -0.2917836E+00
-0.2932551E-01  0.1495191E+01 -0.7178769E+00 -0.3982385E+00
-0.1759531E-01  0.1511857E+01 -0.6313390E+00 -0.5000523E+00
-0.5865103E-02  0.1524792E+01 -0.5402441E+00 -0.5960256E+00
 0.5865103E-02  0.1533943E+01 -0.4452425E+00 -0.6850300E+00
 0.1759531E-01  0.1539288E+01 -0.3470212E+00 -0.7660251E+00
 0.2932551E-01  0.1540833E+01 -0.2462943E+00 -0.8380735E+00
 0.4105572E-01  0.1538611E+01 -0.1437950E+00 -0.9003542E+00
 0.5278592E-01  0.1532684E+01 -0.4026556E-01 -0.9521738E+00
 0.6451613E-01  0.1523138E+01  0.6355112E-01 -0.9929751E+00
 0.7624633E-01  0.1510084E+01  0.1669206E+00 -0.1022343E+01
 0.8797654E-01  0.1493655E+01  0.2691255E+00 -0.1040010E+01
 0.9970674E-01  0.1474005E+01  0.3694729E+00 -0.1045855E+01
 0.1114370E+00  0.1451306E+01  0.4673024E+00 -0.1039902E+01
 0.1231672E+00  0.1425746E+01  0.5619925E+00 -0.1022320E+01
 0.1348974E+00  0.1397526E+01  0.6529664E+00 -0.9934138E+00
 0.1466276E+00  0.1366859E+01  0.7396970E+00 -0.9536167E+00
 0.1583578E+00  0.1333967E+01  0.8217114E+00 -0.9034818E+00
 0.1700880E+00  0.1299079E+01  0.8985940E+00 -0.8436704E+00
 0.1818182E+00  0.1262425E+01  0.9699886E+00 -0.7749393E+00
 0.1935484E+00  0.1224239E+01  0.1035600E+01 -0.6981274E+00
 0.2052786E+00  0.1184755E+01  0.1095196E+01 -0.6141417E+00
 0.2170088E+00  0.1144204E+01  0.1148603E+01 -0.5239424E+00
 0.2287390E+00  0.1102810E+01  0.1195710E+01 -0.4285282E+00
 0.2404692E+00  0.1060795E+01  0.1236464E+01 -0.3289217E+00
 0.2521994E+00  0.1018370E+01  0.1270867E+01 -0.2261549E+00
 0.2639296E+00  0.9757391E+00  0.1298977E+01 -0.1212554E+00
 0.2756598E+00  0.9330943E+00  0.1320898E+01 -0.1523364E-01
 0.2873900E+00  0.8906173E+00  0.1336781E+01  0.9092918E-01
 0.2991202E+00  0.8484774E+00  0.1346821E+01  0.1962922E+00
 0.3108504E+00  0.8068313E+00  0.1351246E+01  0.2999644E+00
 0.3225806E+00  0.7658224E+00  0.1350318E+01  0.4011132E+00
 0.3343109E+00  0.7255808E+00  0.1344327E+01  0.4989714E+00
 0.3460411E+00  0.6862230E+00  0.1333587E+01  0.5928431E+00
 0.3577713E+00  0.6478518E+00  0.1318428E+01  0.6821077E+00
 0.3695015E+00  0.6105571E+00  0.1299194E+01  0.7662232E+00
 0.3812317E+00  0.5744153E+00  0.1276240E+01  0.8447278E+00
 0.3929619E+00  0.5394906E+00  0.1249925E+01  0.9172404E+00
 0.4046921E+00  0.5058348E+00  0.1220609E+01  0.9834601E+00
 0.4164223E+00  0.4734882E+00  0.1188652E+01  0.1043164E+01
 0.4281525E+00  0.4424802E+00  0.1154406E+01  0.1096205E+01
 0.4398827E+00  0.4128301E+00  0.1118216E+01  0.1142509E+01
 0.4516129E+00  0.3845475E+00  0.1080414E+01  0.1182069E+01
 0.4633431E+00  0.3576335E+00  0.1041322E+01  0.1214942E+01
 0.4750733E+00  0.3320810E+00  0.1001244E+01  0.1241243E+01
 0.4868035E+00  0.3078759E+00  0.9604693E+00  0.1261139E+01
 0.4985337E+00  0.2849977E+00  0.9192671E+00  0.1274846E+01
 0.5102639E+00  0.2634199E+00  0.8778893E+00  0.1282619E+01
 0.5219941E+00  0.2431115E+00  0.8365678E+00  0.1284749E+01
 0.5337243E+00  0.2240370E+00  0.7955144E+00  0.1281555E+01
 0.5454545E+00  0.2061574E+00  0.7549214E+00  0.1273381E+01
 0.5571848E+00  0.1894309E+00  0.7149607E+00  0.1260589E+01
 0.5689150E+00  0.1738131E+00  0.6757848E+00  0.1243552E+01
 0.5806452E+00  0.1592581E+00  0.6375273E+00  0.1222652E+01
 0.5923754E+00  0.1457187E+00  0.6003032E+00  0.1198274E+01
 0.6041056E+00  0.1331469E+00  0.5642099E+00  0.1170802E+01
 0.6158358E+00  0.1214942E+00  0.5293279E+00  0.1140615E+01
 0.6275660E+00  0.1107124E+00  0.4957223E+00  0.1108084E+01
 0.6392962E+00  0.1007534E+00  0.4634430E+00  0.1073568E+01
 0.6510264E+00  0.9156994E-01  0.4325263E+00  0.1037414E+01
 0.6627566E+00  0.8311565E-01  0.4029961E+00  0.9999515E+00
 0.6744868E+00  0.7534527E-01  0.3748647E+00  0.9614926E+00
 0.6862170E+00  0.6821488E-01  0.3481339E+00  0.9223306E+00
 0.6979472E+00  0.6168203E-01  0.3227962E+00  0.8827391E+00
 0.7096774E+00  0.5570589E-01  0.2988360E+00  0.8429705E+00
 0.7214076E+00  0.5024731E-01  0.2762303E+00  0.8032563E+00
 0.7331378E+00  0.4526893E-01  0.2549499E+00  0.7638068E+00
 0.7448680E+00  0.4073516E-01  0.2349603E+00  0.7248112E+00
 0.7565982E+00  0.3661227E-01  0.2162224E+00  0.6864381E+00
 0.7683284E+00  0.3286836E-01  0.1986936E+00  0.6488357E+00
 0.7800587E+00  0.2947335E-01  0.1823282E+00  0.6121328E+00
 0.7917889E+00  0.2639897E-01  0.1670785E+00  0.5764397E+00
 0.8035191E+00  0.2361873E-01  0.1528951E+00  0.5418489E+00
 0.8152493E+00  0.2110784E-01  0.1397275E+00  0.5084362E+00
 0.8269795E+00  0.1884319E-01  0.1275249E+00  0.4762617E+00
 0.8387097E+00  0.1680329E-01  0.1162361E+00  0.4453714E+00
 0.8504399E+00  0.1496817E-01  0.1058106E+00  0.4157976E+00
 0.8621701E+00  0.1331937E-01  0.9619831E-01  0.3875608E+00
 0.8739003E+00  0.1183980E-01  0.8735027E-01  0.3606701E+00
 0.8856305E+00  0.1051371E-01  0.7921868E-01  0.3351250E+00
 0.8973607E+00  0.9326622E-02  0.7175717E-01  0.3109162E+00
 0.9090909E+00  0.8265220E-02  0.6492099E-01  0.2880266E+00
 0.9208211E+00  0.7317309E-02  0.5866708E-01  0.2664323E+00
 0.9325513E+00  0.6471732E-02  0.5295425E-01  0.2461038E+00
 0.9442815E+00  0.5718300E-02  0.4774318E-01  0.2270066E+00
 0.9560117E+00  0.5047723E-02  0.4299650E-01  0.2091022E+00
 0.9677419E+00  0.4451551E-02  0.3867881E-01  0.1923489E+00
 0.9794721E+00  0.3922105E-02  0.3475666E-01  0.1767022E+00
 0.9912023E+00  0.3452424E-02  0.3119857E-01  0.1621161E+00
 0.1002933E+01  0.3036203E-02  0.2797496E-01  0.1485428E+00
 0.1014663E+01  0.2667743E-02  0.2505814E-01  0.1359341E+00
 0.1026393E+01  0.2341900E-02  0.2242225E-01  0.1242412E+00
 0.1038123E+01  0.2054038E-02  0.2004318E-01  0.1134155E+00
 0.1049853E+01  0.1799986E-02  0.1789852E-01  0.1034089E+00
 0.1061584E+01  0.1575994E-02  0.1596750E-01  0.9417385E-01
 0.1073314E+01  0.1378699E-02  0.1423088E-01  0.8566401E-01
 0.1085044E+01  0.1205086E-02  0.1267090E-01  0.7783414E-01
 0.1096774E+01  0.1052457E-02  0.1127118E-01  0.7064048E-01
 0.1108504E+01  0.9184038E-03  0.1001667E-01  0.6404078E-01
 0.1120235E+01  0.8007730E-03  0.8893543E-02  0.5799448E-01
 0.1131965E+01  0.6976476E-03  0.7889131E-02  0.5246277E-01
 0.1143695E+01  0.6073202E-03  0.6991844E-02  0.4740865E-01
 0.1155425E+01  0.5282732E-03  0.6191097E-02  0.4279694E-01
 0.1167155E+01  0.4591584E-03  0.5477244E-02  0.3859435E-01
 0.1178886E+01  0.3987804E-03  0.4841501E-02  0.3476940E-01
 0.1190616E+01  0.3460797E-03  0.4275889E-02  0.3129247E-01
 0.1202346E+01  0.3001190E-03  0.3773169E-02  0.2813573E-01
 0.1214076E+01  0.2600697E-03  0.3326782E-02  0.2527310E-01
 0.1225806E+01  0.2252003E-03  0.2930794E-02  0.2268021E-01
 0.1237537E+01  0.1948653E-03  0.2579846E-02  0.2033433E-01
 0.1249267E+01  0.1684963E-03  0.2269104E-02  0.1821432E-01
 0.1260997E+01  0.1455929E-03  0.1994214E-02  0.1630055E-01
 0.1272727E+01  0.1257151E-03  0.1751259E-02  0.1457482E-01
 0.1284457E+01  0.1084766E-03  0.1536719E-02  0.1302032E-01
 0.1296188E+01  0.9353825E-04  0.1347436E-02  0.1162153E-01
 0.1307918E+01  0.8060290E-04  0.1180582E-02  0.1036413E-01
 0.1319648E+01  0.6941029E-04  0.1033624E-02  0.9234990E-02
 0.1331378E+01  0.5973270E-04  0.9042969E-03  0.8222024E-02
 0.1343109E+01  0.5137112E-04  0.7905806E-03  0.7314169E-02
 0.1354839E+01  0.4415173E-04  0.6906719E-03  0.6501301E-02
 0.1366569E+01  0.3792290E-04  0.6029646E-03  0.5774168E-02
 0.1378299E+01  0.3255247E-04  0.5260296E-03  0.5124332E-02
 0.1390029E+01  0.2792530E-04  0.4585965E-03  0.4544108E-02
 0.1401760E+01  0.2394125E-04  0.3995372E-03  0.4026504E-02
 0.1413490E+01  0.2051321E-04  0.3478511E-03  0.3565171E-02
 0.1425220E+01  0.1756555E-04  0.3026516E-03  0.3154350E-02
 0.1436950E+01  0.1503259E-04  0.2631537E-03  0.2788823E-02
 0.1448680E+01  0.1285741E-04  0.2286633E-03  0.2463872E-02
 0.1460411E+01  0.1099064E-04  0.1985673E-03  0.2175232E-02
 0.1472141E+01  0.9389579E-05  0.1723243E-03  0.1919056E-02
 0.1483871E+01  0.8017247E-05  0.1494570E-03  0.1691875E-02
 0.1495601E+01  0.6841692E-05  0.1295449E-03  0.1490567E-02
 0.1507331E+01  0.5835306E-05  0.1122179E-03  0.1312326E-02
 0.1519062E+01  0.4974261E-05  0.9715051E-04  0.1154629E-02
 0.1530792E+01  0.4238001E-05  0.8405666E-04  0.1015214E-02
 0.1542522E+01  0.3608809E-05  0.7268532E-04  0.8920544E-03
 0.1554252E+01  0.3071424E-05  0.6281622E-04  0.7833342E-03
 0.1565982E+01  0.2612711E-05  0.5425636E-04  0.6874303E-03
 0.1577713E+01  0.2221373E-05  0.4683670E-04  0.6028923E-03
 0.1589443E+01  0.1887698E-05  0.4040934E-04  0.5284255E-03
 0.1601173E+01  0.1603346E-05  0.3484497E-04  0.4628758E-03
 0.1612903E+01  0.1361157E-05  0.3003061E-04  0.4052146E-03
 0.1624633E+01  0.1154990E-05  0.2586764E-04  0.3545269E-03
 0.1636364E+01  0.9795784E-06  0.2227004E-04  0.3099989E-03
 0.1648094E+01  0.8304129E-06  0.1916283E-04  0.2709076E-03
 0.1659824E+01  0.7036313E-06  0.1648070E-04  0.2366114E-03
 0.1671554E+01  0.5959295E-06  0.1416678E-04  0.2065412E-03
 0.1683284E+01  0.5044820E-06  0.1217166E-04  0.1801929E-03
 0.1695015E+01  0.4268742E-06  0.1045234E-04  0.1571200E-03
 0.1706745E+01  0.3610437E-06  0.8971502E-05  0.1369277E-03
 0.1718475E+01  0.3052304E-06  0.7696753E-05  0.1192669E-03
 0.1730205E+01  0.2579325E-06  0.6599988E-05  0.1038295E-03
 0.1741935E+01  0.2178698E-06  0.5656847E-05  0.9034345E-04
 0.1753666E+01  0.1839513E-06  0.4846230E-05  0.7856883E-04
 0.1765396E+01  0.1552479E-06  0.4149869E-05  0.6829433E-04
 0.1777126E+01  0.1309687E-06  0.3551959E-05  0.5933385E-04
 0.1788856E+01  0.1104412E-06  0.3038834E-05  0.5152366E-04
 0.1800587E+01  0.9309317E-07  0.2598688E-05  0.4471981E-04
 0.1812317E+01  0.7843866E-07  0.2221323E-05  0.3879582E-04
 0.1824047E+01  0.6606482E-07  0.1897938E-05  0.3364064E-04
 0.1835777E+01  0.5562115E-07  0.1620941E-05  0.2915686E-04
 0.1847507E+01  0.4681031E-07  0.1383789E-05  0.2525903E-04
 0.1859238E+01  0.3938010E-07  0.1180842E-05  0.2187232E-04
 0.1870968E+01  0.3311676E-07  0.1007246E-05  0.1893119E-04
 0.1882698E+01  0.2783918E-07  0.8588218E-06  0.1637826E-04
 0.1894428E+01  0.2339401E-07  0.7319758E-06  0.1416340E-04
 0.1906158E+01  0.1965144E-07  0.6236179E-06  0.1224276E-04
 0.1917889E+01  0.1650164E-07  0.5310932E-06  0.1057804E-04
 0.1929619E+01  0.1385177E-07  0.4521215E-06  0.9135833E-05
 0.1941349E+01  0.1162334E-07  0.3847459E-06  0.7886967E-05
 0.1953079E+01  0.9750008E-08  0.3272874E-06  0.6806021E-05
 0.1964809E+01  0.8175791E-08  0.2783063E-06  0.5870838E-05
 0.1976540E+01  0.6853409E-08  0.2365686E-06  0.5062123E-05
 0.1988270E+01  0.5742990E-08  0.2010174E-06  0.4363082E-05
 0.2000000E+01  0.4810890E-08  0.1707475E-06  0.3759102E-05
 0.2011730E+01  0.4028752E-08  0.1449843E-06  0.3237481E-05
 0.2023460E+01  0.3372683E-08  0.1230654E-06  0.2787178E-05
 0.2035191E+01  0.2822546E-08  0.1044241E-06  0.2398605E-05
 0.2046921E+01  0.2361399E-08  0.8857620E-07  0.2063437E-05
 0.2058651E+01  0.1974980E-08  0.7510814E-07  0.1774452E-05
 0.2070381E+01  0.1651281E-08  0.6366668E-07  0.1525386E-05
 0.2082111E+01  0.1380217E-08  0.5395037E-07  0.1310810E-05
 0.2093842E+01  0.1153295E-08  0.4570202E-07  0.1126020E-05
 0.2105572E+01  0.9634013E-09  0.3870232E-07  0.9669432E-06
 0.2117302E+01  0.8045368E-09  0.3276428E-07  0.8300534E-06
 0.2129032E+01  0.6716747E-09  0.2772862E-07  0.7123004E-06
 0.2140762E+01  0.5605896E-09  0.2345963E-07  0.6110465E-06
 0.2152493E+01  0.4677458E-09  0.1984182E-07  0.5240118E-06
 0.2164223E+01  0.3901747E-09  0.1677686E-07  0.4492266E-06
 0.2175953E+01  0.3253861E-09  0.1418110E-07  0.3849897E-06
 0.2187683E+01  0.2712777E-09  0.1198343E-07  0.3298328E-06
 0.2199413E+01  0.2261114E-09  0.1012339E-07  0.2824889E-06
 0.2211144E+01  0.1884143E-09  0.8549604E-08  0.2418652E-06
 0.2222874E+01  0.1569594E-09  0.7218429E-08  0.2070196E-06
 0.2234604E+01  0.1307224E-09  0.6092805E-08  0.1771403E-06
 0.2246334E+01  0.1088531E-09  0.5141287E-08  0.1515280E-06
 0.2258065E+01  0.9062157E-10  0.4337179E-08  0.1295804E-06
 0.2269795E+01  0.7543057E-10  0.3657846E-08  0.1107792E-06
 0.2281525E+01  0.6276653E-10  0.3084088E-08  0.9467854E-07
 0.2293255E+01  0.5221502E-10  0.2599640E-08  0.8089480E-07
 0.2304985E+01  0.4342650E-10  0.2190710E-08  0.6909822E-07
 0.2316716E+01  0.3611075E-10  0.1845634E-08  0.5900543E-07
 0.2328446E+01  0.3001576E-10  0.1554516E-08  0.5037296E-07
 0.2340176E+01  0.2494859E-10  0.1308988E-08  0.4299170E-07
 0.2351906E+01  0.2073025E-10  0.1101956E-08  0.3668217E-07
 0.2363636E+01  0.1722191E-10  0.9274458E-09  0.3129032E-07
 0.2375367E+01  0.1429996E-10  0.7803805E-09  0.2668400E-07
 0.2387097E+01  0.1187425E-10  0.6564901E-09  0.2274990E-07
 0.2398827E+01  0.9856022E-11  0.5521372E-09  0.1939084E-07
 0.2410557E+01  0.8184070E-11  0.4642643E-09  0.1652357E-07
 0.2422287E+01  0.6793622E-11  0.3902764E-09  0.1407676E-07
 0.2434018E+01  0.5634040E-11  0.3280107E-09  0.1198932E-07
 0.2445748E+01  0.4675328E-11  0.2756215E-09  0.1020894E-07
 0.2457478E+01  0.3884188E-11  0.2315486E-09  0.8690842E-08
 0.2469208E+01  0.3220383E-11  0.1944828E-09  0.7396733E-08
 0.2480938E+01  0.2665602E-11  0.1633163E-09  0.6293849E-08
 0.2492669E+01  0.2203832E-11  0.1371129E-09  0.5354169E-08
 0.2504399E+01  0.1829129E-11  0.1150842E-09  0.4553744E-08
 0.2516129E+01  0.1519655E-11  0.9656764E-10  0.3872101E-08
 0.2527859E+01  0.1258416E-11  0.8102674E-10  0.3291764E-08
 0.2539589E+01  0.1040375E-11  0.6797478E-10  0.2797783E-08
 0.2551320E+01  0.8628683E-12  0.5701708E-10  0.2377414E-08
 0.2563050E+01  0.7158398E-12  0.4780929E-10  0.2019775E-08
 0.2574780E+01  0.5941570E-12  0.4008433E-10  0.1715573E-08
 0.2586510E+01  0.4881956E-12  0.3360508E-10  0.1456876E-08
 0.2598240E+01  0.3989298E-12  0.2816706E-10  0.1236940E-08
 0.2609971E+01  0.3290611E-12  0.2359675E-10  0.1049990E-08
 0.2621701E+01  0.2660290E-12  0.1977414E-10  0.8911178E-09
 0.2633431E+01  0.2142432E-12  0.1656624E-10  0.7561299E-09
 0.2645161E+01  0.1757764E-12  0.1387704E-10  0.6414702E-09
 0.2656891E+01  0.1389523E-12  0.1161799E-10  0.5440865E-09
 0.2668622E+01  0.1199596E-12  0.9728037E-11  0.4614015E-09
 0.2680352E+01  0.9926419E-13  0.8144473E-11  0.3912146E-09
 0.2692082E+01  0.8581867E-13  0.6827131E-11  0.3316487E-09
 0.2703812E+01  0.7080572E-13  0.5718350E-11  0.2811041E-09
 0.2715543E+01  0.6089035E-13  0.4785509E-11  0.2382196E-09
 0.2727273E+01  0.5039563E-13  0.3996796E-11  0.2018400E-09
 0.2739003E+01  0.3822665E-13  0.3345891E-11  0.1709894E-09
 0.2750733E+01  0.2611717E-13  0.2798034E-11  0.1448330E-09
 0.2762463E+01  0.2516661E-13  0.2334480E-11  0.1226604E-09
 0.2774194E+01  0.1978127E-13  0.1946918E-11  0.1038665E-09
 0.2785924E+01  0.1213142E-13  0.1621379E-11  0.8794166E-10
 0.2797654E+01  0.4208640E-14  0.1342679E-11  0.7443839E-10
 0.2809384E+01 -0.9797967E-15  0.1121165E-11  0.6299666E-10
 0.2821114E+01 -0.1137749E-14  0.9287229E-12  0.5330146E-10
 0.2832845E+01  0.3590090E-14  0.7719029E-12  0.4509305E-10
 0.2844575E+01  0.2098379E-14  0.6435549E-12  0.3814088E-10
 0.2856305E+01 -0.3136963E-14  0.5426331E-12  0.3226086E-10
 0.2868035E+01 -0.1580802E-13  0.4560212E-12  0.2727586E-10
 0.2879765E+01 -0.1645218E-13  0.3819666E-12  0.2305723E-10
 0.2891496E+01 -0.1596708E-13  0.3194190E-12  0.1949515E-10
 0.2903226E+01 -0.1683740E-13  0.2783335E-12  0.1648292E-10
 0.2914956E+01 -0.2342715E-13  0.2410943E-12  0.1392493E-10
 0.2926686E+01 -0.2364738E-13  0.2033526E-12  0.1176087E-10
 0.2938416E+01 -0.2584234E-13  0.1626429E-12  0.9925022E-11
 0.2950147E+01 -0.2617639E-13  0.1347455E-12  0.8375164E-11
 0.2961877E+01 -0.3075185E-13  0.1167021E-12  0.7066204E-11
 0.2973607E+01 -0.2993810E-13  0.9747856E-13  0.5969992E-11
 0.2985337E+01 -0.2664884E-13  0.7690685E-13  0.5040540E-11
 0.2997067E+01 -0.2545388E-13  0.5682026E-13  0.4253649E-11
 0.3008798E+01 -0.2473508E-13  0.3607401E-13  0.3581251E-11
 0.3020528E+01 -0.1404387E-13  0.1839867E-13  0.3027353E-11
 0.3032258E+01 -0.3232156E-14 -0.3227872E-14  0.2559406E-11
 0.3043988E+01  0.4348833E-14 -0.2137855E-13  0.2166688E-11
 0.3055718E+01  0.1432164E-14 -0.3705607E-13  0.1824510E-11
 0.3067449E+01  0.1996863E-14 -0.4220403E-13  0.1535278E-11
 0.3079179E+01  0.1029950E-13 -0.5156123E-13  0.1289493E-11
 0.3090909E+01  0.1877099E-13 -0.6112515E-13  0.1086630E-11
 0.3102639E+01  0.2336137E-13 -0.6815180E-13  0.9135150E-12
 0.3114370E+01  0.2750118E-13 -0.7217305E-13  0.7682972E-12
 0.3126100E+01  0.2146563E-13 -0.7751402E-13  0.6357755E-12
 0.3137830E+01  0.1687424E-13 -0.7453639E-13  0.5280123E-12
 0.3149560E+01  0.1560774E-13 -0.7585584E-13  0.4359885E-12
 0.3161290E+01  0.1463856E-13 -0.7069580E-13  0.3618982E-12
 0.3173021E+01  0.2031154E-13 -0.7074935E-13  0.3020139E-12
 0.3184751E+01  0.3906969E-13 -0.7235500E-13  0.2540391E-12
 0.3196481E+01  0.4667195E-13 -0.7522369E-13  0.2102164E-12
 0.3208211E+01  0.5216141E-13 -0.7368710E-13  0.1781513E-12
 0.3219941E+01  0.5125475E-13 -0.7455128E-13  0.1425923E-12
 0.3231672E+01  0.5949226E-13 -0.7332458E-13  0.1177820E-12
 0.3243402E+01  0.6588741E-13 -0.8297738E-13  0.9847230E-13
 0.3255132E+01  0.7656550E-13 -0.9807447E-13  0.9193914E-13
 0.3266862E+01  0.8301946E-13 -0.1121732E-12  0.8785544E-13
 0.3278592E+01  0.9153901E-13 -0.1137796E-12  0.8581686E-13
 0.3290323E+01  0.1016404E-12 -0.1083538E-12  0.7295598E-13
 0.3302053E+01  0.1098356E-12 -0.9261657E-13  0.5879711E-13
 0.3313783E+01  0.1103354E-12 -0.8547285E-13  0.4994671E-13
 0.3325513E+01  0.1049891E-12 -0.8969949E-13  0.5425984E-13
 0.3337243E+01  0.9766010E-13 -0.9427722E-13  0.4582993E-13
 0.3348974E+01  0.9483368E-13 -0.9140646E-13  0.2818186E-13
 0.3360704E+01  0.9610869E-13 -0.8739705E-13  0.1531892E-13
 0.3372434E+01  0.9154065E-13 -0.8020270E-13  0.1865261E-13
 0.3384164E+01  0.8719572E-13 -0.7578953E-13  0.2747734E-13
 0.3395894E+01  0.9099258E-13 -0.7281271E-13  0.2465781E-13
 0.3407625E+01  0.9268145E-13 -0.7967115E-13  0.1036387E-13
 0.3419355E+01  0.9992510E-13 -0.8206152E-13  0.9597588E-15
 0.3431085E+01  0.9668962E-13 -0.7905066E-13 -0.8028450E-14
 0.3442815E+01  0.9469512E-13 -0.6798183E-13 -0.8919755E-14
 0.3454545E+01  0.9505902E-13 -0.6206627E-13 -0.1107010E-13
 0.3466276E+01  0.9968138E-13 -0.6060721E-13 -0.1918764E-13
 0.3478006E+01  0.1088502E-12 -0.5521289E-13 -0.3606401E-13
 0.3489736E+01  0.1099906E-12 -0.4126689E-13 -0.4018370E-13
 0.3501466E+01  0.1057454E-12 -0.3186083E-13 -0.3823615E-13
 0.3513196E+01  0.1036619E-12 -0.1809273E-13 -0.3592118E-13
 0.3524927E+01  0.1049555E-12 -0.1418147E-13 -0.4588487E-13
 0.3536657E+01  0.1177226E-12 -0.1021055E-13 -0.5836686E-13
 0.3548387E+01  0.1229784E-12  0.9671425E-15 -0.7479538E-13
 0.3560117E+01  0.1161954E-12  0.1971030E-13 -0.8030573E-13
 0.3571848E+01  0.9702330E-13  0.3244252E-13 -0.8752107E-13
 0.3583578E+01  0.8580668E-13  0.3705211E-13 -0.9470812E-13
 0.3595308E+01  0.8843374E-13  0.4246829E-13 -0.9115707E-13
 0.3607038E+01  0.9791387E-13  0.5551188E-13 -0.7666644E-13
 0.3618768E+01  0.9314271E-13  0.5859338E-13 -0.7443513E-13
 0.3630499E+01  0.8194808E-13  0.6279145E-13 -0.8051299E-13
 0.3642229E+01  0.7108921E-13  0.6943838E-13 -0.7923422E-13
 0.3653959E+01  0.7129323E-13  0.8353170E-13 -0.6646635E-13
 0.3665689E+01  0.6955923E-13  0.8859829E-13 -0.5137613E-13
 0.3677419E+01  0.6309436E-13  0.8231006E-13 -0.4044263E-13
 0.3689150E+01  0.5285244E-13  0.7125471E-13 -0.3923523E-13
 0.3700880E+01  0.4431896E-13  0.7416524E-13 -0.3505891E-13
 0.3712610E+01  0.3864706E-13  0.8613615E-13 -0.3450282E-13
 0.3724340E+01  0.3918567E-13  0.1019828E-12 -0.3422860E-13
 0.3736070E+01  0.4021643E-13  0.1014104E-12 -0.2656323E-13
 0.3747801E+01  0.3340986E-13  0.9330240E-13 -0.1822938E-13
 0.3759531E+01  0.3053587E-13  0.8118245E-13 -0.2144647E-13
 0.3771261E+01  0.3633009E-13  0.8059752E-13 -0.2171999E-13
 0.3782991E+01  0.3712495E-13  0.8464870E-13 -0.2128327E-13
 0.3794721E+01  0.4182310E-13  0.9232590E-13 -0.1603744E-13
 0.3806452E+01  0.4222519E-13  0.9239936E-13 -0.1050249E-13
 0.3818182E+01  0.3900548E-13  0.9317923E-13  0.1408762E-15
 0.3829912E+01  0.4549656E-13  0.8745804E-13  0.1249760E-13
 0.3841642E+01  0.5524341E-13  0.8674784E-13  0.2511793E-13
 0.3853372E+01  0.4706647E-13  0.8482563E-13  0.3262443E-13
 0.3865103E+01  0.4400201E-13  0.8426340E-13  0.3481006E-13
 0.3876833E+01  0.4435046E-13  0.8225964E-13  0.3708358E-13
 0.3888563E+01  0.5099441E-13  0.8497059E-13  0.4925273E-13
 0.3900293E+01  0.5564831E-13  0.7712534E-13  0.6029974E-13
 0.3912023E+01  0.5174068E-13  0.6521377E-13  0.7402472E-13
 0.3923754E+01  0.3351392E-13  0.4907003E-13  0.8670068E-13
 0.3935484E+01  0.2514605E-13  0.3692510E-13  0.9911369E-13
 0.3947214E+01  0.3314268E-13  0.2677650E-13  0.1054104E-12
 0.3958944E+01  0.4510127E-13  0.2700379E-13  0.1068415E-12
 0.3970674E+01  0.4754977E-13  0.2673581E-13  0.1075519E-12
 0.3982405E+01  0.4482431E-13  0.3171992E-13  0.1093025E-12
 0.3994135E+01  0.4098208E-13  0.2724670E-13  0.1124744E-12
 0.4005865E+01  0.4476596E-13  0.1549168E-13  0.1200490E-12
 0.4017595E+01  0.4475683E-13  0.1105473E-14  0.1220056E-12
 0.4029326E+01  0.4432315E-13  0.1675654E-15  0.1216384E-12
 0.4041056E+01  0.4215809E-13  0.8575240E-14  0.1055712E-12
 0.4052786E+01  0.3756889E-13  0.2396257E-13  0.7745109E-13
 0.4064516E+01  0.3033719E-13  0.3661647E-13  0.5046938E-13
 0.4076246E+01  0.2611961E-13  0.4269147E-13  0.4380122E-13
 0.4087977E+01  0.2199301E-13  0.3673811E-13  0.5145859E-13
 0.4099707E+01  0.2785874E-13  0.3327641E-13  0.6534715E-13
 0.4111437E+01  0.3040879E-13  0.2723071E-13  0.6824468E-13
 0.4123167E+01  0.2854691E-13  0.1798219E-13  0.6573276E-13
 0.4134897E+01  0.2527398E-13  0.8774489E-14  0.5830358E-13
 0.4146628E+01  0.2742817E-13  0.8067379E-14  0.6491649E-13
 0.4158358E+01  0.2795268E-13  0.8084374E-14  0.8472032E-13
 0.4170088E+01  0.2870422E-13  0.5697332E-14  0.1166115E-12
 0.4181818E+01  0.3261325E-13 -0.5332138E-14  0.1434410E-12
 0.4193548E+01  0.3769736E-13 -0.1903293E-13  0.1615974E-12
 0.4205279E+01  0.2946717E-13 -0.3388040E-13  0.1589593E-12
 0.4217009E+01  0.2737516E-13 -0.4902236E-13  0.1505055E-12
 0.4228739E+01  0.3026427E-13 -0.6643948E-13  0.1447466E-12
 0.4240469E+01  0.3568461E-13 -0.7998276E-13  0.1491160E-12
 0.4252199E+01  0.3011125E-13 -0.9395168E-13  0.1579522E-12
 0.4263930E+01  0.1658688E-13 -0.1081172E-12  0.1756723E-12
 0.4275660E+01  0.6801836E-14 -0.1222131E-12  0.1837962E-12
 0.4287390E+01  0.8493728E-14 -0.1287144E-12  0.1859474E-12
 0.4299120E+01  0.1130282E-13 -0.1318106E-12  0.1771576E-12
 0.4310850E+01  0.1045043E-13 -0.1285526E-12  0.1727786E-12
 0.4322581E+01  0.7049765E-14 -0.1230680E-12  0.1739000E-12
 0.4334311E+01  0.5107867E-14 -0.1133502E-12  0.1828084E-12
 0.4346041E+01 -0.1086325E-14 -0.1041337E-12  0.1934096E-12
 0.4357771E+01 -0.2362065E-14 -0.9005975E-13  0.1991040E-12
 0.4369501E+01 -0.1182347E-14 -0.8196429E-13  0.1924795E-12
 0.4381232E+01 -0.4904503E-15 -0.7496442E-13  0.1827240E-12
 0.4392962E+01 -0.1345604E-13 -0.6873943E-13  0.1730873E-12
 0.4404692E+01 -0.3126314E-13 -0.5900457E-13  0.1725857E-12
 0.4416422E+01 -0.4467680E-13 -0.4908804E-13  0.1808551E-12
 0.4428152E+01 -0.4143210E-13 -0.3535656E-13  0.1987520E-12
 0.4439883E+01 -0.3304387E-13 -0.2141096E-13  0.2211877E-12
 0.4451613E+01 -0.2200745E-13 -0.8133005E-14  0.2458246E-12
 0.4463343E+01 -0.1283409E-13  0.1039697E-13  0.2630504E-12
 0.4475073E+01 -0.8622169E-14  0.3818400E-13  0.2754539E-12
 0.4486804E+01 -0.6142587E-14  0.6476408E-13  0.2897831E-12
 0.4498534E+01 -0.6499196E-14  0.9498707E-13  0.3042397E-12
 0.4510264E+01 -0.3901292E-14  0.1197976E-12  0.3179262E-12
 0.4521994E+01  0.2284612E-14  0.1417058E-12  0.3310518E-12
 0.4533724E+01  0.3934712E-14  0.1555747E-12  0.3287149E-12
 0.4545455E+01  0.2328744E-14  0.1680971E-12  0.3167524E-12
 0.4557185E+01 -0.8127626E-14  0.1748856E-12  0.2954265E-12
 0.4568915E+01 -0.1936526E-13  0.1843439E-12  0.2743006E-12
 0.4580645E+01 -0.2832950E-13  0.1906593E-12  0.2576113E-12
 0.4592375E+01 -0.2789342E-13  0.1921110E-12  0.2439591E-12
 0.4604106E+01 -0.2398105E-13  0.1873081E-12  0.2241240E-12
 0.4615836E+01 -0.1784284E-13  0.1762834E-12  0.2002201E-12
 0.4627566E+01 -0.2034754E-13  0.1618125E-12  0.1706709E-12
 0.4639296E+01 -0.2984321E-13  0.1450482E-12  0.1446245E-12
 0.4651026E+01 -0.4359495E-13  0.1316895E-12  0.1270690E-12
 0.4662757E+01 -0.5277441E-13  0.1194737E-12  0.1223979E-12
 0.4674487E+01 -0.5635306E-13  0.1055692E-12  0.1206012E-12
 0.4686217E+01 -0.5247843E-13  0.8827047E-13  0.1187727E-12
 0.4697947E+01 -0.5050596E-13  0.6841487E-13  0.1074009E-12
 0.4709677E+01 -0.4798156E-13  0.4853031E-13  0.9185816E-13
 0.4721408E+01 -0.5566370E-13  0.3363805E-13  0.7103918E-13
 0.4733138E+01 -0.6073283E-13  0.2363562E-13  0.5805183E-13
 0.4744868E+01 -0.6900108E-13  0.1523561E-13  0.4789112E-13
 0.4756598E+01 -0.7543452E-13  0.5108096E-14  0.4139768E-13
 0.4768328E+01 -0.8072508E-13 -0.1286911E-13  0.3291613E-13
 0.4780059E+01 -0.8001274E-13 -0.3611058E-13  0.1901882E-13
 0.4791789E+01 -0.7749521E-13 -0.6659685E-13  0.1327658E-14
 0.4803519E+01 -0.7269313E-13 -0.8798884E-13 -0.1425663E-13
 0.4815249E+01 -0.5965065E-13 -0.1040351E-12 -0.2977088E-13
 0.4826979E+01 -0.4267997E-13 -0.1091562E-12 -0.2910469E-13
 0.4838710E+01 -0.2539526E-13 -0.1143612E-12 -0.2350513E-13
 0.4850440E+01 -0.8173617E-14 -0.1162939E-12 -0.1192305E-13
 0.4862170E+01  0.3112075E-14 -0.1245679E-12 -0.7548740E-15
 0.4873900E+01  0.1589733E-13 -0.1343170E-12  0.1108911E-13
 0.4885630E+01  0.2773484E-13 -0.1411428E-12  0.2357182E-13
 0.4897361E+01  0.4627027E-13 -0.1400347E-12  0.3924072E-13
 0.4909091E+01  0.7009289E-13 -0.1290853E-12  0.5898605E-13
 0.4920821E+01  0.9317757E-13 -0.1118974E-12  0.8541067E-13
 0.4932551E+01  0.1064064E-12 -0.9118980E-13  0.1076646E-12
 0.4944282E+01  0.1098891E-12 -0.6889223E-13  0.1235485E-12
 0.4956012E+01  0.1015591E-12 -0.5247775E-13  0.1301944E-12
 0.4967742E+01  0.9734490E-13 -0.3554216E-13  0.1333744E-12
 0.4979472E+01  0.8999784E-13 -0.1800325E-13  0.1364986E-12
 0.4991202E+01  0.9184677E-13 -0.3009617E-15  0.1441619E-12
 0.5002933E+01  0.9192897E-13  0.1808832E-13  0.1582503E-12
 0.5014663E+01  0.9014761E-13  0.3456359E-13  0.1748671E-12
 0.5026393E+01  0.7552573E-13  0.4122197E-13  0.1820255E-12
 0.5038123E+01  0.5154334E-13  0.4586416E-13  0.1840090E-12
 0.5049853E+01  0.2327580E-13  0.5122242E-13  0.1708686E-12
 0.5061584E+01 -0.2556971E-14  0.5468416E-13  0.1581154E-12
 0.5073314E+01 -0.2157435E-13  0.5952618E-13  0.1489405E-12
 0.5085044E+01 -0.3760515E-13  0.6701787E-13  0.1473844E-12
 0.5096774E+01 -0.5454597E-13  0.7191226E-13  0.1480702E-12
 0.5108504E+01 -0.6883518E-13  0.7161145E-13  0.1507940E-12
 0.5120235E+01 -0.8965109E-13  0.6081507E-13  0.1459416E-12
 0.5131965E+01 -0.1041497E-12  0.4776225E-13  0.1393523E-12
 0.5143695E+01 -0.1150373E-12  0.3249615E-13  0.1255354E-12
 0.5155425E+01 -0.1195976E-12  0.1709648E-13  0.1166253E-12
 0.5167155E+01 -0.1161973E-12  0.3631203E-14  0.1043896E-12
 0.5178886E+01 -0.1107606E-12 -0.6864417E-14  0.9727580E-13
 0.5190616E+01 -0.1062418E-12 -0.2100831E-13  0.8319948E-13
 0.5202346E+01 -0.9248075E-13 -0.3967115E-13  0.6853637E-13
 0.5214076E+01 -0.7481455E-13 -0.6172372E-13  0.4282666E-13
 0.5225806E+01 -0.5408515E-13 -0.8465398E-13  0.1347301E-13
 0.5237537E+01 -0.3636597E-13 -0.1089947E-12 -0.1640703E-13
 0.5249267E+01 -0.1957817E-13 -0.1290303E-12 -0.3776378E-13
 0.5260997E+01 -0.8120640E-14 -0.1496707E-12 -0.5448455E-13
 0.5272727E+01  0.1001489E-14 -0.1662388E-12 -0.6353177E-13
 0.5284457E+01  0.8290438E-14 -0.1805488E-12 -0.7071641E-13
 0.5296188E+01  0.2509339E-13 -0.1894952E-12 -0.7388638E-13
 0.5307918E+01  0.4473495E-13 -0.1975274E-12 -0.7329815E-13
 0.5319648E+01  0.6775536E-13 -0.2020005E-12 -0.6345102E-13
 0.5331378E+01  0.8415883E-13 -0.2055143E-12 -0.4562661E-13
 0.5343109E+01  0.9170864E-13 -0.2022505E-12 -0.2011797E-13
 0.5354839E+01  0.9217137E-13 -0.1988038E-12  0.4910566E-14
 0.5366569E+01  0.9421780E-13 -0.1898388E-12  0.2715450E-13
 0.5378299E+01  0.9925667E-13 -0.1813307E-12  0.4388657E-13
 0.5390029E+01  0.1116764E-12 -0.1655573E-12  0.5301512E-13
 0.5401760E+01  0.1300071E-12 -0.1514842E-12  0.5764080E-13
 0.5413490E+01  0.1428819E-12 -0.1328329E-12  0.6038240E-13
 0.5425220E+01  0.1467555E-12 -0.1119824E-12  0.5862175E-13
 0.5436950E+01  0.1459337E-12 -0.8939514E-13  0.5481591E-13
 0.5448680E+01  0.1381666E-12 -0.6914346E-13  0.4470032E-13
 0.5460411E+01  0.1394708E-12 -0.4738398E-13  0.2926582E-13
 0.5472141E+01  0.1446227E-12 -0.3091629E-13  0.7799077E-14
 0.5483871E+01  0.1517141E-12 -0.1429115E-13 -0.7469083E-14
 0.5495601E+01  0.1542876E-12 -0.2734185E-14 -0.1886678E-13
 0.5507331E+01  0.1469160E-12  0.9036025E-14 -0.1709721E-13
 0.5519062E+01  0.1280362E-12  0.1290139E-13 -0.1136254E-13
 0.5530792E+01  0.1057244E-12  0.1321585E-13 -0.3071186E-14
 0.5542522E+01  0.8507726E-13  0.8487341E-14  0.3173231E-14
 0.5554252E+01  0.7487513E-13  0.5752025E-14  0.8294539E-14
 0.5565982E+01  0.6566478E-13  0.6241642E-14  0.3196893E-14
 0.5577713E+01  0.6156677E-13  0.8115822E-14  0.1873270E-14
 0.5589443E+01  0.4791206E-13  0.1155795E-13  0.5792789E-14
 0.5601173E+01  0.3157755E-13  0.1497318E-13  0.2291062E-13
 0.5612903E+01  0.1289349E-13  0.2146529E-13  0.3795429E-13
 0.5624633E+01 -0.2675483E-14  0.2862062E-13  0.5330449E-13
 0.5636364E+01 -0.6355373E-14  0.3614952E-13  0.6523023E-13
 0.5648094E+01  0.2297303E-14  0.4508569E-13  0.6633194E-13
 0.5659824E+01  0.1488044E-13  0.5220225E-13  0.5495482E-13
 0.5671554E+01  0.2430003E-13  0.6007699E-13  0.4479103E-13
 0.5683284E+01  0.2335360E-13  0.6367357E-13  0.3187588E-13
 0.5695015E+01  0.2026465E-13  0.6346235E-13  0.2526136E-13
 0.5706745E+01  0.1809245E-13  0.5699735E-13  0.2048998E-13
 0.5718475E+01  0.1957720E-13  0.5003908E-13  0.1040712E-13
 0.5730205E+01  0.2380497E-13  0.3547474E-13 -0.3233117E-14
 0.5741935E+01  0.3174395E-13  0.2181310E-13 -0.2169950E-13
 0.5753666E+01  0.3968628E-13  0.2764814E-14 -0.4765527E-13
 0.5765396E+01  0.4423489E-13 -0.1713839E-13 -0.6950301E-13
 0.5777126E+01  0.4499607E-13 -0.4290479E-13 -0.8791845E-13
 0.5788856E+01  0.4695816E-13 -0.5927321E-13 -0.9594095E-13
 0.5800587E+01  0.4857121E-13 -0.6822113E-13 -0.9832015E-13
 0.5812317E+01  0.5480280E-13 -0.7577389E-13 -0.8908432E-13
 0.5824047E+01  0.5924232E-13 -0.7902476E-13 -0.8063633E-13
 0.5835777E+01  0.6894485E-13 -0.8355420E-13 -0.6354867E-13
 0.5847507E+01  0.6917999E-13 -0.8363930E-13 -0.5330341E-13
 0.5859238E+01  0.7100815E-13 -0.7457241E-13 -0.4454775E-13
 0.5870968E+01  0.7298705E-13 -0.7643239E-13 -0.4480154E-13
 0.5882698E+01  0.7462996E-13 -0.7795306E-13 -0.4471577E-13
 0.5894428E+01  0.7340674E-13 -0.8121357E-13 -0.4249110E-13
 0.5906158E+01  0.8443400E-13 -0.7526374E-13 -0.5564556E-13
 0.5917889E+01  0.1020559E-12 -0.6114698E-13 -0.7860558E-13
 0.5929619E+01  0.1392449E-12 -0.3452434E-13 -0.8990241E-13
 0.5941349E+01  0.1969249E-12 -0.2618436E-13 -0.7723646E-13
 0.5953079E+01  0.2451534E-12 -0.3041113E-13 -0.3485730E-13
 0.5964809E+01  0.3039933E-12 -0.2931930E-13  0.1683463E-14
 0.5976540E+01  0.3666088E-12 -0.2598864E-13  0.1575940E-13
 0.5988270E+01  0.3100080E-12 -0.1063721E-13  0.2691000E-13
 0.6000000E+01  0.1344713E-12  0.7994995E-14  0.5889608E-13
