 0.2500000E-01 -0.2583252E+00 -0.2914349E+01  0.4376755E+00 -0.2754843E+01  0.7236716E+00 -0.3159037E+01  0.2435302E-01 -0.2783920E+01 -0.5797258E+00 -0.2833140E+01  0.4121369E+00 -0.3069693E+01  0.1570123E+00 -0.2912537E+01 -0.8008331E-01 -0.2995279E+01 -0.1397770E+00 -0.2862535E+01 -0.1054861E+01
-0.2904237E+01
 0.5000000E-01 -0.2582098E+00 -0.2857738E+01  0.4374248E+00 -0.2689779E+01  0.7233970E+00 -0.3115366E+01  0.2436658E-01 -0.2720399E+01 -0.5794140E+00 -0.2772244E+01  0.4119658E+00 -0.3021294E+01  0.1569501E+00 -0.2855821E+01 -0.8006341E-01 -0.2942947E+01 -0.1396968E+00 -0.2803179E+01 -0.1054396E+01
-0.2847130E+01
 0.7500000E-01 -0.2580142E+00 -0.2801137E+01  0.4369698E+00 -0.2624720E+01  0.7229502E+00 -0.3071694E+01  0.2438672E-01 -0.2656885E+01 -0.5788607E+00 -0.2711368E+01  0.4116858E+00 -0.2972893E+01  0.1568454E+00 -0.2799108E+01 -0.8003038E-01 -0.2890620E+01 -0.1395576E+00 -0.2743830E+01 -0.1053604E+01
-0.2790061E+01
 0.1000000E+00 -0.2577310E+00 -0.2744545E+01  0.4363113E+00 -0.2559668E+01  0.7223355E+00 -0.3028023E+01  0.2441285E-01 -0.2593378E+01 -0.5780428E+00 -0.2650512E+01  0.4112981E+00 -0.2924494E+01  0.1566942E+00 -0.2742399E+01 -0.7998341E-01 -0.2838298E+01 -0.1393536E+00 -0.2684489E+01 -0.1052454E+01
-0.2733029E+01
 0.1250000E+00 -0.2573523E+00 -0.2687963E+01  0.4354564E+00 -0.2494626E+01  0.7215592E+00 -0.2984353E+01  0.2444502E-01 -0.2529880E+01 -0.5769545E+00 -0.2589676E+01  0.4108048E+00 -0.2876095E+01  0.1564911E+00 -0.2685694E+01 -0.7992131E-01 -0.2785981E+01 -0.1390819E+00 -0.2625158E+01 -0.1050911E+01
-0.2676035E+01
 0.1500000E+00 -0.2568734E+00 -0.2631393E+01  0.4344105E+00 -0.2429596E+01  0.7206319E+00 -0.2940684E+01  0.2448310E-01 -0.2466392E+01 -0.5755997E+00 -0.2528862E+01  0.4102096E+00 -0.2827699E+01  0.1562320E+00 -0.2628996E+01 -0.7984212E-01 -0.2733672E+01 -0.1387431E+00 -0.2565836E+01 -0.1048957E+01
-0.2619080E+01
 0.1750000E+00 -0.2562956E+00 -0.2574834E+01  0.4331801E+00 -0.2364580E+01  0.7195588E+00 -0.2897016E+01  0.2452701E-01 -0.2402918E+01 -0.5739885E+00 -0.2468071E+01  0.4095122E+00 -0.2779304E+01  0.1559169E+00 -0.2572305E+01 -0.7974371E-01 -0.2681370E+01 -0.1383395E+00 -0.2506527E+01 -0.1046599E+01
-0.2562166E+01
 0.2000000E+00 -0.2556246E+00 -0.2518289E+01  0.4317738E+00 -0.2299582E+01  0.7183316E+00 -0.2853350E+01  0.2457673E-01 -0.2339459E+01 -0.5721351E+00 -0.2407306E+01  0.4087070E+00 -0.2730913E+01  0.1555486E+00 -0.2515623E+01 -0.7962590E-01 -0.2629076E+01 -0.1378750E+00 -0.2447231E+01 -0.1043860E+01
-0.2505294E+01
 0.2250000E+00 -0.2548673E+00 -0.2461759E+01  0.4301992E+00 -0.2234607E+01  0.7169314E+00 -0.2809684E+01  0.2463207E-01 -0.2276018E+01 -0.5700537E+00 -0.2346569E+01  0.4077914E+00 -0.2682526E+01  0.1551309E+00 -0.2458951E+01 -0.7949046E-01 -0.2576791E+01 -0.1373533E+00 -0.2387949E+01 -0.1040768E+01
-0.2448465E+01
 0.2500000E+00 -0.2540302E+00 -0.2405246E+01  0.4284625E+00 -0.2169657E+01  0.7153427E+00 -0.2766018E+01  0.2469270E-01 -0.2212599E+01 -0.5677570E+00 -0.2285861E+01  0.4067722E+00 -0.2634145E+01  0.1546677E+00 -0.2402293E+01 -0.7933970E-01 -0.2524517E+01 -0.1367779E+00 -0.2328686E+01 -0.1037349E+01
-0.2391683E+01
 0.2750000E+00 -0.2531193E+00 -0.2348751E+01  0.4265688E+00 -0.2104740E+01  0.7135711E+00 -0.2722353E+01  0.2475823E-01 -0.2149205E+01 -0.5652562E+00 -0.2225188E+01  0.4056622E+00 -0.2585773E+01  0.1541623E+00 -0.2345649E+01 -0.7917604E-01 -0.2472255E+01 -0.1361518E+00 -0.2269443E+01 -0.1033626E+01
-0.2334950E+01
 0.3000000E+00 -0.2521402E+00 -0.2292277E+01  0.4245218E+00 -0.2039860E+01  0.7116524E+00 -0.2678691E+01  0.2482806E-01 -0.2085843E+01 -0.5625611E+00 -0.2164551E+01  0.4044752E+00 -0.2537410E+01  0.1536178E+00 -0.2289023E+01 -0.7900162E-01 -0.2420006E+01 -0.1354782E+00 -0.2210224E+01 -0.1029622E+01
-0.2278268E+01
 0.3250000E+00 -0.2510984E+00 -0.2235827E+01  0.4223242E+00 -0.1975024E+01  0.7096365E+00 -0.2635035E+01  0.2490112E-01 -0.2022516E+01 -0.5596818E+00 -0.2103957E+01  0.4032256E+00 -0.2489059E+01  0.1530374E+00 -0.2232419E+01 -0.7881787E-01 -0.2367772E+01 -0.1347598E+00 -0.2151031E+01 -0.1025358E+01
-0.2221641E+01
 0.3500000E+00 -0.2499991E+00 -0.2179404E+01  0.4199784E+00 -0.1910243E+01  0.7075700E+00 -0.2591388E+01  0.2497583E-01 -0.1959233E+01 -0.5566287E+00 -0.2043408E+01  0.4019289E+00 -0.2440722E+01  0.1524246E+00 -0.2175838E+01 -0.7862540E-01 -0.2315556E+01 -0.1340000E+00 -0.2091871E+01 -0.1020855E+01
-0.2165073E+01
 0.3750000E+00 -0.2488480E+00 -0.2123012E+01  0.4174873E+00 -0.1845525E+01  0.7054923E+00 -0.2547757E+01  0.2505049E-01 -0.1896001E+01 -0.5534136E+00 -0.1982912E+01  0.4006016E+00 -0.2392402E+01  0.1517835E+00 -0.2119287E+01 -0.7842469E-01 -0.2263360E+01 -0.1332020E+00 -0.2032748E+01 -0.1016140E+01
-0.2108567E+01
 0.4000000E+00 -0.2476506E+00 -0.2066656E+01  0.4148569E+00 -0.1780881E+01  0.7034218E+00 -0.2504143E+01  0.2512800E-01 -0.1832830E+01 -0.5500423E+00 -0.1922477E+01  0.3992499E+00 -0.2344100E+01  0.1511162E+00 -0.2062769E+01 -0.7822055E-01 -0.2211188E+01 -0.1323673E+00 -0.1973668E+01 -0.1011229E+01
-0.2052132E+01
 0.4250000E+00 -0.2464152E+00 -0.2010342E+01  0.4120946E+00 -0.1716324E+01  0.7013941E+00 -0.2460549E+01  0.2520771E-01 -0.1769731E+01 -0.5465308E+00 -0.1862111E+01  0.3978920E+00 -0.2295818E+01  0.1504276E+00 -0.2006291E+01 -0.7801565E-01 -0.2159042E+01 -0.1315004E+00 -0.1914638E+01 -0.1006159E+01
-0.1995772E+01
 0.4500000E+00 -0.2451471E+00 -0.1954075E+01  0.4092021E+00 -0.1651871E+01  0.6994364E+00 -0.2416978E+01  0.2528749E-01 -0.1706717E+01 -0.5428878E+00 -0.1801825E+01  0.3965415E+00 -0.2247560E+01  0.1497204E+00 -0.1949858E+01 -0.7781127E-01 -0.2106926E+01 -0.1306041E+00 -0.1855667E+01 -0.1000947E+01
-0.1939495E+01
 0.4750000E+00 -0.2438527E+00 -0.1897862E+01  0.4061912E+00 -0.1587539E+01  0.6975809E+00 -0.2373431E+01  0.2536761E-01 -0.1643803E+01 -0.5391257E+00 -0.1741629E+01  0.3952150E+00 -0.2199329E+01  0.1489993E+00 -0.1893478E+01 -0.7760949E-01 -0.2054845E+01 -0.1296814E+00 -0.1796765E+01 -0.9956229E+00
-0.1883310E+01
 0.5000000E+00 -0.2425399E+00 -0.1841713E+01  0.4030842E+00 -0.1523349E+01  0.6958620E+00 -0.2329911E+01  0.2544673E-01 -0.1581007E+01 -0.5352592E+00 -0.1681537E+01  0.3939294E+00 -0.2151129E+01  0.1482678E+00 -0.1837159E+01 -0.7741279E-01 -0.2002805E+01 -0.1287369E+00 -0.1737943E+01 -0.9902150E+00
-0.1827225E+01
 0.5250000E+00 -0.2412156E+00 -0.1785637E+01  0.3999239E+00 -0.1459327E+01  0.6943130E+00 -0.2286422E+01  0.2552330E-01 -0.1518350E+01 -0.5313046E+00 -0.1621565E+01  0.3927013E+00 -0.2102963E+01  0.1475292E+00 -0.1780912E+01 -0.7722332E-01 -0.1950810E+01 -0.1277750E+00 -0.1679214E+01 -0.9847502E+00
-0.1771251E+01
 0.5500000E+00 -0.2398837E+00 -0.1729644E+01  0.3967704E+00 -0.1395500E+01  0.6929604E+00 -0.2242965E+01  0.2559701E-01 -0.1455856E+01 -0.5272824E+00 -0.1561731E+01  0.3915436E+00 -0.2054836E+01  0.1467865E+00 -0.1724749E+01 -0.7704202E-01 -0.1898868E+01 -0.1267986E+00 -0.1620594E+01 -0.9792459E+00
-0.1715400E+01
 0.5750000E+00 -0.2385447E+00 -0.1673749E+01  0.3936842E+00 -0.1331902E+01  0.6918202E+00 -0.2199545E+01  0.2567004E-01 -0.1393554E+01 -0.5232376E+00 -0.1502057E+01  0.3904631E+00 -0.2006754E+01  0.1460413E+00 -0.1668681E+01 -0.7686852E-01 -0.1846987E+01 -0.1258116E+00 -0.1562100E+01 -0.9737075E+00
-0.1659688E+01
 0.6000000E+00 -0.2371966E+00 -0.1617966E+01  0.3907205E+00 -0.1268571E+01  0.6908929E+00 -0.2156164E+01  0.2574687E-01 -0.1331475E+01 -0.5192720E+00 -0.1442566E+01  0.3894578E+00 -0.1958721E+01  0.1452930E+00 -0.1612726E+01 -0.7670084E-01 -0.1795176E+01 -0.1248258E+00 -0.1503753E+01 -0.9681325E+00
-0.1604129E+01
 0.6250000E+00 -0.2358427E+00 -0.1562311E+01  0.3879234E+00 -0.1205552E+01  0.6901653E+00 -0.2112828E+01  0.2583305E-01 -0.1269657E+01 -0.5155207E+00 -0.1383286E+01  0.3885170E+00 -0.1910744E+01  0.1445431E+00 -0.1556899E+01 -0.7653638E-01 -0.1743444E+01 -0.1238678E+00 -0.1445576E+01 -0.9625458E+00
-0.1548743E+01
 0.6500000E+00 -0.2345067E+00 -0.1506804E+01  0.3853140E+00 -0.1142895E+01  0.6896184E+00 -0.2069541E+01  0.2593136E-01 -0.1208141E+01 -0.5120760E+00 -0.1324247E+01  0.3876264E+00 -0.1862832E+01  0.1438054E+00 -0.1501221E+01 -0.7637328E-01 -0.1691803E+01 -0.1229696E+00 -0.1387596E+01 -0.9570671E+00
-0.1493547E+01
 0.6750000E+00 -0.2332412E+00 -0.1451468E+01  0.3828903E+00 -0.1080653E+01  0.6892325E+00 -0.2026307E+01  0.2604026E-01 -0.1146976E+01 -0.5089729E+00 -0.1265486E+01  0.3867709E+00 -0.1814993E+01  0.1431130E+00 -0.1445715E+01 -0.7620968E-01 -0.1640266E+01 -0.1221522E+00 -0.1329843E+01 -0.9519297E+00
-0.1438567E+01
 0.7000000E+00 -0.2321063E+00 -0.1396327E+01  0.3806352E+00 -0.1018886E+01  0.6889869E+00 -0.1983134E+01  0.2615604E-01 -0.1086212E+01 -0.5062111E+00 -0.1207043E+01  0.3859368E+00 -0.1767235E+01  0.1425000E+00 -0.1390407E+01 -0.7604392E-01 -0.1588849E+01 -0.1214243E+00 -0.1272353E+01 -0.9473586E+00
-0.1383828E+01
 0.7250000E+00 -0.2311373E+00 -0.1341411E+01  0.3785263E+00 -0.9576601E+00  0.6888568E+00 -0.1940027E+01  0.2627509E-01 -0.1025910E+01 -0.5037746E+00 -0.1148964E+01  0.3851089E+00 -0.1719570E+01  0.1419846E+00 -0.1335326E+01 -0.7587836E-01 -0.1537569E+01 -0.1207861E+00 -0.1215163E+01 -0.9434680E+00
-0.1329361E+01
 0.7500000E+00 -0.2303454E+00 -0.1286750E+01  0.3765414E+00 -0.8970444E+00  0.6888076E+00 -0.1896991E+01  0.2639439E-01 -0.9661301E+00 -0.5016441E+00 -0.1091298E+01  0.3842681E+00 -0.1672009E+01  0.1415724E+00 -0.1280504E+01 -0.7572397E-01 -0.1486443E+01 -0.1202344E+00 -0.1158318E+01 -0.9402883E+00
-0.1275199E+01
 0.7750000E+00 -0.2297309E+00 -0.1232383E+01  0.3746599E+00 -0.8371119E+00  0.6887906E+00 -0.1854036E+01  0.2651119E-01 -0.9069412E+00 -0.4998008E+00 -0.1034101E+01  0.3833928E+00 -0.1624564E+01  0.1412627E+00 -0.1225978E+01 -0.7559932E-01 -0.1435495E+01 -0.1197659E+00 -0.1101866E+01 -0.9378143E+00
-0.1221381E+01
 0.8000000E+00 -0.2292905E+00 -0.1178348E+01  0.3728619E+00 -0.7779367E+00  0.6887406E+00 -0.1811168E+01  0.2662282E-01 -0.8484134E+00 -0.4982264E+00 -0.9774322E+00  0.3824685E+00 -0.1577252E+01  0.1410520E+00 -0.1171789E+01 -0.7552237E-01 -0.1384749E+01 -0.1193774E+00 -0.1045859E+01 -0.9360277E+00
-0.1167947E+01
 0.8250000E+00 -0.2290190E+00 -0.1124690E+01  0.3711269E+00 -0.7195915E+00  0.6885769E+00 -0.1768396E+01  0.2672666E-01 -0.7906185E+00 -0.4969016E+00 -0.9213544E+00  0.3815073E+00 -0.1530088E+01  0.1409349E+00 -0.1117983E+01 -0.7550434E-01 -0.1334231E+01 -0.1190655E+00 -0.9903542E+00 -0.9349031E+00
-0.1114943E+01
 0.8500000E+00 -0.2289081E+00 -0.1071457E+01  0.3694309E+00 -0.6621449E+00  0.6882133E+00 -0.1725730E+01  0.2681988E-01 -0.7336278E+00 -0.4958014E+00 -0.8659343E+00  0.3805751E+00 -0.1483090E+01  0.1409044E+00 -0.1064607E+01 -0.7554980E-01 -0.1283972E+01 -0.1188257E+00 -0.9354127E+00 -0.9344031E+00
-0.1062419E+01
 0.8750000E+00 -0.2289449E+00 -0.1018701E+01  0.3677439E+00 -0.6056580E+00  0.6875724E+00 -0.1683179E+01  0.2689910E-01 -0.6775092E+00 -0.4948930E+00 -0.8112396E+00  0.3797841E+00 -0.1436279E+01  0.1409518E+00 -0.1011715E+01 -0.7565775E-01 -0.1234005E+01 -0.1186509E+00 -0.8810984E+00 -0.9344742E+00
-0.1010428E+01
 0.9000000E+00 -0.2291133E+00 -0.9664793E+00  0.3660323E+00 -0.5501805E+00  0.6865893E+00 -0.1640755E+01  0.2696053E-01 -0.6223242E+00 -0.4941385E+00 -0.7573380E+00  0.3792375E+00 -0.1389677E+01  0.1410677E+00 -0.9593631E+00 -0.7582315E-01 -0.1184368E+01 -0.1185326E+00 -0.8274770E+00 -0.9350523E+00
-0.9590274E+00
 0.9250000E+00 -0.2293648E+00 -0.9148497E+00  0.3642214E+00 -0.4957468E+00  0.6852122E+00 -0.1598470E+01  0.2699843E-01 -0.5681244E+00 -0.4934319E+00 -0.7042950E+00  0.3789486E+00 -0.1343309E+01  0.1412249E+00 -0.9076119E+00 -0.7602944E-01 -0.1135099E+01 -0.1184447E+00 -0.7746147E+00 -0.9359455E+00
-0.9082762E+00
 0.9500000E+00 -0.2296723E+00 -0.8638739E+00  0.3622782E+00 -0.4423725E+00  0.6834341E+00 -0.1556340E+01  0.2701110E-01 -0.5149480E+00 -0.4927117E+00 -0.6521718E+00  0.3789182E+00 -0.1297203E+01  0.1414085E+00 -0.8565227E+00 -0.7626798E-01 -0.1086245E+01 -0.1183716E+00 -0.7225764E+00 -0.9370468E+00
-0.8582366E+00
 0.9750000E+00 -0.2300068E+00 -0.8136144E+00  0.3601859E+00 -0.3900511E+00  0.6813295E+00 -0.1514380E+01  0.2699687E-01 -0.4628169E+00 -0.4919132E+00 -0.6010222E+00  0.3791218E+00 -0.1251389E+01  0.1416015E+00 -0.8061582E+00 -0.7653057E-01 -0.1037850E+01 -0.1182970E+00 -0.6714232E+00 -0.9382413E+00
-0.8089714E+00
 0.1000000E+01 -0.2303391E+00 -0.7641334E+00  0.3579677E+00 -0.3387528E+00  0.6790644E+00 -0.1472608E+01  0.2695330E-01 -0.4117329E+00 -0.4909704E+00 -0.5508900E+00  0.3795212E+00 -0.1205901E+01  0.1417841E+00 -0.7565805E+00 -0.7680928E-01 -0.9899661E+00 -0.1182057E+00 -0.6212101E+00 -0.9394071E+00
-0.7605432E+00
 0.1025000E+01 -0.2306387E+00 -0.7154913E+00  0.3557289E+00 -0.2884229E+00  0.6768297E+00 -0.1431041E+01  0.2687946E-01 -0.3616766E+00 -0.4898175E+00 -0.5018059E+00  0.3800711E+00 -0.1160773E+01  0.1419352E+00 -0.7078497E+00 -0.7709593E-01 -0.9426454E+00 -0.1180823E+00 -0.5719836E+00 -0.9404166E+00
-0.7130120E+00
 0.1050000E+01 -0.2308734E+00 -0.6677448E+00  0.3536864E+00 -0.2389816E+00  0.6747525E+00 -0.1389700E+01  0.2677856E-01 -0.3126049E+00 -0.4883923E+00 -0.4537854E+00  0.3807233E+00 -0.1116045E+01  0.1420345E+00 -0.6600217E+00 -0.7738139E-01 -0.8959429E+00 -0.1179099E+00 -0.5237789E+00 -0.9411389E+00
-0.6664343E+00
 0.1075000E+01 -0.2310095E+00 -0.6209447E+00  0.3521061E+00 -0.1903243E+00  0.6728724E+00 -0.1348607E+01  0.2665713E-01 -0.2644516E+00 -0.4866437E+00 -0.4068266E+00  0.3814296E+00 -0.1071757E+01  0.1420632E+00 -0.6131465E+00 -0.7765518E-01 -0.8499149E+00 -0.1176711E+00 -0.4766175E+00 -0.9414422E+00
-0.6208609E+00
 0.1100000E+01 -0.2310132E+00 -0.5751341E+00  0.3511616E+00 -0.1423253E+00  0.6711694E+00 -0.1307787E+01  0.2652291E-01 -0.2171274E+00 -0.4845493E+00 -0.3609086E+00  0.3821429E+00 -0.1027953E+01  0.1420035E+00 -0.5672655E+00 -0.7790563E-01 -0.8046181E+00 -0.1173504E+00 -0.4305055E+00 -0.9411956E+00
-0.5763347E+00
 0.1125000E+01 -0.2308524E+00 -0.5303460E+00  0.3508843E+00 -0.9484081E-01  0.6695959E+00 -0.1267268E+01  0.2638351E-01 -0.1705219E+00 -0.4821423E+00 -0.3159905E+00  0.3828188E+00 -0.9846804E+00  0.1418376E+00 -0.5224102E+00 -0.7812043E-01 -0.7601084E+00 -0.1169380E+00 -0.3854316E+00 -0.9402738E+00
-0.5328883E+00
 0.1150000E+01 -0.2304980E+00 -0.4866015E+00  0.3512200E+00 -0.4771282E-01  0.6680939E+00 -0.1227079E+01  0.2624336E-01 -0.1245061E+00 -0.4795441E+00 -0.2720117E+00  0.3834146E+00 -0.9419873E+00  0.1415476E+00 -0.4786000E+00 -0.7828719E-01 -0.7164398E+00 -0.1164345E+00 -0.3413661E+00 -0.9385596E+00
-0.4905426E+00
 0.1175000E+01 -0.2299246E+00 -0.4439086E+00  0.3520869E+00 -0.7731949E-03  0.6666015E+00 -0.1187252E+01  0.2610257E-01 -0.7893546E-01 -0.4769695E+00 -0.2288922E+00  0.3838889E+00 -0.8999242E+00  0.1411173E+00 -0.4358406E+00 -0.7839398E-01 -0.6736627E+00 -0.1158566E+00 -0.2982612E+00 -0.9359482E+00
-0.4493060E+00
 0.1200000E+01 -0.2291137E+00 -0.4022607E+00  0.3534025E+00  0.4615096E-01  0.6650564E+00 -0.1147821E+01  0.2596131E-01 -0.3365357E-01 -0.4746570E+00 -0.1865348E+00  0.3842006E+00 -0.8585423E+00  0.1405337E+00 -0.3941230E+00 -0.7843028E-01 -0.6318229E+00 -0.1152415E+00 -0.2560506E+00 -0.9323579E+00
-0.4091731E+00
 0.1225000E+01 -0.2280595E+00 -0.3616364E+00  0.3550882E+00  0.9323239E-01  0.6633988E+00 -0.1108821E+01  0.2582136E-01  0.1150347E-01 -0.4727656E+00 -0.1448264E+00  0.3843097E+00 -0.8178931E+00  0.1397903E+00 -0.3534230E+00 -0.7838804E-01 -0.5909601E+00 -0.1146399E+00 -0.2146511E+00 -0.9277482E+00
-0.3701246E+00
 0.1250000E+01 -0.2267604E+00 -0.3219992E+00  0.3570654E+00  0.1406390E+00  0.6615319E+00 -0.1070288E+01  0.2568375E-01  0.5670291E-01 -0.4713375E+00 -0.1036413E+00  0.3841570E+00 -0.7780261E+00  0.1388960E+00 -0.3137004E+00 -0.7825852E-01 -0.5511062E+00 -0.1140891E+00 -0.1739638E+00 -0.9221057E+00
-0.3321296E+00
 0.1275000E+01 -0.2252576E+00 -0.2832973E+00  0.3592528E+00  0.1885295E+00  0.6594129E+00 -0.1032262E+01  0.2554686E-01  0.1021109E+00 -0.4703404E+00 -0.6284353E-01  0.3837126E+00 -0.7389905E+00  0.1378805E+00 -0.2749001E+00 -0.7803839E-01 -0.5122846E+00 -0.1136121E+00 -0.1338761E+00 -0.9155611E+00
-0.2951410E+00
 0.1300000E+01 -0.2236186E+00 -0.2454644E+00  0.3615679E+00  0.2370483E+00  0.6570092E+00 -0.9947817E+00  0.2540701E-01  0.1478881E+00 -0.4697013E+00 -0.2228975E-01  0.3829536E+00 -0.7008330E+00  0.1367916E+00 -0.2369526E+00 -0.7772571E-01 -0.4745086E+00 -0.1132113E+00 -0.9426393E-01 -0.9083491E+00
-0.2590988E+00
 0.1325000E+01 -0.2219215E+00 -0.2084212E+00  0.3639286E+00  0.2863220E+00  0.6543006E+00 -0.9578901E+00  0.2525941E-01  0.1941853E+00 -0.4693316E+00  0.1816770E-01  0.3818646E+00 -0.6635967E+00  0.1356812E+00 -0.1997750E+00 -0.7731998E-01 -0.4377810E+00 -0.1128770E+00 -0.5499426E-01 -0.9007677E+00
-0.2239316E+00
 0.1350000E+01 -0.2202296E+00 -0.1720764E+00  0.3662570E+00  0.3364559E+00  0.6512797E+00 -0.9216295E+00  0.2509935E-01  0.2411397E+00 -0.4691421E+00  0.5867815E-01  0.3804389E+00 -0.6273205E+00  0.1345861E+00 -0.1632723E+00 -0.7682254E-01 -0.4020937E+00 -0.1125946E+00 -0.1592755E-01 -0.8930892E+00
-0.1895572E+00
 0.1375000E+01 -0.2185768E+00 -0.1363283E+00  0.3684830E+00  0.3875314E+00  0.6479513E+00 -0.8860431E+00  0.2492300E-01  0.2888713E+00 -0.4690502E+00  0.9938962E-01  0.3786778E+00 -0.5920378E+00  0.1335230E+00 -0.1273395E+00 -0.7623746E-01 -0.3674274E+00 -0.1123479E+00  0.2307962E-01 -0.8854911E+00
-0.1558846E+00
 0.1400000E+01 -0.2169720E+00 -0.1010665E+00  0.3705467E+00  0.4396051E+00  0.6443312E+00 -0.8511743E+00  0.2472790E-01  0.3374800E+00 -0.4689848E+00  0.1404458E+00  0.3765894E+00 -0.5577758E+00  0.1324940E+00 -0.9186285E-01 -0.7557271E-01 -0.3337519E+00 -0.1121215E+00  0.6217180E-01 -0.8780515E+00
-0.1228144E+00
 0.1425000E+01 -0.2154024E+00 -0.6617354E-01  0.3723855E+00  0.4927083E+00  0.6404449E+00 -0.8170661E+00  0.2451229E-01  0.3870435E+00 -0.4688697E+00  0.1819832E+00  0.3741877E+00 -0.5245554E+00  0.1314909E+00 -0.5672198E-01 -0.7484068E-01 -0.3010261E+00 -0.1118969E+00  0.1014920E+00 -0.8707536E+00
-0.9024044E-01
 0.1450000E+01 -0.2138678E+00 -0.3152660E-01  0.3739781E+00  0.5468487E+00  0.6363257E+00 -0.7837609E+00  0.2427758E-01  0.4376162E+00 -0.4686802E+00  0.2241277E+00  0.3714916E+00 -0.4923902E+00  0.1305147E+00 -0.2179173E-01 -0.7405926E-01 -0.2691993E+00 -0.1116678E+00  0.1411788E+00 -0.8636198E+00
-0.5805148E-01
 0.1475000E+01 -0.2123726E+00  0.3000383E-02  0.3753225E+00  0.6020126E+00  0.6320126E+00 -0.7513001E+00  0.2402896E-01  0.4892291E+00 -0.4684101E+00  0.2669923E+00  0.3685242E+00 -0.4612862E+00  0.1295691E+00  0.1305617E-01 -0.7325062E-01 -0.2382114E+00 -0.1114314E+00  0.1813638E+00 -0.8566838E+00
-0.2613298E-01
 0.1500000E+01 -0.2109260E+00  0.3753486E-01  0.3764343E+00  0.6581676E+00  0.6275498E+00 -0.7197227E+00  0.2377744E-01  0.5418906E+00 -0.4680646E+00  0.3106740E+00  0.3653132E+00 -0.4312420E+00  0.1286601E+00  0.4795129E-01 -0.7243998E-01 -0.2079941E+00 -0.1111867E+00  0.2221690E+00 -0.8499925E+00
 0.5630883E-02
 0.1525000E+01 -0.2095423E+00  0.7220416E-01  0.3773402E+00  0.7152665E+00  0.6229849E+00 -0.6890657E+00  0.2353476E-01  0.5955883E+00 -0.4676626E+00  0.3552529E+00  0.3618911E+00 -0.4022485E+00  0.1277970E+00  0.8302245E-01 -0.7165167E-01 -0.1784719E+00 -0.1109361E+00  0.2637044E+00 -0.8436110E+00
 0.3735702E-01
 0.1550000E+01 -0.2082407E+00  0.1071341E+00  0.3780642E+00  0.7732493E+00  0.6183676E+00 -0.6593629E+00  0.2330276E-01  0.6502919E+00 -0.4672421E+00  0.4007914E+00  0.3582973E+00 -0.3742890E+00  0.1269926E+00  0.1183957E+00 -0.7090372E-01 -0.1495630E+00 -0.1106885E+00  0.3060659E+00 -0.8376245E+00
 0.6916374E-01
 0.1575000E+01 -0.2070462E+00  0.1424474E+00  0.3786168E+00  0.8320474E+00  0.6137485E+00 -0.6306447E+00  0.2306910E-01  0.7059556E+00 -0.4668593E+00  0.4473336E+00  0.3545807E+00 -0.3473402E+00  0.1262604E+00  0.1541922E+00 -0.7020662E-01 -0.1211799E+00 -0.1104617E+00  0.3493340E+00 -0.8321340E+00
 0.1011696E+00
 0.1600000E+01 -0.2059871E+00  0.1782610E+00  0.3789982E+00  0.8915879E+00  0.6091770E+00 -0.6029377E+00  0.2281963E-01  0.7625224E+00 -0.4665777E+00  0.4949045E+00  0.3508036E+00 -0.3213720E+00  0.1256137E+00  0.1905271E+00 -0.6956924E-01 -0.9323079E-01 -0.1102761E+00  0.3935717E+00 -0.8272496E+00
 0.1334901E+00
 0.1625000E+01 -0.2050918E+00  0.2146842E+00  0.3791787E+00  0.9517971E+00  0.6047013E+00 -0.5762640E+00  0.2254962E-01  0.8199270E+00 -0.4664562E+00  0.5435094E+00  0.3470435E+00 -0.2963483E+00  0.1250660E+00  0.2275075E+00 -0.6900295E-01 -0.6562057E-01 -0.1101492E+00  0.4388235E+00 -0.8230821E+00
 0.1662346E+00
 0.1650000E+01 -0.2043851E+00  0.2518172E+00  0.3790387E+00  0.1012603E+01  0.6003676E+00 -0.5506414E+00  0.2226353E-01  0.8780997E+00 -0.4665419E+00  0.5931354E+00  0.3433922E+00 -0.2722273E+00  0.1246298E+00  0.2652310E+00 -0.6852032E-01 -0.3825153E-01 -0.1100928E+00  0.4851155E+00 -0.8197307E+00
 0.1995057E+00
 0.1675000E+01 -0.2038854E+00  0.2897488E+00  0.3783648E+00  0.1073937E+01  0.5962192E+00 -0.5260833E+00  0.2197119E-01  0.9369684E+00 -0.4668664E+00  0.6437539E+00  0.3399502E+00 -0.2489626E+00  0.1243167E+00  0.3037838E+00 -0.6813301E-01 -0.1102424E-01 -0.1101123E+00  0.5324555E+00 -0.8172737E+00
 0.2333979E+00
 0.1700000E+01 -0.2036032E+00  0.3285559E+00  0.3770022E+00  0.1135737E+01  0.5922948E+00 -0.5025986E+00  0.2168058E-01  0.9964619E+00 -0.4674434E+00  0.6953229E+00  0.3368156E+00 -0.2265034E+00  0.1241370E+00  0.3432391E+00 -0.6785085E-01  0.1616171E-01 -0.1102061E+00  0.5808343E+00 -0.8157661E+00
 0.2679969E+00
 0.1725000E+01 -0.2035417E+00  0.3683016E+00  0.3749428E+00  0.1197943E+01  0.5886259E+00 -0.4801920E+00  0.2138373E-01  0.1056511E+01 -0.4682707E+00  0.7477898E+00  0.3340746E+00 -0.2047956E+00  0.1240998E+00  0.3836562E+00 -0.6768099E-01  0.4340703E-01 -0.1103667E+00  0.6302276E+00 -0.8152397E+00
 0.3033783E+00
 0.1750000E+01 -0.2037009E+00  0.4090348E+00  0.3722655E+00  0.1260503E+01  0.5852340E+00 -0.4588644E+00  0.2106370E-01  0.1117052E+01 -0.4693387E+00  0.8010949E+00  0.3317980E+00 -0.1837822E+00  0.1242121E+00  0.4250792E+00 -0.6762768E-01  0.7081204E-01 -0.1105862E+00  0.6805979E+00 -0.8157124E+00
 0.3396079E+00
 0.1775000E+01 -0.2040810E+00  0.4507895E+00  0.3690785E+00  0.1323367E+01  0.5821282E+00 -0.4386132E+00  0.2072272E-01  0.1178022E+01 -0.4706373E+00  0.8551742E+00  0.3300432E+00 -0.1634048E+00  0.1244748E+00  0.4675364E+00 -0.6769200E-01  0.9847600E-01 -0.1108634E+00  0.7318970E+00 -0.8171921E+00
 0.3767406E+00
 0.1800000E+01 -0.2046786E+00  0.4935850E+00  0.3654928E+00  0.1386492E+01  0.5793040E+00 -0.4194328E+00  0.2037304E-01  0.1239368E+01 -0.4721415E+00  0.9099615E+00  0.3288510E+00 -0.1436033E+00  0.1248839E+00  0.5110407E+00 -0.6787206E-01  0.1264963E+00 -0.1111980E+00  0.7840688E+00 -0.8196662E+00
 0.4148198E+00
 0.1825000E+01 -0.2054777E+00  0.5374248E+00  0.3616059E+00  0.1449840E+01  0.5767438E+00 -0.4013146E+00  0.2001520E-01  0.1301039E+01 -0.4737925E+00  0.9653896E+00  0.3282386E+00 -0.1243160E+00  0.1254360E+00  0.5555904E+00 -0.6816360E-01  0.1549673E+00 -0.1115770E+00  0.8370513E+00 -0.8230888E+00
 0.4538744E+00
 0.1850000E+01 -0.2064463E+00  0.5822982E+00  0.3575110E+00  0.1513381E+01  0.5744173E+00 -0.3842478E+00  0.1964294E-01  0.1362990E+01 -0.4755261E+00  0.1021391E+01  0.3281980E+00 -0.1054796E+00  0.1261299E+00  0.6011698E+00 -0.6855940E-01  0.1839799E+00 -0.1119719E+00  0.8907791E+00 -0.8273722E+00
 0.4939185E+00
 0.1875000E+01 -0.2075418E+00  0.6281815E+00  0.3530561E+00  0.1577086E+01  0.5722835E+00 -0.3682194E+00  0.1924445E-01  0.1425183E+01 -0.4771559E+00  0.1077901E+01  0.3287003E+00 -0.8703007E-01  0.1269581E+00  0.6477509E+00 -0.6904894E-01  0.2136202E+00 -0.1123513E+00  0.9451858E+00 -0.8323878E+00
 0.5349534E+00
 0.1900000E+01 -0.2087200E+00  0.6750401E+00  0.3483182E+00  0.1640930E+01  0.5702935E+00 -0.3532146E+00  0.1883297E-01  0.1487583E+01 -0.4786723E+00  0.1134861E+01  0.3297033E+00 -0.6890342E-01  0.1278995E+00  0.6952946E+00 -0.6961944E-01  0.2439691E+00 -0.1127022E+00  0.1000206E+01 -0.8379756E+00
 0.5769693E+00
 0.1925000E+01 -0.2099363E+00  0.7228300E+00  0.3433664E+00  0.1704891E+01  0.5683924E+00 -0.3392175E+00  0.1842391E-01  0.1550160E+01 -0.4801097E+00  0.1192218E+01  0.3311533E+00 -0.5103572E-01  0.1289200E+00  0.7437530E+00 -0.7025660E-01  0.2751009E+00 -0.1130286E+00  0.1055776E+01 -0.8439485E+00
 0.6199463E+00
 0.1950000E+01 -0.2111437E+00  0.7714999E+00  0.3382589E+00  0.1768950E+01  0.5665208E+00 -0.3262108E+00  0.1803296E-01  0.1612887E+01 -0.4815062E+00  0.1249922E+01  0.3329861E+00 -0.3336299E-01  0.1299776E+00  0.7930713E+00 -0.7094494E-01  0.3070827E+00 -0.1133413E+00  0.1111836E+01 -0.8500959E+00
 0.6638547E+00
 0.1975000E+01 -0.2122929E+00  0.8209932E+00  0.3330391E+00  0.1833091E+01  0.5646162E+00 -0.3141769E+00  0.1767488E-01  0.1675742E+01 -0.4828841E+00  0.1307928E+01  0.3351300E+00 -0.1582111E-01  0.1310276E+00  0.8431900E+00 -0.7166800E-01  0.3399730E+00 -0.1136490E+00  0.1168329E+01 -0.8561908E+00
 0.7086559E+00
 0.2000000E+01 -0.2133326E+00  0.8712495E+00  0.3277279E+00  0.1897301E+01  0.5626131E+00 -0.3030973E+00  0.1735712E-01  0.1738706E+01 -0.4842483E+00  0.1366196E+01  0.3375068E+00  0.1654288E-02  0.1320293E+00  0.8940474E+00 -0.7240792E-01  0.3738209E+00 -0.1139537E+00  0.1225205E+01 -0.8619935E+00
 0.7543039E+00
 0.2025000E+01 -0.2142163E+00  0.9222069E+00  0.3223121E+00  0.1961570E+01  0.5604442E+00 -0.2929539E+00  0.1707196E-01  0.1801763E+01 -0.4855817E+00  0.1424689E+01  0.3400343E+00  0.1912773E-01  0.1329538E+00  0.9455806E+00 -0.7314567E-01  0.4086655E+00 -0.1142485E+00  0.1282416E+01 -0.8672592E+00
 0.8007470E+00
 0.2050000E+01 -0.2149169E+00  0.9738037E+00  0.3167437E+00  0.2025885E+01  0.5580422E+00 -0.2837285E+00  0.1679564E-01  0.1864897E+01 -0.4868391E+00  0.1483380E+01  0.3426311E+00  0.3666373E-01  0.1337980E+00  0.9977273E+00 -0.7386239E-01  0.4445349E+00 -0.1145178E+00  0.1339920E+01 -0.8717565E+00
 0.8479298E+00
 0.2075000E+01 -0.2154390E+00  0.1025980E+01  0.3109717E+00  0.2090237E+01  0.5553435E+00 -0.2754034E+00  0.1650084E-01  0.1928098E+01 -0.4879501E+00  0.1542241E+01  0.3452212E+00  0.5432675E-01  0.1345937E+00  0.1050427E+01 -0.7453988E-01  0.4814465E+00 -0.1147449E+00  0.1397679E+01 -0.8752934E+00
 0.8957950E+00
 0.2100000E+01 -0.2158126E+00  0.1078677E+01  0.3049974E+00  0.2154620E+01  0.5522898E+00 -0.2679619E+00  0.1616997E-01  0.1991354E+01 -0.4888222E+00  0.1601248E+01  0.3477370E+00  0.7218139E-01  0.1353713E+00  0.1103622E+01 -0.7515926E-01  0.5194063E+00 -0.1149155E+00  0.1455660E+01 -0.8777501E+00
 0.9442846E+00
 0.2125000E+01 -0.2160621E+00  0.1131840E+01  0.2989560E+00  0.2219028E+01  0.5488282E+00 -0.2613877E+00  0.1579780E-01  0.2054657E+01 -0.4893503E+00  0.1660380E+01  0.3501174E+00  0.9029224E-01  0.1361240E+00  0.1157258E+01 -0.7570039E-01  0.5584094E+00 -0.1150139E+00  0.1513833E+01 -0.8791211E+00
 0.9933409E+00
 0.2150000E+01 -0.2161830E+00  0.1185417E+01  0.2931887E+00  0.2283459E+01  0.5449116E+00 -0.2556662E+00  0.1538760E-01  0.2118000E+01 -0.4894250E+00  0.1719618E+01  0.3523061E+00  0.1087236E+00  0.1368223E+00  0.1211286E+01 -0.7614393E-01  0.5984403E+00 -0.1150199E+00  0.1572170E+01 -0.8795230E+00
 0.1042909E+01
 0.2175000E+01 -0.2161467E+00  0.1239361E+01  0.2880655E+00  0.2347909E+01  0.5405013E+00 -0.2507840E+00  0.1494923E-01  0.2181376E+01 -0.4889364E+00  0.1778944E+01  0.3542529E+00  0.1275389E+00  0.1374328E+00  0.1265660E+01 -0.7647351E-01  0.6394741E+00 -0.1149088E+00  0.1630649E+01 -0.8790920E+00
 0.1092935E+01
 0.2200000E+01 -0.2159152E+00  0.1293628E+01  0.2836697E+00  0.2412377E+01  0.5355697E+00 -0.2467295E+00  0.1449830E-01  0.2244780E+01 -0.4877774E+00  0.1838344E+01  0.3559179E+00  0.1468011E+00  0.1379213E+00  0.1320338E+01 -0.7667579E-01  0.6814774E+00 -0.1146540E+00  0.1689251E+01 -0.8778626E+00
 0.1143370E+01
 0.2225000E+01 -0.2154486E+00  0.1348178E+01  0.2798641E+00  0.2476862E+01  0.5301029E+00 -0.2434926E+00  0.1404370E-01  0.2308209E+01 -0.4858457E+00  0.1897806E+01  0.3572745E+00  0.1665721E+00  0.1382545E+00  0.1375282E+01 -0.7673954E-01  0.7244091E+00 -0.1142293E+00  0.1747956E+01 -0.8757611E+00
 0.1194166E+01
 0.2250000E+01 -0.2147108E+00  0.1402975E+01  0.2764482E+00  0.2541361E+01  0.5241020E+00 -0.2410650E+00  0.1357991E-01  0.2371658E+01 -0.4830548E+00  0.1957319E+01  0.3583107E+00  0.1869128E+00  0.1384035E+00  0.1430460E+01 -0.7665574E-01  0.7682226E+00 -0.1136114E+00  0.1806751E+01 -0.8726717E+00
 0.1245277E+01
 0.2275000E+01 -0.2136756E+00  0.1457987E+01  0.2732289E+00  0.2605870E+01  0.5175801E+00 -0.2394402E+00  0.1310978E-01  0.2435123E+01 -0.4793577E+00  0.2016874E+01  0.3590243E+00  0.2078826E+00  0.1383498E+00  0.1485842E+01 -0.7641900E-01  0.8128665E+00 -0.1127888E+00  0.1865622E+01 -0.8684984E+00
 0.1296666E+01
 0.2300000E+01 -0.2123315E+00  0.1513188E+01  0.2706676E+00  0.2670387E+01  0.5105596E+00 -0.2386138E+00  0.1268028E-01  0.2498603E+01 -0.4747731E+00  0.2076466E+01  0.3594187E+00  0.2295388E+00  0.1380861E+00  0.1541400E+01 -0.7602942E-01  0.8582864E+00 -0.1117691E+00  0.1924559E+01 -0.8631953E+00
 0.1348299E+01
 0.2325000E+01 -0.2106834E+00  0.1568553E+01  0.2688813E+00  0.2734909E+01  0.5030705E+00 -0.2385833E+00  0.1230730E-01  0.2562095E+01 -0.4693903E+00  0.2136091E+01  0.3595007E+00  0.2519360E+00  0.1376147E+00  0.1597110E+01 -0.7549244E-01  0.9044262E+00 -0.1105700E+00  0.1983552E+01 -0.8567781E+00
 0.1400147E+01
 0.2350000E+01 -0.2087491E+00  0.1624061E+01  0.2679758E+00  0.2799436E+01  0.4951493E+00 -0.2393480E+00  0.1197258E-01  0.2625597E+01 -0.4634245E+00  0.2195742E+01  0.3592815E+00  0.2751264E+00  0.1369486E+00  0.1652953E+01 -0.7481845E-01  0.9512295E+00 -0.1092044E+00  0.2042593E+01 -0.8493203E+00
 0.1452182E+01
 0.2375000E+01 -0.2065511E+00  0.1679691E+01  0.2680301E+00  0.2863967E+01  0.4868403E+00 -0.2409093E+00  0.1163930E-01  0.2689107E+01 -0.4573692E+00  0.2255415E+01  0.3587788E+00  0.2991583E+00  0.1361120E+00  0.1708910E+01 -0.7402875E-01  0.9986403E+00 -0.1076789E+00  0.2101674E+01 -0.8409320E+00
 0.1504377E+01
 0.2400000E+01 -0.2041154E+00  0.1735426E+01  0.2691011E+00  0.2928502E+01  0.4781965E+00 -0.2432700E+00  0.1128798E-01  0.2752625E+01 -0.4520534E+00  0.2315104E+01  0.3580175E+00  0.3240765E+00  0.1351355E+00  0.1764966E+01 -0.7316060E-01  0.1046604E+01 -0.1060167E+00  0.2160791E+01 -0.8317453E+00
 0.1556705E+01
 0.2425000E+01 -0.2014796E+00  0.1791252E+01  0.2712101E+00  0.2993043E+01  0.4692798E+00 -0.2464350E+00  0.1093411E-01  0.2816148E+01 -0.4481755E+00  0.2374803E+01  0.3570313E+00  0.3499209E+00  0.1340477E+00  0.1821108E+01 -0.7225564E-01  0.1095068E+01 -0.1042999E+00  0.2219936E+01 -0.8219190E+00
 0.1609147E+01
 0.2450000E+01 -0.1986947E+00  0.1847156E+01  0.2743364E+00  0.3057589E+01  0.4601587E+00 -0.2504103E+00  0.1060753E-01  0.2879677E+01 -0.4459595E+00  0.2434510E+01  0.3558628E+00  0.3767265E+00  0.1328710E+00  0.1877324E+01 -0.7134732E-01  0.1143984E+01 -0.1026811E+00  0.2279106E+01 -0.8116351E+00
 0.1661686E+01
 0.2475000E+01 -0.1958192E+00  0.1903128E+01  0.2784155E+00  0.3122139E+01  0.4509061E+00 -0.2552038E+00  0.1032571E-01  0.2943210E+01 -0.4453359E+00  0.2494221E+01  0.3545585E+00  0.4045226E+00  0.1316244E+00  0.1933604E+01 -0.7045905E-01  0.1193304E+01 -0.1013067E+00  0.2338296E+01 -0.8010881E+00
 0.1714310E+01
 0.2500000E+01 -0.1929180E+00  0.1959158E+01  0.2833321E+00  0.3186692E+01  0.4415992E+00 -0.2608248E+00  0.1008416E-01  0.3006747E+01 -0.4461180E+00  0.2553940E+01  0.3531616E+00  0.4333317E+00  0.1303248E+00  0.1989937E+01 -0.6960099E-01  0.1242985E+01 -0.1002183E+00  0.2397505E+01 -0.7904834E+00
 0.1767007E+01
 0.2525000E+01 -0.1900626E+00  0.2015240E+01  0.2889271E+00  0.3251244E+01  0.4323217E+00 -0.2672843E+00  0.9861309E-02  0.3070287E+01 -0.4480748E+00  0.2613666E+01  0.3517069E+00  0.4631690E+00  0.1289882E+00  0.2046317E+01 -0.6877317E-01  0.1292990E+01 -0.9937742E-01  0.2456729E+01 -0.7800371E+00
 0.1819772E+01
 0.2550000E+01 -0.1873250E+00  0.2071367E+01  0.2950271E+00  0.3315794E+01  0.4231606E+00 -0.2745946E+00  0.9632863E-02  0.3133829E+01 -0.4509780E+00  0.2673400E+01  0.3502184E+00  0.4940416E+00  0.1276330E+00  0.2102735E+01 -0.6797627E-01  0.1343281E+01 -0.9873278E-01  0.2515968E+01 -0.7699670E+00
 0.1872597E+01
 0.2575000E+01 -0.1847683E+00  0.2127534E+01  0.3014568E+00  0.3380343E+01  0.4142047E+00 -0.2827687E+00  0.9381588E-02  0.3197374E+01 -0.4546317E+00  0.2733142E+01  0.3487094E+00  0.5259496E+00  0.1262835E+00  0.2159185E+01 -0.6721659E-01  0.1393825E+01 -0.9824601E-01  0.2575218E+01 -0.7604694E+00
 0.1925479E+01
 0.2600000E+01 -0.1824390E+00  0.2183736E+01  0.3079979E+00  0.3444890E+01  0.4055434E+00 -0.2918203E+00  0.9099287E-02  0.3260920E+01 -0.4588757E+00  0.2792889E+01  0.3471830E+00  0.5588854E+00  0.1249693E+00  0.2215664E+01 -0.6650442E-01  0.1444594E+01 -0.9788972E-01  0.2634479E+01 -0.7517010E+00
 0.1978409E+01
 0.2625000E+01 -0.1803624E+00  0.2239968E+01  0.3142993E+00  0.3509435E+01  0.3972674E+00 -0.3017635E+00  0.8787566E-02  0.3324467E+01 -0.4635665E+00  0.2852640E+01  0.3456359E+00  0.5928342E+00  0.1237176E+00  0.2272166E+01 -0.6585074E-01  0.1495561E+01 -0.9763798E-01  0.2693748E+01 -0.7437830E+00
 0.2031384E+01
 0.2650000E+01 -0.1785237E+00  0.2296226E+01  0.3199282E+00  0.3573980E+01  0.3894672E+00 -0.3126125E+00  0.8457558E-02  0.3388016E+01 -0.4685692E+00  0.2912393E+01  0.3440574E+00  0.6277744E+00  0.1225356E+00  0.2328689E+01 -0.6526519E-01  0.1546702E+01 -0.9746561E-01  0.2753024E+01 -0.7368006E+00
 0.2084397E+01
 0.2675000E+01 -0.1768739E+00  0.2352504E+01  0.3246875E+00  0.3638523E+01  0.3822270E+00 -0.3243818E+00  0.8127498E-02  0.3451566E+01 -0.4737644E+00  0.2972146E+01  0.3424278E+00  0.6636778E+00  0.1213972E+00  0.2385230E+01 -0.6475533E-01  0.1597996E+01 -0.9735196E-01  0.2812306E+01 -0.7307846E+00
 0.2137443E+01
 0.2700000E+01 -0.1753737E+00  0.2408798E+01  0.3286868E+00  0.3703066E+01  0.3756193E+00 -0.3370859E+00  0.7808028E-02  0.3515117E+01 -0.4790575E+00  0.3031894E+01  0.3407201E+00  0.7005107E+00  0.1202600E+00  0.2441789E+01 -0.6432560E-01  0.1649424E+01 -0.9728009E-01  0.2871592E+01 -0.7256852E+00
 0.2190514E+01
 0.2725000E+01 -0.1740065E+00  0.2465105E+01  0.3320238E+00  0.3767606E+01  0.3696984E+00 -0.3507391E+00  0.7496067E-02  0.3578668E+01 -0.4844022E+00  0.3091637E+01  0.3389008E+00  0.7382350E+00  0.1190983E+00  0.2498362E+01 -0.6397503E-01  0.1700968E+01 -0.9724035E-01  0.2930881E+01 -0.7213560E+00
 0.2243601E+01
 0.2750000E+01 -0.1727747E+00  0.2521422E+01  0.3348982E+00  0.3832141E+01  0.3644974E+00 -0.3653560E+00  0.7171248E-02  0.3642221E+01 -0.4898173E+00  0.3151373E+01  0.3369311E+00  0.7768087E+00  0.1179155E+00  0.2554948E+01 -0.6369633E-01  0.1752614E+01 -0.9723318E-01  0.2990173E+01 -0.7176230E+00
 0.2296694E+01
 0.2775000E+01 -0.1717004E+00  0.2577747E+01  0.3374156E+00  0.3896672E+01  0.3600250E+00 -0.3809507E+00  0.6838009E-02  0.3705773E+01 -0.4953963E+00  0.3211103E+01  0.3347712E+00  0.8161868E+00  0.1167395E+00  0.2611545E+01 -0.6347770E-01  0.1804349E+01 -0.9727449E-01  0.3049466E+01 -0.7144446E+00
 0.2349789E+01
 0.2800000E+01 -0.1708210E+00  0.2634081E+01  0.3395780E+00  0.3961193E+01  0.3562640E+00 -0.3975374E+00  0.6533891E-02  0.3769326E+01 -0.5013102E+00  0.3270830E+01  0.3323883E+00  0.8563224E+00  0.1156122E+00  0.2668152E+01 -0.6330382E-01  0.1856161E+01 -0.9740868E-01  0.3108761E+01 -0.7119550E+00
 0.2402885E+01
 0.2825000E+01 -0.1701914E+00  0.2690423E+01  0.3412738E+00  0.4025703E+01  0.3531718E+00 -0.4151291E+00  0.6279171E-02  0.3832879E+01 -0.5077854E+00  0.3330556E+01  0.3297643E+00  0.8971676E+00  0.1145795E+00  0.2724765E+01 -0.6315596E-01  0.1908040E+01 -0.9770413E-01  0.3168059E+01 -0.7103961E+00
 0.2455986E+01
 0.2850000E+01 -0.1698820E+00  0.2746774E+01  0.3423127E+00  0.4090203E+01  0.3506831E+00 -0.4337379E+00  0.6055038E-02  0.3896432E+01 -0.5150305E+00  0.3390286E+01  0.3268983E+00  0.9386737E+00  0.1136890E+00  0.2781384E+01 -0.6301365E-01  0.1959977E+01 -0.9822424E-01  0.3227360E+01 -0.7100712E+00
 0.2509095E+01
 0.2875000E+01 -0.1699617E+00  0.2803131E+01  0.3424986E+00  0.4154699E+01  0.3487135E+00 -0.4533741E+00  0.5829419E-02  0.3959985E+01 -0.5231006E+00  0.3450019E+01  0.3238127E+00  0.9807925E+00  0.1129923E+00  0.2838007E+01 -0.6285892E-01  0.2011964E+01 -0.9900399E-01  0.3286663E+01 -0.7112918E+00
 0.2562210E+01
 0.2900000E+01 -0.1704791E+00  0.2859492E+01  0.3416807E+00  0.4219194E+01  0.3471646E+00 -0.4740457E+00  0.5578673E-02  0.4023538E+01 -0.5316691E+00  0.3509750E+01  0.3205566E+00  0.1023476E+01  0.1125432E+00  0.2894635E+01 -0.6268033E-01  0.2063996E+01 -0.1000365E+00  0.3345967E+01 -0.7143211E+00
 0.2615326E+01
 0.2925000E+01 -0.1714597E+00  0.2915858E+01  0.3397546E+00  0.4283692E+01  0.3459290E+00 -0.4957579E+00  0.5295627E-02  0.4087091E+01 -0.5399402E+00  0.3569475E+01  0.3171873E+00  0.1066679E+01  0.1123908E+00  0.2951267E+01 -0.6247344E-01  0.2116066E+01 -0.1012817E+00  0.3405272E+01 -0.7193469E+00
 0.2668436E+01
 0.2950000E+01 -0.1729213E+00  0.2972224E+01  0.3366370E+00  0.4348193E+01  0.3448956E+00 -0.5185124E+00  0.4985575E-02  0.4150645E+01 -0.5470417E+00  0.3629193E+01  0.3137346E+00  0.1110355E+01  0.1125658E+00  0.3007904E+01 -0.6224283E-01  0.2168170E+01 -0.1026862E+00  0.3464577E+01 -0.7264932E+00
 0.2721537E+01
 0.2975000E+01 -0.1748759E+00  0.3028593E+01  0.3322619E+00  0.4412696E+01  0.3439542E+00 -0.5423073E+00  0.4655543E-02  0.4214199E+01 -0.5523960E+00  0.3688906E+01  0.3101919E+00  0.1154461E+01  0.1130692E+00  0.3064544E+01 -0.6200931E-01  0.2220302E+01 -0.1041432E+00  0.3523881E+01 -0.7357999E+00
 0.2774630E+01
 0.3000000E+01 -0.1773073E+00  0.3084963E+01  0.3266001E+00  0.4477199E+01  0.3429991E+00 -0.5671364E+00  0.4308919E-02  0.4277753E+01 -0.5557177E+00  0.3748616E+01  0.3065365E+00  0.1198957E+01  0.1138696E+00  0.3121187E+01 -0.6181594E-01  0.2272460E+01 -0.1054618E+00  0.3583187E+01 -0.7471582E+00
 0.2827716E+01
 0.3025000E+01 -0.1801579E+00  0.3141335E+01  0.3196730E+00  0.4541701E+01  0.3419319E+00 -0.5929896E+00  0.3947166E-02  0.4341307E+01 -0.5568998E+00  0.3808325E+01  0.3027505E+00  0.1243805E+01  0.1149088E+00  0.3177833E+01 -0.6170816E-01  0.2324640E+01 -0.1064739E+00  0.3642492E+01 -0.7602846E+00
 0.2880797E+01
 0.3050000E+01 -0.1833338E+00  0.3197709E+01  0.3115666E+00  0.4606203E+01  0.3406633E+00 -0.6198519E+00  0.3570790E-02  0.4404861E+01 -0.5559360E+00  0.3868032E+01  0.2988295E+00  0.1288969E+01  0.1161105E+00  0.3234480E+01 -0.6170196E-01  0.2376839E+01 -0.1070999E+00  0.3701799E+01 -0.7747558E+00
 0.2933874E+01
 0.3075000E+01 -0.1867129E+00  0.3254084E+01  0.3024689E+00  0.4670704E+01  0.3391143E+00 -0.6477044E+00  0.3178862E-02  0.4468415E+01 -0.5528867E+00  0.3927739E+01  0.2947873E+00  0.1334418E+01  0.1173940E+00  0.3291128E+01 -0.6179010E-01  0.2429055E+01 -0.1073221E+00  0.3761106E+01 -0.7900609E+00
 0.2986946E+01
 0.3100000E+01 -0.1901555E+00  0.3310460E+01  0.2927309E+00  0.4735203E+01  0.3372165E+00 -0.6765237E+00  0.2772589E-02  0.4531969E+01 -0.5478612E+00  0.3987446E+01  0.2906569E+00  0.1380124E+01  0.1186835E+00  0.3347778E+01 -0.6195645E-01  0.2481285E+01 -0.1071538E+00  0.3820413E+01 -0.8056582E+00
 0.3040008E+01
 0.3125000E+01 -0.1935170E+00  0.3366835E+01  0.2828082E+00  0.4799702E+01  0.3349126E+00 -0.7062825E+00  0.2359088E-02  0.4595523E+01 -0.5410139E+00  0.4047152E+01  0.2864870E+00  0.1426060E+01  0.1199035E+00  0.3404430E+01 -0.6217001E-01  0.2533526E+01 -0.1066247E+00  0.3879721E+01 -0.8210049E+00
 0.3093060E+01
 0.3150000E+01 -0.1966574E+00  0.3423210E+01  0.2729167E+00  0.4864200E+01  0.3321559E+00 -0.7369499E+00  0.1950324E-02  0.4659078E+01 -0.5325421E+00  0.4106857E+01  0.2823396E+00  0.1472203E+01  0.1209733E+00  0.3461083E+01 -0.6238318E-01  0.2585779E+01 -0.1057750E+00  0.3939029E+01 -0.8355813E+00
 0.3146101E+01
 0.3175000E+01 -0.1994623E+00  0.3479585E+01  0.2629402E+00  0.4928698E+01  0.3289103E+00 -0.7684917E+00  0.1557836E-02  0.4722632E+01 -0.5226587E+00  0.4166558E+01  0.2782859E+00  0.1518528E+01  0.1218173E+00  0.3517738E+01 -0.6254621E-01  0.2638040E+01 -0.1046451E+00  0.3998337E+01 -0.8489365E+00
 0.3199131E+01
 0.3200000E+01 -0.2018704E+00  0.3535960E+01  0.2526826E+00  0.4993196E+01  0.3251495E+00 -0.8008709E+00  0.1181058E-02  0.4786186E+01 -0.5115690E+00  0.4226255E+01  0.2744060E+00  0.1565015E+01  0.1223980E+00  0.3574393E+01 -0.6262119E-01  0.2690310E+01 -0.1032712E+00  0.4057644E+01 -0.8607154E+00
 0.3252154E+01
 0.3225000E+01 -0.2038935E+00  0.3592335E+01  0.2419942E+00  0.5057694E+01  0.3208568E+00 -0.8340484E+00  0.8119312E-03  0.4849741E+01 -0.4994734E+00  0.4285949E+01  0.2707896E+00  0.1611645E+01  0.1227329E+00  0.3631050E+01 -0.6258441E-01  0.2742586E+01 -0.1016899E+00  0.4116952E+01 -0.8706582E+00
 0.3305168E+01
 0.3250000E+01 -0.2055976E+00  0.3648709E+01  0.2307743E+00  0.5122192E+01  0.3160243E+00 -0.8679833E+00  0.4497852E-03  0.4913295E+01 -0.4865659E+00  0.4345640E+01  0.2675302E+00  0.1658400E+01  0.1228629E+00  0.3687707E+01 -0.6242133E-01  0.2794868E+01 -0.9993893E-01  0.4176258E+01 -0.8786040E+00
 0.3358175E+01
 0.3275000E+01 -0.2070609E+00  0.3705082E+01  0.2189634E+00  0.5186690E+01  0.3106528E+00 -0.9026335E+00  0.9828831E-04  0.4976849E+01 -0.4730305E+00  0.4405327E+01  0.2647151E+00  0.1705266E+01  0.1228316E+00  0.3744366E+01 -0.6212314E-01  0.2847156E+01 -0.9805458E-01  0.4235565E+01 -0.8845072E+00
 0.3411173E+01
 0.3300000E+01 -0.2083471E+00  0.3761455E+01  0.2065490E+00  0.5251188E+01  0.3047504E+00 -0.9379566E+00 -0.2288019E-03  0.5040404E+01 -0.4590453E+00  0.4465013E+01  0.2624168E+00  0.1752227E+01  0.1226863E+00  0.3801025E+01 -0.6168618E-01  0.2899448E+01 -0.9607696E-01  0.4294871E+01 -0.8884860E+00
 0.3464162E+01
 0.3325000E+01 -0.2094962E+00  0.3817829E+01  0.1935559E+00  0.5315685E+01  0.2983326E+00 -0.9739099E+00 -0.5138469E-03  0.5103958E+01 -0.4447712E+00  0.4524701E+01  0.2606874E+00  0.1799274E+01  0.1224734E+00  0.3857683E+01 -0.6111339E-01  0.2951744E+01 -0.9405173E-01  0.4354178E+01 -0.8908982E+00
 0.3517146E+01
 0.3350000E+01 -0.2105322E+00  0.3874205E+01  0.1800206E+00  0.5380182E+01  0.2914212E+00 -0.1010451E+01 -0.7527561E-03  0.5167513E+01 -0.4303110E+00  0.4584392E+01  0.2595558E+00  0.1846397E+01  0.1222249E+00  0.3914341E+01 -0.6041659E-01  0.3004043E+01 -0.9201249E-01  0.4413485E+01 -0.8922795E+00
 0.3570129E+01
 0.3375000E+01 -0.2114649E+00  0.3930583E+01  0.1659837E+00  0.5444679E+01  0.2840438E+00 -0.1047539E+01 -0.9550075E-03  0.5231067E+01 -0.4156740E+00  0.4644087E+01  0.2590308E+00  0.1893588E+01  0.1219532E+00  0.3970997E+01 -0.5961761E-01  0.3056346E+01 -0.8996519E-01  0.4472794E+01 -0.8930591E+00
 0.3623115E+01
 0.3400000E+01 -0.2122813E+00  0.3986963E+01  0.1514982E+00  0.5509176E+01  0.2762330E+00 -0.1085132E+01 -0.1134271E-02  0.5294622E+01 -0.4007580E+00  0.4703785E+01  0.2591036E+00  0.1940839E+01  0.1216554E+00  0.4027653E+01 -0.5874895E-01  0.3108651E+01 -0.8788922E-01  0.4532104E+01 -0.8933863E+00
 0.3676101E+01
 0.3425000E+01 -0.2129443E+00  0.4043344E+01  0.1366307E+00  0.5573673E+01  0.2680258E+00 -0.1123194E+01 -0.1303907E-02  0.5358176E+01 -0.3853655E+00  0.4763483E+01  0.2597444E+00  0.1988143E+01  0.1213189E+00  0.4084308E+01 -0.5785395E-01  0.3160959E+01 -0.8574282E-01  0.4591414E+01 -0.8931930E+00
 0.3729084E+01
 0.3450000E+01 -0.2134061E+00  0.4099724E+01  0.1214576E+00  0.5638171E+01  0.2594628E+00 -0.1161685E+01 -0.1471318E-02  0.5421731E+01 -0.3693354E+00  0.4823179E+01  0.2609022E+00  0.2035495E+01  0.1209271E+00  0.4140963E+01 -0.5698467E-01  0.3213270E+01 -0.8348176E-01  0.4650723E+01 -0.8923218E+00
 0.3782062E+01
 0.3475000E+01 -0.2136243E+00  0.4156104E+01  0.1060596E+00  0.5702670E+01  0.2505876E+00 -0.1200571E+01 -0.1634005E-02  0.5485285E+01 -0.3526695E+00  0.4882873E+01  0.2625193E+00  0.2082890E+01  0.1204627E+00  0.4197619E+01 -0.5620047E-01  0.3265583E+01 -0.8108564E-01  0.4710033E+01 -0.8906099E+00
 0.3835032E+01
 0.3500000E+01 -0.2135693E+00  0.4212483E+01  0.9051435E-01  0.5767169E+01  0.2414459E+00 -0.1239819E+01 -0.1783277E-02  0.5548840E+01 -0.3354762E+00  0.4942565E+01  0.2645532E+00  0.2130324E+01  0.1199069E+00  0.4254275E+01 -0.5556559E-01  0.3317899E+01 -0.7856357E-01  0.4769342E+01 -0.8879237E+00
 0.3887997E+01
 0.3525000E+01 -0.2132279E+00  0.4268863E+01  0.7488932E-01  0.5831669E+01  0.2320855E+00 -0.1279397E+01 -0.1909784E-02  0.5612394E+01 -0.3178896E+00  0.5002256E+01  0.2669895E+00  0.2177795E+01  0.1192436E+00  0.4310931E+01 -0.5513971E-01  0.3370217E+01 -0.7594180E-01  0.4828652E+01 -0.8841853E+00
 0.3940958E+01
 0.3550000E+01 -0.2126055E+00  0.4325243E+01  0.5923836E-01  0.5896169E+01  0.2225554E+00 -0.1319277E+01 -0.2006220E-02  0.5675948E+01 -0.3000396E+00  0.5061946E+01  0.2698695E+00  0.2225298E+01  0.1184655E+00  0.4367587E+01 -0.5496087E-01  0.3422537E+01 -0.7324931E-01  0.4887961E+01 -0.8793919E+00
 0.3993917E+01
 0.3575000E+01 -0.2117225E+00  0.4381623E+01  0.4360118E-01  0.5960669E+01  0.2129055E+00 -0.1359430E+01 -0.2067482E-02  0.5739503E+01 -0.2820429E+00  0.5121634E+01  0.2733287E+00  0.2272825E+01  0.1175746E+00  0.4424242E+01 -0.5502288E-01  0.3474860E+01 -0.7051172E-01  0.4947270E+01 -0.8736077E+00
 0.4046874E+01
 0.3600000E+01 -0.2106116E+00  0.4438004E+01  0.2800274E-01  0.6025169E+01  0.2031858E+00 -0.1399832E+01 -0.2090893E-02  0.5803057E+01 -0.2639986E+00  0.5181322E+01  0.2775536E+00  0.2320369E+01  0.1165837E+00  0.4480897E+01 -0.5525734E-01  0.3527186E+01 -0.6775172E-01  0.5006578E+01 -0.8669557E+00
 0.4099830E+01
 0.3625000E+01 -0.2093143E+00  0.4494385E+01  0.1245368E-01  0.6089670E+01  0.1939374E+00 -0.1440462E+01 -0.2076637E-02  0.5866612E+01 -0.2459836E+00  0.5241008E+01  0.2826352E+00  0.2367924E+01  0.1155196E+00  0.4537552E+01 -0.5556433E-01  0.3579513E+01 -0.6499045E-01  0.5065887E+01 -0.8596156E+00
 0.4152784E+01
 0.3650000E+01 -0.2078771E+00  0.4550766E+01 -0.3046699E-02  0.6154170E+01  0.1850789E+00 -0.1481296E+01 -0.2026644E-02  0.5930166E+01 -0.2280499E+00  0.5300694E+01  0.2884990E+00  0.2415486E+01  0.1144231E+00  0.4594207E+01 -0.5588205E-01  0.3631841E+01 -0.6224539E-01  0.5125195E+01 -0.8518110E+00
 0.4205733E+01
 0.3675000E+01 -0.2063455E+00  0.4607146E+01 -0.1850618E-01  0.6218671E+01  0.1764940E+00 -0.1522312E+01 -0.1943347E-02  0.5993721E+01 -0.2102273E+00  0.5360379E+01  0.2949526E+00  0.2463054E+01  0.1133444E+00  0.4650862E+01 -0.5620376E-01  0.3684169E+01 -0.5952893E-01  0.5184503E+01 -0.8437778E+00
 0.4258676E+01
 0.3700000E+01 -0.2047630E+00  0.4663524E+01 -0.3393639E-01  0.6283171E+01  0.1680760E+00 -0.1563486E+01 -0.1829436E-02  0.6057275E+01 -0.1925261E+00  0.5420063E+01  0.3017353E+00  0.2510626E+01  0.1123400E+00  0.4707519E+01 -0.5655694E-01  0.3736497E+01 -0.5684830E-01  0.5243811E+01 -0.8357584E+00
 0.4311607E+01
 0.3725000E+01 -0.2031865E+00  0.4719899E+01 -0.4934837E-01  0.6347671E+01  0.1597837E+00 -0.1604803E+01 -0.1686911E-02  0.6120830E+01 -0.1749340E+00  0.5479746E+01  0.3085448E+00  0.2558203E+01  0.1114544E+00  0.4764177E+01 -0.5698107E-01  0.3788825E+01 -0.5420227E-01  0.5303119E+01 -0.8280368E+00
 0.4364523E+01
 0.3750000E+01 -0.2016844E+00  0.4776272E+01 -0.6474765E-01  0.6412171E+01  0.1516203E+00 -0.1646246E+01 -0.1516597E-02  0.6184385E+01 -0.1574186E+00  0.5539429E+01  0.3150636E+00  0.2605787E+01  0.1106853E+00  0.4820836E+01 -0.5751007E-01  0.3841152E+01 -0.5158043E-01  0.5362426E+01 -0.8209583E+00
 0.4417421E+01
 0.3775000E+01 -0.2002815E+00  0.4832643E+01 -0.8013180E-01  0.6476671E+01  0.1436072E+00 -0.1687803E+01 -0.1319852E-02  0.6247939E+01 -0.1399400E+00  0.5599111E+01  0.3209898E+00  0.2653378E+01  0.1099901E+00  0.4877496E+01 -0.5816717E-01  0.3893478E+01 -0.4896968E-01  0.5421734E+01 -0.8149079E+00
 0.4470302E+01
 0.3800000E+01 -0.1989361E+00  0.4889013E+01 -0.9548912E-01  0.6541171E+01  0.1357656E+00 -0.1729463E+01 -0.1099245E-02  0.6311494E+01 -0.1224600E+00  0.5658793E+01  0.3260561E+00  0.2700975E+01  0.1093180E+00  0.4934156E+01 -0.5897093E-01  0.3945803E+01 -0.4635768E-01  0.5481041E+01 -0.8102725E+00
 0.4523166E+01
 0.3825000E+01 -0.1975786E+00  0.4945382E+01 -0.1107975E+00  0.6605670E+01  0.1281097E+00 -0.1771214E+01 -0.8577512E-03  0.6375048E+01 -0.1049448E+00  0.5718475E+01  0.3300350E+00  0.2748579E+01  0.1086251E+00  0.4990817E+01 -0.5994047E-01  0.3998127E+01 -0.4373219E-01  0.5540348E+01 -0.8073952E+00
 0.4576012E+01
 0.3850000E+01 -0.1961404E+00  0.5001750E+01 -0.1260258E+00  0.6670170E+01  0.1206470E+00 -0.1813048E+01 -0.5984144E-03  0.6438603E+01 -0.8736953E-01  0.5778156E+01  0.3327390E+00  0.2796190E+01  0.1078753E+00  0.5047478E+01 -0.6109244E-01  0.4050450E+01 -0.4108166E-01  0.5599655E+01 -0.8064821E+00
 0.4628841E+01
 0.3875000E+01 -0.1945615E+00  0.5058119E+01 -0.1411368E+00  0.6734669E+01  0.1133799E+00 -0.1854956E+01 -0.3241378E-03  0.6502157E+01 -0.6972042E-01  0.5837837E+01  0.3340217E+00  0.2843807E+01  0.1070410E+00  0.5104138E+01 -0.6243300E-01  0.4102772E+01 -0.3839593E-01  0.5658962E+01 -0.8074793E+00
 0.4681654E+01
 0.3900000E+01 -0.1927890E+00  0.5114487E+01 -0.1560879E+00  0.6799168E+01  0.1063063E+00 -0.1896931E+01 -0.3774121E-04  0.6565712E+01 -0.5199374E-01  0.5897518E+01  0.3337792E+00  0.2891430E+01  0.1060996E+00  0.5160799E+01 -0.6395613E-01  0.4155094E+01 -0.3566635E-01  0.5718269E+01 -0.8099744E+00
 0.4734453E+01
 0.3925000E+01 -0.1907756E+00  0.5170855E+01 -0.1708310E+00  0.6863667E+01  0.9941907E-01 -0.1938967E+01  0.2576543E-03  0.6629266E+01 -0.3419560E-01  0.5957200E+01  0.3319497E+00  0.2939059E+01  0.1050295E+00  0.5217460E+01 -0.6564827E-01  0.4207414E+01 -0.3288677E-01  0.5777576E+01 -0.8131726E+00
 0.4787245E+01
 0.3950000E+01 -0.1884802E+00  0.5227222E+01 -0.1853125E+00  0.6928166E+01  0.9269551E-01 -0.1981058E+01  0.5582985E-03  0.6692821E+01 -0.1634257E-01  0.6016881E+01  0.3285162E+00  0.2986692E+01  0.1038076E+00  0.5274121E+01 -0.6748957E-01  0.4259734E+01 -0.3005476E-01  0.5836883E+01 -0.8161295E+00
 0.4840031E+01
 0.3975000E+01 -0.1858671E+00  0.5283590E+01 -0.1994738E+00  0.6992665E+01  0.8611503E-01 -0.2023198E+01  0.8600376E-03  0.6756375E+01  0.1539338E-02  0.6076562E+01  0.3235088E+00  0.3034330E+01  0.1024103E+00  0.5330782E+01 -0.6945335E-01  0.4312052E+01 -0.2717085E-01  0.5896190E+01 -0.8181247E+00
 0.4892814E+01
 0.4000000E+01 -0.1829053E+00  0.5339958E+01 -0.2132550E+00  0.7057163E+01  0.7965549E-01 -0.2065383E+01  0.1158814E-02  0.6819930E+01  0.1941675E-01  0.6136243E+01  0.3169995E+00  0.3081971E+01  0.1008179E+00  0.5387443E+01 -0.7151005E-01  0.4364371E+01 -0.2423694E-01  0.5955497E+01 -0.8187375E+00
 0.4945595E+01
 0.4025000E+01 -0.1795710E+00  0.5396325E+01 -0.2265985E+00  0.7121662E+01  0.7329407E-01 -0.2107606E+01  0.1450776E-02  0.6883484E+01  0.3725054E-01  0.6195924E+01  0.3090890E+00  0.3129614E+01  0.9901608E-01  0.5444104E+01 -0.7363006E-01  0.4416688E+01 -0.2125628E-01  0.6014804E+01 -0.8177349E+00
 0.4998374E+01
 0.4050000E+01 -0.1758491E+00  0.5452693E+01 -0.2394526E+00  0.7186161E+01  0.6700820E-01 -0.2149864E+01  0.1732213E-02  0.6947039E+01  0.5499769E-01  0.6255605E+01  0.2998973E+00  0.3177259E+01  0.9699637E-01  0.5500765E+01 -0.7578530E-01  0.4469005E+01 -0.1823372E-01  0.6074111E+01 -0.8149843E+00
 0.5051152E+01
 0.4075000E+01 -0.1717326E+00  0.5509061E+01 -0.2517723E+00  0.7250660E+01  0.6077649E-01 -0.2192153E+01  0.1999567E-02  0.7010594E+01  0.7261338E-01  0.6315286E+01  0.2895608E+00  0.3224906E+01  0.9475503E-01  0.5557426E+01 -0.7795363E-01  0.4521322E+01 -0.1517532E-01  0.6133418E+01 -0.8104097E+00
 0.5103930E+01
 0.4100000E+01 -0.1672206E+00  0.5565429E+01 -0.2635186E+00  0.7315159E+01  0.5457973E-01 -0.2234470E+01  0.2249410E-02  0.7074148E+01  0.9005212E-01  0.6374967E+01  0.2782339E+00  0.3272554E+01  0.9229183E-01  0.5614087E+01 -0.8012147E-01  0.4573638E+01 -0.1208815E-01  0.6192725E+01 -0.8039700E+00
 0.5156707E+01
 0.4125000E+01 -0.1623185E+00  0.5621797E+01 -0.2746586E+00  0.7379659E+01  0.4840143E-01 -0.2276811E+01  0.2478422E-02  0.7137703E+01  0.1072688E+00  0.6434648E+01  0.2660898E+00  0.3320201E+01  0.8960896E-01  0.5670747E+01 -0.8227945E-01  0.4625955E+01 -0.8980384E-02  0.6252032E+01 -0.7956524E+00
 0.5209483E+01
 0.4150000E+01 -0.1570378E+00  0.5678165E+01 -0.2851679E+00  0.7444159E+01  0.4222788E-01 -0.2319175E+01  0.2683416E-02  0.7201257E+01  0.1242206E+00  0.6494329E+01  0.2533156E+00  0.3367848E+01  0.8671150E-01  0.5727408E+01 -0.8441880E-01  0.4678271E+01 -0.5860796E-02  0.6311339E+01 -0.7854711E+00
 0.5262259E+01
 0.4175000E+01 -0.1513934E+00  0.5734533E+01 -0.2950311E+00  0.7508659E+01  0.3604786E-01 -0.2361558E+01  0.2861421E-02  0.7264812E+01  0.1408691E+00  0.6554010E+01  0.2401009E+00  0.3415495E+01  0.8360882E-01  0.5784069E+01 -0.8653444E-01  0.4730587E+01 -0.2737516E-02  0.6370646E+01 -0.7734652E+00
 0.5315035E+01
 0.4200000E+01 -0.1454045E+00  0.5790901E+01 -0.3042430E+00  0.7573159E+01  0.2985239E-01 -0.2403958E+01  0.3009730E-02  0.7328366E+01  0.1571820E+00  0.6613691E+01  0.2266287E+00  0.3463140E+01  0.8031393E-01  0.5840729E+01 -0.8861128E-01  0.4782903E+01  0.3820190E-03  0.6429953E+01 -0.7596976E+00
 0.5367811E+01
 0.4225000E+01 -0.1390950E+00  0.5847270E+01 -0.3128099E+00  0.7637660E+01  0.2363453E-01 -0.2446374E+01  0.3125884E-02  0.7391921E+01  0.1731337E+00  0.6673371E+01  0.2130932E+00  0.3510785E+01  0.7684169E-01  0.5897389E+01 -0.9060476E-01  0.4835219E+01  0.3490339E-02  0.6489260E+01 -0.7442576E+00
 0.5420588E+01
 0.4250000E+01 -0.1324943E+00  0.5903639E+01 -0.3207509E+00  0.7702161E+01  0.1738898E-01 -0.2488804E+01  0.3207673E-02  0.7455475E+01  0.1887074E+00  0.6733051E+01  0.1997324E+00  0.3558428E+01  0.7320843E-01  0.5954049E+01 -0.9246428E-01  0.4887535E+01  0.6580098E-02  0.6548567E+01 -0.7272612E+00
 0.5473365E+01
 0.4275000E+01 -0.1256361E+00  0.5960008E+01 -0.3280984E+00  0.7766664E+01  0.1110162E-01 -0.2531247E+01  0.3253179E-02  0.7519030E+01  0.2038963E+00  0.6792730E+01  0.1868063E+00  0.3606071E+01  0.6943182E-01  0.6010709E+01 -0.9416118E-01  0.4939852E+01  0.9644546E-02  0.6607874E+01 -0.7088493E+00
 0.5526143E+01
 0.4300000E+01 -0.1185572E+00  0.6016377E+01 -0.3348971E+00  0.7831166E+01  0.4768892E-02 -0.2573700E+01  0.3260861E-02  0.7582584E+01  0.2187040E+00  0.6852409E+01  0.1745474E+00  0.3653715E+01  0.6552916E-01  0.6067369E+01 -0.9569079E-01  0.4992168E+01  0.1267735E-01  0.6667181E+01 -0.6891813E+00
 0.5578922E+01
 0.4325000E+01 -0.1112967E+00  0.6072747E+01 -0.3412009E+00  0.7895670E+01 -0.1610061E-02 -0.2616163E+01  0.3229563E-02  0.7646139E+01  0.2331439E+00  0.6912088E+01  0.1631491E+00  0.3701359E+01  0.6151648E-01  0.6124029E+01 -0.9706468E-01  0.5044485E+01  0.1567276E-01  0.6726488E+01 -0.6684283E+00
 0.5631701E+01
 0.4350000E+01 -0.1038925E+00  0.6129117E+01 -0.3470714E+00  0.7960174E+01 -0.8033692E-02 -0.2658635E+01  0.3158421E-02  0.7709694E+01  0.2472384E+00  0.6971766E+01  0.1527734E+00  0.3749005E+01  0.5740923E-01  0.6180688E+01 -0.9830202E-01  0.5096801E+01  0.1862646E-01  0.6785795E+01 -0.6467642E+00
 0.5684481E+01
 0.4375000E+01 -0.9637874E-01  0.6185487E+01 -0.3525761E+00  0.8024678E+01 -0.1449855E-01 -0.2701115E+01  0.3046709E-02  0.7773248E+01  0.2610194E+00  0.7031444E+01  0.1435496E+00  0.3796654E+01  0.5322347E-01  0.6237348E+01 -0.9942264E-01  0.5149118E+01  0.2153669E-01  0.6845102E+01 -0.6243582E+00
 0.5737262E+01
 0.4400000E+01 -0.8878397E-01  0.6241857E+01 -0.3577843E+00  0.8089183E+01 -0.2099971E-01 -0.2743601E+01  0.2893851E-02  0.7836803E+01  0.2745248E+00  0.7091122E+01  0.1355660E+00  0.3844304E+01  0.4897547E-01  0.6294007E+01 -0.1004441E+00  0.5201435E+01  0.2440417E-01  0.6904409E+01 -0.6013658E+00
 0.5790044E+01
 0.4425000E+01 -0.8113177E-01  0.6298227E+01 -0.3627602E+00  0.8153689E+01 -0.2748257E-01 -0.2786091E+01  0.2699684E-02  0.7900357E+01  0.2877939E+00  0.7150799E+01  0.1288586E+00  0.3891954E+01  0.4467911E-01  0.6350666E+01 -0.1013827E+00  0.5253753E+01  0.2723080E-01  0.6963716E+01 -0.5779219E+00
 0.5842826E+01
 0.4450000E+01 -0.7344095E-01  0.6354597E+01 -0.3675558E+00  0.8218195E+01 -0.3390945E-01 -0.2828585E+01  0.2464682E-02  0.7963912E+01  0.3008603E+00  0.7210475E+01  0.1234170E+00  0.3939605E+01  0.4034395E-01  0.6407326E+01 -0.1022540E+00  0.5306070E+01  0.3001819E-01  0.7023023E+01 -0.5541331E+00
 0.5895608E+01
 0.4475000E+01 -0.6572447E-01  0.6410968E+01 -0.3722013E+00  0.8282702E+01 -0.4028027E-01 -0.2871086E+01  0.2189953E-02  0.8027466E+01  0.3137437E+00  0.7270151E+01  0.1192129E+00  0.3987255E+01  0.3597494E-01  0.6463985E+01 -0.1030697E+00  0.5358388E+01  0.3276689E-01  0.7082329E+01 -0.5300670E+00
 0.5948392E+01
 0.4500000E+01 -0.5798832E-01  0.6467338E+01 -0.3766963E+00  0.8347210E+01 -0.4661686E-01 -0.2913595E+01  0.1877143E-02  0.8091021E+01  0.3264408E+00  0.7329826E+01  0.1162317E+00  0.4034905E+01  0.3157347E-01  0.6520644E+01 -0.1038336E+00  0.5410705E+01  0.3547562E-01  0.7141636E+01 -0.5057434E+00
 0.6001176E+01
 0.4525000E+01 -0.5023237E-01  0.6523709E+01 -0.3810051E+00  0.8411718E+01 -0.5293958E-01 -0.2956113E+01  0.1528403E-02  0.8154575E+01  0.3389194E+00  0.7389501E+01  0.1144884E+00  0.4082554E+01  0.2713854E-01  0.6577303E+01 -0.1045394E+00  0.5463023E+01  0.3814059E-01  0.7200943E+01 -0.4811341E+00
 0.6053961E+01
 0.4550000E+01 -0.4245294E-01  0.6580080E+01 -0.3850602E+00  0.8476226E+01 -0.5925505E-01 -0.2998641E+01  0.1146344E-02  0.8218130E+01  0.3511182E+00  0.7449176E+01  0.1140160E+00  0.4130202E+01  0.2266844E-01  0.6633962E+01 -0.1051710E+00  0.5515341E+01  0.4075510E-01  0.7260249E+01 -0.4561755E+00
 0.6106745E+01
 0.4575000E+01 -0.3464561E-01  0.6636451E+01 -0.3887691E+00  0.8540735E+01 -0.6555568E-01 -0.3041177E+01  0.7339818E-03  0.8281685E+01  0.3629515E+00  0.7508850E+01  0.1148354E+00  0.4177849E+01  0.1816231E-01  0.6690621E+01 -0.1057051E+00  0.5567659E+01  0.4330979E-01  0.7319556E+01 -0.4307840E+00
 0.6159530E+01
 0.4600000E+01 -0.2680752E-01  0.6692821E+01 -0.3920203E+00  0.8605244E+01 -0.7182836E-01 -0.3083720E+01  0.2947818E-03  0.8345239E+01  0.3743126E+00  0.7568524E+01  0.1169475E+00  0.4225494E+01  0.1362085E-01  0.6747280E+01 -0.1061130E+00  0.5619977E+01  0.4579253E-01  0.7378863E+01 -0.4048677E+00
 0.6212316E+01
 0.4625000E+01 -0.1893910E-01  0.6749192E+01 -0.3946844E+00  0.8669753E+01 -0.7806049E-01 -0.3126269E+01 -0.1672483E-03  0.8408794E+01  0.3850737E+00  0.7628198E+01  0.1203719E+00  0.4273137E+01  0.9046589E-02  0.6803939E+01 -0.1063618E+00  0.5672295E+01  0.4818811E-01  0.7438169E+01 -0.3783328E+00
 0.6265101E+01
 0.4650000E+01 -0.1104530E-01  0.6805563E+01 -0.3966183E+00  0.8734263E+01 -0.8424000E-01 -0.3168823E+01 -0.6476119E-03  0.8472348E+01  0.3950889E+00  0.7687871E+01  0.1251862E+00  0.4320777E+01  0.4444424E-02  0.6860598E+01 -0.1064158E+00  0.5724614E+01  0.5047834E-01  0.7497476E+01 -0.3510911E+00
 0.6317887E+01
 0.4675000E+01 -0.3136073E-02  0.6861934E+01 -0.3976744E+00  0.8798772E+01 -0.9035506E-01 -0.3211381E+01 -0.1141589E-02  0.8535903E+01  0.4042021E+00  0.7747544E+01  0.1315164E+00  0.4368414E+01 -0.1773179E-03  0.6917257E+01 -0.1062378E+00  0.5776932E+01  0.5264321E-01  0.7556782E+01 -0.3230696E+00
 0.6370673E+01
 0.4700000E+01  0.4773850E-02  0.6918305E+01 -0.3977108E+00  0.8863282E+01 -0.9641650E-01 -0.3253942E+01 -0.1644554E-02  0.8599458E+01  0.4122568E+00  0.7807218E+01  0.1394896E+00  0.4416046E+01 -0.4806177E-02  0.6973916E+01 -0.1057904E+00  0.5829250E+01  0.5466221E-01  0.7616089E+01 -0.2942185E+00
 0.6423458E+01
 0.4725000E+01  0.1266557E-01  0.6974676E+01 -0.3965962E+00  0.8927792E+01 -0.1024177E+00 -0.3296505E+01 -0.2152169E-02  0.8663012E+01  0.4191015E+00  0.7866891E+01  0.1491913E+00  0.4463673E+01 -0.9425488E-02  0.7030575E+01 -0.1050369E+00  0.5881568E+01  0.5651531E-01  0.7675395E+01 -0.2645139E+00
 0.6476244E+01
 0.4750000E+01  0.2051596E-01  0.7031046E+01 -0.3942127E+00  0.8992302E+01 -0.1083528E+00 -0.3339069E+01 -0.2660206E-02  0.8726567E+01  0.4245929E+00  0.7926563E+01  0.1606840E+00  0.4511291E+01 -0.1401532E-01  0.7087234E+01 -0.1039432E+00  0.5933887E+01  0.5818310E-01  0.7734702E+01 -0.2339584E+00
 0.6529030E+01
 0.4775000E+01  0.2829688E-01  0.7087417E+01 -0.3904566E+00  0.9056812E+01 -0.1142170E+00 -0.3381635E+01 -0.3164058E-02  0.8790121E+01  0.4285981E+00  0.7986236E+01  0.1741064E+00  0.4558897E+01 -0.1855423E-01  0.7143893E+01 -0.1024805E+00  0.5986205E+01  0.5964665E-01  0.7794008E+01 -0.2025820E+00
 0.6581816E+01
 0.4800000E+01  0.3597532E-01  0.7143788E+01 -0.3852418E+00  0.9121322E+01 -0.1200061E+00 -0.3424203E+01 -0.3658503E-02  0.8853676E+01  0.4309993E+00  0.8045909E+01  0.1897489E+00  0.4606490E+01 -0.2302058E-01  0.7200552E+01 -0.1006285E+00  0.6038523E+01  0.6088791E-01  0.7853314E+01 -0.1704437E+00
 0.6634602E+01
 0.4825000E+01  0.4351510E-01  0.7200159E+01 -0.3785049E+00  0.9185833E+01 -0.1257171E+00 -0.3466772E+01 -0.4138004E-02  0.8917231E+01  0.4317001E+00  0.8105581E+01  0.2079655E+00  0.4654071E+01 -0.2739285E-01  0.7257211E+01 -0.9837529E-01  0.6090842E+01  0.6189087E-01  0.7912621E+01 -0.1376290E+00
 0.6687388E+01
 0.4850000E+01  0.5087914E-01  0.7256530E+01 -0.3702076E+00  0.9250343E+01 -0.1313485E+00 -0.3509343E+01 -0.4597175E-02  0.8980785E+01  0.4306288E+00  0.8165253E+01  0.2289387E+00  0.4701644E+01 -0.3164944E-01  0.7313870E+01 -0.9571574E-01  0.6143160E+01  0.6264251E-01  0.7971927E+01 -0.1042462E+00
 0.6740174E+01
 0.4875000E+01  0.5803081E-01  0.7312900E+01 -0.3603352E+00  0.9314853E+01 -0.1369004E+00 -0.3551915E+01 -0.5030957E-02  0.9044340E+01  0.4277378E+00  0.8224926E+01  0.2524013E+00  0.4749213E+01 -0.3576891E-01  0.7370529E+01 -0.9265067E-01  0.6195478E+01  0.6313303E-01  0.8031234E+01 -0.7042016E-01
 0.6792960E+01
 0.4900000E+01  0.6493489E-01  0.7369271E+01 -0.3488962E+00  0.9379364E+01 -0.1423754E+00 -0.3594489E+01 -0.5434609E-02  0.9107894E+01  0.4230043E+00  0.8284598E+01  0.2774350E+00  0.4796782E+01 -0.3973069E-01  0.7427188E+01 -0.8918669E-01  0.6247797E+01  0.6335601E-01  0.8090540E+01 -0.3628879E-01
 0.6845746E+01
 0.4925000E+01  0.7155883E-01  0.7425642E+01 -0.3359225E+00  0.9443874E+01 -0.1477786E+00 -0.3637065E+01 -0.5803734E-02  0.9171449E+01  0.4164323E+00  0.8344271E+01  0.3027593E+00  0.4844355E+01 -0.4351592E-01  0.7483847E+01 -0.8533650E-01  0.6300115E+01  0.6330885E-01  0.8149847E+01 -0.1998583E-02
 0.6898532E+01
 0.4950000E+01  0.7787413E-01  0.7482013E+01 -0.3214700E+00  0.9508383E+01 -0.1531963E+00 -0.3679641E+01 -0.6134296E-02  0.9235003E+01  0.4080544E+00  0.8403944E+01  0.3273808E+00  0.4891930E+01 -0.4710834E-01  0.7540506E+01 -0.8111906E-01  0.6352433E+01  0.6299312E-01  0.8209153E+01  0.3230017E-01
 0.6951318E+01
 0.4975000E+01  0.8385749E-01  0.7538384E+01 -0.3056163E+00  0.9572893E+01 -0.1586319E+00 -0.3722218E+01 -0.6422738E-02  0.9298558E+01  0.3979304E+00  0.8463617E+01  0.3507904E+00  0.4939506E+01 -0.5049473E-01  0.7597165E+01 -0.7655856E-01  0.6404751E+01  0.6241462E-01  0.8268460E+01  0.6645921E-01
 0.7004104E+01
 0.5000000E+01  0.8949183E-01  0.7594755E+01 -0.2884569E+00  0.9637402E+01 -0.1640901E+00 -0.3764796E+01 -0.6666206E-02  0.9362113E+01  0.3861441E+00  0.8523291E+01  0.3727751E+00  0.4987084E+01 -0.5366497E-01  0.7653824E+01 -0.7168273E-01  0.6457069E+01  0.6158314E-01  0.8327766E+01  0.1003381E+00
 0.7056890E+01
