 0.1500000E-01 -0.3870514E-01  0.2408076E+00
 0.1520000E-01 -0.1732793E+00  0.2070039E+00
 0.1540000E-01 -0.2693964E+00  0.1208498E+00
 0.1560000E-01 -0.3339963E+00  0.1737483E-01
 0.1580000E-01 -0.3934550E+00 -0.1127658E+00
 0.1600000E-01 -0.4326657E+00 -0.3184339E+00
 0.1620000E-01 -0.3652158E+00 -0.6245381E+00
 0.1640000E-01 -0.7603598E-01 -0.9621759E+00
 0.1660000E-01  0.4849981E+00 -0.1159569E+01
 0.1680000E-01  0.1229076E+01 -0.1015321E+01
 0.1700000E-01  0.1933725E+01 -0.4076849E+00
 0.1720000E-01  0.2323724E+01  0.6351472E+00
 0.1740000E-01  0.2165820E+01  0.1940946E+01
 0.1760000E-01  0.1317828E+01  0.3243844E+01
 0.1780000E-01 -0.2652817E+00  0.4216059E+01
 0.1800000E-01 -0.2506322E+01  0.4460958E+01
 0.1820000E-01 -0.5112710E+01  0.3529048E+01
 0.1840000E-01 -0.7458078E+01  0.1052858E+01
 0.1860000E-01 -0.8577814E+01 -0.2975243E+01
 0.1880000E-01 -0.7415434E+01 -0.7905018E+01
 0.1900000E-01 -0.3316859E+01 -0.1234048E+02
 0.1920000E-01  0.3433337E+01 -0.1444933E+02
 0.1940000E-01  0.1135816E+02 -0.1265012E+02
 0.1960000E-01  0.1806214E+02 -0.6402799E+01
 0.1980000E-01  0.2101747E+02  0.3302042E+01
 0.2000000E-01  0.1855271E+02  0.1405867E+02
 0.2020000E-01  0.1059222E+02  0.2277910E+02
 0.2040000E-01 -0.1201418E+01  0.2674383E+02
 0.2060000E-01 -0.1394077E+02  0.2452057E+02
 0.2080000E-01 -0.2443885E+02  0.1638820E+02
 0.2100000E-01 -0.3015231E+02  0.4159071E+01
 0.2120000E-01 -0.2980675E+02 -0.9444123E+01
 0.2140000E-01 -0.2356444E+02 -0.2156348E+02
 0.2160000E-01 -0.1279614E+02 -0.2986549E+02
 0.2180000E-01  0.3716000E+00 -0.3294227E+02
 0.2200000E-01  0.1356152E+02 -0.3044004E+02
 0.2220000E-01  0.2458824E+02 -0.2297328E+02
 0.2240000E-01  0.3178367E+02 -0.1189972E+02
 0.2260000E-01  0.3418643E+02  0.9766010E+00
 0.2280000E-01  0.3159801E+02  0.1371652E+02
 0.2300000E-01  0.2452649E+02  0.2452343E+02
 0.2320000E-01  0.1405329E+02  0.3195859E+02
 0.2340000E-01  0.1657938E+01  0.3508866E+02
 0.2360000E-01 -0.1098000E+02  0.3357258E+02
 0.2380000E-01 -0.2219618E+02  0.2768815E+02
 0.2400000E-01 -0.3056326E+02  0.1828360E+02
 0.2420000E-01 -0.3508518E+02  0.6640910E+01
 0.2440000E-01 -0.3531520E+02 -0.5733772E+01
 0.2460000E-01 -0.3136531E+02 -0.1734062E+02
 0.2480000E-01 -0.2382027E+02 -0.2687329E+02
 0.2500000E-01 -0.1360917E+02 -0.3332853E+02
 0.2520000E-01 -0.1888347E+01 -0.3605461E+02
 0.2540000E-01  0.1005181E+02 -0.3478297E+02
 0.2560000E-01  0.2088750E+02 -0.2966759E+02
 0.2580000E-01  0.2940484E+02 -0.2130690E+02
 0.2600000E-01  0.3467592E+02 -0.1069431E+02
 0.2620000E-01  0.3620459E+02  0.9302935E+00
 0.2640000E-01  0.3397111E+02  0.1228965E+02
 0.2660000E-01  0.2835927E+02  0.2225272E+02
 0.2680000E-01  0.2002433E+02  0.2992467E+02
 0.2700000E-01  0.9788772E+01  0.3464928E+02
 0.2720000E-01 -0.1393128E+01  0.3599617E+02
 0.2740000E-01 -0.1244400E+02  0.3380212E+02
 0.2760000E-01 -0.2222868E+02  0.2826106E+02
 0.2780000E-01 -0.2971566E+02  0.1997931E+02
 0.2800000E-01 -0.3417810E+02  0.9907764E+01
 0.2820000E-01 -0.3531741E+02 -0.8522902E+00
 0.2840000E-01 -0.3323208E+02 -0.1126953E+02
 0.2860000E-01 -0.2826970E+02 -0.2050156E+02
 0.2880000E-01 -0.2089113E+02 -0.2786929E+02
 0.2900000E-01 -0.1165571E+02 -0.3277240E+02
 0.2920000E-01 -0.1311847E+01 -0.3468676E+02
 0.2940000E-01  0.9143218E+01 -0.3330695E+02
 0.2960000E-01  0.1856980E+02 -0.2874357E+02
 0.2980000E-01  0.2595562E+02 -0.2159592E+02
 0.3000000E-01  0.3068316E+02 -0.1279240E+02
 0.3020000E-01  0.3259450E+02 -0.3280431E+01
 0.3040000E-01  0.3180247E+02  0.6205113E+01
 0.3060000E-01  0.2842037E+02  0.1510924E+02
 0.3080000E-01  0.2248201E+02  0.2280058E+02
 0.3100000E-01  0.1418402E+02  0.2836321E+02
 0.3120000E-01  0.4286010E+01  0.3073115E+02
 0.3140000E-01 -0.5708550E+01  0.2921029E+02
 0.3160000E-01 -0.1388952E+02  0.2407993E+02
 0.3180000E-01 -0.1873383E+02  0.1679586E+02
 0.3200000E-01 -0.1990387E+02  0.9508927E+01
 0.3220000E-01 -0.1849153E+02  0.4071877E+01
 0.3240000E-01 -0.1645283E+02  0.1109638E+01
 0.3260000E-01 -0.1550958E+02 -0.2416859E+00
 0.3280000E-01 -0.1617970E+02 -0.1722704E+01
 0.3300000E-01 -0.1754320E+02 -0.4830198E+01
 0.3320000E-01 -0.1787825E+02 -0.9888882E+01
 0.3340000E-01 -0.1573722E+02 -0.1587780E+02
 0.3360000E-01 -0.1077242E+02 -0.2106150E+02
 0.3380000E-01 -0.3836146E+01 -0.2395805E+02
 0.3400000E-01  0.3604862E+01 -0.2401144E+02
 0.3420000E-01  0.1026529E+02 -0.2161238E+02
 0.3440000E-01  0.1551287E+02 -0.1759440E+02
 0.3460000E-01  0.1929806E+02 -0.1265783E+02
 0.3480000E-01  0.2174284E+02 -0.7130213E+01
 0.3500000E-01  0.2279232E+02 -0.1140107E+01
 0.3520000E-01  0.2219912E+02  0.5050144E+01
 0.3540000E-01  0.1979120E+02  0.1088657E+02
 0.3560000E-01  0.1574379E+02  0.1567552E+02
 0.3580000E-01  0.1060606E+02  0.1889926E+02
 0.3600000E-01  0.5066468E+01  0.2042385E+02
 0.3620000E-01 -0.3388987E+00  0.2044370E+02
 0.3640000E-01 -0.5344541E+01  0.1924064E+02
 0.3660000E-01 -0.9840149E+01  0.1697977E+02
 0.3680000E-01 -0.1366525E+02  0.1370601E+02
 0.3700000E-01 -0.1651870E+02  0.9512079E+01
 0.3720000E-01 -0.1806609E+02  0.4699039E+01
 0.3740000E-01 -0.1814374E+02 -0.2317533E+00
 0.3760000E-01 -0.1687449E+02 -0.4757589E+01
 0.3780000E-01 -0.1459515E+02 -0.8535443E+01
 0.3800000E-01 -0.1166212E+02 -0.1146373E+02
 0.3820000E-01 -0.8301683E+01 -0.1357216E+02
 0.3840000E-01 -0.4619673E+01 -0.1485656E+02
 0.3860000E-01 -0.7369466E+00 -0.1521310E+02
 0.3880000E-01  0.3092926E+01 -0.1452626E+02
 0.3900000E-01  0.6503702E+01 -0.1282091E+02
 0.3920000E-01  0.9164104E+01 -0.1033225E+02
 0.3940000E-01  0.1092653E+02 -0.7423572E+01
 0.3960000E-01  0.1185061E+02 -0.4418451E+01
 0.3980000E-01  0.1208794E+02 -0.1487279E+01
 0.4000000E-01  0.1173539E+02  0.1324840E+01
 0.4020000E-01  0.1078589E+02  0.3970068E+01
 0.4040000E-01  0.9211804E+01  0.6297618E+01
 0.4060000E-01  0.7093938E+01  0.8078500E+01
 0.4080000E-01  0.4669022E+01  0.9134911E+01
 0.4100000E-01  0.2244112E+01  0.9457192E+01
 0.4120000E-01  0.4784120E-01  0.9201886E+01
 0.4140000E-01 -0.1854622E+01  0.8571000E+01
 0.4160000E-01 -0.3513611E+01  0.7678046E+01
 0.4180000E-01 -0.4963761E+01  0.6515967E+01
 0.4200000E-01 -0.6132189E+01  0.5048216E+01
 0.4220000E-01 -0.6870185E+01  0.3332460E+01
 0.4240000E-01 -0.7078347E+01  0.1557531E+01
 0.4260000E-01 -0.6808555E+01 -0.4601990E-01
 0.4280000E-01 -0.6245666E+01 -0.1345265E+01
 0.4300000E-01 -0.5579981E+01 -0.2370204E+01
 0.4320000E-01 -0.4880959E+01 -0.3245807E+01
 0.4340000E-01 -0.4083229E+01 -0.4050981E+01
 0.4360000E-01 -0.3095838E+01 -0.4731227E+01
 0.4380000E-01 -0.1933946E+01 -0.5144460E+01
 0.4400000E-01 -0.7499931E+00 -0.5198892E+01
 0.4420000E-01  0.2691840E+00 -0.4955878E+01
 0.4440000E-01  0.1049882E+01 -0.4598209E+01
 0.4460000E-01  0.1688524E+01 -0.4284225E+01
 0.4480000E-01  0.2359044E+01 -0.4014810E+01
 0.4500000E-01  0.3145792E+01 -0.3636258E+01
 0.4520000E-01  0.3950487E+01 -0.2985087E+01
 0.4540000E-01  0.4564145E+01 -0.2050671E+01
 0.4560000E-01  0.4849928E+01 -0.1005037E+01
 0.4580000E-01  0.4874716E+01 -0.5792887E-01
 0.4600000E-01  0.4856102E+01  0.7472095E+00
 0.4620000E-01  0.4943973E+01  0.1610149E+01
 0.4640000E-01  0.5009722E+01  0.2824378E+01
 0.4660000E-01  0.4638399E+01  0.4486669E+01
 0.4680000E-01  0.3377822E+01  0.6286867E+01
 0.4700000E-01  0.1095446E+01  0.7568472E+01
 0.4720000E-01 -0.1812511E+01  0.7664351E+01
 0.4740000E-01 -0.4533846E+01  0.6305076E+01
 0.4760000E-01 -0.6232133E+01  0.3827374E+01
 0.4780000E-01 -0.6478677E+01  0.1034184E+01
 0.4800000E-01 -0.5454436E+01 -0.1211409E+01
 0.4820000E-01 -0.3806029E+01 -0.2404053E+01
 0.4840000E-01 -0.2266369E+01 -0.2577075E+01
 0.4860000E-01 -0.1288702E+01 -0.2167732E+01
 0.4880000E-01 -0.9049878E+00 -0.1693726E+01
 0.4900000E-01 -0.8486499E+00 -0.1466171E+01
 0.4920000E-01 -0.8093665E+00 -0.1501185E+01
 0.4940000E-01 -0.6310537E+00 -0.1633201E+01
 0.4960000E-01 -0.3439379E+00 -0.1701860E+01
 0.4980000E-01 -0.5892299E-01 -0.1666691E+01
 0.5000000E-01  0.1596014E+00 -0.1591080E+01
 0.5020000E-01  0.3409613E+00 -0.1546308E+01
 0.5040000E-01  0.5596732E+00 -0.1533661E+01
 0.5060000E-01  0.8540031E+00 -0.1485133E+01
 0.5080000E-01  0.1187227E+01 -0.1326749E+01
 0.5100000E-01  0.1477241E+01 -0.1040325E+01
 0.5120000E-01  0.1658988E+01 -0.6724337E+00
 0.5140000E-01  0.1723150E+01 -0.2919522E+00
 0.5160000E-01  0.1703896E+01  0.6006612E-01
 0.5180000E-01  0.1635528E+01  0.3855496E+00
 0.5200000E-01  0.1520677E+01  0.7036108E+00
 0.5220000E-01  0.1335827E+01  0.1013783E+01
 0.5240000E-01  0.1063621E+01  0.1283221E+01
 0.5260000E-01  0.7193066E+00  0.1466955E+01
 0.5280000E-01  0.3478956E+00  0.1539997E+01
 0.5300000E-01 -0.2996949E-02  0.1512129E+01
 0.5320000E-01 -0.3089860E+00  0.1414597E+01
 0.5340000E-01 -0.5719559E+00  0.1273595E+01
 0.5360000E-01 -0.8012788E+00  0.1095049E+01
 0.5380000E-01 -0.9932074E+00  0.8722681E+00
 0.5400000E-01 -0.1127678E+01  0.6062373E+00
 0.5420000E-01 -0.1183952E+01  0.3179981E+00
 0.5440000E-01 -0.1159156E+01  0.4161094E-01
 0.5460000E-01 -0.1072330E+01 -0.1951530E+00
 0.5480000E-01 -0.9509367E+00 -0.3845778E+00
 0.5500000E-01 -0.8127895E+00 -0.5356254E+00
 0.5520000E-01 -0.6595135E+00 -0.6580238E+00
 0.5540000E-01 -0.4860437E+00 -0.7493322E+00
 0.5560000E-01 -0.2957777E+00 -0.7966125E+00
 0.5580000E-01 -0.1065081E+00 -0.7901477E+00
 0.5600000E-01  0.5840333E-01 -0.7356067E+00
 0.5620000E-01  0.1852096E+00 -0.6530302E+00
 0.5640000E-01  0.2772787E+00 -0.5635491E+00
 0.5660000E-01  0.3482995E+00 -0.4759848E+00
 0.5680000E-01  0.4077932E+00 -0.3852319E+00
 0.5700000E-01  0.4523070E+00 -0.2832376E+00
 0.5720000E-01  0.4700487E+00 -0.1718939E+00
 0.5740000E-01  0.4541889E+00 -0.6571967E-01
 0.5760000E-01  0.4121751E+00  0.1813559E-01
 0.5780000E-01  0.3622388E+00  0.7330414E-01
 0.5800000E-01  0.3201062E+00  0.1086733E+00
 0.5820000E-01  0.2878862E+00  0.1397701E+00
 0.5840000E-01  0.2550972E+00  0.1748242E+00
 0.5860000E-01  0.2107567E+00  0.2080636E+00
 0.5880000E-01  0.1554571E+00  0.2261819E+00
 0.5900000E-01  0.1024207E+00  0.2219615E+00
 0.5920000E-01  0.6654945E-01  0.2025621E+00
 0.5940000E-01  0.5138213E-01  0.1848151E+00
 0.5960000E-01  0.4580491E-01  0.1816132E+00
 0.5980000E-01  0.3361168E-01  0.1915627E+00
 0.6000000E-01  0.7440876E-02  0.2011904E+00
 0.6020000E-01 -0.2535415E-01  0.1977517E+00
 0.6040000E-01 -0.5013821E-01  0.1811674E+00
 0.6060000E-01 -0.5904703E-01  0.1643909E+00
 0.6080000E-01 -0.5905819E-01  0.1618860E+00
 0.6100000E-01 -0.6689935E-01  0.1765404E+00
 0.6120000E-01 -0.9548056E-01  0.1966310E+00
 0.6140000E-01 -0.1440831E+00  0.2052137E+00
 0.6160000E-01 -0.2008419E+00  0.1929448E+00
 0.6180000E-01 -0.2544315E+00  0.1623477E+00
 0.6200000E-01 -0.3030384E+00  0.1198697E+00
 0.6220000E-01 -0.3511384E+00  0.6422242E-01
 0.6240000E-01 -0.3965590E+00 -0.1599576E-01
 0.6260000E-01 -0.4209448E+00 -0.1304451E+00
 0.6280000E-01 -0.3956597E+00 -0.2700367E+00
 0.6300000E-01 -0.3020886E+00 -0.4010788E+00
 0.6320000E-01 -0.1511144E+00 -0.4796663E+00
 0.6340000E-01  0.1575299E-01 -0.4786227E+00
 0.6360000E-01  0.1480478E+00 -0.4070121E+00
 0.6380000E-01  0.2167135E+00 -0.3057920E+00
 0.6400000E-01  0.2305810E+00 -0.2209952E+00
 0.6420000E-01  0.2259837E+00 -0.1738602E+00
 0.6440000E-01  0.2372860E+00 -0.1504585E+00
 0.6460000E-01  0.2712537E+00 -0.1182758E+00
 0.6480000E-01  0.3050390E+00 -0.5580542E-01
 0.6500000E-01  0.3083006E+00  0.2897644E-01
 0.6520000E-01  0.2703904E+00  0.1057944E+00
 0.6540000E-01  0.2098394E+00  0.1479860E+00
 0.6560000E-01  0.1586603E+00  0.1547538E+00
 0.6580000E-01  0.1353540E+00  0.1508792E+00
 0.6600000E-01  0.1299214E+00  0.1644491E+00
 0.6620000E-01  0.1136935E+00  0.2019582E+00
 0.6640000E-01  0.6540286E-01  0.2423085E+00
 0.6660000E-01 -0.9065588E-02  0.2549124E+00
 0.6680000E-01 -0.8037289E-01  0.2263076E+00
 0.6700000E-01 -0.1198004E+00  0.1722990E+00
 0.6720000E-01 -0.1230172E+00  0.1250564E+00
 0.6740000E-01 -0.1130363E+00  0.1061765E+00
 0.6760000E-01 -0.1197359E+00  0.1088849E+00
 0.6780000E-01 -0.1535458E+00  0.1047554E+00
 0.6800000E-01 -0.1960044E+00  0.6921569E-01
 0.6820000E-01 -0.2154117E+00  0.3866351E-02
 0.6840000E-01 -0.1941710E+00 -0.6369315E-01
 0.6860000E-01 -0.1442727E+00 -0.1024921E+00
 0.6880000E-01 -0.9753651E-01 -0.1038690E+00
 0.6900000E-01 -0.7894371E-01 -0.8813245E-01
 0.6920000E-01 -0.8596229E-01 -0.8648446E-01
 0.6940000E-01 -0.9160286E-01 -0.1137746E+00
 0.6960000E-01 -0.6850829E-01 -0.1555186E+00
 0.6980000E-01 -0.1330090E-01 -0.1802912E+00
 0.7000000E-01  0.4973944E-01 -0.1667576E+00
 0.7020000E-01  0.8874547E-01 -0.1220778E+00
 0.7040000E-01  0.9075677E-01 -0.7595548E-01
 0.7060000E-01  0.7192606E-01 -0.5560161E-01
 0.7080000E-01  0.6288019E-01 -0.6319323E-01
 0.7100000E-01  0.8204544E-01 -0.7504739E-01
 0.7120000E-01  0.1198952E+00 -0.6290974E-01
 0.7140000E-01  0.1474193E+00 -0.1882732E-01
 0.7160000E-01  0.1411931E+00  0.3771192E-01
 0.7180000E-01  0.1033554E+00  0.7617347E-01
 0.7200000E-01  0.5955239E-01  0.8048829E-01
 0.7220000E-01  0.3705897E-01  0.6176974E-01
 0.7240000E-01  0.4215826E-01  0.4772724E-01
 0.7260000E-01  0.5602876E-01  0.5840166E-01
 0.7280000E-01  0.5209634E-01  0.8925804E-01
 0.7300000E-01  0.1942032E-01  0.1157984E+00
 0.7320000E-01 -0.2799418E-01  0.1150765E+00
 0.7340000E-01 -0.6341503E-01  0.8523124E-01
 0.7360000E-01 -0.6997755E-01  0.4649595E-01
 0.7380000E-01 -0.5406225E-01  0.2353091E-01
 0.7400000E-01 -0.3848237E-01  0.2485494E-01
 0.7420000E-01 -0.4217286E-01  0.3696666E-01
 0.7440000E-01 -0.6428791E-01  0.3744649E-01
 0.7460000E-01 -0.8602037E-01  0.1493421E-01
 0.7480000E-01 -0.8767089E-01 -0.2140554E-01
 0.7500000E-01 -0.6558304E-01 -0.5044424E-01
 0.7520000E-01 -0.3449246E-01 -0.5736427E-01
 0.7540000E-01 -0.1413732E-01 -0.4547304E-01
 0.7560000E-01 -0.1254607E-01 -0.3186147E-01
 0.7580000E-01 -0.2052424E-01 -0.3168036E-01
 0.7600000E-01 -0.2130677E-01 -0.4531073E-01
 0.7620000E-01 -0.5990960E-02 -0.5928037E-01
 0.7640000E-01  0.1901594E-01 -0.5915310E-01
 0.7660000E-01  0.3842701E-01 -0.4233785E-01
 0.7680000E-01  0.4177429E-01 -0.1967338E-01
 0.7700000E-01  0.3188365E-01 -0.5249036E-02
 0.7720000E-01  0.2112938E-01 -0.4280312E-02
 0.7740000E-01  0.1976180E-01 -0.9834136E-02
 0.7760000E-01  0.2729288E-01 -0.1053153E-01
 0.7780000E-01  0.3434406E-01 -0.1398634E-02
 0.7800000E-01  0.3237639E-01  0.1219165E-01
 0.7820000E-01  0.2175345E-01  0.2051406E-01
 0.7840000E-01  0.1079057E-01  0.1910849E-01
 0.7860000E-01  0.7284306E-02  0.1274646E-01
 0.7880000E-01  0.1098787E-01  0.1029282E-01
 0.7900000E-01  0.1420768E-01  0.1579119E-01
 0.7920000E-01  0.9682757E-02  0.2450787E-01
 0.7940000E-01 -0.2058163E-02  0.2767316E-01
 0.7960000E-01 -0.1302545E-01  0.2121046E-01
 0.7980000E-01 -0.1545555E-01  0.9931637E-02
 0.8000000E-01  0.0000000E+00  0.0000000E+00
 0.8020000E-01  0.0000000E+00  0.0000000E+00
 0.8040000E-01  0.0000000E+00  0.0000000E+00
 0.8060000E-01  0.0000000E+00  0.0000000E+00
 0.8080000E-01  0.0000000E+00  0.0000000E+00
 0.8100000E-01  0.0000000E+00  0.0000000E+00
 0.8120000E-01  0.0000000E+00  0.0000000E+00
 0.8140000E-01  0.0000000E+00  0.0000000E+00
 0.8160000E-01  0.0000000E+00  0.0000000E+00
 0.8180000E-01  0.0000000E+00  0.0000000E+00
 0.8200000E-01  0.0000000E+00  0.0000000E+00
 0.8220000E-01  0.0000000E+00  0.0000000E+00
 0.8240000E-01  0.0000000E+00  0.0000000E+00
 0.8260000E-01  0.0000000E+00  0.0000000E+00
 0.8280000E-01  0.0000000E+00  0.0000000E+00
 0.8300000E-01  0.0000000E+00  0.0000000E+00
 0.8320000E-01  0.0000000E+00  0.0000000E+00
 0.8340000E-01  0.0000000E+00  0.0000000E+00
 0.8360000E-01  0.0000000E+00  0.0000000E+00
 0.8380000E-01  0.0000000E+00  0.0000000E+00
 0.8400000E-01  0.0000000E+00  0.0000000E+00
 0.8420000E-01  0.0000000E+00  0.0000000E+00
 0.8440000E-01  0.0000000E+00  0.0000000E+00
 0.8460000E-01  0.0000000E+00  0.0000000E+00
 0.8480000E-01  0.0000000E+00  0.0000000E+00
 0.8500000E-01  0.0000000E+00  0.0000000E+00
 0.8520000E-01  0.0000000E+00  0.0000000E+00
 0.8540000E-01  0.0000000E+00  0.0000000E+00
 0.8560000E-01  0.0000000E+00  0.0000000E+00
 0.8580000E-01  0.0000000E+00  0.0000000E+00
 0.8600000E-01  0.0000000E+00  0.0000000E+00
 0.8620000E-01  0.0000000E+00  0.0000000E+00
 0.8640000E-01  0.0000000E+00  0.0000000E+00
 0.8660000E-01  0.0000000E+00  0.0000000E+00
 0.8680000E-01  0.0000000E+00  0.0000000E+00
 0.8700000E-01  0.0000000E+00  0.0000000E+00
 0.8720000E-01  0.0000000E+00  0.0000000E+00
 0.8740000E-01  0.0000000E+00  0.0000000E+00
 0.8760000E-01  0.0000000E+00  0.0000000E+00
 0.8780000E-01  0.0000000E+00  0.0000000E+00
 0.8800000E-01  0.0000000E+00  0.0000000E+00
 0.8820000E-01  0.0000000E+00  0.0000000E+00
 0.8840000E-01  0.0000000E+00  0.0000000E+00
 0.8860000E-01  0.0000000E+00  0.0000000E+00
 0.8880000E-01  0.0000000E+00  0.0000000E+00
 0.8900000E-01  0.0000000E+00  0.0000000E+00
 0.8920000E-01  0.0000000E+00  0.0000000E+00
 0.8940000E-01  0.0000000E+00  0.0000000E+00
 0.8960000E-01  0.0000000E+00  0.0000000E+00
 0.8980000E-01  0.0000000E+00  0.0000000E+00
 0.9000000E-01  0.0000000E+00  0.0000000E+00
 0.9020000E-01  0.0000000E+00  0.0000000E+00
 0.9040000E-01  0.0000000E+00  0.0000000E+00
 0.9060000E-01  0.0000000E+00  0.0000000E+00
 0.9080000E-01  0.0000000E+00  0.0000000E+00
 0.9100000E-01  0.0000000E+00  0.0000000E+00
 0.9120000E-01  0.0000000E+00  0.0000000E+00
 0.9140000E-01  0.0000000E+00  0.0000000E+00
 0.9160000E-01  0.0000000E+00  0.0000000E+00
 0.9180000E-01  0.0000000E+00  0.0000000E+00
 0.9200000E-01  0.0000000E+00  0.0000000E+00
 0.9220000E-01  0.0000000E+00  0.0000000E+00
 0.9240000E-01  0.0000000E+00  0.0000000E+00
 0.9260000E-01  0.0000000E+00  0.0000000E+00
 0.9280000E-01  0.0000000E+00  0.0000000E+00
 0.9300000E-01  0.0000000E+00  0.0000000E+00
 0.9320000E-01  0.0000000E+00  0.0000000E+00
 0.9340000E-01  0.0000000E+00  0.0000000E+00
 0.9360000E-01  0.0000000E+00  0.0000000E+00
 0.9380000E-01  0.0000000E+00  0.0000000E+00
 0.9400000E-01  0.0000000E+00  0.0000000E+00
 0.9420000E-01  0.0000000E+00  0.0000000E+00
 0.9440000E-01  0.0000000E+00  0.0000000E+00
 0.9460000E-01  0.0000000E+00  0.0000000E+00
 0.9480000E-01  0.0000000E+00  0.0000000E+00
 0.9500000E-01  0.0000000E+00  0.0000000E+00
 0.9520000E-01  0.0000000E+00  0.0000000E+00
 0.9540000E-01  0.0000000E+00  0.0000000E+00
 0.9560000E-01  0.0000000E+00  0.0000000E+00
 0.9580000E-01  0.0000000E+00  0.0000000E+00
 0.9600000E-01  0.0000000E+00  0.0000000E+00
 0.9620000E-01  0.0000000E+00  0.0000000E+00
 0.9640000E-01  0.0000000E+00  0.0000000E+00
 0.9660000E-01  0.0000000E+00  0.0000000E+00
 0.9680000E-01  0.0000000E+00  0.0000000E+00
 0.9700000E-01  0.0000000E+00  0.0000000E+00
 0.9720000E-01  0.0000000E+00  0.0000000E+00
 0.9740000E-01  0.0000000E+00  0.0000000E+00
 0.9760000E-01  0.0000000E+00  0.0000000E+00
 0.9780000E-01  0.0000000E+00  0.0000000E+00
 0.9800000E-01  0.0000000E+00  0.0000000E+00
 0.9820000E-01  0.0000000E+00  0.0000000E+00
 0.9840000E-01  0.0000000E+00  0.0000000E+00
 0.9860000E-01  0.0000000E+00  0.0000000E+00
 0.9880000E-01  0.0000000E+00  0.0000000E+00
 0.9900000E-01  0.0000000E+00  0.0000000E+00
 0.9920000E-01  0.0000000E+00  0.0000000E+00
 0.9940000E-01  0.0000000E+00  0.0000000E+00
 0.9960000E-01  0.0000000E+00  0.0000000E+00
 0.9980000E-01  0.0000000E+00  0.0000000E+00
 0.1000000E+00  0.0000000E+00  0.0000000E+00
 0.1002000E+00  0.0000000E+00  0.0000000E+00
 0.1004000E+00  0.0000000E+00  0.0000000E+00
 0.1006000E+00  0.0000000E+00  0.0000000E+00
 0.1008000E+00  0.0000000E+00  0.0000000E+00
 0.1010000E+00  0.0000000E+00  0.0000000E+00
 0.1012000E+00  0.0000000E+00  0.0000000E+00
 0.1014000E+00  0.0000000E+00  0.0000000E+00
 0.1016000E+00  0.0000000E+00  0.0000000E+00
 0.1018000E+00  0.0000000E+00  0.0000000E+00
 0.1020000E+00  0.0000000E+00  0.0000000E+00
 0.1022000E+00  0.0000000E+00  0.0000000E+00
 0.1024000E+00  0.0000000E+00  0.0000000E+00
 0.1026000E+00  0.0000000E+00  0.0000000E+00
 0.1028000E+00  0.0000000E+00  0.0000000E+00
 0.1030000E+00  0.0000000E+00  0.0000000E+00
 0.1032000E+00  0.0000000E+00  0.0000000E+00
 0.1034000E+00  0.0000000E+00  0.0000000E+00
 0.1036000E+00  0.0000000E+00  0.0000000E+00
 0.1038000E+00  0.0000000E+00  0.0000000E+00
 0.1040000E+00  0.0000000E+00  0.0000000E+00
 0.1042000E+00  0.0000000E+00  0.0000000E+00
 0.1044000E+00  0.0000000E+00  0.0000000E+00
 0.1046000E+00  0.0000000E+00  0.0000000E+00
 0.1048000E+00  0.0000000E+00  0.0000000E+00
 0.1050000E+00  0.0000000E+00  0.0000000E+00
 0.1052000E+00  0.0000000E+00  0.0000000E+00
 0.1054000E+00  0.0000000E+00  0.0000000E+00
 0.1056000E+00  0.0000000E+00  0.0000000E+00
 0.1058000E+00  0.0000000E+00  0.0000000E+00
 0.1060000E+00  0.0000000E+00  0.0000000E+00
 0.1062000E+00  0.0000000E+00  0.0000000E+00
 0.1064000E+00  0.0000000E+00  0.0000000E+00
 0.1066000E+00  0.0000000E+00  0.0000000E+00
 0.1068000E+00  0.0000000E+00  0.0000000E+00
 0.1070000E+00  0.0000000E+00  0.0000000E+00
 0.1072000E+00  0.0000000E+00  0.0000000E+00
 0.1074000E+00  0.0000000E+00  0.0000000E+00
 0.1076000E+00  0.0000000E+00  0.0000000E+00
 0.1078000E+00  0.0000000E+00  0.0000000E+00
 0.1080000E+00  0.0000000E+00  0.0000000E+00
 0.1082000E+00  0.0000000E+00  0.0000000E+00
 0.1084000E+00  0.0000000E+00  0.0000000E+00
 0.1086000E+00  0.0000000E+00  0.0000000E+00
 0.1088000E+00  0.0000000E+00  0.0000000E+00
 0.1090000E+00  0.0000000E+00  0.0000000E+00
 0.1092000E+00  0.0000000E+00  0.0000000E+00
 0.1094000E+00  0.0000000E+00  0.0000000E+00
 0.1096000E+00  0.0000000E+00  0.0000000E+00
 0.1098000E+00  0.0000000E+00  0.0000000E+00
 0.1100000E+00  0.0000000E+00  0.0000000E+00
 0.1102000E+00  0.0000000E+00  0.0000000E+00
 0.1104000E+00  0.0000000E+00  0.0000000E+00
 0.1106000E+00  0.0000000E+00  0.0000000E+00
 0.1108000E+00  0.0000000E+00  0.0000000E+00
 0.1110000E+00  0.0000000E+00  0.0000000E+00
 0.1112000E+00  0.0000000E+00  0.0000000E+00
 0.1114000E+00  0.0000000E+00  0.0000000E+00
 0.1116000E+00  0.0000000E+00  0.0000000E+00
 0.1118000E+00  0.0000000E+00  0.0000000E+00
 0.1120000E+00  0.0000000E+00  0.0000000E+00
 0.1122000E+00  0.0000000E+00  0.0000000E+00
 0.1124000E+00  0.0000000E+00  0.0000000E+00
 0.1126000E+00  0.0000000E+00  0.0000000E+00
 0.1128000E+00  0.0000000E+00  0.0000000E+00
 0.1130000E+00  0.0000000E+00  0.0000000E+00
 0.1132000E+00  0.0000000E+00  0.0000000E+00
 0.1134000E+00  0.0000000E+00  0.0000000E+00
 0.1136000E+00  0.0000000E+00  0.0000000E+00
 0.1138000E+00  0.0000000E+00  0.0000000E+00
 0.1140000E+00  0.0000000E+00  0.0000000E+00
 0.1142000E+00  0.0000000E+00  0.0000000E+00
 0.1144000E+00  0.0000000E+00  0.0000000E+00
 0.1146000E+00  0.0000000E+00  0.0000000E+00
 0.1148000E+00  0.0000000E+00  0.0000000E+00
