 0.1500000E-01 -0.2153256E+01  0.3252581E+01 -0.2153256E+01 -0.3252581E+01 -0.1357566E-01 -0.8522869E-02  0.2569378E-03
 0.1520000E-01 -0.3357460E+01  0.2139023E+01 -0.3357460E+01 -0.2139023E+01 -0.1645876E-01 -0.4389854E-02  0.2901615E-03
 0.1540000E-01 -0.4009953E+01  0.6327692E+00 -0.4009953E+01 -0.6327692E+00 -0.1781052E-01  0.1943064E-02  0.3209900E-03
 0.1560000E-01 -0.4011419E+01 -0.1009967E+01 -0.4011419E+01  0.1009967E+01 -0.1671092E-01  0.1013705E-01  0.3820147E-03
 0.1580000E-01 -0.3371861E+01 -0.2524270E+01 -0.3371861E+01  0.2524270E+01 -0.1234574E-01  0.1948878E-01  0.5322299E-03
 0.1600000E-01 -0.2199889E+01 -0.3678245E+01 -0.2199889E+01  0.3678245E+01 -0.4129893E-02  0.2895266E-01  0.8553125E-03
 0.1620000E-01 -0.6784583E+00 -0.4305035E+01 -0.6784583E+00  0.4305035E+01  0.8183511E-02  0.3720145E-01  0.1450918E-02
 0.1640000E-01  0.9674900E+00 -0.4321869E+01  0.9674900E+00  0.4321869E+01  0.2442085E-01  0.4271947E-01  0.2421331E-02
 0.1660000E-01  0.2505816E+01 -0.3735247E+01  0.2505816E+01  0.3735247E+01  0.4394178E-01  0.4391961E-01  0.3859812E-02
 0.1680000E-01  0.3729329E+01 -0.2633412E+01  0.3729329E+01  0.2633412E+01  0.6563468E-01  0.3927367E-01  0.5850332E-02
 0.1700000E-01  0.4481368E+01 -0.1168764E+01  0.4481368E+01  0.1168764E+01  0.8795542E-01  0.2744491E-01  0.8489379E-02
 0.1720000E-01  0.4672355E+01  0.4662518E+00  0.4672355E+01 -0.4662518E+00  0.1090068E+00  0.7412308E-02  0.1193742E-01
 0.1740000E-01  0.4286365E+01  0.2065943E+01  0.4286365E+01 -0.2065943E+01  0.1266523E+00 -0.2142281E-01  0.1649975E-01
 0.1760000E-01  0.3378093E+01  0.3437270E+01  0.3378093E+01 -0.3437270E+01  0.1386561E+00 -0.5915511E-01  0.2272483E-01
 0.1780000E-01  0.2061734E+01  0.4421862E+01  0.2061734E+01 -0.4421862E+01  0.1428358E+00 -0.1053236E+00  0.3149514E-01
 0.1800000E-01  0.4939688E+00  0.4912061E+01  0.4939688E+00 -0.4912061E+01  0.1372196E+00 -0.1588931E+00  0.4407625E-01
 0.1820000E-01 -0.1146352E+01  0.4859827E+01 -0.1146352E+01 -0.4859827E+01  0.1201912E+00 -0.2182695E+00  0.6208749E-01
 0.1840000E-01 -0.2679213E+01  0.4278318E+01 -0.2679213E+01 -0.4278318E+01  0.9061547E-01 -0.2813475E+00  0.8736761E-01
 0.1860000E-01 -0.3942802E+01  0.3236765E+01 -0.3942802E+01 -0.3236765E+01  0.4793289E-01 -0.3455901E+00  0.1217300E+00
 0.1880000E-01 -0.4809369E+01  0.1849870E+01 -0.4809369E+01 -0.1849870E+01 -0.7781632E-02 -0.4081326E+00  0.1666327E+00
 0.1900000E-01 -0.5196299E+01  0.2634028E+00 -0.5196299E+01 -0.2634028E+00 -0.7580000E-01 -0.4659109E+00  0.2228186E+00
 0.1920000E-01 -0.5071781E+01 -0.1362185E+01 -0.5071781E+01  0.1362185E+01 -0.1547612E+00 -0.5158049E+00  0.2900057E+00
 0.1940000E-01 -0.4455035E+01 -0.2868302E+01 -0.4455035E+01  0.2868302E+01 -0.2427276E+00 -0.5547921E+00  0.3667109E+00
 0.1960000E-01 -0.3411619E+01 -0.4113316E+01 -0.3411619E+01  0.4113316E+01 -0.3372705E+00 -0.5801038E+00  0.4502718E+00
 0.1980000E-01 -0.2044720E+01 -0.4984913E+01 -0.2044720E+01  0.4984913E+01 -0.4355780E+00 -0.5893765E+00  0.5370928E+00
 0.2000000E-01 -0.4836239E+00 -0.5408833E+01 -0.4836239E+00  0.5408833E+01 -0.5345748E+00 -0.5807884E+00  0.6230853E+00
 0.2020000E-01  0.1129335E+01 -0.5353525E+01  0.1129335E+01  0.5353525E+01 -0.6310469E+00 -0.5531740E+00  0.7042216E+00
 0.2040000E-01  0.2652042E+01 -0.4830674E+01  0.2652042E+01  0.4830674E+01 -0.7217624E+00 -0.5061080E+00  0.7770863E+00
 0.2060000E-01  0.3954909E+01 -0.3891938E+01  0.3954909E+01  0.3891938E+01 -0.8035842E+00 -0.4399514E+00  0.8393047E+00
 0.2080000E-01  0.4931250E+01 -0.2622485E+01  0.4931250E+01  0.2622485E+01 -0.8735707E+00 -0.3558562E+00  0.8897593E+00
 0.2100000E-01  0.5505016E+01 -0.1132182E+01  0.5505016E+01  0.1132182E+01 -0.9290647E+00 -0.2557267E+00  0.9285573E+00
 0.2120000E-01  0.5635490E+01  0.4546601E+00  0.5635490E+01 -0.4546601E+00 -0.9677710E+00 -0.1421403E+00  0.9567846E+00
 0.2140000E-01  0.5318801E+01  0.2010010E+01  0.5318801E+01 -0.2010010E+01 -0.9878250E+00 -0.1823214E-01  0.9761307E+00
 0.2160000E-01  0.4586414E+01  0.3412429E+01  0.4586414E+01 -0.3412429E+01 -0.9878530E+00  0.1124444E+00  0.9884973E+00
 0.2180000E-01  0.3500957E+01  0.4556193E+01  0.3500957E+01 -0.4556193E+01 -0.9670253E+00  0.2460731E+00  0.9956899E+00
 0.2200000E-01  0.2149929E+01  0.5358608E+01  0.2149929E+01 -0.5358608E+01 -0.9251001E+00  0.3787312E+00  0.9992474E+00
 0.2220000E-01  0.6379331E+00  0.5765126E+01  0.6379331E+00 -0.5765126E+01 -0.8624533E+00  0.5065374E+00  0.1000406E+01
 0.2240000E-01 -0.9218714E+00  0.5752040E+01 -0.9218714E+00 -0.5752040E+01 -0.7800900E+00  0.6257825E+00  0.1000144E+01
 0.2260000E-01 -0.2416401E+01  0.5326759E+01 -0.2416401E+01 -0.5326759E+01 -0.6796308E+00  0.7330368E+00  0.9992411E+00
 0.2280000E-01 -0.3740743E+01  0.4525827E+01 -0.3740743E+01 -0.4525827E+01 -0.5632697E+00  0.8252359E+00  0.9982871E+00
 0.2300000E-01 -0.4805168E+01  0.3410995E+01 -0.4805168E+01 -0.3410995E+01 -0.4337006E+00  0.8997465E+00  0.9976399E+00
 0.2320000E-01 -0.5540663E+01  0.2063783E+01 -0.5540663E+01 -0.2063783E+01 -0.2940170E+00  0.9544186E+00  0.9973609E+00
 0.2340000E-01 -0.5902702E+01  0.5790033E+00 -0.5902702E+01 -0.5790033E+00 -0.1475913E+00  0.9876305E+00  0.9971971E+00
 0.2360000E-01 -0.5873141E+01 -0.9422204E+00 -0.5873141E+01  0.9422204E+00  0.2055805E-02  0.9983284E+00  0.9966638E+00
 0.2380000E-01 -0.5460230E+01 -0.2399449E+01 -0.5460230E+01  0.2399449E+01  0.1513811E+00  0.9860642E+00  0.9952388E+00
 0.2400000E-01 -0.4696901E+01 -0.3699463E+01 -0.4696901E+01  0.3699463E+01  0.2969298E+00  0.9510238E+00  0.9926136E+00
 0.2420000E-01 -0.3637553E+01 -0.4761953E+01 -0.3637553E+01  0.4761953E+01  0.4354209E+00  0.8940408E+00  0.9889003E+00
 0.2440000E-01 -0.2353644E+01 -0.5524052E+01 -0.2353644E+01  0.5524052E+01  0.5638058E+00  0.8165831E+00  0.9846849E+00
 0.2460000E-01 -0.9284705E+00 -0.5943515E+01 -0.9284705E+00  0.5943515E+01  0.6793035E+00  0.7207063E+00  0.9808709E+00
 0.2480000E-01  0.5484963E+00 -0.6000431E+01  0.5484963E+00  0.6000431E+01  0.7794226E+00  0.6089680E+00  0.9783416E+00
 0.2500000E-01  0.1987336E+01 -0.5697473E+01  0.1987336E+01  0.5697473E+01  0.8619830E+00  0.4843072E+00  0.9775682E+00
 0.2520000E-01  0.3303108E+01 -0.5058763E+01  0.3303108E+01  0.5058763E+01  0.9251512E+00  0.3498996E+00  0.9783345E+00
 0.2540000E-01  0.4420680E+01 -0.4127526E+01  0.4420680E+01  0.4127526E+01  0.9674949E+00  0.2090081E+00  0.9797307E+00
 0.2560000E-01  0.5278719E+01 -0.2962740E+01  0.5278719E+01  0.2962740E+01  0.9880568E+00  0.6484919E-01  0.9804616E+00
 0.2580000E-01  0.5832651E+01 -0.1635057E+01  0.5832651E+01  0.1635057E+01  0.9864368E+00 -0.7950389E-01  0.9793784E+00
 0.2600000E-01  0.6056505E+01 -0.2222769E+00  0.6056505E+01  0.2222769E+00  0.9628617E+00 -0.2211700E+00  0.9760189E+00
 0.2620000E-01  0.5943594E+01  0.1195347E+01  0.5943594E+01 -0.1195347E+01  0.9182201E+00 -0.3574598E+00  0.9709057E+00
 0.2640000E-01  0.5506087E+01  0.2539676E+01  0.5506087E+01 -0.2539676E+01  0.8540401E+00 -0.4858413E+00  0.9654263E+00
 0.2660000E-01  0.4773551E+01  0.3738908E+01  0.4773551E+01 -0.3738908E+01  0.7724015E+00 -0.6038945E+00  0.9612926E+00
 0.2680000E-01  0.3790624E+01  0.4731209E+01  0.3790624E+01 -0.4731209E+01  0.6757846E+00 -0.7092882E+00  0.9597745E+00
 0.2700000E-01  0.2613997E+01  0.5467637E+01  0.2613997E+01 -0.5467637E+01  0.5668801E+00 -0.7998037E+00  0.9610390E+00
 0.2720000E-01  0.1308903E+01  0.5914204E+01  0.1308903E+01 -0.5914204E+01  0.4483947E+00 -0.8734221E+00  0.9639239E+00
 0.2740000E-01 -0.5465101E-01  0.6053049E+01 -0.5465101E-01 -0.6053049E+01  0.3228951E+00 -0.9284683E+00  0.9663146E+00
 0.2760000E-01 -0.1405717E+01  0.5882711E+01 -0.1405717E+01 -0.5882711E+01  0.1927281E+00 -0.9637856E+00  0.9660268E+00
 0.2780000E-01 -0.2676081E+01  0.5417536E+01 -0.2676081E+01 -0.5417536E+01  0.6003402E-01 -0.9788959E+00  0.9618413E+00
 0.2800000E-01 -0.3803613E+01  0.4686308E+01 -0.3803613E+01 -0.4686308E+01 -0.7315262E-01 -0.9740954E+00  0.9542132E+00
 0.2820000E-01 -0.4735140E+01  0.3730224E+01 -0.4735140E+01 -0.3730224E+01 -0.2047514E+00 -0.9504428E+00  0.9452646E+00
 0.2840000E-01 -0.5428723E+01  0.2600350E+01 -0.5428723E+01 -0.2600350E+01 -0.3324903E+00 -0.9096215E+00  0.9379610E+00
 0.2860000E-01 -0.5855266E+01  0.1354718E+01 -0.5855266E+01 -0.1354718E+01 -0.4538315E+00 -0.8536923E+00  0.9347535E+00
 0.2880000E-01 -0.5999414E+01  0.5523325E-01 -0.5999414E+01 -0.5523325E-01 -0.5660202E+00 -0.7847869E+00  0.9362693E+00
 0.2900000E-01 -0.5859745E+01 -0.1235459E+01 -0.5859745E+01  0.1235459E+01 -0.6662793E+00 -0.7048218E+00  0.9407019E+00
 0.2920000E-01 -0.5448281E+01 -0.2456977E+01 -0.5448281E+01  0.2456977E+01 -0.7521242E+00 -0.6153178E+00  0.9443068E+00
 0.2940000E-01 -0.4789394E+01 -0.3553955E+01 -0.4789394E+01  0.3553955E+01 -0.8217307E+00 -0.5173922E+00  0.9429361E+00
 0.2960000E-01 -0.3918177E+01 -0.4478423E+01 -0.3918177E+01  0.4478423E+01 -0.8742521E+00 -0.4119498E+00  0.9340194E+00
 0.2980000E-01 -0.2878409E+01 -0.5191725E+01 -0.2878409E+01  0.5191725E+01 -0.9099777E+00 -0.3000372E+00  0.9180817E+00
 0.3000000E-01 -0.1720215E+01 -0.5665916E+01 -0.1720215E+01  0.5665916E+01 -0.9302484E+00 -0.1832693E+00  0.8989498E+00
 0.3020000E-01 -0.4975504E+00 -0.5884605E+01 -0.4975504E+00  0.5884605E+01 -0.9371042E+00 -0.6419357E-01  0.8822850E+00
 0.3040000E-01  0.7343584E+00 -0.5843236E+01  0.7343584E+00  0.5843236E+01 -0.9327103E+00  0.5354881E-01  0.8728160E+00
 0.3060000E-01  0.1921512E+01 -0.5548824E+01  0.1921512E+01  0.5548824E+01 -0.9186890E+00  0.1653718E+00  0.8713373E+00
 0.3080000E-01  0.3013457E+01 -0.5019202E+01  0.3013457E+01  0.5019202E+01 -0.8955294E+00  0.2662361E+00  0.8728545E+00
 0.3100000E-01  0.3965340E+01 -0.4281820E+01  0.3965340E+01  0.4281820E+01 -0.8622609E+00  0.3514211E+00  0.8669907E+00
 0.3120000E-01  0.4739622E+01 -0.3372194E+01  0.4739622E+01  0.3372194E+01 -0.8165273E+00  0.4174203E+00  0.8409565E+00
 0.3140000E-01  0.5307389E+01 -0.2332079E+01  0.5307389E+01  0.2332079E+01 -0.7551079E+00  0.4627396E+00  0.7843159E+00
 0.3160000E-01  0.5649246E+01 -0.1207464E+01  0.5649246E+01  0.1207464E+01 -0.6748131E+00  0.4883693E+00  0.6938773E+00
 0.3180000E-01  0.5755757E+01 -0.4648622E-01  0.5755757E+01  0.4648622E-01 -0.5735635E+00  0.4977554E+00  0.5767356E+00
 0.3200000E-01  0.5627454E+01  0.1102650E+01  0.5627454E+01 -0.1102650E+01 -0.4513866E+00  0.4962083E+00  0.4499726E+00
 0.3220000E-01  0.5274431E+01  0.2193653E+01  0.5274431E+01 -0.2193653E+01 -0.3110531E+00  0.4898319E+00  0.3366893E+00
 0.3240000E-01  0.4715564E+01  0.3183954E+01  0.4715564E+01 -0.3183954E+01 -0.1581382E+00  0.4841941E+00  0.2594516E+00
 0.3260000E-01  0.3977418E+01  0.4036287E+01  0.3977418E+01 -0.4036287E+01 -0.4297908E-03  0.4830505E+00  0.2333380E+00
 0.3280000E-01  0.3092882E+01  0.4719970E+01  0.3092882E+01 -0.4719970E+01  0.1532307E+00  0.4874471E+00  0.2610843E+00
 0.3300000E-01  0.2099632E+01  0.5211871E+01  0.2099632E+01 -0.5211871E+01  0.2944281E+00  0.4954510E+00  0.3321596E+00
 0.3320000E-01  0.1038462E+01  0.5497032E+01  0.1038462E+01 -0.5497032E+01  0.4166251E+00  0.5026074E+00  0.4261907E+00
 0.3340000E-01 -0.4842195E-01  0.5568937E+01 -0.4842195E-01 -0.5568937E+01  0.5162252E+00  0.5030323E+00  0.5195300E+00
 0.3360000E-01 -0.1119087E+01  0.5429442E+01 -0.1119087E+01 -0.5429442E+01  0.5929730E+00  0.4908749E+00  0.5925752E+00
 0.3380000E-01 -0.2133467E+01  0.5088388E+01 -0.2133467E+01 -0.5088388E+01  0.6495866E+00  0.4617780E+00  0.6352016E+00
 0.3400000E-01 -0.3054818E+01  0.4562921E+01 -0.3054818E+01 -0.4562921E+01  0.6907219E+00  0.4139536E+00  0.6484543E+00
 0.3420000E-01 -0.3850970E+01  0.3876572E+01 -0.3850970E+01 -0.3876572E+01  0.7215500E+00  0.3485948E+00  0.6421528E+00
 0.3440000E-01 -0.4495361E+01  0.3058132E+01 -0.4495361E+01 -0.3058132E+01  0.7463370E+00  0.2695258E+00  0.6296631E+00
 0.3460000E-01 -0.4967806E+01  0.2140390E+01 -0.4967806E+01 -0.2140390E+01  0.7674089E+00  0.1822061E+00  0.6221155E+00
 0.3480000E-01 -0.5254997E+01  0.1158775E+01 -0.5254997E+01 -0.1158775E+01  0.7847699E+00  0.9238940E-01  0.6243996E+00
 0.3500000E-01 -0.5350731E+01  0.1499640E+00 -0.5350731E+01 -0.1499640E+00  0.7964455E+00  0.4825792E-02  0.6343488E+00
 0.3520000E-01 -0.5255864E+01 -0.8494900E+00 -0.5255864E+01  0.8494900E+00  0.7994054E+00 -0.7762236E-01  0.6450742E+00
 0.3540000E-01 -0.4978016E+01 -0.1804466E+01 -0.4978016E+01  0.1804466E+01  0.7907516E+00 -0.1542212E+00  0.6490723E+00
 0.3560000E-01 -0.4531043E+01 -0.2682473E+01 -0.4531043E+01  0.2682473E+01  0.7687880E+00 -0.2259364E+00  0.6420823E+00
 0.3580000E-01 -0.3934313E+01 -0.3454694E+01 -0.3934313E+01  0.3454694E+01  0.7336384E+00 -0.2945190E+00  0.6249667E+00
 0.3600000E-01 -0.3211821E+01 -0.4096863E+01 -0.3211821E+01  0.4096863E+01  0.6872380E+00 -0.3614370E+00  0.6029328E+00
 0.3620000E-01 -0.2391181E+01 -0.4589936E+01 -0.2391181E+01  0.4589936E+01  0.6327358E+00 -0.4270220E+00  0.5827024E+00
 0.3640000E-01 -0.1502534E+01 -0.4920551E+01 -0.1502534E+01  0.4920551E+01  0.5735384E+00 -0.4901091E+00  0.5691532E+00
 0.3660000E-01 -0.5774231E+00 -0.5081274E+01 -0.5774231E+00  0.5081274E+01  0.5123408E+00 -0.5482756E+00  0.5630992E+00
 0.3680000E-01  0.3523325E+00 -0.5070630E+01  0.3523325E+00  0.5070630E+01  0.4504807E+00 -0.5985668E+00  0.5612151E+00
 0.3700000E-01  0.1255722E+01 -0.4892929E+01  0.1255722E+01  0.4892929E+01  0.3878313E+00 -0.6384334E+00  0.5580104E+00
 0.3720000E-01  0.2103550E+01 -0.4557903E+01  0.2103550E+01  0.4557903E+01  0.3232484E+00 -0.6665320E+00  0.5487544E+00
 0.3740000E-01  0.2869343E+01 -0.4080185E+01  0.2869343E+01  0.4080185E+01  0.2553879E+00 -0.6830995E+00  0.5318479E+00
 0.3760000E-01  0.3530119E+01 -0.3478633E+01  0.3530119E+01  0.3478633E+01  0.1835786E+00 -0.6897701E+00  0.5094840E+00
 0.3780000E-01  0.4067009E+01 -0.2775565E+01  0.4067009E+01  0.2775565E+01  0.1084168E+00 -0.6889113E+00  0.4863530E+00
 0.3800000E-01  0.4465722E+01 -0.1995896E+01  0.4465722E+01  0.1995896E+01  0.3185944E-01 -0.6827335E+00  0.4671400E+00
 0.3820000E-01  0.4716831E+01 -0.1166237E+01  0.4716831E+01  0.1166237E+01 -0.4322011E-01 -0.6725107E+00  0.4541387E+00
 0.3840000E-01  0.4815898E+01 -0.3139799E+00  0.4815898E+01  0.3139799E+00 -0.1138432E+00 -0.6582076E+00  0.4461975E+00
 0.3860000E-01  0.4763426E+01  0.5336047E+00  0.4763426E+01 -0.5336047E+00 -0.1777943E+00 -0.6386498E+00  0.4394844E+00
 0.3880000E-01  0.4564661E+01  0.1350227E+01  0.4564661E+01 -0.1350227E+01 -0.2342126E+00 -0.6121701E+00  0.4296078E+00
 0.3900000E-01  0.4229249E+01  0.2111368E+01  0.4229249E+01 -0.2111368E+01 -0.2836776E+00 -0.5774741E+00  0.4139494E+00
 0.3920000E-01  0.3770772E+01  0.2794977E+01  0.3770772E+01 -0.2794977E+01 -0.3277542E+00 -0.5343833E+00  0.3929883E+00
 0.3940000E-01  0.3206180E+01  0.3382063E+01  0.3206180E+01 -0.3382063E+01 -0.3681741E+00 -0.4841565E+00  0.3699597E+00
 0.3960000E-01  0.2555143E+01  0.3857167E+01  0.2555143E+01 -0.3857167E+01 -0.4059759E+00 -0.4292540E+00  0.3490754E+00
 0.3980000E-01  0.1839352E+01  0.4208702E+01  0.1839352E+01 -0.4208702E+01 -0.4409464E+00 -0.3726252E+00  0.3332833E+00
 0.4000000E-01  0.1081778E+01  0.4429163E+01  0.1081778E+01 -0.4429163E+01 -0.4715946E+00 -0.3167960E+00  0.3227612E+00
 0.4020000E-01  0.3059401E+00  0.4515197E+01  0.3059401E+00 -0.4515197E+01 -0.4956767E+00 -0.2631152E+00  0.3149250E+00
 0.4040000E-01 -0.4648284E+00  0.4467556E+01 -0.4648284E+00 -0.4467556E+01 -0.5110719E+00 -0.2114668E+00  0.3059127E+00
 0.4060000E-01 -0.1208062E+01  0.4290914E+01 -0.1208062E+01 -0.4290914E+01 -0.5166578E+00 -0.1605726E+00  0.2927189E+00
 0.4080000E-01 -0.1902799E+01  0.3993589E+01 -0.1902799E+01 -0.3993589E+01 -0.5128260E+00 -0.1087745E+00  0.2748224E+00
 0.4100000E-01 -0.2530138E+01  0.3587163E+01 -0.2530138E+01 -0.3587163E+01 -0.5014123E+00 -0.5498500E-01  0.2544376E+00
 0.4120000E-01 -0.3073717E+01  0.3086017E+01 -0.3073717E+01 -0.3086017E+01 -0.4850503E+00  0.5847593E-03  0.2352741E+00
 0.4140000E-01 -0.3520094E+01  0.2506815E+01 -0.3520094E+01 -0.2506815E+01 -0.4661938E+00  0.5623126E-01  0.2204986E+00
 0.4160000E-01 -0.3859023E+01  0.1867939E+01 -0.3859023E+01 -0.1867939E+01 -0.4462017E+00  0.1092031E+00  0.2110213E+00
 0.4180000E-01 -0.4083630E+01  0.1188893E+01 -0.4083630E+01 -0.1188893E+01 -0.4248685E+00  0.1566245E+00  0.2050445E+00
 0.4200000E-01 -0.4190488E+01  0.4897120E+00 -0.4190488E+01 -0.4897120E+00 -0.4006151E+00  0.1965308E+00  0.1991168E+00
 0.4220000E-01 -0.4179578E+01 -0.2096294E+00 -0.4179578E+01  0.2096294E+00 -0.3712858E+00  0.2285847E+00  0.1901042E+00
 0.4240000E-01 -0.4054172E+01 -0.8897732E+00 -0.4054172E+01  0.8897732E+00 -0.3352415E+00  0.2541552E+00  0.1769817E+00
 0.4260000E-01 -0.3820610E+01 -0.1532498E+01 -0.3820610E+01  0.1532498E+01 -0.2922948E+00  0.2756905E+00  0.1614415E+00
 0.4280000E-01 -0.3488020E+01 -0.2121183E+01 -0.3488020E+01  0.2121183E+01 -0.2440765E+00  0.2956159E+00  0.1469621E+00
 0.4300000E-01 -0.3067953E+01 -0.2641207E+01 -0.3067953E+01  0.2641207E+01 -0.1936386E+00  0.3152008E+00  0.1368475E+00
 0.4320000E-01 -0.2573984E+01 -0.3080277E+01 -0.2573984E+01  0.3080277E+01 -0.1444147E+00  0.3338791E+00  0.1323308E+00
 0.4340000E-01 -0.2021260E+01 -0.3428674E+01 -0.2021260E+01  0.3428674E+01 -0.9894096E-01  0.3493483E+00  0.1318335E+00
 0.4360000E-01 -0.1426037E+01 -0.3679427E+01 -0.1426037E+01  0.3679427E+01 -0.5787327E-01  0.3584571E+00  0.1318408E+00
 0.4380000E-01 -0.8051932E+00 -0.3828391E+01 -0.8051932E+00  0.3828391E+01 -0.1974635E-01  0.3585546E+00  0.1289513E+00
 0.4400000E-01 -0.1757610E+00 -0.3874262E+01 -0.1757610E+00  0.3874262E+01  0.1836153E-01  0.3487478E+00  0.1219622E+00
 0.4420000E-01  0.4455378E+00 -0.3818500E+01  0.4455378E+00  0.3818500E+01  0.5947486E-01  0.3305080E+00  0.1127728E+00
 0.4440000E-01  0.1042721E+01 -0.3665189E+01  0.1042721E+01  0.3665189E+01  0.1052112E+00  0.3072994E+00  0.1055023E+00
 0.4460000E-01  0.1600942E+01 -0.3420836E+01  0.1600942E+01  0.3420836E+01  0.1547664E+00  0.2832938E+00  0.1042080E+00
 0.4480000E-01  0.2106833E+01 -0.3094104E+01  0.2106833E+01  0.3094104E+01  0.2048976E+00  0.2616401E+00  0.1104385E+00
 0.4500000E-01  0.2548802E+01 -0.2695515E+01  0.2548802E+01  0.2695515E+01  0.2510282E+00  0.2429966E+00  0.1220625E+00
 0.4520000E-01  0.2917264E+01 -0.2237098E+01  0.2917264E+01  0.2237098E+01  0.2891348E+00  0.2250029E+00  0.1342253E+00
 0.4540000E-01  0.3204817E+01 -0.1732034E+01  0.3204817E+01  0.1732034E+01  0.3177002E+00  0.2030477E+00  0.1421618E+00
 0.4560000E-01  0.3406345E+01 -0.1194268E+01  0.3406345E+01  0.1194268E+01  0.3389026E+00  0.1721872E+00  0.1445034E+00
 0.4580000E-01  0.3519071E+01 -0.6381280E+00  0.3519071E+01  0.6381280E+00  0.3584282E+00  0.1295735E+00  0.1452601E+00
 0.4600000E-01  0.3542533E+01 -0.7795051E-01  0.3542533E+01  0.7795051E-01  0.3837752E+00  0.7646712E-01  0.1531306E+00
 0.4620000E-01  0.3478515E+01  0.4722847E+00  0.3478515E+01 -0.4722847E+00  0.4215093E+00  0.1896070E-01  0.1780296E+00
 0.4640000E-01  0.3330916E+01  0.9992893E+00  0.3330916E+01 -0.9992893E+00  0.4743944E+00 -0.3305259E-01  0.2261425E+00
 0.4660000E-01  0.3105578E+01  0.1490773E+01  0.3105578E+01 -0.1490773E+01  0.5394678E+00 -0.6850928E-01  0.2957190E+00
 0.4680000E-01  0.2810062E+01  0.1935709E+01  0.2810062E+01 -0.1935709E+01  0.6078856E+00 -0.7863028E-01  0.3757077E+00
 0.4700000E-01  0.2453407E+01  0.2324562E+01  0.2453407E+01 -0.2324562E+01  0.6667818E+00 -0.6005168E-01  0.4482042E+00
 0.4720000E-01  0.2045848E+01  0.2649462E+01  0.2045848E+01 -0.2649462E+01  0.7026755E+00 -0.1651011E-01  0.4940254E+00
 0.4740000E-01  0.1598521E+01  0.2904341E+01  0.1598521E+01 -0.2904341E+01  0.7053810E+00  0.4159863E-01  0.4992928E+00
 0.4760000E-01  0.1123164E+01  0.3085006E+01  0.1123164E+01 -0.3085006E+01  0.6711429E+00  0.9976075E-01  0.4603850E+00
 0.4780000E-01  0.6318080E+00  0.3189175E+01  0.6318080E+00 -0.3189175E+01  0.6039373E+00  0.1432325E+00  0.3852558E+00
 0.4800000E-01  0.1364794E+00  0.3216459E+01  0.1364794E+00 -0.3216459E+01  0.5144819E+00  0.1610446E+00  0.2906270E+00
 0.4820000E-01 -0.3510887E+00  0.3168303E+01 -0.3510887E+00 -0.3168303E+01  0.4172678E+00  0.1488423E+00  0.1962664E+00
 0.4840000E-01 -0.8197232E+00  0.3047881E+01 -0.8197232E+00 -0.3047881E+01  0.3265880E+00  0.1096785E+00  0.1186891E+00
 0.4860000E-01 -0.1259054E+01  0.2859957E+01 -0.1259054E+01 -0.2859957E+01  0.2528578E+00  0.5258172E-01  0.6670190E-01
 0.4880000E-01 -0.1659729E+01  0.2610718E+01 -0.1659729E+01 -0.2610718E+01  0.2003748E+00 -0.1052787E-01  0.4026088E-01
 0.4900000E-01 -0.2013593E+01  0.2307569E+01 -0.2013593E+01 -0.2307569E+01  0.1671316E+00 -0.6847505E-01  0.3262182E-01
 0.4920000E-01 -0.2313836E+01  0.1958924E+01 -0.2313836E+01 -0.1958924E+01  0.1465610E+00 -0.1137993E+00  0.3443041E-01
 0.4940000E-01 -0.2555098E+01  0.1573965E+01 -0.2555098E+01 -0.1573965E+01  0.1304437E+00 -0.1441581E+00  0.3779712E-01
 0.4960000E-01 -0.2733539E+01  0.1162409E+01 -0.2733539E+01 -0.1162409E+01  0.1118780E+00 -0.1618806E+00  0.3872201E-01
 0.4980000E-01 -0.2846872E+01  0.7342613E+00 -0.2846872E+01 -0.7342613E+00  0.8729293E-01 -0.1720625E+00  0.3722557E-01
 0.5000000E-01 -0.2894356E+01  0.2995794E+00 -0.2894356E+01 -0.2995794E+00  0.5693786E-01 -0.1800701E+00  0.3566716E-01
 0.5020000E-01 -0.2876756E+01 -0.1317599E+00 -0.2876756E+01  0.1317599E+00  0.2389745E-01 -0.1894351E+00  0.3645676E-01
 0.5040000E-01 -0.2796269E+01 -0.5502756E+00 -0.2796269E+01  0.5502756E+00 -0.7777739E-02 -0.2008597E+00  0.4040512E-01
 0.5060000E-01 -0.2656423E+01 -0.9470802E+00 -0.2656423E+01  0.9470802E+00 -0.3497368E-01 -0.2125384E+00  0.4639575E-01
 0.5080000E-01 -0.2461944E+01 -0.1314058E+01 -0.2461944E+01  0.1314058E+01 -0.5669237E-01 -0.2214676E+00  0.5226192E-01
 0.5100000E-01 -0.2218613E+01 -0.1644014E+01 -0.2218613E+01  0.1644014E+01 -0.7413602E-01 -0.2250603E+00  0.5614828E-01
 0.5120000E-01 -0.1933093E+01 -0.1930802E+01 -0.1933093E+01  0.1930802E+01 -0.8981640E-01 -0.2223467E+00  0.5750502E-01
 0.5140000E-01 -0.1612753E+01 -0.2169422E+01 -0.1612753E+01  0.2169422E+01 -0.1062012E+00 -0.2142988E+00  0.5720268E-01
 0.5160000E-01 -0.1265475E+01 -0.2356080E+01 -0.1265475E+01  0.2356080E+01 -0.1245468E+00 -0.2032451E+00  0.5682047E-01
 0.5180000E-01 -0.8994707E+00 -0.2488236E+01 -0.8994707E+00  0.2488236E+01 -0.1444148E+00 -0.1917365E+00  0.5761851E-01
 0.5200000E-01 -0.5230826E+00 -0.2564604E+01 -0.5230826E+00  0.2564604E+01 -0.1640173E+00 -0.1814318E+00  0.5981918E-01
 0.5220000E-01 -0.1446041E+00 -0.2585137E+01 -0.1446041E+00  0.2585137E+01 -0.1811547E+00 -0.1725035E+00  0.6257446E-01
 0.5240000E-01  0.2278994E+00 -0.2550982E+01  0.2278994E+00  0.2550982E+01 -0.1942607E+00 -0.1637885E+00  0.6456387E-01
 0.5260000E-01  0.5867542E+00 -0.2464409E+01  0.5867542E+00  0.2464409E+01 -0.2030661E+00 -0.1535492E+00  0.6481317E-01
 0.5280000E-01  0.9248276E+00 -0.2328722E+01  0.9248276E+00  0.2328722E+01 -0.2086019E+00 -0.1404401E+00  0.6323817E-01
 0.5300000E-01  0.1235659E+01 -0.2148150E+01  0.1235659E+01  0.2148150E+01 -0.2125917E+00 -0.1242126E+00  0.6062398E-01
 0.5320000E-01  0.1513571E+01 -0.1927722E+01  0.1513571E+01  0.1927722E+01 -0.2165629E+00 -0.1058411E+00  0.5810184E-01
 0.5340000E-01  0.1753761E+01 -0.1673134E+01  0.1753761E+01  0.1673134E+01 -0.2211186E+00 -0.8705060E-01  0.5647124E-01
 0.5360000E-01  0.1952366E+01 -0.1390603E+01  0.1952366E+01  0.1390603E+01 -0.2257078E+00 -0.6950537E-01  0.5577500E-01
 0.5380000E-01  0.2106511E+01 -0.1086715E+01  0.2106511E+01  0.1086715E+01 -0.2289785E+00 -0.5407018E-01  0.5535474E-01
 0.5400000E-01  0.2214332E+01 -0.7682803E+00  0.2214332E+01  0.7682803E+00 -0.2295119E+00 -0.4049759E-01  0.5431576E-01
 0.5420000E-01  0.2274972E+01 -0.4421817E+00  0.2274972E+01  0.4421817E+00 -0.2265619E+00 -0.2767529E-01  0.5209620E-01
 0.5440000E-01  0.2288568E+01 -0.1152294E+00  0.2288568E+01  0.1152294E+00 -0.2204366E+00 -0.1428944E-01  0.4879649E-01
 0.5460000E-01  0.2256204E+01  0.2059750E+00  0.2256204E+01 -0.2059750E+00 -0.2123448E+00  0.4376913E-03  0.4509052E-01
 0.5480000E-01  0.2179859E+01  0.5151648E+00  0.2179859E+01 -0.5151648E+00 -0.2037982E+00  0.1630427E-01  0.4179952E-01
 0.5500000E-01  0.2062329E+01  0.8065232E+00  0.2062329E+01 -0.8065232E+00 -0.1958773E+00  0.3219409E-01  0.3940436E-01
 0.5520000E-01  0.1907145E+01  0.1074784E+01  0.1907145E+01 -0.1074784E+01 -0.1887308E+00  0.4660903E-01  0.3779172E-01
 0.5540000E-01  0.1718469E+01  0.1315317E+01  0.1718469E+01 -0.1315317E+01 -0.1815561E+00  0.5839557E-01  0.3637267E-01
 0.5560000E-01  0.1500989E+01  0.1524198E+01  0.1500989E+01 -0.1524198E+01 -0.1730672E+00  0.6729787E-01  0.3448125E-01
 0.5580000E-01  0.1259808E+01  0.1698256E+01  0.1259808E+01 -0.1698256E+01 -0.1622121E+00  0.7405794E-01  0.3179735E-01
 0.5600000E-01  0.1000323E+01  0.1835114E+01  0.1000323E+01 -0.1835114E+01 -0.1487770E+00  0.8001053E-01  0.2853629E-01
 0.5620000E-01  0.7281111E+00  0.1933204E+01  0.7281111E+00 -0.1933204E+01 -0.1335675E+00  0.8637446E-01  0.2530083E-01
 0.5640000E-01  0.4488112E+00  0.1991765E+01  0.4488112E+00 -0.1991765E+01 -0.1180700E+00  0.9359679E-01  0.2270089E-01
 0.5660000E-01  0.1680108E+00  0.2010832E+01  0.1680108E+00 -0.2010832E+01 -0.1037556E+00  0.1010852E+00  0.2098344E-01
 0.5680000E-01 -0.1088608E+00  0.1991200E+01 -0.1088608E+00 -0.1991200E+01 -0.9137322E-01  0.1074733E+00  0.1989958E-01
 0.5700000E-01 -0.3766318E+00  0.1934385E+01 -0.3766318E+00 -0.1934385E+01 -0.8059326E-01  0.1112974E+00  0.1888240E-01
 0.5720000E-01 -0.6304786E+00  0.1842567E+01 -0.6304786E+00 -0.1842567E+01 -0.7019278E-01  0.1117512E+00  0.1741536E-01
 0.5740000E-01 -0.8660057E+00  0.1718518E+01 -0.8660057E+00 -0.1718518E+01 -0.5870682E-01  0.1091344E+00  0.1535682E-01
 0.5760000E-01 -0.1079314E+01  0.1565534E+01 -0.1079314E+01 -0.1565534E+01 -0.4522946E-01  0.1047554E+00  0.1301940E-01
 0.5780000E-01 -0.1267057E+01  0.1387346E+01 -0.1267057E+01 -0.1387346E+01 -0.2996105E-01  0.1003138E+00  0.1096053E-01
 0.5800000E-01 -0.1426482E+01  0.1188035E+01 -0.1426482E+01 -0.1188035E+01 -0.1421066E-01  0.9705652E-01  0.9621912E-02
 0.5820000E-01 -0.1555463E+01  0.9719431E+00 -0.1555463E+01 -0.9719431E+00  0.1729668E-03  0.9512731E-01  0.9049235E-02
 0.5840000E-01 -0.1652516E+01  0.7435789E+00 -0.1652516E+01 -0.7435789E+00  0.1167936E-01  0.9345104E-01  0.8869504E-02
 0.5860000E-01 -0.1716799E+01  0.5075278E+00 -0.1716799E+01 -0.5075278E+00  0.1989064E-01  0.9023895E-01  0.8538705E-02
 0.5880000E-01 -0.1748111E+01  0.2683629E+00 -0.1748111E+01 -0.2683629E+00  0.2572081E-01  0.8388921E-01  0.7698960E-02
 0.5900000E-01 -0.1746864E+01  0.3056023E-01 -0.1746864E+01 -0.3056023E-01  0.3098943E-01  0.7384457E-01  0.6413365E-02
 0.5920000E-01 -0.1714059E+01 -0.2015807E+00 -0.1714059E+01  0.2015807E+00  0.3750987E-01  0.6096623E-01  0.5123871E-02
 0.5940000E-01 -0.1651239E+01 -0.4240099E+00 -0.1651239E+01  0.4240099E+00  0.4612919E-01  0.4720470E-01  0.4356185E-02
 0.5960000E-01 -0.1560445E+01 -0.6329922E+00 -0.1560445E+01  0.6329922E+00  0.5620661E-01  0.3469338E-01  0.4362813E-02
 0.5980000E-01 -0.1444157E+01 -0.8251639E+00 -0.1444157E+01  0.8251639E+00  0.6582288E-01  0.2469206E-01  0.4942349E-02
 0.6000000E-01 -0.1305234E+01 -0.9975803E+00 -0.1305234E+01  0.9975803E+00  0.7265729E-01  0.1690939E-01  0.5565009E-02
 0.6020000E-01 -0.1146845E+01 -0.1147754E+01 -0.1146845E+01  0.1147754E+01  0.7512434E-01  0.9571390E-02  0.5735278E-02
 0.6040000E-01 -0.9724019E+00 -0.1273680E+01 -0.9724019E+00  0.1273680E+01  0.7320441E-01  0.2426610E-03  0.5358945E-02
 0.6060000E-01 -0.7854880E+00 -0.1373860E+01 -0.7854880E+00  0.1373860E+01  0.6852593E-01 -0.1298017E-01  0.4864289E-02
 0.6080000E-01 -0.5897872E+00 -0.1447302E+01 -0.5897872E+00  0.1447302E+01  0.6361700E-01 -0.3050033E-01  0.4977393E-02
 0.6100000E-01 -0.3890138E+00 -0.1493526E+01 -0.3890138E+00  0.1493526E+01  0.6067363E-01 -0.5099692E-01  0.6281975E-02
 0.6120000E-01 -0.1868452E+00 -0.1512550E+01 -0.1868452E+00  0.1512550E+01  0.6047219E-01 -0.7210747E-01  0.8856373E-02
 0.6140000E-01  0.1314231E-01 -0.1504869E+01  0.1314231E-01  0.1504869E+01  0.6202617E-01 -0.9170723E-01  0.1225746E-01
 0.6160000E-01  0.2075330E+00 -0.1471433E+01  0.2075330E+00  0.1471433E+01  0.6323852E-01 -0.1091246E+00  0.1590729E-01
 0.6180000E-01  0.3931260E+00 -0.1413608E+01  0.3931260E+00  0.1413608E+01  0.6228313E-01 -0.1255992E+00  0.1965436E-01
 0.6200000E-01  0.5669835E+00 -0.1333142E+01  0.5669835E+00  0.1333142E+01  0.5901667E-01 -0.1436241E+00  0.2411084E-01
 0.6220000E-01  0.7264723E+00 -0.1232113E+01  0.7264723E+00  0.1232113E+01  0.5561404E-01 -0.1653799E+00  0.3044342E-01
 0.6240000E-01  0.8692982E+00 -0.1112884E+01  0.8692982E+00  0.1112884E+01  0.5592964E-01 -0.1909984E+00  0.3960852E-01
 0.6260000E-01  0.9935330E+00 -0.9780528E+00  0.9935330E+00  0.9780528E+00  0.6370302E-01 -0.2175965E+00  0.5140631E-01
 0.6280000E-01  0.1097634E+01 -0.8303943E+00  0.1097634E+01  0.8303943E+00  0.8036545E-01 -0.2397600E+00  0.6394345E-01
 0.6300000E-01  0.1180457E+01 -0.6728080E+00  0.1180457E+01  0.6728080E+00  0.1035373E+00 -0.2515026E+00  0.7397355E-01
 0.6320000E-01  0.1241259E+01 -0.5082627E+00  0.1241259E+01  0.5082627E+00  0.1271215E+00 -0.2489628E+00  0.7814235E-01
 0.6340000E-01  0.1279697E+01 -0.3397435E+00  0.1279697E+01  0.3397435E+00  0.1432260E+00 -0.2326126E+00  0.7462229E-01
 0.6360000E-01  0.1295818E+01 -0.1701996E+00  0.1295818E+01  0.1701996E+00  0.1452664E+00 -0.2078176E+00  0.6429051E-01
 0.6380000E-01  0.1290045E+01 -0.2495754E-02  0.1290045E+01  0.2495754E-02  0.1309292E+00 -0.1832396E+00  0.5071919E-01
 0.6400000E-01  0.1263152E+01  0.1606330E+00  0.1263152E+01 -0.1606330E+00  0.1035732E+00 -0.1675591E+00  0.3880347E-01
 0.6420000E-01  0.1216243E+01  0.3166227E+00  0.1216243E+01 -0.3166227E+00  0.7123875E-01 -0.1658646E+00  0.3258603E-01
 0.6440000E-01  0.1150715E+01  0.4631172E+00  0.1150715E+01 -0.4631172E+00  0.4348523E-01 -0.1773561E+00  0.3334615E-01
 0.6460000E-01  0.1068228E+01  0.5979997E+00  0.1068228E+01 -0.5979997E+00  0.2734466E-01 -0.1955456E+00  0.3898582E-01
 0.6480000E-01  0.9706631E+00  0.7194190E+00  0.9706631E+00 -0.7194190E+00  0.2420947E-01 -0.2110507E+00  0.4512850E-01
 0.6500000E-01  0.8600873E+00  0.8258102E+00  0.8600873E+00 -0.8258102E+00  0.2917878E-01 -0.2158439E+00  0.4744000E-01
 0.6520000E-01  0.7387090E+00  0.9159100E+00  0.7387090E+00 -0.9159100E+00  0.3332203E-01 -0.2070383E+00  0.4397521E-01
 0.6540000E-01  0.6088366E+00  0.9887656E+00  0.6088366E+00 -0.9887656E+00  0.2794627E-01 -0.1883749E+00  0.3626609E-01
 0.6560000E-01  0.4728376E+00  0.1043739E+01  0.4728376E+00 -0.1043739E+01  0.8920186E-02 -0.1685685E+00  0.2849491E-01
 0.6580000E-01  0.3330965E+00  0.1080505E+01  0.3330965E+00 -0.1080505E+01 -0.2104728E-01 -0.1571448E+00  0.2513748E-01
 0.6600000E-01  0.1919755E+00  0.1099046E+01  0.1919755E+00 -0.1099046E+01 -0.5340703E-01 -0.1596739E+00  0.2834808E-01
 0.6620000E-01  0.5177710E-01  0.1099638E+01  0.5177710E-01 -0.1099638E+01 -0.7774164E-01 -0.1747259E+00  0.3657289E-01
 0.6640000E-01 -0.8529151E-01  0.1082837E+01 -0.8529151E-01 -0.1082837E+01 -0.8690598E-01 -0.1941673E+00  0.4525360E-01
 0.6660000E-01 -0.2171502E+00  0.1049459E+01 -0.2171502E+00 -0.1049459E+01 -0.8083349E-01 -0.2068563E+00  0.4932359E-01
 0.6680000E-01 -0.3418748E+00  0.1000556E+01 -0.3418748E+00 -0.1000556E+01 -0.6700936E-01 -0.2040911E+00  0.4614345E-01
 0.6700000E-01 -0.4577220E+00  0.9373914E+00 -0.4577220E+00 -0.9373914E+00 -0.5715665E-01 -0.1841788E+00  0.3718870E-01
 0.6720000E-01 -0.5631502E+00  0.8614097E+00 -0.5631502E+00 -0.8614097E+00 -0.6156184E-01 -0.1537551E+00  0.2743048E-01
 0.6740000E-01 -0.6568369E+00  0.7742087E+00 -0.6568369E+00 -0.7742087E+00 -0.8375689E-01 -0.1249727E+00  0.2263339E-01
 0.6760000E-01 -0.7376908E+00  0.6775067E+00 -0.7376908E+00 -0.6775067E+00 -0.1182785E+00 -0.1097078E+00  0.2602561E-01
 0.6780000E-01 -0.8048606E+00  0.5731116E+00 -0.8048606E+00 -0.5731116E+00 -0.1528478E+00 -0.1135276E+00  0.3625096E-01
 0.6800000E-01 -0.8577392E+00  0.4628879E+00 -0.8577392E+00 -0.4628879E+00 -0.1741553E+00 -0.1324698E+00  0.4787832E-01
 0.6820000E-01 -0.8959638E+00  0.3487262E+00 -0.8959638E+00 -0.3487262E+00 -0.1745485E+00 -0.1544579E+00  0.5432444E-01
 0.6840000E-01 -0.9194126E+00  0.2325116E+00 -0.9194126E+00 -0.2325116E+00 -0.1562734E+00 -0.1649368E+00  0.5162552E-01
 0.6860000E-01 -0.9281968E+00  0.1160951E+00 -0.9281968E+00 -0.1160951E+00 -0.1309497E+00 -0.1541310E+00  0.4090419E-01
 0.6880000E-01 -0.9226507E+00  0.1265489E-02 -0.9226507E+00 -0.1265489E-02 -0.1142404E+00 -0.1223280E+00  0.2801501E-01
 0.6900000E-01 -0.9033172E+00 -0.1102756E+00 -0.9033172E+00  0.1102756E+00 -0.1181287E+00 -0.8036357E-01  0.2041269E-01
 0.6920000E-01 -0.8709322E+00 -0.2169369E+00 -0.8709322E+00  0.2169369E+00 -0.1445978E+00 -0.4475943E-01  0.2291194E-01
 0.6940000E-01 -0.8264049E+00 -0.3172581E+00 -0.8264049E+00  0.3172581E+00 -0.1840304E+00 -0.2966741E-01  0.3474733E-01
 0.6960000E-01 -0.7707981E+00 -0.4099269E+00 -0.7707981E+00  0.4099269E+00 -0.2194332E+00 -0.3954467E-01  0.4971470E-01
 0.6980000E-01 -0.7053052E+00 -0.4937936E+00 -0.7053052E+00  0.4937936E+00 -0.2346744E+00 -0.6635272E-01  0.5947477E-01
 0.7000000E-01 -0.6312275E+00 -0.5678825E+00 -0.6312275E+00  0.5678825E+00 -0.2227498E+00 -0.9297884E-01  0.5826254E-01
 0.7020000E-01 -0.5499496E+00 -0.6314002E+00 -0.5499496E+00  0.6314002E+00 -0.1898448E+00 -0.1014841E+00  0.4634006E-01
 0.7040000E-01 -0.4629160E+00 -0.6837401E+00 -0.4629160E+00  0.6837401E+00 -0.1528751E+00 -0.8221968E-01  0.3013086E-01
 0.7060000E-01 -0.3716062E+00 -0.7244851E+00 -0.3716062E+00  0.7244851E+00 -0.1314102E+00 -0.3918357E-01  0.1880399E-01
 0.7080000E-01 -0.2775113E+00 -0.7534062E+00 -0.2775113E+00  0.7534062E+00 -0.1378269E+00  0.1133263E-01  0.1912468E-01
 0.7100000E-01 -0.1821112E+00 -0.7704588E+00 -0.1821112E+00  0.7704588E+00 -0.1706574E+00  0.4845780E-01  0.3147209E-01
 0.7120000E-01 -0.8685264E-01 -0.7757762E+00 -0.8685264E-01  0.7757762E+00 -0.2147107E+00  0.5717136E-01  0.4936923E-01
 0.7140000E-01  0.6871079E-02 -0.7696608E+00  0.6871079E-02  0.7696608E+00 -0.2482335E+00  0.3621767E-01  0.6293157E-01
 0.7160000E-01  0.9773872E-01 -0.7525733E+00  0.9773872E-01  0.7525733E+00 -0.2537545E+00 -0.6857267E-03  0.6439182E-01
 0.7180000E-01  0.1845180E+00 -0.7251192E+00  0.1845180E+00  0.7251192E+00 -0.2271947E+00 -0.3127044E-01  0.5259529E-01
 0.7200000E-01  0.2660806E+00 -0.6880348E+00  0.2660806E+00  0.6880348E+00 -0.1804726E+00 -0.3579071E-01  0.3385133E-01
 0.7220000E-01  0.3414143E+00 -0.6421710E+00  0.3414143E+00  0.6421710E+00 -0.1359913E+00 -0.7229218E-02  0.1854589E-01
 0.7240000E-01  0.4096342E+00 -0.5884766E+00  0.4096342E+00  0.5884766E+00 -0.1155326E+00  0.4466760E-01  0.1534298E-01
 0.7260000E-01  0.4699898E+00 -0.5279802E+00  0.4699898E+00  0.5279802E+00 -0.1290858E+00  0.9784230E-01  0.2623625E-01
 0.7280000E-01  0.5218718E+00 -0.4617724E+00  0.5218718E+00  0.4617724E+00 -0.1693873E+00  0.1288663E+00  0.4529856E-01
 0.7300000E-01  0.5648148E+00 -0.3909873E+00  0.5648148E+00  0.3909873E+00 -0.2151914E+00  0.1249194E+00  0.6191219E-01
 0.7320000E-01  0.5984986E+00 -0.3167846E+00  0.5984986E+00  0.3167846E+00 -0.2418504E+00  0.9063131E-01  0.6670567E-01
 0.7340000E-01  0.6227477E+00 -0.2403316E+00  0.6227477E+00  0.2403316E+00 -0.2339266E+00  0.4608177E-01  0.5684520E-01
 0.7360000E-01  0.6375277E+00 -0.1627860E+00  0.6375277E+00  0.1627860E+00 -0.1933345E+00  0.1675839E-01  0.3765906E-01
 0.7380000E-01  0.6429405E+00 -0.8527977E-01  0.6429405E+00  0.8527977E-01 -0.1386614E+00  0.2050076E-01  0.1964725E-01
 0.7400000E-01  0.6392177E+00 -0.8903825E-02  0.6392177E+00  0.8903825E-02 -0.9582037E-01  0.5817150E-01  0.1256547E-01
 0.7420000E-01  0.6267122E+00  0.6530607E-01  0.6267122E+00 -0.6530607E-01 -0.8474211E-01  0.1130063E+00  0.1995166E-01
 0.7440000E-01  0.6058882E+00  0.1363819E+00  0.6058882E+00 -0.1363819E+00 -0.1090028E+00  0.1591411E+00  0.3720753E-01
 0.7460000E-01  0.5773109E+00  0.2034344E+00  0.5773109E+00 -0.2034344E+00 -0.1538796E+00  0.1749865E+00  0.5429922E-01
 0.7480000E-01  0.5416338E+00  0.2656630E+00  0.5416338E+00 -0.2656630E+00 -0.1939704E+00  0.1544774E+00  0.6148780E-01
 0.7500000E-01  0.4995867E+00  0.3223633E+00  0.4995867E+00 -0.3223633E+00 -0.2064672E+00  0.1102377E+00  0.5478106E-01
 0.7520000E-01  0.4519619E+00  0.3729333E+00  0.4519619E+00 -0.3729333E+00 -0.1831075E+00  0.6691009E-01  0.3800533E-01
 0.7540000E-01  0.3996012E+00  0.4168784E+00  0.3996012E+00 -0.4168784E+00 -0.1344483E+00  0.4812528E-01  0.2039238E-01
 0.7560000E-01  0.3433817E+00  0.4538134E+00  0.3433817E+00 -0.4538134E+00 -0.8414577E-01  0.6402408E-01  0.1117959E-01
 0.7580000E-01  0.2842023E+00  0.4834642E+00  0.2842023E+00 -0.4834642E+00 -0.5627362E-01  0.1060112E+00  0.1440510E-01
 0.7600000E-01  0.2229705E+00  0.5056672E+00  0.2229705E+00 -0.5056672E+00 -0.6248631E-01  0.1515666E+00  0.2687697E-01
 0.7620000E-01  0.1605893E+00  0.5203670E+00  0.1605893E+00 -0.5203670E+00 -0.9595708E-01  0.1765071E+00  0.4036252E-01
 0.7640000E-01  0.9794497E-01  0.5276134E+00  0.9794497E-01 -0.5276134E+00 -0.1353598E+00  0.1680283E+00  0.4655579E-01
 0.7660000E-01  0.3589532E-01  0.5275562E+00  0.3589532E-01 -0.5275562E+00 -0.1566777E+00  0.1314092E+00  0.4181627E-01
 0.7680000E-01 -0.2474089E-01  0.5204395E+00 -0.2474089E-01 -0.5204395E+00 -0.1463135E+00  0.8674083E-01  0.2893162E-01
 0.7700000E-01 -0.8319374E-01  0.5065946E+00 -0.8319374E-01 -0.5065946E+00 -0.1082502E+00  0.5755941E-01  0.1503120E-01
 0.7720000E-01 -0.1387507E+00  0.4864322E+00 -0.1387507E+00 -0.4864322E+00 -0.6132720E-01  0.5777670E-01  0.7099173E-02
 0.7740000E-01 -0.1907643E+00  0.4604333E+00 -0.1907643E+00 -0.4604333E+00 -0.2824714E-01  0.8425745E-01  0.7897218E-02
 0.7760000E-01 -0.2386582E+00  0.4291406E+00 -0.2386582E+00 -0.4291406E+00 -0.2261024E-01  0.1192017E+00  0.1472026E-01
 0.7780000E-01 -0.2819322E+00  0.3931480E+00 -0.2819322E+00 -0.3931480E+00 -0.4141086E-01  0.1408997E+00  0.2156758E-01
 0.7800000E-01 -0.3201666E+00  0.3530910E+00 -0.3201666E+00 -0.3530910E+00 -0.6731466E-01  0.1365980E+00  0.2319029E-01
 0.7820000E-01 -0.3530237E+00  0.3096364E+00 -0.3530237E+00 -0.3096364E+00 -0.7937622E-01  0.1099433E+00  0.1838812E-01
 0.7840000E-01 -0.3802504E+00  0.2634722E+00 -0.3802504E+00 -0.2634722E+00 -0.6588790E-01  0.7857207E-01  0.1051479E-01
 0.7860000E-01 -0.4016771E+00  0.2152972E+00 -0.4016771E+00 -0.2152972E+00 -0.3168868E-01  0.6318364E-01  0.4996345E-02
 0.7880000E-01 -0.4172175E+00  0.1658118E+00 -0.4172175E+00 -0.1658118E+00  0.4589509E-02  0.7455348E-01  0.5579285E-02
 0.7900000E-01 -0.4268662E+00  0.1157079E+00 -0.4268662E+00 -0.1157079E+00  0.2192133E-01  0.1063617E+00  0.1179335E-01
 0.7920000E-01 -0.4306958E+00  0.6566061E-01 -0.4306958E+00 -0.6566061E-01  0.1022102E-01  0.1384531E+00  0.1927372E-01
 0.7940000E-01 -0.4288525E+00  0.1631974E-01 -0.4288525E+00 -0.1631974E-01 -0.2256119E-01  0.1489662E+00  0.2269993E-01
 0.7960000E-01 -0.4215517E+00 -0.3169793E-01 -0.4215517E+00  0.3169793E-01 -0.5431768E-01  0.1282509E+00  0.1939871E-01
 0.7980000E-01 -0.4090723E+00 -0.7781535E-01 -0.4090723E+00  0.7781535E-01 -0.6187919E-01  0.8600387E-01  0.1122570E-01
