 0.1000000E-01  0.4927251E-08
 0.2000000E-01  0.1969002E-07
 0.3000000E-01  0.4424358E-07
 0.4000000E-01  0.7852148E-07
 0.5000000E-01  0.1224356E-06
 0.6000000E-01  0.1758765E-06
 0.7000000E-01  0.2387147E-06
 0.8000000E-01  0.3108022E-06
 0.9000000E-01  0.3919756E-06
 0.1000000E+00  0.4820589E-06
 0.1100000E+00  0.5808678E-06
 0.1200000E+00  0.6882133E-06
 0.1300000E+00  0.8039052E-06
 0.1400000E+00  0.9277561E-06
 0.1500000E+00  0.1059584E-05
 0.1600000E+00  0.1199217E-05
 0.1700000E+00  0.1346496E-05
 0.1800000E+00  0.1501280E-05
 0.1900000E+00  0.1663448E-05
 0.2000000E+00  0.1832912E-05
 0.2100000E+00  0.2009615E-05
 0.2200000E+00  0.2193544E-05
 0.2300000E+00  0.2384731E-05
 0.2400000E+00  0.2583264E-05
 0.2500000E+00  0.2789289E-05
 0.2600000E+00  0.3003015E-05
 0.2700000E+00  0.3224720E-05
 0.2800000E+00  0.3454751E-05
 0.2900000E+00  0.3693534E-05
 0.3000000E+00  0.3941573E-05
 0.3100000E+00  0.4199458E-05
 0.3200000E+00  0.4467870E-05
 0.3300000E+00  0.4747584E-05
 0.3400000E+00  0.5039472E-05
 0.3500000E+00  0.5344508E-05
 0.3600000E+00  0.5663770E-05
 0.3700000E+00  0.5998434E-05
 0.3800000E+00  0.6349776E-05
 0.3900000E+00  0.6719170E-05
 0.4000000E+00  0.7108080E-05
 0.4100000E+00  0.7518055E-05
 0.4200000E+00  0.7950730E-05
 0.4300000E+00  0.8407814E-05
 0.4400000E+00  0.8891088E-05
 0.4500000E+00  0.9402397E-05
 0.4600000E+00  0.9943644E-05
 0.4700000E+00  0.1051678E-04
 0.4800000E+00  0.1112380E-04
 0.4900000E+00  0.1176674E-04
 0.5000000E+00  0.1244764E-04
 0.5100000E+00  0.1316857E-04
 0.5200000E+00  0.1393162E-04
 0.5300000E+00  0.1473889E-04
 0.5400000E+00  0.1559249E-04
 0.5500000E+00  0.1649455E-04
 0.5600000E+00  0.1744721E-04
 0.5700000E+00  0.1845268E-04
 0.5800000E+00  0.1951320E-04
 0.5900000E+00  0.2063108E-04
 0.6000000E+00  0.2180874E-04
 0.6100000E+00  0.2304876E-04
 0.6200000E+00  0.2435387E-04
 0.6300000E+00  0.2572711E-04
 0.6400000E+00  0.2717184E-04
 0.6500000E+00  0.2869192E-04
 0.6600000E+00  0.3029181E-04
 0.6700000E+00  0.3197679E-04
 0.6800000E+00  0.3375317E-04
 0.6900000E+00  0.3562866E-04
 0.7000000E+00  0.3761267E-04
 0.7100000E+00  0.3971687E-04
 0.7200000E+00  0.4195581E-04
 0.7300000E+00  0.4434779E-04
 0.7400000E+00  0.4691594E-04
 0.7500000E+00  0.4968973E-04
 0.7600000E+00  0.5270685E-04
 0.7700000E+00  0.5601579E-04
 0.7800000E+00  0.5967915E-04
 0.7900000E+00  0.6377806E-04
 0.8000000E+00  0.6841779E-04
 0.8100000E+00  0.7373517E-04
 0.8200000E+00  0.7990793E-04
 0.8300000E+00  0.8716668E-04
 0.8400000E+00  0.9580995E-04
 0.8500000E+00  0.1062229E-03
 0.8600000E+00  0.1189004E-03
 0.8700000E+00  0.1344748E-03
 0.8800000E+00  0.1537498E-03
 0.8900000E+00  0.1777395E-03
 0.9000000E+00  0.2077146E-03
 0.9100000E+00  0.2452550E-03
 0.9200000E+00  0.2923076E-03
 0.9300000E+00  0.3512516E-03
 0.9400000E+00  0.4249660E-03
 0.9500000E+00  0.5169021E-03
 0.9600000E+00  0.6311542E-03
 0.9700000E+00  0.7725299E-03
 0.9800000E+00  0.9466127E-03
 0.9900000E+00  0.1159816E-02
 0.1000000E+01  0.1419421E-02
 0.1010000E+01  0.1733600E-02
 0.1020000E+01  0.2111414E-02
 0.1030000E+01  0.2562782E-02
 0.1040000E+01  0.3098428E-02
 0.1050000E+01  0.3729791E-02
 0.1060000E+01  0.4468907E-02
 0.1070000E+01  0.5328257E-02
 0.1080000E+01  0.6320589E-02
 0.1090000E+01  0.7458712E-02
 0.1100000E+01  0.8755274E-02
 0.1110000E+01  0.1022252E-01
 0.1120000E+01  0.1187204E-01
 0.1130000E+01  0.1371452E-01
 0.1140000E+01  0.1575952E-01
 0.1150000E+01  0.1801519E-01
 0.1160000E+01  0.2048812E-01
 0.1170000E+01  0.2318312E-01
 0.1180000E+01  0.2610308E-01
 0.1190000E+01  0.2924891E-01
 0.1200000E+01  0.3261945E-01
 0.1210000E+01  0.3621154E-01
 0.1220000E+01  0.4002011E-01
 0.1230000E+01  0.4403836E-01
 0.1240000E+01  0.4825803E-01
 0.1250000E+01  0.5266974E-01
 0.1260000E+01  0.5726341E-01
 0.1270000E+01  0.6202869E-01
 0.1280000E+01  0.6695544E-01
 0.1290000E+01  0.7203420E-01
 0.1300000E+01  0.7725650E-01
 0.1310000E+01  0.8261521E-01
 0.1320000E+01  0.8810456E-01
 0.1330000E+01  0.9372015E-01
 0.1340000E+01  0.9945859E-01
 0.1350000E+01  0.1053171E+00
 0.1360000E+01  0.1112928E+00
 0.1370000E+01  0.1173820E+00
 0.1380000E+01  0.1235795E+00
 0.1390000E+01  0.1298779E+00
 0.1400000E+01  0.1362668E+00
 0.1410000E+01  0.1427330E+00
 0.1420000E+01  0.1492604E+00
 0.1430000E+01  0.1558301E+00
 0.1440000E+01  0.1624217E+00
 0.1450000E+01  0.1690143E+00
 0.1460000E+01  0.1755873E+00
 0.1470000E+01  0.1821222E+00
 0.1480000E+01  0.1886036E+00
 0.1490000E+01  0.1950200E+00
 0.1500000E+01  0.2013641E+00
 0.1510000E+01  0.2076332E+00
 0.1520000E+01  0.2138284E+00
 0.1530000E+01  0.2199535E+00
 0.1540000E+01  0.2260138E+00
 0.1550000E+01  0.2320147E+00
 0.1560000E+01  0.2379599E+00
 0.1570000E+01  0.2438508E+00
 0.1580000E+01  0.2496851E+00
 0.1590000E+01  0.2554571E+00
 0.1600000E+01  0.2611575E+00
 0.1610000E+01  0.2667749E+00
 0.1620000E+01  0.2722964E+00
 0.1630000E+01  0.2777093E+00
 0.1640000E+01  0.2830025E+00
 0.1650000E+01  0.2881677E+00
 0.1660000E+01  0.2931999E+00
 0.1670000E+01  0.2980980E+00
 0.1680000E+01  0.3028646E+00
 0.1690000E+01  0.3075048E+00
 0.1700000E+01  0.3120259E+00
 0.1710000E+01  0.3164356E+00
 0.1720000E+01  0.3207413E+00
 0.1730000E+01  0.3249490E+00
 0.1740000E+01  0.3290627E+00
 0.1750000E+01  0.3330842E+00
 0.1760000E+01  0.3370132E+00
 0.1770000E+01  0.3408478E+00
 0.1780000E+01  0.3445850E+00
 0.1790000E+01  0.3482213E+00
 0.1800000E+01  0.3517536E+00
 0.1810000E+01  0.3551794E+00
 0.1820000E+01  0.3584971E+00
 0.1830000E+01  0.3617062E+00
 0.1840000E+01  0.3648074E+00
 0.1850000E+01  0.3678024E+00
 0.1860000E+01  0.3706936E+00
 0.1870000E+01  0.3734844E+00
 0.1880000E+01  0.3761789E+00
 0.1890000E+01  0.3787820E+00
 0.1900000E+01  0.3812991E+00
 0.1910000E+01  0.3837358E+00
 0.1920000E+01  0.3860980E+00
 0.1930000E+01  0.3883911E+00
 0.1940000E+01  0.3906196E+00
 0.1950000E+01  0.3927866E+00
 0.1960000E+01  0.3948934E+00
 0.1970000E+01  0.3969396E+00
 0.1980000E+01  0.3989230E+00
 0.1990000E+01  0.4008400E+00
 0.2000000E+01  0.4026871E+00
 0.2010000E+01  0.4044608E+00
 0.2020000E+01  0.4061596E+00
 0.2030000E+01  0.4077842E+00
 0.2040000E+01  0.4093382E+00
 0.2050000E+01  0.4108277E+00
 0.2060000E+01  0.4122614E+00
 0.2070000E+01  0.4136489E+00
 0.2080000E+01  0.4149998E+00
 0.2090000E+01  0.4163219E+00
 0.2100000E+01  0.4176205E+00
 0.2110000E+01  0.4188974E+00
 0.2120000E+01  0.4201509E+00
 0.2130000E+01  0.4213759E+00
 0.2140000E+01  0.4225656E+00
 0.2150000E+01  0.4237130E+00
 0.2160000E+01  0.4248121E+00
 0.2170000E+01  0.4258596E+00
 0.2180000E+01  0.4268560E+00
 0.2190000E+01  0.4278057E+00
 0.2200000E+01  0.4287165E+00
 0.2210000E+01  0.4295985E+00
 0.2220000E+01  0.4304623E+00
 0.2230000E+01  0.4313175E+00
 0.2240000E+01  0.4321708E+00
 0.2250000E+01  0.4330250E+00
 0.2260000E+01  0.4338788E+00
 0.2270000E+01  0.4347271E+00
 0.2280000E+01  0.4355620E+00
 0.2290000E+01  0.4363747E+00
 0.2300000E+01  0.4371570E+00
 0.2310000E+01  0.4379031E+00
 0.2320000E+01  0.4386108E+00
 0.2330000E+01  0.4392818E+00
 0.2340000E+01  0.4399216E+00
 0.2350000E+01  0.4405383E+00
 0.2360000E+01  0.4411415E+00
 0.2370000E+01  0.4417402E+00
 0.2380000E+01  0.4423416E+00
 0.2390000E+01  0.4429501E+00
 0.2400000E+01  0.4435660E+00
 0.2410000E+01  0.4441864E+00
 0.2420000E+01  0.4448055E+00
 0.2430000E+01  0.4454156E+00
 0.2440000E+01  0.4460086E+00
 0.2450000E+01  0.4465773E+00
 0.2460000E+01  0.4471161E+00
 0.2470000E+01  0.4476224E+00
 0.2480000E+01  0.4480963E+00
 0.2490000E+01  0.4485406E+00
 0.2500000E+01  0.4489601E+00
 0.2510000E+01  0.4493612E+00
 0.2520000E+01  0.4497504E+00
 0.2530000E+01  0.4501341E+00
 0.2540000E+01  0.4505172E+00
 0.2550000E+01  0.4509030E+00
 0.2560000E+01  0.4512925E+00
 0.2570000E+01  0.4516845E+00
 0.2580000E+01  0.4520755E+00
 0.2590000E+01  0.4524604E+00
 0.2600000E+01  0.4528325E+00
 0.2610000E+01  0.4531849E+00
 0.2620000E+01  0.4535106E+00
 0.2630000E+01  0.4538042E+00
 0.2640000E+01  0.4540620E+00
 0.2650000E+01  0.4542830E+00
 0.2660000E+01  0.4544695E+00
 0.2670000E+01  0.4546263E+00
 0.2680000E+01  0.4547611E+00
 0.2690000E+01  0.4548828E+00
 0.2700000E+01  0.4550007E+00
 0.2710000E+01  0.4551232E+00
 0.2720000E+01  0.4552562E+00
 0.2730000E+01  0.4554021E+00
 0.2740000E+01  0.4555595E+00
 0.2750000E+01  0.4557232E+00
 0.2760000E+01  0.4558848E+00
 0.2770000E+01  0.4560341E+00
 0.2780000E+01  0.4561604E+00
 0.2790000E+01  0.4562548E+00
 0.2800000E+01  0.4563110E+00
 0.2810000E+01  0.4563268E+00
 0.2820000E+01  0.4563046E+00
 0.2830000E+01  0.4562505E+00
 0.2840000E+01  0.4561742E+00
 0.2850000E+01  0.4560868E+00
 0.2860000E+01  0.4559995E+00
 0.2870000E+01  0.4559216E+00
 0.2880000E+01  0.4558596E+00
 0.2890000E+01  0.4558159E+00
 0.2900000E+01  0.4557888E+00
 0.2910000E+01  0.4557731E+00
 0.2920000E+01  0.4557609E+00
 0.2930000E+01  0.4557430E+00
 0.2940000E+01  0.4557102E+00
 0.2950000E+01  0.4556551E+00
 0.2960000E+01  0.4555725E+00
 0.2970000E+01  0.4554601E+00
 0.2980000E+01  0.4553189E+00
 0.2990000E+01  0.4551521E+00
 0.3000000E+01  0.4549649E+00
 0.3010000E+01  0.4547634E+00
 0.3020000E+01  0.4545535E+00
 0.3030000E+01  0.4543400E+00
 0.3040000E+01  0.4541264E+00
 0.3050000E+01  0.4539143E+00
 0.3060000E+01  0.4537035E+00
 0.3070000E+01  0.4534919E+00
 0.3080000E+01  0.4532764E+00
 0.3090000E+01  0.4530530E+00
 0.3100000E+01  0.4528174E+00
 0.3110000E+01  0.4525657E+00
 0.3120000E+01  0.4522943E+00
 0.3130000E+01  0.4520006E+00
 0.3140000E+01  0.4516831E+00
 0.3150000E+01  0.4513414E+00
 0.3160000E+01  0.4509760E+00
 0.3170000E+01  0.4505886E+00
 0.3180000E+01  0.4501815E+00
 0.3190000E+01  0.4497572E+00
 0.3200000E+01  0.4493182E+00
 0.3210000E+01  0.4488668E+00
 0.3220000E+01  0.4484041E+00
 0.3230000E+01  0.4479305E+00
 0.3240000E+01  0.4474450E+00
 0.3250000E+01  0.4469457E+00
 0.3260000E+01  0.4464297E+00
 0.3270000E+01  0.4458936E+00
 0.3280000E+01  0.4453343E+00
 0.3290000E+01  0.4447488E+00
 0.3300000E+01  0.4441351E+00
 0.3310000E+01  0.4434921E+00
 0.3320000E+01  0.4428199E+00
 0.3330000E+01  0.4421192E+00
 0.3340000E+01  0.4413912E+00
 0.3350000E+01  0.4406371E+00
 0.3360000E+01  0.4398573E+00
 0.3370000E+01  0.4390513E+00
 0.3380000E+01  0.4382172E+00
 0.3390000E+01  0.4373522E+00
 0.3400000E+01  0.4364520E+00
 0.3410000E+01  0.4355123E+00
 0.3420000E+01  0.4345285E+00
 0.3430000E+01  0.4334967E+00
 0.3440000E+01  0.4324140E+00
 0.3450000E+01  0.4312789E+00
 0.3460000E+01  0.4300916E+00
 0.3470000E+01  0.4288532E+00
 0.3480000E+01  0.4275661E+00
 0.3490000E+01  0.4262331E+00
 0.3500000E+01  0.4248572E+00
 0.3510000E+01  0.4234408E+00
 0.3520000E+01  0.4219859E+00
 0.3530000E+01  0.4204937E+00
 0.3540000E+01  0.4189650E+00
 0.3550000E+01  0.4173998E+00
 0.3560000E+01  0.4157982E+00
 0.3570000E+01  0.4141603E+00
 0.3580000E+01  0.4124868E+00
 0.3590000E+01  0.4107786E+00
 0.3600000E+01  0.4090370E+00
 0.3610000E+01  0.4072639E+00
 0.3620000E+01  0.4054611E+00
 0.3630000E+01  0.4036303E+00
 0.3640000E+01  0.4017729E+00
 0.3650000E+01  0.3998899E+00
 0.3660000E+01  0.3979815E+00
 0.3670000E+01  0.3960475E+00
 0.3680000E+01  0.3940873E+00
 0.3690000E+01  0.3920998E+00
 0.3700000E+01  0.3900839E+00
 0.3710000E+01  0.3880383E+00
 0.3720000E+01  0.3859619E+00
 0.3730000E+01  0.3838539E+00
 0.3740000E+01  0.3817137E+00
 0.3750000E+01  0.3795410E+00
 0.3760000E+01  0.3773361E+00
 0.3770000E+01  0.3750998E+00
 0.3780000E+01  0.3728332E+00
 0.3790000E+01  0.3705380E+00
 0.3800000E+01  0.3682167E+00
 0.3810000E+01  0.3658720E+00
 0.3820000E+01  0.3635070E+00
 0.3830000E+01  0.3611250E+00
 0.3840000E+01  0.3587293E+00
 0.3850000E+01  0.3563229E+00
 0.3860000E+01  0.3539085E+00
 0.3870000E+01  0.3514879E+00
 0.3880000E+01  0.3490625E+00
 0.3890000E+01  0.3466328E+00
 0.3900000E+01  0.3441989E+00
 0.3910000E+01  0.3417602E+00
 0.3920000E+01  0.3393161E+00
 0.3930000E+01  0.3368661E+00
 0.3940000E+01  0.3344096E+00
 0.3950000E+01  0.3319464E+00
 0.3960000E+01  0.3294767E+00
 0.3970000E+01  0.3270007E+00
 0.3980000E+01  0.3245190E+00
 0.3990000E+01  0.3220320E+00
 0.4000000E+01  0.3195402E+00
 0.4010000E+01  0.3170438E+00
 0.4020000E+01  0.3145426E+00
 0.4030000E+01  0.3120363E+00
 0.4040000E+01  0.3095247E+00
 0.4050000E+01  0.3070073E+00
 0.4060000E+01  0.3044838E+00
 0.4070000E+01  0.3019544E+00
 0.4080000E+01  0.2994192E+00
 0.4090000E+01  0.2968790E+00
 0.4100000E+01  0.2943348E+00
 0.4110000E+01  0.2917877E+00
 0.4120000E+01  0.2892392E+00
 0.4130000E+01  0.2866905E+00
 0.4140000E+01  0.2841431E+00
 0.4150000E+01  0.2815982E+00
 0.4160000E+01  0.2790572E+00
 0.4170000E+01  0.2765211E+00
 0.4180000E+01  0.2739911E+00
 0.4190000E+01  0.2714682E+00
 0.4200000E+01  0.2689532E+00
 0.4210000E+01  0.2664470E+00
 0.4220000E+01  0.2639498E+00
 0.4230000E+01  0.2614617E+00
 0.4240000E+01  0.2589821E+00
 0.4250000E+01  0.2565100E+00
 0.4260000E+01  0.2540437E+00
 0.4270000E+01  0.2515811E+00
 0.4280000E+01  0.2491198E+00
 0.4290000E+01  0.2466574E+00
 0.4300000E+01  0.2441919E+00
 0.4310000E+01  0.2417216E+00
 0.4320000E+01  0.2392456E+00
 0.4330000E+01  0.2367641E+00
 0.4340000E+01  0.2342782E+00
 0.4350000E+01  0.2317901E+00
 0.4360000E+01  0.2293026E+00
 0.4370000E+01  0.2268191E+00
 0.4380000E+01  0.2243437E+00
 0.4390000E+01  0.2218800E+00
 0.4400000E+01  0.2194316E+00
 0.4410000E+01  0.2170015E+00
 0.4420000E+01  0.2145921E+00
 0.4430000E+01  0.2122047E+00
 0.4440000E+01  0.2098399E+00
 0.4450000E+01  0.2074972E+00
 0.4460000E+01  0.2051752E+00
 0.4470000E+01  0.2028719E+00
 0.4480000E+01  0.2005844E+00
 0.4490000E+01  0.1983097E+00
 0.4500000E+01  0.1960443E+00
 0.4510000E+01  0.1937850E+00
 0.4520000E+01  0.1915289E+00
 0.4530000E+01  0.1892736E+00
 0.4540000E+01  0.1870180E+00
 0.4550000E+01  0.1847615E+00
 0.4560000E+01  0.1825053E+00
 0.4570000E+01  0.1802514E+00
 0.4580000E+01  0.1780032E+00
 0.4590000E+01  0.1757649E+00
 0.4600000E+01  0.1735415E+00
 0.4610000E+01  0.1713380E+00
 0.4620000E+01  0.1691597E+00
 0.4630000E+01  0.1670108E+00
 0.4640000E+01  0.1648951E+00
 0.4650000E+01  0.1628149E+00
 0.4660000E+01  0.1607710E+00
 0.4670000E+01  0.1587628E+00
 0.4680000E+01  0.1567883E+00
 0.4690000E+01  0.1548438E+00
 0.4700000E+01  0.1529250E+00
 0.4710000E+01  0.1510264E+00
 0.4720000E+01  0.1491426E+00
 0.4730000E+01  0.1472682E+00
 0.4740000E+01  0.1453987E+00
 0.4750000E+01  0.1435306E+00
 0.4760000E+01  0.1416619E+00
 0.4770000E+01  0.1397926E+00
 0.4780000E+01  0.1379244E+00
 0.4790000E+01  0.1360611E+00
 0.4800000E+01  0.1342079E+00
 0.4810000E+01  0.1323712E+00
 0.4820000E+01  0.1305583E+00
 0.4830000E+01  0.1287762E+00
 0.4840000E+01  0.1270312E+00
 0.4850000E+01  0.1253284E+00
 0.4860000E+01  0.1236708E+00
 0.4870000E+01  0.1220591E+00
 0.4880000E+01  0.1204917E+00
 0.4890000E+01  0.1189645E+00
 0.4900000E+01  0.1174717E+00
 0.4910000E+01  0.1160060E+00
 0.4920000E+01  0.1145597E+00
 0.4930000E+01  0.1131252E+00
 0.4940000E+01  0.1116960E+00
 0.4950000E+01  0.1102672E+00
 0.4960000E+01  0.1088365E+00
 0.4970000E+01  0.1074035E+00
 0.4980000E+01  0.1059704E+00
 0.4990000E+01  0.1045416E+00
 0.5000000E+01  0.1031229E+00
 0.5010000E+01  0.1017210E+00
 0.5020000E+01  0.1003428E+00
 0.5030000E+01  0.9899462E-01
 0.5040000E+01  0.9768146E-01
 0.5050000E+01  0.9640677E-01
 0.5060000E+01  0.9517199E-01
 0.5070000E+01  0.9397664E-01
 0.5080000E+01  0.9281844E-01
 0.5090000E+01  0.9169368E-01
 0.5100000E+01  0.9059774E-01
 0.5110000E+01  0.8952559E-01
 0.5120000E+01  0.8847238E-01
 0.5130000E+01  0.8743388E-01
 0.5140000E+01  0.8640687E-01
 0.5150000E+01  0.8538934E-01
 0.5160000E+01  0.8438051E-01
 0.5170000E+01  0.8338078E-01
 0.5180000E+01  0.8239145E-01
 0.5190000E+01  0.8141439E-01
 0.5200000E+01  0.8045174E-01
 0.5210000E+01  0.7950552E-01
 0.5220000E+01  0.7857736E-01
 0.5230000E+01  0.7766834E-01
 0.5240000E+01  0.7677890E-01
 0.5250000E+01  0.7590893E-01
 0.5260000E+01  0.7505792E-01
 0.5270000E+01  0.7422519E-01
 0.5280000E+01  0.7341017E-01
 0.5290000E+01  0.7261261E-01
 0.5300000E+01  0.7183280E-01
 0.5310000E+01  0.7107159E-01
 0.5320000E+01  0.7033042E-01
 0.5330000E+01  0.6961107E-01
 0.5340000E+01  0.6891549E-01
 0.5350000E+01  0.6824543E-01
 0.5360000E+01  0.6760211E-01
 0.5370000E+01  0.6698598E-01
 0.5380000E+01  0.6639647E-01
 0.5390000E+01  0.6583201E-01
 0.5400000E+01  0.6529003E-01
 0.5410000E+01  0.6476728E-01
 0.5420000E+01  0.6426014E-01
 0.5430000E+01  0.6376507E-01
 0.5440000E+01  0.6327912E-01
 0.5450000E+01  0.6280028E-01
 0.5460000E+01  0.6232788E-01
 0.5470000E+01  0.6186271E-01
 0.5480000E+01  0.6140709E-01
 0.5490000E+01  0.6096463E-01
 0.5500000E+01  0.6053992E-01
 0.5510000E+01  0.6013810E-01
 0.5520000E+01  0.5976426E-01
 0.5530000E+01  0.5942295E-01
 0.5540000E+01  0.5911769E-01
 0.5550000E+01  0.5885058E-01
 0.5560000E+01  0.5862217E-01
 0.5570000E+01  0.5843136E-01
 0.5580000E+01  0.5827562E-01
 0.5590000E+01  0.5815134E-01
 0.5600000E+01  0.5805422E-01
 0.5610000E+01  0.5797984E-01
 0.5620000E+01  0.5792414E-01
 0.5630000E+01  0.5788390E-01
 0.5640000E+01  0.5785705E-01
 0.5650000E+01  0.5784283E-01
 0.5660000E+01  0.5784184E-01
 0.5670000E+01  0.5785583E-01
 0.5680000E+01  0.5788739E-01
 0.5690000E+01  0.5793959E-01
 0.5700000E+01  0.5801547E-01
 0.5710000E+01  0.5811769E-01
 0.5720000E+01  0.5824814E-01
 0.5730000E+01  0.5840772E-01
 0.5740000E+01  0.5859635E-01
 0.5750000E+01  0.5881299E-01
 0.5760000E+01  0.5905593E-01
 0.5770000E+01  0.5932316E-01
 0.5780000E+01  0.5961274E-01
 0.5790000E+01  0.5992320E-01
 0.5800000E+01  0.6025393E-01
 0.5810000E+01  0.6060532E-01
 0.5820000E+01  0.6097891E-01
 0.5830000E+01  0.6137722E-01
 0.5840000E+01  0.6180356E-01
 0.5850000E+01  0.6226160E-01
 0.5860000E+01  0.6275494E-01
 0.5870000E+01  0.6328665E-01
 0.5880000E+01  0.6385881E-01
 0.5890000E+01  0.6447222E-01
 0.5900000E+01  0.6512627E-01
 0.5910000E+01  0.6581890E-01
 0.5920000E+01  0.6654687E-01
 0.5930000E+01  0.6730610E-01
 0.5940000E+01  0.6809220E-01
 0.5950000E+01  0.6890104E-01
 0.5960000E+01  0.6972930E-01
 0.5970000E+01  0.7057496E-01
 0.5980000E+01  0.7143761E-01
 0.5990000E+01  0.7231861E-01
 0.6000000E+01  0.7322098E-01
 0.6010000E+01  0.7414910E-01
 0.6020000E+01  0.7510815E-01
 0.6030000E+01  0.7610352E-01
 0.6040000E+01  0.7714008E-01
 0.6050000E+01  0.7822150E-01
 0.6060000E+01  0.7934976E-01
 0.6070000E+01  0.8052479E-01
 0.6080000E+01  0.8174444E-01
 0.6090000E+01  0.8300471E-01
 0.6100000E+01  0.8430023E-01
 0.6110000E+01  0.8562498E-01
 0.6120000E+01  0.8697311E-01
 0.6130000E+01  0.8833980E-01
 0.6140000E+01  0.8972192E-01
 0.6150000E+01  0.9111859E-01
 0.6160000E+01  0.9253127E-01
 0.6170000E+01  0.9396369E-01
 0.6180000E+01  0.9542128E-01
 0.6190000E+01  0.9691044E-01
 0.6200000E+01  0.9843761E-01
 0.6210000E+01  0.1000083E+00
 0.6220000E+01  0.1016263E+00
 0.6230000E+01  0.1032930E+00
 0.6240000E+01  0.1050075E+00
 0.6250000E+01  0.1067664E+00
 0.6260000E+01  0.1085646E+00
 0.6270000E+01  0.1103959E+00
 0.6280000E+01  0.1122545E+00
 0.6290000E+01  0.1141354E+00
 0.6300000E+01  0.1160353E+00
 0.6310000E+01  0.1179533E+00
 0.6320000E+01  0.1198904E+00
 0.6330000E+01  0.1218495E+00
 0.6340000E+01  0.1238340E+00
 0.6350000E+01  0.1258473E+00
 0.6360000E+01  0.1278911E+00
 0.6370000E+01  0.1299648E+00
 0.6380000E+01  0.1320648E+00
 0.6390000E+01  0.1341846E+00
 0.6400000E+01  0.1363150E+00
 0.6410000E+01  0.1384456E+00
 0.6420000E+01  0.1405660E+00
 0.6430000E+01  0.1426675E+00
 0.6440000E+01  0.1447443E+00
 0.6450000E+01  0.1467951E+00
 0.6460000E+01  0.1488231E+00
 0.6470000E+01  0.1508359E+00
 0.6480000E+01  0.1528443E+00
 0.6490000E+01  0.1548609E+00
 0.6500000E+01  0.1568976E+00
 0.6510000E+01  0.1589640E+00
 0.6520000E+01  0.1610654E+00
 0.6530000E+01  0.1632020E+00
 0.6540000E+01  0.1653683E+00
 0.6550000E+01  0.1675541E+00
 0.6560000E+01  0.1697458E+00
 0.6570000E+01  0.1719289E+00
 0.6580000E+01  0.1740901E+00
 0.6590000E+01  0.1762192E+00
 0.6600000E+01  0.1783113E+00
 0.6610000E+01  0.1803668E+00
 0.6620000E+01  0.1823913E+00
 0.6630000E+01  0.1843943E+00
 0.6640000E+01  0.1863867E+00
 0.6650000E+01  0.1883784E+00
 0.6660000E+01  0.1903760E+00
 0.6670000E+01  0.1923802E+00
 0.6680000E+01  0.1943859E+00
 0.6690000E+01  0.1963814E+00
 0.6700000E+01  0.1983507E+00
 0.6710000E+01  0.2002757E+00
 0.6720000E+01  0.2021395E+00
 0.6730000E+01  0.2039296E+00
 0.6740000E+01  0.2056408E+00
 0.6750000E+01  0.2072770E+00
 0.6760000E+01  0.2088512E+00
 0.6770000E+01  0.2103847E+00
 0.6780000E+01  0.2119038E+00
 0.6790000E+01  0.2134367E+00
 0.6800000E+01  0.2150085E+00
 0.6810000E+01  0.2166374E+00
 0.6820000E+01  0.2183316E+00
 0.6830000E+01  0.2200871E+00
 0.6840000E+01  0.2218882E+00
 0.6850000E+01  0.2237089E+00
 0.6860000E+01  0.2255168E+00
 0.6870000E+01  0.2272776E+00
 0.6880000E+01  0.2289600E+00
 0.6890000E+01  0.2305404E+00
 0.6900000E+01  0.2320067E+00
 0.6910000E+01  0.2333599E+00
 0.6920000E+01  0.2346142E+00
 0.6930000E+01  0.2357950E+00
 0.6940000E+01  0.2369351E+00
 0.6950000E+01  0.2380706E+00
 0.6960000E+01  0.2392354E+00
 0.6970000E+01  0.2404568E+00
 0.6980000E+01  0.2417524E+00
 0.6990000E+01  0.2431279E+00
 0.7000000E+01  0.2445773E+00
 0.7010000E+01  0.2460845E+00
 0.7020000E+01  0.2476264E+00
 0.7030000E+01  0.2491764E+00
 0.7040000E+01  0.2507090E+00
 0.7050000E+01  0.2522030E+00
 0.7060000E+01  0.2536443E+00
 0.7070000E+01  0.2550270E+00
 0.7080000E+01  0.2563538E+00
 0.7090000E+01  0.2576343E+00
 0.7100000E+01  0.2588828E+00
 0.7110000E+01  0.2601162E+00
 0.7120000E+01  0.2613505E+00
 0.7130000E+01  0.2625994E+00
 0.7140000E+01  0.2638722E+00
 0.7150000E+01  0.2651737E+00
 0.7160000E+01  0.2665044E+00
 0.7170000E+01  0.2678614E+00
 0.7180000E+01  0.2692398E+00
 0.7190000E+01  0.2706348E+00
 0.7200000E+01  0.2720423E+00
 0.7210000E+01  0.2734603E+00
 0.7220000E+01  0.2748888E+00
 0.7230000E+01  0.2763298E+00
 0.7240000E+01  0.2777860E+00
 0.7250000E+01  0.2792602E+00
 0.7260000E+01  0.2807540E+00
 0.7270000E+01  0.2822667E+00
 0.7280000E+01  0.2837946E+00
 0.7290000E+01  0.2853313E+00
 0.7300000E+01  0.2868682E+00
 0.7310000E+01  0.2883948E+00
 0.7320000E+01  0.2899006E+00
 0.7330000E+01  0.2913759E+00
 0.7340000E+01  0.2928136E+00
 0.7350000E+01  0.2942098E+00
 0.7360000E+01  0.2955647E+00
 0.7370000E+01  0.2968825E+00
 0.7380000E+01  0.2981716E+00
 0.7390000E+01  0.2994432E+00
 0.7400000E+01  0.3007107E+00
 0.7410000E+01  0.3019882E+00
 0.7420000E+01  0.3032889E+00
 0.7430000E+01  0.3046240E+00
 0.7440000E+01  0.3060012E+00
 0.7450000E+01  0.3074237E+00
 0.7460000E+01  0.3088901E+00
 0.7470000E+01  0.3103937E+00
 0.7480000E+01  0.3119228E+00
 0.7490000E+01  0.3134620E+00
 0.7500000E+01  0.3149926E+00
 0.7510000E+01  0.3164949E+00
 0.7520000E+01  0.3179493E+00
 0.7530000E+01  0.3193384E+00
 0.7540000E+01  0.3206489E+00
 0.7550000E+01  0.3218726E+00
 0.7560000E+01  0.3230075E+00
 0.7570000E+01  0.3240586E+00
 0.7580000E+01  0.3250371E+00
 0.7590000E+01  0.3259597E+00
 0.7600000E+01  0.3268472E+00
 0.7610000E+01  0.3277224E+00
 0.7620000E+01  0.3286075E+00
 0.7630000E+01  0.3295226E+00
 0.7640000E+01  0.3304827E+00
 0.7650000E+01  0.3314968E+00
 0.7660000E+01  0.3325667E+00
 0.7670000E+01  0.3336870E+00
 0.7680000E+01  0.3348452E+00
 0.7690000E+01  0.3360239E+00
 0.7700000E+01  0.3372019E+00
 0.7710000E+01  0.3383571E+00
 0.7720000E+01  0.3394686E+00
 0.7730000E+01  0.3405188E+00
 0.7740000E+01  0.3414955E+00
 0.7750000E+01  0.3423928E+00
 0.7760000E+01  0.3432115E+00
 0.7770000E+01  0.3439590E+00
 0.7780000E+01  0.3446480E+00
 0.7790000E+01  0.3452953E+00
 0.7800000E+01  0.3459191E+00
 0.7810000E+01  0.3465377E+00
 0.7820000E+01  0.3471670E+00
 0.7830000E+01  0.3478192E+00
 0.7840000E+01  0.3485013E+00
 0.7850000E+01  0.3492151E+00
 0.7860000E+01  0.3499568E+00
 0.7870000E+01  0.3507184E+00
 0.7880000E+01  0.3514882E+00
 0.7890000E+01  0.3522529E+00
 0.7900000E+01  0.3529989E+00
 0.7910000E+01  0.3537140E+00
 0.7920000E+01  0.3543890E+00
 0.7930000E+01  0.3550181E+00
 0.7940000E+01  0.3555996E+00
 0.7950000E+01  0.3561361E+00
 0.7960000E+01  0.3566338E+00
 0.7970000E+01  0.3571014E+00
 0.7980000E+01  0.3575494E+00
 0.7990000E+01  0.3579887E+00
 0.8000000E+01  0.3584293E+00
