 0.2000000E-02  0.1400020E+01  0.2259301E-07  0.2001718E+01  0.5000008E+00  0.9996191E+00  0.3391845E-02  0.1344487E+01
 0.4000000E-02  0.1400125E+01  0.4506581E-07  0.2001930E+01  0.5000016E+00  0.9984857E+00  0.2563998E-02  0.1337655E+01
 0.6000000E-02  0.1400314E+01  0.6741830E-07  0.2002304E+01  0.5000024E+00  0.9966251E+00  0.1751955E-02  0.1327505E+01
 0.8000000E-02  0.1400585E+01  0.8965039E-07  0.2002837E+01  0.5000032E+00  0.9940753E+00  0.1131702E-02  0.1315159E+01
 0.1000000E-01  0.1400939E+01  0.1117620E-06  0.2003531E+01  0.5000040E+00  0.9908827E+00  0.7083976E-03  0.1301456E+01
 0.1200000E-01  0.1401374E+01  0.1337530E-06  0.2004383E+01  0.5000048E+00  0.9870978E+00  0.4349003E-03  0.1286972E+01
 0.1400000E-01  0.1401887E+01  0.1556234E-06  0.2005393E+01  0.5000056E+00  0.9827721E+00  0.2639325E-03  0.1272088E+01
 0.1600000E-01  0.1402479E+01  0.1773730E-06  0.2006560E+01  0.5000065E+00  0.9779553E+00  0.1600887E-03  0.1257053E+01
 0.1800000E-01  0.1403145E+01  0.1990018E-06  0.2007883E+01  0.5000073E+00  0.9726945E+00  0.9897564E-04  0.1242024E+01
 0.2000000E-01  0.1403885E+01  0.2205097E-06  0.2009359E+01  0.5000081E+00  0.9670326E+00  0.6489049E-04  0.1227096E+01
 0.2200000E-01  0.1404694E+01  0.2418966E-06  0.2010987E+01  0.5000089E+00  0.9610085E+00  0.4768215E-04  0.1212325E+01
 0.2400000E-01  0.1405572E+01  0.2631624E-06  0.2012764E+01  0.5000097E+00  0.9546566E+00  0.4092299E-04  0.1197739E+01
 0.2600000E-01  0.1406514E+01  0.2843070E-06  0.2014689E+01  0.5000105E+00  0.9480071E+00  0.4054937E-04  0.1183348E+01
 0.2800000E-01  0.1407517E+01  0.3053303E-06  0.2016759E+01  0.5000113E+00  0.9410864E+00  0.4409164E-04  0.1169151E+01
 0.3000000E-01  0.1408579E+01  0.3262324E-06  0.2018971E+01  0.5000121E+00  0.9339171E+00  0.4999416E-04  0.1155138E+01
 0.3200000E-01  0.1409696E+01  0.3470130E-06  0.2021321E+01  0.5000129E+00  0.9265188E+00  0.5715864E-04  0.1141297E+01
 0.3400000E-01  0.1410865E+01  0.3676720E-06  0.2023806E+01  0.5000137E+00  0.9189077E+00  0.6492573E-04  0.1127611E+01
 0.3600000E-01  0.1412082E+01  0.3882095E-06  0.2026424E+01  0.5000145E+00  0.9110976E+00  0.7297050E-04  0.1114062E+01
 0.3800000E-01  0.1413344E+01  0.4086253E-06  0.2029169E+01  0.5000153E+00  0.9031002E+00  0.8112841E-04  0.1100633E+01
 0.4000000E-01  0.1414648E+01  0.4289194E-06  0.2032038E+01  0.5000161E+00  0.8949246E+00  0.8919553E-04  0.1087307E+01
 0.4200000E-01  0.1415989E+01  0.4490916E-06  0.2035027E+01  0.5000169E+00  0.8865786E+00  0.9710239E-04  0.1074065E+01
 0.4400000E-01  0.1417365E+01  0.4691420E-06  0.2038130E+01  0.5000177E+00  0.8780680E+00  0.1049063E-03  0.1060894E+01
 0.4600000E-01  0.1418772E+01  0.4890703E-06  0.2041344E+01  0.5000185E+00  0.8693975E+00  0.1125274E-03  0.1047777E+01
 0.4800000E-01  0.1420206E+01  0.5088765E-06  0.2044664E+01  0.5000193E+00  0.8605703E+00  0.1199144E-03  0.1034700E+01
 0.5000000E-01  0.1421665E+01  0.5285607E-06  0.2048084E+01  0.5000200E+00  0.8515887E+00  0.1272038E-03  0.1021652E+01
 0.5200000E-01  0.1423144E+01  0.5481225E-06  0.2051600E+01  0.5000208E+00  0.8424540E+00  0.1344414E-03  0.1008620E+01
 0.5400000E-01  0.1424642E+01  0.5675621E-06  0.2055206E+01  0.5000216E+00  0.8331665E+00  0.1415625E-03  0.9955948E+00
 0.5600000E-01  0.1426154E+01  0.5868793E-06  0.2058896E+01  0.5000224E+00  0.8237260E+00  0.1485726E-03  0.9825665E+00
 0.5800000E-01  0.1427677E+01  0.6060741E-06  0.2062666E+01  0.5000232E+00  0.8141316E+00  0.1555172E-03  0.9695272E+00
 0.6000000E-01  0.1429210E+01  0.6251463E-06  0.2066510E+01  0.5000240E+00  0.8043817E+00  0.1624511E-03  0.9564700E+00
 0.6200000E-01  0.1430748E+01  0.6440959E-06  0.2070422E+01  0.5000248E+00  0.7944743E+00  0.1693748E-03  0.9433887E+00
 0.6400000E-01  0.1432290E+01  0.6629228E-06  0.2074397E+01  0.5000256E+00  0.7844070E+00  0.1762679E-03  0.9302782E+00
 0.6600000E-01  0.1433832E+01  0.6816269E-06  0.2078429E+01  0.5000264E+00  0.7741771E+00  0.1831141E-03  0.9171342E+00
 0.6800000E-01  0.1435372E+01  0.7002082E-06  0.2082513E+01  0.5000272E+00  0.7637815E+00  0.1899209E-03  0.9039532E+00
 0.7000000E-01  0.1436908E+01  0.7186666E-06  0.2086642E+01  0.5000280E+00  0.7532168E+00  0.1966699E-03  0.8907323E+00
 0.7200000E-01  0.1438438E+01  0.7370020E-06  0.2090811E+01  0.5000288E+00  0.7424795E+00  0.2033233E-03  0.8774695E+00
 0.7400000E-01  0.1439959E+01  0.7552144E-06  0.2095015E+01  0.5000296E+00  0.7315661E+00  0.2099132E-03  0.8641632E+00
 0.7600000E-01  0.1441469E+01  0.7733036E-06  0.2099248E+01  0.5000304E+00  0.7204728E+00  0.2164061E-03  0.8508125E+00
 0.7800000E-01  0.1442967E+01  0.7912697E-06  0.2103505E+01  0.5000312E+00  0.7091958E+00  0.2226855E-03  0.8374169E+00
 0.8000000E-01  0.1444451E+01  0.8091124E-06  0.2107780E+01  0.5000320E+00  0.6977315E+00  0.2286936E-03  0.8239763E+00
 0.8200000E-01  0.1445919E+01  0.8268319E-06  0.2112068E+01  0.5000328E+00  0.6860761E+00  0.2344729E-03  0.8104913E+00
 0.8400000E-01  0.1447369E+01  0.8444279E-06  0.2116363E+01  0.5000336E+00  0.6742261E+00  0.2399959E-03  0.7969625E+00
 0.8600000E-01  0.1448801E+01  0.8619004E-06  0.2120662E+01  0.5000344E+00  0.6621781E+00  0.2451358E-03  0.7833910E+00
 0.8800000E-01  0.1450212E+01  0.8792494E-06  0.2124957E+01  0.5000352E+00  0.6499289E+00  0.2498354E-03  0.7697779E+00
 0.9000000E-01  0.1451603E+01  0.8964748E-06  0.2129246E+01  0.5000360E+00  0.6374756E+00  0.2540726E-03  0.7561247E+00
 0.9200000E-01  0.1452970E+01  0.9135765E-06  0.2133523E+01  0.5000368E+00  0.6248154E+00  0.2577903E-03  0.7424328E+00
 0.9400000E-01  0.1454314E+01  0.9305544E-06  0.2137782E+01  0.5000375E+00  0.6119462E+00  0.2609352E-03  0.7287037E+00
 0.9600000E-01  0.1455634E+01  0.9474085E-06  0.2142021E+01  0.5000383E+00  0.5988658E+00  0.2634970E-03  0.7149388E+00
 0.9800000E-01  0.1456929E+01  0.9641387E-06  0.2146234E+01  0.5000391E+00  0.5855727E+00  0.2654378E-03  0.7011392E+00
 0.1000000E+00  0.1458197E+01  0.9807450E-06  0.2150417E+01  0.5000399E+00  0.5720658E+00  0.2666868E-03  0.6873059E+00
 0.1020000E+00  0.1459439E+01  0.9972272E-06  0.2154566E+01  0.5000407E+00  0.5583444E+00  0.2671954E-03  0.6734394E+00
 0.1040000E+00  0.1460654E+01  0.1013585E-05  0.2158677E+01  0.5000415E+00  0.5444083E+00  0.2669769E-03  0.6595396E+00
 0.1060000E+00  0.1461841E+01  0.1029819E-05  0.2162747E+01  0.5000423E+00  0.5302576E+00  0.2660754E-03  0.6456058E+00
 0.1080000E+00  0.1463000E+01  0.1045929E-05  0.2166770E+01  0.5000431E+00  0.5158933E+00  0.2644593E-03  0.6316366E+00
 0.1100000E+00  0.1464130E+01  0.1061915E-05  0.2170745E+01  0.5000439E+00  0.5013166E+00  0.2620715E-03  0.6176296E+00
 0.1120000E+00  0.1465232E+01  0.1077776E-05  0.2174667E+01  0.5000447E+00  0.4865293E+00  0.2589242E-03  0.6035811E+00
 0.1140000E+00  0.1466304E+01  0.1093513E-05  0.2178534E+01  0.5000454E+00  0.4715338E+00  0.2550832E-03  0.5894866E+00
 0.1160000E+00  0.1467348E+01  0.1109125E-05  0.2182341E+01  0.5000462E+00  0.4563328E+00  0.2505689E-03  0.5753398E+00
 0.1180000E+00  0.1468362E+01  0.1124613E-05  0.2186087E+01  0.5000470E+00  0.4409297E+00  0.2453859E-03  0.5611331E+00
 0.1200000E+00  0.1469347E+01  0.1139976E-05  0.2189767E+01  0.5000478E+00  0.4253283E+00  0.2395734E-03  0.5468572E+00
 0.1220000E+00  0.1470302E+01  0.1155214E-05  0.2193381E+01  0.5000486E+00  0.4095330E+00  0.2331613E-03  0.5325009E+00
 0.1240000E+00  0.1471228E+01  0.1170328E-05  0.2196924E+01  0.5000493E+00  0.3935486E+00  0.2261525E-03  0.5180512E+00
 0.1260000E+00  0.1472125E+01  0.1185317E-05  0.2200394E+01  0.5000501E+00  0.3773801E+00  0.2185920E-03  0.5034930E+00
 0.1280000E+00  0.1472992E+01  0.1200181E-05  0.2203790E+01  0.5000509E+00  0.3610334E+00  0.2105837E-03  0.4888089E+00
 0.1300000E+00  0.1473831E+01  0.1214921E-05  0.2207108E+01  0.5000517E+00  0.3445143E+00  0.2021644E-03  0.4739794E+00
 0.1320000E+00  0.1474640E+01  0.1229535E-05  0.2210347E+01  0.5000524E+00  0.3278292E+00  0.1933131E-03  0.4589826E+00
 0.1340000E+00  0.1475420E+01  0.1244025E-05  0.2213505E+01  0.5000532E+00  0.3109849E+00  0.1840509E-03  0.4437942E+00
 0.1360000E+00  0.1476172E+01  0.1258389E-05  0.2216579E+01  0.5000540E+00  0.2939883E+00  0.1744654E-03  0.4283875E+00
 0.1380000E+00  0.1476895E+01  0.1272628E-05  0.2219569E+01  0.5000548E+00  0.2768467E+00  0.1646219E-03  0.4127331E+00
 0.1400000E+00  0.1477590E+01  0.1286742E-05  0.2222472E+01  0.5000555E+00  0.2595677E+00  0.1545369E-03  0.3967995E+00
 0.1420000E+00  0.1478257E+01  0.1300731E-05  0.2225287E+01  0.5000563E+00  0.2421591E+00  0.1442245E-03  0.3805525E+00
 0.1440000E+00  0.1478896E+01  0.1314594E-05  0.2228013E+01  0.5000571E+00  0.2246287E+00  0.1337278E-03  0.3639555E+00
 0.1460000E+00  0.1479508E+01  0.1328333E-05  0.2230647E+01  0.5000578E+00  0.2069846E+00  0.1230606E-03  0.3469698E+00
 0.1480000E+00  0.1480092E+01  0.1341945E-05  0.2233190E+01  0.5000586E+00  0.1892352E+00  0.1122650E-03  0.3295542E+00
 0.1500000E+00  0.1480650E+01  0.1355433E-05  0.2235639E+01  0.5000594E+00  0.1713887E+00  0.1013826E-03  0.3116659E+00
 0.1520000E+00  0.1481180E+01  0.1368795E-05  0.2237993E+01  0.5000601E+00  0.1534536E+00  0.9046615E-04  0.2932599E+00
 0.1540000E+00  0.1481685E+01  0.1382031E-05  0.2240253E+01  0.5000609E+00  0.1354384E+00  0.7949271E-04  0.2742899E+00
 0.1560000E+00  0.1482163E+01  0.1395141E-05  0.2242415E+01  0.5000616E+00  0.1173517E+00  0.6844168E-04  0.2547082E+00
 0.1580000E+00  0.1482615E+01  0.1408126E-05  0.2244481E+01  0.5000624E+00  0.9920195E-01  0.5735995E-04  0.2344664E+00
 0.1600000E+00  0.1483041E+01  0.1420986E-05  0.2246448E+01  0.5000631E+00  0.8099786E-01  0.4632098E-04  0.2135157E+00
 0.1620000E+00  0.1483442E+01  0.1433719E-05  0.2248317E+01  0.5000639E+00  0.6274797E-01  0.3532770E-04  0.1918074E+00
 0.1640000E+00  0.1483818E+01  0.1446327E-05  0.2250086E+01  0.5000646E+00  0.4446086E-01  0.2433906E-04  0.1692935E+00
 0.1660000E+00  0.1484168E+01  0.1458809E-05  0.2251756E+01  0.5000654E+00  0.2614504E-01  0.1336738E-04  0.1459273E+00
 0.1680000E+00  0.1484494E+01  0.1471165E-05  0.2253324E+01  0.5000661E+00  0.7809017E-02  0.2447125E-05  0.1216647E+00
 0.1700000E+00  0.1484796E+01  0.1483395E-05  0.2254792E+01  0.5000669E+00 -0.1053878E-01 -0.8422741E-05  0.9646426E-01
 0.1720000E+00  0.1485073E+01  0.1495499E-05  0.2256159E+01  0.5000676E+00 -0.2888996E-01 -0.1923029E-04  0.7028901E-01
 0.1740000E+00  0.1485326E+01  0.1507477E-05  0.2257424E+01  0.5000684E+00 -0.4723622E-01 -0.2993847E-04  0.4310703E-01
 0.1760000E+00  0.1485555E+01  0.1519328E-05  0.2258587E+01  0.5000691E+00 -0.6556931E-01 -0.4055983E-04  0.1489283E-01
 0.1780000E+00  0.1485761E+01  0.1531054E-05  0.2259647E+01  0.5000699E+00 -0.8388106E-01 -0.5116037E-04 -0.1437147E-01
 0.1800000E+00  0.1485942E+01  0.1542654E-05  0.2260606E+01  0.5000706E+00 -0.1021634E+00 -0.6171558E-04 -0.4469467E-01
 0.1820000E+00  0.1486100E+01  0.1554127E-05  0.2261461E+01  0.5000714E+00 -0.1204082E+00 -0.7213150E-04 -0.7607505E-01
 0.1840000E+00  0.1486235E+01  0.1565474E-05  0.2262214E+01  0.5000721E+00 -0.1386077E+00 -0.8243086E-04 -0.1084990E+00
 0.1860000E+00  0.1486347E+01  0.1576694E-05  0.2262864E+01  0.5000728E+00 -0.1567540E+00 -0.9268622E-04 -0.1419395E+00
 0.1880000E+00  0.1486436E+01  0.1587788E-05  0.2263412E+01  0.5000736E+00 -0.1748392E+00 -0.1028594E-03 -0.1763547E+00
 0.1900000E+00  0.1486501E+01  0.1598756E-05  0.2263856E+01  0.5000743E+00 -0.1928558E+00 -0.1129277E-03 -0.2116863E+00
 0.1920000E+00  0.1486544E+01  0.1609598E-05  0.2264198E+01  0.5000750E+00 -0.2107960E+00 -0.1229505E-03 -0.2478587E+00
 0.1940000E+00  0.1486563E+01  0.1620312E-05  0.2264438E+01  0.5000758E+00 -0.2286524E+00 -0.1328281E-03 -0.2847775E+00
 0.1960000E+00  0.1486560E+01  0.1630901E-05  0.2264575E+01  0.5000765E+00 -0.2464175E+00 -0.1425649E-03 -0.3223286E+00
 0.1980000E+00  0.1486534E+01  0.1641362E-05  0.2264610E+01  0.5000772E+00 -0.2640840E+00 -0.1523008E-03 -0.3603779E+00
 0.2000000E+00  0.1486485E+01  0.1651697E-05  0.2264543E+01  0.5000780E+00 -0.2816446E+00 -0.1618482E-03 -0.3987707E+00
 0.2020000E+00  0.1486414E+01  0.1661906E-05  0.2264374E+01  0.5000787E+00 -0.2990920E+00 -0.1713264E-03 -0.4373323E+00
 0.2040000E+00  0.1486319E+01  0.1671987E-05  0.2264104E+01  0.5000794E+00 -0.3164191E+00 -0.1808168E-03 -0.4758682E+00
 0.2060000E+00  0.1486202E+01  0.1681942E-05  0.2263732E+01  0.5000802E+00 -0.3336189E+00 -0.1899019E-03 -0.5141652E+00
 0.2080000E+00  0.1486061E+01  0.1691770E-05  0.2263261E+01  0.5000809E+00 -0.3506844E+00 -0.1990762E-03 -0.5519943E+00
 0.2100000E+00  0.1485898E+01  0.1701472E-05  0.2262688E+01  0.5000816E+00 -0.3676088E+00 -0.2081041E-03 -0.5891116E+00
 0.2120000E+00  0.1485712E+01  0.1711046E-05  0.2262017E+01  0.5000823E+00 -0.3843851E+00 -0.2168967E-03 -0.6252625E+00
 0.2140000E+00  0.1485503E+01  0.1720494E-05  0.2261246E+01  0.5000831E+00 -0.4010068E+00 -0.2257726E-03 -0.6601853E+00
 0.2160000E+00  0.1485270E+01  0.1729814E-05  0.2260376E+01  0.5000838E+00 -0.4174672E+00 -0.2341255E-03 -0.6936150E+00
 0.2180000E+00  0.1485015E+01  0.1739008E-05  0.2259409E+01  0.5000845E+00 -0.4337597E+00 -0.2427640E-03 -0.7252899E+00
 0.2200000E+00  0.1484736E+01  0.1748074E-05  0.2258344E+01  0.5000852E+00 -0.4498781E+00 -0.2507394E-03 -0.7549550E+00
 0.2220000E+00  0.1484434E+01  0.1757014E-05  0.2257183E+01  0.5000859E+00 -0.4658159E+00 -0.2590176E-03 -0.7823708E+00
 0.2240000E+00  0.1484108E+01  0.1765827E-05  0.2255926E+01  0.5000867E+00 -0.4815670E+00 -0.2667273E-03 -0.8073172E+00
 0.2260000E+00  0.1483759E+01  0.1774512E-05  0.2254574E+01  0.5000874E+00 -0.4971253E+00 -0.2745748E-03 -0.8296021E+00
 0.2280000E+00  0.1483385E+01  0.1783070E-05  0.2253128E+01  0.5000881E+00 -0.5124849E+00 -0.2818389E-03 -0.8490667E+00
 0.2300000E+00  0.1482989E+01  0.1791501E-05  0.2251589E+01  0.5000888E+00 -0.5276401E+00 -0.2891788E-03 -0.8655931E+00
 0.2320000E+00  0.1482568E+01  0.1799805E-05  0.2249958E+01  0.5000895E+00 -0.5425851E+00 -0.2960074E-03 -0.8791092E+00
 0.2340000E+00  0.1482123E+01  0.1807982E-05  0.2248235E+01  0.5000902E+00 -0.5573145E+00 -0.3029507E-03 -0.8895951E+00
 0.2360000E+00  0.1481654E+01  0.1816031E-05  0.2246423E+01  0.5000909E+00 -0.5718230E+00 -0.3091797E-03 -0.8970863E+00
 0.2380000E+00  0.1481161E+01  0.1823953E-05  0.2244522E+01  0.5000916E+00 -0.5861054E+00 -0.3156799E-03 -0.9016786E+00
 0.2400000E+00  0.1480643E+01  0.1831747E-05  0.2242534E+01  0.5000923E+00 -0.6001570E+00 -0.3210561E-03 -0.9035273E+00
 0.2420000E+00  0.1480101E+01  0.1839415E-05  0.2240460E+01  0.5000930E+00 -0.6139728E+00 -0.3272668E-03 -0.9028513E+00
 0.2440000E+00  0.1479535E+01  0.1846954E-05  0.2238301E+01  0.5000937E+00 -0.6275485E+00 -0.3317198E-03 -0.8999262E+00
 0.2460000E+00  0.1478943E+01  0.1854367E-05  0.2236058E+01  0.5000944E+00 -0.6408798E+00 -0.3375783E-03 -0.8950875E+00
 0.2480000E+00  0.1478328E+01  0.1861652E-05  0.2233734E+01  0.5000951E+00 -0.6539626E+00 -0.3411285E-03 -0.8887164E+00
 0.2500000E+00  0.1477687E+01  0.1868809E-05  0.2231330E+01  0.5000958E+00 -0.6667931E+00 -0.3463173E-03 -0.8812429E+00
 0.2520000E+00  0.1477022E+01  0.1875839E-05  0.2228848E+01  0.5000965E+00 -0.6793679E+00 -0.3493207E-03 -0.8731245E+00
 0.2540000E+00  0.1476332E+01  0.1882742E-05  0.2226289E+01  0.5000972E+00 -0.6916837E+00 -0.3530663E-03 -0.8648465E+00
 0.2560000E+00  0.1475618E+01  0.1889516E-05  0.2223655E+01  0.5000979E+00 -0.7037375E+00 -0.3564943E-03 -0.8569003E+00
 0.2580000E+00  0.1474878E+01  0.1896164E-05  0.2220949E+01  0.5000986E+00 -0.7155266E+00 -0.3581213E-03 -0.8497732E+00
 0.2600000E+00  0.1474115E+01  0.1902683E-05  0.2218172E+01  0.5000993E+00 -0.7270487E+00 -0.3618931E-03 -0.8439373E+00
 0.2620000E+00  0.1473326E+01  0.1909075E-05  0.2215327E+01  0.5000999E+00 -0.7383016E+00 -0.3619999E-03 -0.8398231E+00
 0.2640000E+00  0.1472514E+01  0.1915339E-05  0.2212415E+01  0.5001006E+00 -0.7492836E+00 -0.3646073E-03 -0.8378220E+00
 0.2660000E+00  0.1471677E+01  0.1921476E-05  0.2209440E+01  0.5001013E+00 -0.7599932E+00 -0.3655129E-03 -0.8382543E+00
 0.2680000E+00  0.1470815E+01  0.1927484E-05  0.2206403E+01  0.5001020E+00 -0.7704292E+00 -0.3648689E-03 -0.8413686E+00
 0.2700000E+00  0.1469931E+01  0.1933366E-05  0.2203307E+01  0.5001026E+00 -0.7805908E+00 -0.3672041E-03 -0.8473314E+00
 0.2720000E+00  0.1469022E+01  0.1939119E-05  0.2200155E+01  0.5001033E+00 -0.7904774E+00 -0.3649668E-03 -0.8562052E+00
 0.2740000E+00  0.1468090E+01  0.1944744E-05  0.2196949E+01  0.5001040E+00 -0.8000888E+00 -0.3649626E-03 -0.8679660E+00
 0.2760000E+00  0.1467136E+01  0.1950242E-05  0.2193692E+01  0.5001046E+00 -0.8094249E+00 -0.3652985E-03 -0.8824821E+00
 0.2780000E+00  0.1466158E+01  0.1955612E-05  0.2190387E+01  0.5001053E+00 -0.8184860E+00 -0.3613789E-03 -0.8995207E+00
 0.2800000E+00  0.1465159E+01  0.1960854E-05  0.2187037E+01  0.5001059E+00 -0.8272727E+00 -0.3618129E-03 -0.9187690E+00
 0.2820000E+00  0.1464138E+01  0.1965968E-05  0.2183646E+01  0.5001066E+00 -0.8357859E+00 -0.3599963E-03 -0.9398179E+00
 0.2840000E+00  0.1463095E+01  0.1970954E-05  0.2180215E+01  0.5001072E+00 -0.8440265E+00 -0.3551978E-03 -0.9621936E+00
 0.2860000E+00  0.1462033E+01  0.1975812E-05  0.2176750E+01  0.5001079E+00 -0.8519958E+00 -0.3554893E-03 -0.9853794E+00
 0.2880000E+00  0.1460950E+01  0.1980543E-05  0.2173252E+01  0.5001085E+00 -0.8596953E+00 -0.3523483E-03 -0.1008809E+01
 0.2900000E+00  0.1459848E+01  0.1985145E-05  0.2169726E+01  0.5001092E+00 -0.8671265E+00 -0.3469558E-03 -0.1031913E+01
 0.2920000E+00  0.1458728E+01  0.1989620E-05  0.2166175E+01  0.5001098E+00 -0.8742912E+00 -0.3470875E-03 -0.1054140E+01
 0.2940000E+00  0.1457590E+01  0.1993966E-05  0.2162602E+01  0.5001105E+00 -0.8811911E+00 -0.3436844E-03 -0.1074957E+01
 0.2960000E+00  0.1456436E+01  0.1998185E-05  0.2159012E+01  0.5001111E+00 -0.8878283E+00 -0.3375251E-03 -0.1093893E+01
 0.2980000E+00  0.1455265E+01  0.2002275E-05  0.2155408E+01  0.5001117E+00 -0.8942045E+00 -0.3375494E-03 -0.1110565E+01
 0.3000000E+00  0.1454080E+01  0.2006237E-05  0.2151794E+01  0.5001124E+00 -0.9003218E+00 -0.3353923E-03 -0.1124665E+01
 0.3020000E+00  0.1452881E+01  0.2010072E-05  0.2148174E+01  0.5001130E+00 -0.9061820E+00 -0.3287522E-03 -0.1135997E+01
 0.3040000E+00  0.1451670E+01  0.2013778E-05  0.2144552E+01  0.5001136E+00 -0.9117868E+00 -0.3282617E-03 -0.1144498E+01
 0.3060000E+00  0.1450448E+01  0.2017356E-05  0.2140932E+01  0.5001143E+00 -0.9171380E+00 -0.3288053E-03 -0.1150209E+01
 0.3080000E+00  0.1449215E+01  0.2020806E-05  0.2137318E+01  0.5001149E+00 -0.9222370E+00 -0.3229676E-03 -0.1153289E+01
 0.3100000E+00  0.1447974E+01  0.2024128E-05  0.2133715E+01  0.5001155E+00 -0.9270851E+00 -0.3209309E-03 -0.1154025E+01
 0.3120000E+00  0.1446725E+01  0.2027322E-05  0.2130127E+01  0.5001161E+00 -0.9316833E+00 -0.3247166E-03 -0.1152805E+01
 0.3140000E+00  0.1445471E+01  0.2030388E-05  0.2126557E+01  0.5001167E+00 -0.9360322E+00 -0.3228713E-03 -0.1150076E+01
 0.3160000E+00  0.1444212E+01  0.2033325E-05  0.2123011E+01  0.5001173E+00 -0.9401323E+00 -0.3190557E-03 -0.1146367E+01
 0.3180000E+00  0.1442951E+01  0.2036135E-05  0.2119493E+01  0.5001180E+00 -0.9439835E+00 -0.3236503E-03 -0.1142250E+01
 0.3200000E+00  0.1441689E+01  0.2038816E-05  0.2116007E+01  0.5001186E+00 -0.9475853E+00 -0.3289126E-03 -0.1138288E+01
 0.3220000E+00  0.1440428E+01  0.2041369E-05  0.2112558E+01  0.5001192E+00 -0.9509368E+00 -0.3271515E-03 -0.1135018E+01
 0.3240000E+00  0.1439169E+01  0.2043794E-05  0.2109149E+01  0.5001198E+00 -0.9540365E+00 -0.3289899E-03 -0.1132949E+01
 0.3260000E+00  0.1437915E+01  0.2046091E-05  0.2105786E+01  0.5001204E+00 -0.9568825E+00 -0.3394831E-03 -0.1132515E+01
 0.3280000E+00  0.1436668E+01  0.2048259E-05  0.2102472E+01  0.5001210E+00 -0.9594722E+00 -0.3466087E-03 -0.1134029E+01
 0.3300000E+00  0.1435429E+01  0.2050300E-05  0.2099213E+01  0.5001215E+00 -0.9618025E+00 -0.3477852E-03 -0.1137694E+01
 0.3320000E+00  0.1434200E+01  0.2052212E-05  0.2096012E+01  0.5001221E+00 -0.9638696E+00 -0.3559287E-03 -0.1143606E+01
 0.3340000E+00  0.1432984E+01  0.2053995E-05  0.2092874E+01  0.5001227E+00 -0.9656691E+00 -0.3721308E-03 -0.1151718E+01
 0.3360000E+00  0.1431782E+01  0.2055651E-05  0.2089803E+01  0.5001233E+00 -0.9671961E+00 -0.3831359E-03 -0.1161828E+01
 0.3380000E+00  0.1430597E+01  0.2057178E-05  0.2086804E+01  0.5001239E+00 -0.9684447E+00 -0.3886482E-03 -0.1173619E+01
 0.3400000E+00  0.1429431E+01  0.2058577E-05  0.2083880E+01  0.5001245E+00 -0.9694089E+00 -0.4022652E-03 -0.1186686E+01
 0.3420000E+00  0.1428287E+01  0.2059848E-05  0.2081035E+01  0.5001250E+00 -0.9700815E+00 -0.4244797E-03 -0.1200529E+01
 0.3440000E+00  0.1427165E+01  0.2060991E-05  0.2078274E+01  0.5001256E+00 -0.9704552E+00 -0.4414552E-03 -0.1214557E+01
 0.3460000E+00  0.1426070E+01  0.2062005E-05  0.2075601E+01  0.5001262E+00 -0.9705217E+00 -0.4516076E-03 -0.1228160E+01
 0.3480000E+00  0.1425002E+01  0.2062891E-05  0.2073019E+01  0.5001268E+00 -0.9702725E+00 -0.4687996E-03 -0.1240756E+01
 0.3500000E+00  0.1423964E+01  0.2063649E-05  0.2070532E+01  0.5001273E+00 -0.9696983E+00 -0.4964769E-03 -0.1251788E+01
 0.3520000E+00  0.1422959E+01  0.2064279E-05  0.2068143E+01  0.5001279E+00 -0.9687895E+00 -0.5210155E-03 -0.1260738E+01
 0.3540000E+00  0.1421988E+01  0.2064780E-05  0.2065857E+01  0.5001284E+00 -0.9675362E+00 -0.5360699E-03 -0.1267179E+01
 0.3560000E+00  0.1421054E+01  0.2065153E-05  0.2063676E+01  0.5001290E+00 -0.9659279E+00 -0.5538795E-03 -0.1270830E+01
 0.3580000E+00  0.1420159E+01  0.2065398E-05  0.2061604E+01  0.5001296E+00 -0.9639541E+00 -0.5838174E-03 -0.1271549E+01
 0.3600000E+00  0.1419304E+01  0.2065514E-05  0.2059643E+01  0.5001301E+00 -0.9616041E+00 -0.6159061E-03 -0.1269303E+01
 0.3620000E+00  0.1418494E+01  0.2065502E-05  0.2057796E+01  0.5001307E+00 -0.9588669E+00 -0.6372658E-03 -0.1264184E+01
 0.3640000E+00  0.1417728E+01  0.2065362E-05  0.2056066E+01  0.5001312E+00 -0.9557319E+00 -0.6533102E-03 -0.1256440E+01
 0.3660000E+00  0.1417009E+01  0.2065094E-05  0.2054456E+01  0.5001317E+00 -0.9521884E+00 -0.6787538E-03 -0.1246460E+01
 0.3680000E+00  0.1416340E+01  0.2064697E-05  0.2052968E+01  0.5001323E+00 -0.9482258E+00 -0.7135693E-03 -0.1234711E+01
 0.3700000E+00  0.1415721E+01  0.2064172E-05  0.2051604E+01  0.5001328E+00 -0.9438344E+00 -0.7425106E-03 -0.1221690E+01
 0.3720000E+00  0.1415155E+01  0.2063519E-05  0.2050365E+01  0.5001334E+00 -0.9390044E+00 -0.7583617E-03 -0.1207928E+01
 0.3740000E+00  0.1414643E+01  0.2062737E-05  0.2049255E+01  0.5001339E+00 -0.9337270E+00 -0.7727242E-03 -0.1193982E+01
 0.3760000E+00  0.1414186E+01  0.2061828E-05  0.2048273E+01  0.5001344E+00 -0.9279941E+00 -0.7982180E-03 -0.1180386E+01
 0.3780000E+00  0.1413787E+01  0.2060790E-05  0.2047421E+01  0.5001349E+00 -0.9217983E+00 -0.8291588E-03 -0.1167572E+01
 0.3800000E+00  0.1413446E+01  0.2059624E-05  0.2046701E+01  0.5001355E+00 -0.9151336E+00 -0.8492114E-03 -0.1155843E+01
 0.3820000E+00  0.1413164E+01  0.2058329E-05  0.2046114E+01  0.5001360E+00 -0.9079948E+00 -0.8545096E-03 -0.1145389E+01
 0.3840000E+00  0.1412942E+01  0.2056906E-05  0.2045659E+01  0.5001365E+00 -0.9003782E+00 -0.8587807E-03 -0.1136298E+01
 0.3860000E+00  0.1412782E+01  0.2055355E-05  0.2045338E+01  0.5001370E+00 -0.8922815E+00 -0.8736775E-03 -0.1128523E+01
 0.3880000E+00  0.1412684E+01  0.2053676E-05  0.2045150E+01  0.5001375E+00 -0.8837037E+00 -0.8922284E-03 -0.1121849E+01
 0.3900000E+00  0.1412647E+01  0.2051869E-05  0.2045096E+01  0.5001380E+00 -0.8746458E+00 -0.8976805E-03 -0.1115907E+01
 0.3920000E+00  0.1412674E+01  0.2049933E-05  0.2045175E+01  0.5001385E+00 -0.8651104E+00 -0.8854022E-03 -0.1110228E+01
 0.3940000E+00  0.1412763E+01  0.2047870E-05  0.2045388E+01  0.5001390E+00 -0.8551017E+00 -0.8687896E-03 -0.1104310E+01
 0.3960000E+00  0.1412916E+01  0.2045678E-05  0.2045732E+01  0.5001395E+00 -0.8446262E+00 -0.8614149E-03 -0.1097620E+01
 0.3980000E+00  0.1413131E+01  0.2043357E-05  0.2046208E+01  0.5001400E+00 -0.8336922E+00 -0.8591688E-03 -0.1089599E+01
 0.4000000E+00  0.1413408E+01  0.2040909E-05  0.2046814E+01  0.5001405E+00 -0.8223098E+00 -0.8453081E-03 -0.1079683E+01
 0.4020000E+00  0.1413746E+01  0.2038333E-05  0.2047550E+01  0.5001410E+00 -0.8104915E+00 -0.8108765E-03 -0.1067382E+01
 0.4040000E+00  0.1414146E+01  0.2035628E-05  0.2048413E+01  0.5001415E+00 -0.7982514E+00 -0.7653389E-03 -0.1052344E+01
 0.4060000E+00  0.1414606E+01  0.2032795E-05  0.2049401E+01  0.5001420E+00 -0.7856059E+00 -0.7253451E-03 -0.1034374E+01
 0.4080000E+00  0.1415125E+01  0.2029834E-05  0.2050514E+01  0.5001425E+00 -0.7725732E+00 -0.6946980E-03 -0.1013416E+01
 0.4100000E+00  0.1415701E+01  0.2026745E-05  0.2051749E+01  0.5001430E+00 -0.7591733E+00 -0.6599022E-03 -0.9895255E+00
 0.4120000E+00  0.1416334E+01  0.2023528E-05  0.2053104E+01  0.5001434E+00 -0.7454281E+00 -0.6059674E-03 -0.9628974E+00
 0.4140000E+00  0.1417021E+01  0.2020183E-05  0.2054576E+01  0.5001439E+00 -0.7313610E+00 -0.5334731E-03 -0.9338895E+00
 0.4160000E+00  0.1417761E+01  0.2016710E-05  0.2056162E+01  0.5001444E+00 -0.7169968E+00 -0.4585283E-03 -0.9030212E+00
 0.4180000E+00  0.1418552E+01  0.2013108E-05  0.2057861E+01  0.5001449E+00 -0.7023617E+00 -0.3950857E-03 -0.8709177E+00
 0.4200000E+00  0.1419392E+01  0.2009379E-05  0.2059670E+01  0.5001453E+00 -0.6874829E+00 -0.3401839E-03 -0.8382326E+00
 0.4220000E+00  0.1420278E+01  0.2005521E-05  0.2061584E+01  0.5001458E+00 -0.6723883E+00 -0.2779039E-03 -0.8055981E+00
 0.4240000E+00  0.1421208E+01  0.2001536E-05  0.2063602E+01  0.5001462E+00 -0.6571064E+00 -0.1966436E-03 -0.7736149E+00
 0.4260000E+00  0.1422180E+01  0.1997422E-05  0.2065720E+01  0.5001467E+00 -0.6416660E+00 -0.1025079E-03 -0.7428542E+00
 0.4280000E+00  0.1423191E+01  0.1993181E-05  0.2067935E+01  0.5001471E+00 -0.6260958E+00 -0.1325593E-04 -0.7138295E+00
 0.4300000E+00  0.1424238E+01  0.1988811E-05  0.2070243E+01  0.5001476E+00 -0.6104241E+00  0.5852043E-04 -0.6869371E+00
 0.4320000E+00  0.1425319E+01  0.1984314E-05  0.2072640E+01  0.5001480E+00 -0.5946786E+00  0.1172423E-03 -0.6623980E+00
 0.4340000E+00  0.1426430E+01  0.1979689E-05  0.2075123E+01  0.5001485E+00 -0.5788859E+00  0.1790160E-03 -0.6402420E+00
 0.4360000E+00  0.1427569E+01  0.1974935E-05  0.2077689E+01  0.5001489E+00 -0.5630711E+00  0.2544872E-03 -0.6203421E+00
 0.4380000E+00  0.1428734E+01  0.1970054E-05  0.2080333E+01  0.5001493E+00 -0.5472579E+00  0.3380398E-03 -0.6024651E+00
 0.4400000E+00  0.1429920E+01  0.1965045E-05  0.2083052E+01  0.5001497E+00 -0.5314677E+00  0.4112844E-03 -0.5863024E+00
 0.4420000E+00  0.1431125E+01  0.1959908E-05  0.2085841E+01  0.5001502E+00 -0.5157197E+00  0.4605301E-03 -0.5714690E+00
 0.4440000E+00  0.1432346E+01  0.1954644E-05  0.2088697E+01  0.5001506E+00 -0.5000304E+00  0.4873174E-03 -0.5574996E+00
 0.4460000E+00  0.1433581E+01  0.1949251E-05  0.2091616E+01  0.5001510E+00 -0.4844137E+00  0.5072660E-03 -0.5438734E+00
 0.4480000E+00  0.1434825E+01  0.1943731E-05  0.2094592E+01  0.5001514E+00 -0.4688800E+00  0.5335979E-03 -0.5300798E+00
 0.4500000E+00  0.1436077E+01  0.1938083E-05  0.2097624E+01  0.5001518E+00 -0.4534368E+00  0.5661286E-03 -0.5156950E+00
 0.4520000E+00  0.1437334E+01  0.1932307E-05  0.2100705E+01  0.5001522E+00 -0.4380881E+00  0.5893567E-03 -0.5004333E+00
 0.4540000E+00  0.1438592E+01  0.1926404E-05  0.2103832E+01  0.5001527E+00 -0.4228345E+00  0.5870514E-03 -0.4841506E+00
 0.4560000E+00  0.1439850E+01  0.1920372E-05  0.2107001E+01  0.5001531E+00 -0.4076730E+00  0.5544120E-03 -0.4668195E+00
 0.4580000E+00  0.1441104E+01  0.1914214E-05  0.2110208E+01  0.5001535E+00 -0.3925974E+00  0.5035489E-03 -0.4485033E+00
 0.4600000E+00  0.1442352E+01  0.1907927E-05  0.2113447E+01  0.5001538E+00 -0.3775979E+00  0.4515548E-03 -0.4293592E+00
 0.4620000E+00  0.1443593E+01  0.1901513E-05  0.2116716E+01  0.5001542E+00 -0.3626617E+00  0.4082234E-03 -0.4096558E+00
 0.4640000E+00  0.1444824E+01  0.1894971E-05  0.2120009E+01  0.5001546E+00 -0.3477730E+00  0.3665479E-03 -0.3897824E+00
 0.4660000E+00  0.1446042E+01  0.1888302E-05  0.2123323E+01  0.5001550E+00 -0.3329136E+00  0.3113912E-03 -0.3702163E+00
 0.4680000E+00  0.1447246E+01  0.1881505E-05  0.2126652E+01  0.5001554E+00 -0.3180626E+00  0.2297148E-03 -0.3514572E+00
 0.4700000E+00  0.1448435E+01  0.1874581E-05  0.2129994E+01  0.5001558E+00 -0.3031975E+00  0.1250326E-03 -0.3339453E+00
 0.4720000E+00  0.1449606E+01  0.1867529E-05  0.2133343E+01  0.5001562E+00 -0.2882944E+00  0.1169950E-04 -0.3180084E+00
 0.4740000E+00  0.1450759E+01  0.1860350E-05  0.2136696E+01  0.5001565E+00 -0.2733281E+00 -0.9012754E-04 -0.3038423E+00
 0.4760000E+00  0.1451892E+01  0.1853043E-05  0.2140048E+01  0.5001569E+00 -0.2582735E+00 -0.1744488E-03 -0.2915274E+00
 0.4780000E+00  0.1453004E+01  0.1845609E-05  0.2143395E+01  0.5001573E+00 -0.2431051E+00 -0.2454205E-03 -0.2810370E+00
 0.4800000E+00  0.1454093E+01  0.1838047E-05  0.2146734E+01  0.5001577E+00 -0.2277986E+00 -0.3208302E-03 -0.2722375E+00
 0.4820000E+00  0.1455160E+01  0.1830359E-05  0.2150059E+01  0.5001580E+00 -0.2123305E+00 -0.4081294E-03 -0.2648561E+00
 0.4840000E+00  0.1456203E+01  0.1822543E-05  0.2153368E+01  0.5001584E+00 -0.1966794E+00 -0.5074675E-03 -0.2584680E+00
 0.4860000E+00  0.1457222E+01  0.1814599E-05  0.2156657E+01  0.5001587E+00 -0.1808261E+00 -0.6002538E-03 -0.2524988E+00
 0.4880000E+00  0.1458216E+01  0.1806529E-05  0.2159921E+01  0.5001591E+00 -0.1647541E+00 -0.6703248E-03 -0.2462830E+00
 0.4900000E+00  0.1459186E+01  0.1798331E-05  0.2163158E+01  0.5001595E+00 -0.1484502E+00 -0.7067513E-03 -0.2391364E+00
 0.4920000E+00  0.1460130E+01  0.1790006E-05  0.2166362E+01  0.5001598E+00 -0.1319049E+00 -0.7144367E-03 -0.2304362E+00
 0.4940000E+00  0.1461050E+01  0.1781554E-05  0.2169532E+01  0.5001602E+00 -0.1151123E+00 -0.7102085E-03 -0.2196699E+00
 0.4960000E+00  0.1461944E+01  0.1772975E-05  0.2172664E+01  0.5001605E+00 -0.9807086E-01 -0.7044013E-03 -0.2064451E+00
 0.4980000E+00  0.1462813E+01  0.1764268E-05  0.2175754E+01  0.5001608E+00 -0.8078306E-01 -0.7055019E-03 -0.1904938E+00
 0.5000000E+00  0.1463656E+01  0.1755435E-05  0.2178799E+01  0.5001612E+00 -0.6325572E-01 -0.6969838E-03 -0.1716560E+00
 0.5020000E+00  0.1464475E+01  0.1746475E-05  0.2181797E+01  0.5001615E+00 -0.4549975E-01 -0.6693556E-03 -0.1499118E+00
 0.5040000E+00  0.1465270E+01  0.1737387E-05  0.2184744E+01  0.5001618E+00 -0.2753010E-01 -0.6055567E-03 -0.1253942E+00
 0.5060000E+00  0.1466040E+01  0.1728173E-05  0.2187637E+01  0.5001622E+00 -0.9365411E-02 -0.5095758E-03 -0.9842586E-01
 0.5080000E+00  0.1466785E+01  0.1718832E-05  0.2190475E+01  0.5001625E+00  0.8972294E-02 -0.3962770E-03 -0.6950719E-01
 0.5100000E+00  0.1467507E+01  0.1709364E-05  0.2193255E+01  0.5001628E+00  0.2745808E-01 -0.2790548E-03 -0.3926868E-01
 0.5120000E+00  0.1468206E+01  0.1699769E-05  0.2195975E+01  0.5001631E+00  0.4606458E-01 -0.1798661E-03 -0.8411048E-02
 0.5140000E+00  0.1468881E+01  0.1690048E-05  0.2198631E+01  0.5001635E+00  0.6476262E-01 -0.8909567E-04  0.2239771E-01
 0.5160000E+00  0.1469534E+01  0.1680199E-05  0.2201223E+01  0.5001638E+00  0.8352179E-01 -0.5605754E-05  0.5255626E-01
 0.5180000E+00  0.1470164E+01  0.1670224E-05  0.2203749E+01  0.5001641E+00  0.1023111E+00  0.8818937E-04  0.8158233E-01
 0.5200000E+00  0.1470771E+01  0.1660123E-05  0.2206206E+01  0.5001644E+00  0.1210997E+00  0.2015466E-03  0.1091054E+00
 0.5220000E+00  0.1471357E+01  0.1649894E-05  0.2208594E+01  0.5001647E+00  0.1398574E+00  0.3195518E-03  0.1348544E+00
 0.5240000E+00  0.1471920E+01  0.1639539E-05  0.2210910E+01  0.5001650E+00  0.1585554E+00  0.4399239E-03  0.1586854E+00
 0.5260000E+00  0.1472462E+01  0.1629058E-05  0.2213154E+01  0.5001653E+00  0.1771669E+00  0.5315017E-03  0.1805664E+00
 0.5280000E+00  0.1472983E+01  0.1618450E-05  0.2215324E+01  0.5001656E+00  0.1956675E+00  0.5887907E-03  0.2006337E+00
 0.5300000E+00  0.1473482E+01  0.1607716E-05  0.2217420E+01  0.5001658E+00  0.2140357E+00  0.6165221E-03  0.2191908E+00
 0.5320000E+00  0.1473961E+01  0.1596855E-05  0.2219439E+01  0.5001661E+00  0.2322532E+00  0.6128113E-03  0.2366817E+00
 0.5340000E+00  0.1474418E+01  0.1585868E-05  0.2221383E+01  0.5001664E+00  0.2503052E+00  0.6100435E-03  0.2536754E+00
 0.5360000E+00  0.1474854E+01  0.1574754E-05  0.2223248E+01  0.5001667E+00  0.2681807E+00  0.6060647E-03  0.2707498E+00
 0.5380000E+00  0.1475269E+01  0.1563515E-05  0.2225036E+01  0.5001669E+00  0.2858719E+00  0.6006275E-03  0.2884470E+00
 0.5400000E+00  0.1475664E+01  0.1552149E-05  0.2226745E+01  0.5001672E+00  0.3033749E+00  0.5962854E-03  0.3072165E+00
 0.5420000E+00  0.1476038E+01  0.1540657E-05  0.2228375E+01  0.5001674E+00  0.3206887E+00  0.5590529E-03  0.3273569E+00
 0.5440000E+00  0.1476391E+01  0.1529039E-05  0.2229924E+01  0.5001677E+00  0.3378157E+00  0.4950620E-03  0.3490686E+00
 0.5460000E+00  0.1476724E+01  0.1517294E-05  0.2231394E+01  0.5001679E+00  0.3547605E+00  0.4055616E-03  0.3724334E+00
 0.5480000E+00  0.1477035E+01  0.1505424E-05  0.2232783E+01  0.5001682E+00  0.3715299E+00  0.2872420E-03  0.3974294E+00
 0.5500000E+00  0.1477326E+01  0.1493427E-05  0.2234091E+01  0.5001684E+00  0.3881320E+00  0.1813704E-03  0.4239739E+00
 0.5520000E+00  0.1477597E+01  0.1481305E-05  0.2235318E+01  0.5001687E+00  0.4045759E+00  0.9051035E-04  0.4518600E+00
 0.5540000E+00  0.1477847E+01  0.1469057E-05  0.2236463E+01  0.5001689E+00  0.4208709E+00  0.1630642E-04  0.4807828E+00
 0.5560000E+00  0.1478076E+01  0.1456683E-05  0.2237526E+01  0.5001691E+00  0.4370259E+00 -0.2223985E-04  0.5103642E+00
 0.5580000E+00  0.1478285E+01  0.1444183E-05  0.2238506E+01  0.5001694E+00  0.4530486E+00 -0.5886713E-04  0.5401317E+00
 0.5600000E+00  0.1478473E+01  0.1431558E-05  0.2239405E+01  0.5001696E+00  0.4689454E+00 -0.1004092E-03  0.5696306E+00
 0.5620000E+00  0.1478641E+01  0.1418806E-05  0.2240220E+01  0.5001698E+00  0.4847206E+00 -0.1336500E-03  0.5984800E+00
 0.5640000E+00  0.1478788E+01  0.1405929E-05  0.2240953E+01  0.5001700E+00  0.5003758E+00 -0.1811652E-03  0.6263858E+00
 0.5660000E+00  0.1478915E+01  0.1392927E-05  0.2241602E+01  0.5001702E+00  0.5159103E+00 -0.2172745E-03  0.6532373E+00
 0.5680000E+00  0.1479022E+01  0.1379799E-05  0.2242169E+01  0.5001705E+00  0.5313200E+00 -0.2125706E-03  0.6790761E+00
 0.5700000E+00  0.1479108E+01  0.1366545E-05  0.2242651E+01  0.5001707E+00  0.5465980E+00 -0.1861064E-03  0.7040328E+00
 0.5720000E+00  0.1479175E+01  0.1353167E-05  0.2243050E+01  0.5001709E+00  0.5617347E+00 -0.1197417E-03  0.7283524E+00
 0.5740000E+00  0.1479221E+01  0.1339662E-05  0.2243366E+01  0.5001711E+00  0.5767175E+00 -0.1142712E-04  0.7523115E+00
 0.5760000E+00  0.1479248E+01  0.1326033E-05  0.2243598E+01  0.5001713E+00  0.5915314E+00  0.9123827E-04  0.7761588E+00
 0.5780000E+00  0.1479255E+01  0.1312278E-05  0.2243746E+01  0.5001715E+00  0.6061595E+00  0.1914118E-03  0.8001740E+00
 0.5800000E+00  0.1479241E+01  0.1298398E-05  0.2243810E+01  0.5001717E+00  0.6205834E+00  0.2921097E-03  0.8246150E+00
 0.5820000E+00  0.1479209E+01  0.1284392E-05  0.2243791E+01  0.5001718E+00  0.6347836E+00  0.3593857E-03  0.8496774E+00
 0.5840000E+00  0.1479156E+01  0.1270262E-05  0.2243688E+01  0.5001720E+00  0.6487405E+00  0.4187040E-03  0.8755503E+00
 0.5860000E+00  0.1479084E+01  0.1256006E-05  0.2243502E+01  0.5001722E+00  0.6624345E+00  0.4984721E-03  0.9023398E+00
 0.5880000E+00  0.1478991E+01  0.1241626E-05  0.2243233E+01  0.5001724E+00  0.6758472E+00  0.5709300E-03  0.9299874E+00
 0.5900000E+00  0.1478880E+01  0.1227121E-05  0.2242881E+01  0.5001725E+00  0.6889616E+00  0.6480383E-03  0.9583160E+00
 0.5920000E+00  0.1478748E+01  0.1212491E-05  0.2242446E+01  0.5001727E+00  0.7017627E+00  0.7468958E-03  0.9869903E+00
 0.5940000E+00  0.1478597E+01  0.1197735E-05  0.2241930E+01  0.5001729E+00  0.7142379E+00  0.8179156E-03  0.1015474E+01
 0.5960000E+00  0.1478426E+01  0.1182856E-05  0.2241332E+01  0.5001730E+00  0.7263775E+00  0.8466567E-03  0.1043155E+01
 0.5980000E+00  0.1478235E+01  0.1167851E-05  0.2240653E+01  0.5001732E+00  0.7381751E+00  0.8593244E-03  0.1069409E+01
 0.6000000E+00  0.1478025E+01  0.1152722E-05  0.2239893E+01  0.5001734E+00  0.7496269E+00  0.8280035E-03  0.1093594E+01
 0.6020000E+00  0.1477794E+01  0.1137468E-05  0.2239054E+01  0.5001735E+00  0.7607328E+00  0.7455357E-03  0.1115169E+01
 0.6040000E+00  0.1477543E+01  0.1122090E-05  0.2238136E+01  0.5001737E+00  0.7714952E+00  0.6676715E-03  0.1133772E+01
 0.6060000E+00  0.1477272E+01  0.1106587E-05  0.2237140E+01  0.5001738E+00  0.7819196E+00  0.5981326E-03  0.1149143E+01
 0.6080000E+00  0.1476980E+01  0.1090960E-05  0.2236066E+01  0.5001739E+00  0.7920135E+00  0.5124719E-03  0.1161148E+01
 0.6100000E+00  0.1476668E+01  0.1075209E-05  0.2234916E+01  0.5001741E+00  0.8017863E+00  0.4470852E-03  0.1169840E+01
 0.6120000E+00  0.1476335E+01  0.1059333E-05  0.2233690E+01  0.5001742E+00  0.8112486E+00  0.4106382E-03  0.1175378E+01
 0.6140000E+00  0.1475982E+01  0.1043334E-05  0.2232390E+01  0.5001743E+00  0.8204118E+00  0.3505253E-03  0.1177982E+01
 0.6160000E+00  0.1475608E+01  0.1027210E-05  0.2231017E+01  0.5001745E+00  0.8292870E+00  0.2697365E-03  0.1178031E+01
 0.6180000E+00  0.1475213E+01  0.1010962E-05  0.2229571E+01  0.5001746E+00  0.8378850E+00  0.2050169E-03  0.1176033E+01
 0.6200000E+00  0.1474797E+01  0.9945897E-06  0.2228054E+01  0.5001747E+00  0.8462152E+00  0.1306187E-03  0.1172521E+01
 0.6220000E+00  0.1474360E+01  0.9780937E-06  0.2226468E+01  0.5001748E+00  0.8542856E+00  0.3491221E-04  0.1168093E+01
 0.6240000E+00  0.1473902E+01  0.9614739E-06  0.2224813E+01  0.5001749E+00  0.8621018E+00 -0.2225395E-04  0.1163400E+01
 0.6260000E+00  0.1473423E+01  0.9447302E-06  0.2223090E+01  0.5001751E+00  0.8696672E+00 -0.2485034E-04  0.1158998E+01
 0.6280000E+00  0.1472923E+01  0.9278629E-06  0.2221302E+01  0.5001752E+00  0.8769823E+00 -0.1488112E-04  0.1155268E+01
 0.6300000E+00  0.1472402E+01  0.9108718E-06  0.2219449E+01  0.5001753E+00  0.8840453E+00  0.2232857E-04  0.1152472E+01
 0.6320000E+00  0.1471860E+01  0.8937572E-06  0.2217534E+01  0.5001754E+00  0.8908516E+00  0.1172606E-03  0.1150693E+01
 0.6340000E+00  0.1471297E+01  0.8765190E-06  0.2215557E+01  0.5001755E+00  0.8973942E+00  0.2215192E-03  0.1149754E+01
 0.6360000E+00  0.1470714E+01  0.8591573E-06  0.2213520E+01  0.5001755E+00  0.9036643E+00  0.2905771E-03  0.1149323E+01
 0.6380000E+00  0.1470109E+01  0.8416723E-06  0.2211425E+01  0.5001756E+00  0.9096514E+00  0.3601583E-03  0.1149032E+01
 0.6400000E+00  0.1469485E+01  0.8240639E-06  0.2209274E+01  0.5001757E+00  0.9153437E+00  0.4443767E-03  0.1148440E+01
 0.6420000E+00  0.1468840E+01  0.8063323E-06  0.2207068E+01  0.5001758E+00  0.9207292E+00  0.4955869E-03  0.1147057E+01
 0.6440000E+00  0.1468175E+01  0.7884775E-06  0.2204810E+01  0.5001759E+00  0.9257959E+00  0.5209583E-03  0.1144494E+01
 0.6460000E+00  0.1467490E+01  0.7704996E-06  0.2202501E+01  0.5001759E+00  0.9305326E+00  0.5799424E-03  0.1140488E+01
 0.6480000E+00  0.1466786E+01  0.7523987E-06  0.2200143E+01  0.5001760E+00  0.9349292E+00  0.6641137E-03  0.1134816E+01
 0.6500000E+00  0.1466063E+01  0.7341748E-06  0.2197739E+01  0.5001761E+00  0.9389775E+00  0.7183842E-03  0.1127324E+01
 0.6520000E+00  0.1465320E+01  0.7158280E-06  0.2195291E+01  0.5001761E+00  0.9426717E+00  0.7563571E-03  0.1118040E+01
 0.6540000E+00  0.1464560E+01  0.6973584E-06  0.2192800E+01  0.5001762E+00  0.9460082E+00  0.8131738E-03  0.1107141E+01
 0.6560000E+00  0.1463781E+01  0.6787660E-06  0.2190270E+01  0.5001762E+00  0.9489863E+00  0.8445583E-03  0.1094865E+01
 0.6580000E+00  0.1462985E+01  0.6600510E-06  0.2187702E+01  0.5001763E+00  0.9516080E+00  0.8004183E-03  0.1081582E+01
 0.6600000E+00  0.1462172E+01  0.6412133E-06  0.2185100E+01  0.5001763E+00  0.9538781E+00  0.7186726E-03  0.1067878E+01
 0.6620000E+00  0.1461342E+01  0.6222532E-06  0.2182466E+01  0.5001763E+00  0.9558038E+00  0.6479824E-03  0.1054453E+01
 0.6640000E+00  0.1460496E+01  0.6031706E-06  0.2179803E+01  0.5001764E+00  0.9573942E+00  0.5574244E-03  0.1041997E+01
 0.6660000E+00  0.1459634E+01  0.5839657E-06  0.2177113E+01  0.5001764E+00  0.9586604E+00  0.4269544E-03  0.1031218E+01
 0.6680000E+00  0.1458758E+01  0.5646384E-06  0.2174399E+01  0.5001764E+00  0.9596145E+00  0.3154476E-03  0.1022836E+01
 0.6700000E+00  0.1457867E+01  0.5451890E-06  0.2171665E+01  0.5001764E+00  0.9602690E+00  0.2668898E-03  0.1017436E+01
 0.6720000E+00  0.1456963E+01  0.5256175E-06  0.2168913E+01  0.5001764E+00  0.9606365E+00  0.2328483E-03  0.1015332E+01
 0.6740000E+00  0.1456046E+01  0.5059239E-06  0.2166146E+01  0.5001764E+00  0.9607290E+00  0.1751347E-03  0.1016637E+01
 0.6760000E+00  0.1455117E+01  0.4861083E-06  0.2163368E+01  0.5001764E+00  0.9605571E+00  0.1346831E-03  0.1021330E+01
 0.6780000E+00  0.1454177E+01  0.4661708E-06  0.2160582E+01  0.5001764E+00  0.9601297E+00  0.1408037E-03  0.1029179E+01
 0.6800000E+00  0.1453227E+01  0.4461115E-06  0.2157790E+01  0.5001764E+00  0.9594536E+00  0.1397813E-03  0.1039712E+01
 0.6820000E+00  0.1452268E+01  0.4259305E-06  0.2154996E+01  0.5001764E+00  0.9585334E+00  0.9460311E-04  0.1052365E+01
 0.6840000E+00  0.1451300E+01  0.4056278E-06  0.2152204E+01  0.5001764E+00  0.9573708E+00  0.5810277E-04  0.1066609E+01
 0.6860000E+00  0.1450325E+01  0.3852035E-06  0.2149416E+01  0.5001764E+00  0.9559650E+00  0.8293790E-04  0.1081899E+01
 0.6880000E+00  0.1449344E+01  0.3646578E-06  0.2146637E+01  0.5001764E+00  0.9543130E+00  0.1338953E-03  0.1097623E+01
 0.6900000E+00  0.1448358E+01  0.3439906E-06  0.2143870E+01  0.5001763E+00  0.9524092E+00  0.1682548E-03  0.1113210E+01
 0.6920000E+00  0.1447368E+01  0.3232021E-06  0.2141117E+01  0.5001763E+00  0.9502463E+00  0.2229218E-03  0.1128230E+01
 0.6940000E+00  0.1446376E+01  0.3022924E-06  0.2138383E+01  0.5001763E+00  0.9478156E+00  0.3457644E-03  0.1142337E+01
 0.6960000E+00  0.1445382E+01  0.2812615E-06  0.2135671E+01  0.5001762E+00  0.9451073E+00  0.4939746E-03  0.1155173E+01
 0.6980000E+00  0.1444388E+01  0.2601096E-06  0.2132985E+01  0.5001762E+00  0.9421114E+00  0.5930774E-03  0.1166435E+01
 0.7000000E+00  0.1443396E+01  0.2388366E-06  0.2130328E+01  0.5001761E+00  0.9388180E+00  0.6467740E-03  0.1176003E+01
 0.7020000E+00  0.1442407E+01  0.2174428E-06  0.2127703E+01  0.5001761E+00  0.9352180E+00  0.7110199E-03  0.1183913E+01
 0.7040000E+00  0.1441422E+01  0.1959281E-06  0.2125114E+01  0.5001760E+00  0.9313032E+00  0.7757937E-03  0.1190227E+01
 0.7060000E+00  0.1440443E+01  0.1742927E-06  0.2122566E+01  0.5001759E+00  0.9270672E+00  0.7790639E-03  0.1195033E+01
 0.7080000E+00  0.1439472E+01  0.1525367E-06  0.2120060E+01  0.5001759E+00  0.9225054E+00  0.7150296E-03  0.1198528E+01
 0.7100000E+00  0.1438509E+01  0.1306601E-06  0.2117601E+01  0.5001758E+00  0.9176151E+00  0.6605758E-03  0.1201008E+01
 0.7120000E+00  0.1437557E+01  0.1086630E-06  0.2115192E+01  0.5001757E+00  0.9123956E+00  0.6517715E-03  0.1202691E+01
 0.7140000E+00  0.1436616E+01  0.8654561E-07  0.2112837E+01  0.5001756E+00  0.9068482E+00  0.6419883E-03  0.1203624E+01
 0.7160000E+00  0.1435690E+01  0.6430791E-07  0.2110539E+01  0.5001755E+00  0.9009758E+00  0.5832488E-03  0.1203746E+01
 0.7180000E+00  0.1434779E+01  0.4195000E-07  0.2108302E+01  0.5001755E+00  0.8947826E+00  0.5187809E-03  0.1202973E+01
 0.7200000E+00  0.1433885E+01  0.1947197E-07  0.2106128E+01  0.5001754E+00  0.8882739E+00  0.5003814E-03  0.1201114E+01
 0.7220000E+00  0.1433009E+01 -0.3126098E-08  0.2104021E+01  0.5001753E+00  0.8814553E+00  0.5044477E-03  0.1197807E+01
 0.7240000E+00  0.1432155E+01 -0.2584410E-07  0.2101985E+01  0.5001752E+00  0.8743323E+00  0.4557431E-03  0.1192589E+01
 0.7260000E+00  0.1431322E+01 -0.4868196E-07  0.2100022E+01  0.5001751E+00  0.8669098E+00  0.3539320E-03  0.1185092E+01
 0.7280000E+00  0.1430513E+01 -0.7163957E-07  0.2098136E+01  0.5001749E+00  0.8591918E+00  0.2708434E-03  0.1175091E+01
 0.7300000E+00  0.1429729E+01 -0.9471684E-07  0.2096329E+01  0.5001748E+00  0.8511807E+00  0.2468612E-03  0.1162430E+01
 0.7320000E+00  0.1428973E+01 -0.1179137E-06  0.2094605E+01  0.5001747E+00  0.8428772E+00  0.2381725E-03  0.1146990E+01
 0.7340000E+00  0.1428245E+01 -0.1412300E-06  0.2092965E+01  0.5001746E+00  0.8342796E+00  0.1990441E-03  0.1128802E+01
 0.7360000E+00  0.1427548E+01 -0.1646657E-06  0.2091414E+01  0.5001745E+00  0.8253848E+00  0.1727460E-03  0.1108134E+01
 0.7380000E+00  0.1426884E+01 -0.1882206E-06  0.2089952E+01  0.5001743E+00  0.8161870E+00  0.2250459E-03  0.1085407E+01
 0.7400000E+00  0.1426253E+01 -0.2118948E-06  0.2088583E+01  0.5001742E+00  0.8066789E+00  0.3546141E-03  0.1061056E+01
 0.7420000E+00  0.1425657E+01 -0.2356880E-06  0.2087309E+01  0.5001741E+00  0.7968516E+00  0.4764487E-03  0.1035491E+01
 0.7440000E+00  0.1425098E+01 -0.2596003E-06  0.2086131E+01  0.5001739E+00  0.7866949E+00  0.5501541E-03  0.1009203E+01
 0.7460000E+00  0.1424577E+01 -0.2836315E-06  0.2085053E+01  0.5001738E+00  0.7761983E+00  0.6137522E-03  0.9827936E+00
 0.7480000E+00  0.1424097E+01 -0.3077815E-06  0.2084074E+01  0.5001736E+00  0.7653509E+00  0.7165787E-03  0.9568587E+00
 0.7500000E+00  0.1423657E+01 -0.3320502E-06  0.2083198E+01  0.5001735E+00  0.7541426E+00  0.8286047E-03  0.9318620E+00
 0.7520000E+00  0.1423260E+01 -0.3564376E-06  0.2082426E+01  0.5001733E+00  0.7425641E+00  0.8722763E-03  0.9081525E+00
 0.7540000E+00  0.1422907E+01 -0.3809434E-06  0.2081758E+01  0.5001732E+00  0.7306079E+00  0.8409627E-03  0.8860763E+00
 0.7560000E+00  0.1422598E+01 -0.4055677E-06  0.2081196E+01  0.5001730E+00  0.7182687E+00  0.7992330E-03  0.8659632E+00
 0.7580000E+00  0.1422336E+01 -0.4303103E-06  0.2080741E+01  0.5001728E+00  0.7055437E+00  0.8108195E-03  0.8480043E+00
 0.7600000E+00  0.1422120E+01 -0.4551711E-06  0.2080394E+01  0.5001726E+00  0.6924326E+00  0.8415734E-03  0.8321277E+00
 0.7620000E+00  0.1421953E+01 -0.4801500E-06  0.2080155E+01  0.5001725E+00  0.6789383E+00  0.8243740E-03  0.8180652E+00
 0.7640000E+00  0.1421834E+01 -0.5052470E-06  0.2080024E+01  0.5001723E+00  0.6650662E+00  0.7535097E-03  0.8054792E+00
 0.7660000E+00  0.1421764E+01 -0.5304619E-06  0.2080002E+01  0.5001721E+00  0.6508249E+00  0.6891409E-03  0.7939951E+00
 0.7680000E+00  0.1421745E+01 -0.5557947E-06  0.2080089E+01  0.5001719E+00  0.6362253E+00  0.6807561E-03  0.7831351E+00
 0.7700000E+00  0.1421775E+01 -0.5812451E-06  0.2080285E+01  0.5001717E+00  0.6212805E+00  0.6792256E-03  0.7722689E+00
 0.7720000E+00  0.1421856E+01 -0.6068132E-06  0.2080589E+01  0.5001715E+00  0.6060050E+00  0.6145798E-03  0.7607549E+00
 0.7740000E+00  0.1421988E+01 -0.6324988E-06  0.2081000E+01  0.5001713E+00  0.5904151E+00  0.4773093E-03  0.7481054E+00
 0.7760000E+00  0.1422171E+01 -0.6583019E-06  0.2081519E+01  0.5001711E+00  0.5745276E+00  0.3379796E-03  0.7340514E+00
 0.7780000E+00  0.1422405E+01 -0.6842222E-06  0.2082144E+01  0.5001709E+00  0.5583596E+00  0.2636739E-03  0.7184575E+00
 0.7800000E+00  0.1422689E+01 -0.7102597E-06  0.2082875E+01  0.5001707E+00  0.5419283E+00  0.2271862E-03  0.7012219E+00
 0.7820000E+00  0.1423023E+01 -0.7364144E-06  0.2083709E+01  0.5001704E+00  0.5252501E+00  0.1710495E-03  0.6823332E+00
 0.7840000E+00  0.1423407E+01 -0.7626861E-06  0.2084646E+01  0.5001702E+00  0.5083407E+00  0.7949026E-04  0.6619467E+00
 0.7860000E+00  0.1423840E+01 -0.7890746E-06  0.2085684E+01  0.5001700E+00  0.4912153E+00  0.1547509E-04  0.6403862E+00
 0.7880000E+00  0.1424322E+01 -0.8155800E-06  0.2086821E+01  0.5001697E+00  0.4738878E+00  0.4577012E-04  0.6179963E+00
 0.7900000E+00  0.1424851E+01 -0.8422021E-06  0.2088055E+01  0.5001695E+00  0.4563715E+00  0.1429243E-03  0.5949800E+00
 0.7920000E+00  0.1425426E+01 -0.8689407E-06  0.2089384E+01  0.5001693E+00  0.4386786E+00  0.2291737E-03  0.5714093E+00
 0.7940000E+00  0.1426046E+01 -0.8957958E-06  0.2090806E+01  0.5001690E+00  0.4208214E+00  0.2494593E-03  0.5473143E+00
 0.7960000E+00  0.1426711E+01 -0.9227673E-06  0.2092318E+01  0.5001688E+00  0.4028117E+00  0.2340275E-03  0.5227576E+00
 0.7980000E+00  0.1427418E+01 -0.9498550E-06  0.2093917E+01  0.5001685E+00  0.3846621E+00  0.2525132E-03  0.4977738E+00
 0.8000000E+00  0.1428166E+01 -0.9770589E-06  0.2095602E+01  0.5001682E+00  0.3663855E+00  0.3058169E-03  0.4722517E+00
 0.8020000E+00  0.1428953E+01 -0.1004379E-05  0.2097368E+01  0.5001680E+00  0.3479958E+00  0.3346348E-03  0.4459556E+00
 0.8040000E+00  0.1429778E+01 -0.1031815E-05  0.2099213E+01  0.5001677E+00  0.3295082E+00  0.2792091E-03  0.4186436E+00
 0.8060000E+00  0.1430638E+01 -0.1059366E-05  0.2101134E+01  0.5001674E+00  0.3109395E+00  0.1551717E-03  0.3901979E+00
 0.8080000E+00  0.1431532E+01 -0.1087034E-05  0.2103128E+01  0.5001672E+00  0.2923083E+00  0.4912705E-04  0.3606324E+00
 0.8100000E+00  0.1432458E+01 -0.1114817E-05  0.2105190E+01  0.5001669E+00  0.2736348E+00  0.7542676E-05  0.3299681E+00
 0.8120000E+00  0.1433413E+01 -0.1142715E-05  0.2107318E+01  0.5001666E+00  0.2549403E+00  0.2958409E-06  0.2981851E+00
 0.8140000E+00  0.1434395E+01 -0.1170729E-05  0.2109508E+01  0.5001663E+00  0.2362474E+00 -0.4302774E-04  0.2652864E+00
 0.8160000E+00  0.1435402E+01 -0.1198858E-05  0.2111757E+01  0.5001660E+00  0.2175798E+00 -0.1569318E-03  0.2314223E+00
 0.8180000E+00  0.1436431E+01 -0.1227102E-05  0.2114060E+01  0.5001657E+00  0.1989615E+00 -0.2869721E-03  0.1969583E+00
 0.8200000E+00  0.1437480E+01 -0.1255461E-05  0.2116414E+01  0.5001654E+00  0.1804162E+00 -0.3659718E-03  0.1623760E+00
 0.8220000E+00  0.1438546E+01 -0.1283936E-05  0.2118815E+01  0.5001651E+00  0.1619670E+00 -0.3900006E-03  0.1281555E+00
 0.8240000E+00  0.1439627E+01 -0.1312525E-05  0.2121259E+01  0.5001648E+00  0.1436354E+00 -0.4155929E-03  0.9475738E-01
 0.8260000E+00  0.1440720E+01 -0.1341228E-05  0.2123743E+01  0.5001645E+00  0.1254408E+00 -0.5084854E-03  0.6268594E-01
 0.8280000E+00  0.1441822E+01 -0.1370046E-05  0.2126263E+01  0.5001642E+00  0.1074003E+00 -0.6568088E-03  0.3257515E-01
 0.8300000E+00  0.1442931E+01 -0.1398979E-05  0.2128814E+01  0.5001638E+00  0.8952828E-01 -0.7778432E-03  0.5134433E-02
 0.8320000E+00  0.1444045E+01 -0.1428026E-05  0.2131394E+01  0.5001635E+00  0.7183566E-01 -0.8122235E-03 -0.1903040E-01
 0.8340000E+00  0.1445159E+01 -0.1457188E-05  0.2133998E+01  0.5001632E+00  0.5432974E-01 -0.7674259E-03 -0.3954586E-01
 0.8360000E+00  0.1446273E+01 -0.1486463E-05  0.2136622E+01  0.5001629E+00  0.3701419E-01 -0.7092290E-03 -0.5629937E-01
 0.8380000E+00  0.1447382E+01 -0.1515852E-05  0.2139262E+01  0.5001625E+00  0.1988920E-01 -0.6925402E-03 -0.6936434E-01
 0.8400000E+00  0.1448485E+01 -0.1545356E-05  0.2141916E+01  0.5001622E+00  0.2951775E-02 -0.6887129E-03 -0.7892137E-01
 0.8420000E+00  0.1449580E+01 -0.1574973E-05  0.2144578E+01  0.5001618E+00 -0.1380403E-01 -0.6315435E-03 -0.8531509E-01
 0.8440000E+00  0.1450663E+01 -0.1604703E-05  0.2147246E+01  0.5001615E+00 -0.3038682E-01 -0.4932207E-03 -0.8914809E-01
 0.8460000E+00  0.1451732E+01 -0.1634548E-05  0.2149916E+01  0.5001611E+00 -0.4680754E-01 -0.3120202E-03 -0.9128934E-01
 0.8480000E+00  0.1452786E+01 -0.1664505E-05  0.2152585E+01  0.5001608E+00 -0.6307881E-01 -0.1760478E-03 -0.9277526E-01
 0.8500000E+00  0.1453821E+01 -0.1694576E-05  0.2155248E+01  0.5001604E+00 -0.7921430E-01 -0.1354786E-03 -0.9460787E-01
 0.8520000E+00  0.1454837E+01 -0.1724760E-05  0.2157903E+01  0.5001600E+00 -0.9522817E-01 -0.1527811E-03 -0.9760723E-01
 0.8540000E+00  0.1455831E+01 -0.1755057E-05  0.2160546E+01  0.5001597E+00 -0.1111347E+00 -0.1571503E-03 -0.1024189E+00
 0.8560000E+00  0.1456800E+01 -0.1785467E-05  0.2163174E+01  0.5001593E+00 -0.1269479E+00 -0.1107459E-03 -0.1095697E+00
 0.8580000E+00  0.1457745E+01 -0.1815990E-05  0.2165784E+01  0.5001589E+00 -0.1426818E+00 -0.3916502E-04 -0.1194852E+00
 0.8600000E+00  0.1458663E+01 -0.1846626E-05  0.2168373E+01  0.5001585E+00 -0.1583496E+00 -0.1245055E-04 -0.1324327E+00
 0.8620000E+00  0.1459552E+01 -0.1877374E-05  0.2170937E+01  0.5001581E+00 -0.1739636E+00 -0.6229938E-04 -0.1483998E+00
 0.8640000E+00  0.1460412E+01 -0.1908234E-05  0.2173473E+01  0.5001578E+00 -0.1895353E+00 -0.1398986E-03 -0.1670541E+00
 0.8660000E+00  0.1461242E+01 -0.1939207E-05  0.2175980E+01  0.5001574E+00 -0.2050754E+00 -0.1726446E-03 -0.1878595E+00
 0.8680000E+00  0.1462041E+01 -0.1970292E-05  0.2178454E+01  0.5001570E+00 -0.2205941E+00 -0.1212937E-03 -0.2102282E+00
 0.8700000E+00  0.1462807E+01 -0.2001489E-05  0.2180892E+01  0.5001566E+00 -0.2361014E+00 -0.1516608E-04 -0.2336295E+00
 0.8720000E+00  0.1463541E+01 -0.2032798E-05  0.2183292E+01  0.5001561E+00 -0.2516072E+00  0.6526711E-04 -0.2576018E+00
 0.8740000E+00  0.1464242E+01 -0.2064219E-05  0.2185652E+01  0.5001557E+00 -0.2671209E+00  0.7078119E-04 -0.2816665E+00
 0.8760000E+00  0.1464910E+01 -0.2095751E-05  0.2187968E+01  0.5001553E+00 -0.2826522E+00  0.3096423E-04 -0.3052867E+00
 0.8780000E+00  0.1465545E+01 -0.2127395E-05  0.2190239E+01  0.5001549E+00 -0.2982101E+00  0.1257888E-04 -0.3279524E+00
 0.8800000E+00  0.1466147E+01 -0.2159151E-05  0.2192463E+01  0.5001545E+00 -0.3138042E+00  0.6161849E-04 -0.3493030E+00
 0.8820000E+00  0.1466716E+01 -0.2191017E-05  0.2194638E+01  0.5001541E+00 -0.3294435E+00  0.1672599E-03 -0.3692032E+00
 0.8840000E+00  0.1467252E+01 -0.2222995E-05  0.2196761E+01  0.5001536E+00 -0.3451371E+00  0.2595904E-03 -0.3877359E+00
 0.8860000E+00  0.1467756E+01 -0.2255084E-05  0.2198830E+01  0.5001532E+00 -0.3608929E+00  0.2832854E-03 -0.4050798E+00
 0.8880000E+00  0.1468229E+01 -0.2287284E-05  0.2200845E+01  0.5001528E+00 -0.3767174E+00  0.2543492E-03 -0.4214023E+00
 0.8900000E+00  0.1468672E+01 -0.2319595E-05  0.2202803E+01  0.5001523E+00 -0.3926155E+00  0.2378017E-03 -0.4368726E+00
 0.8920000E+00  0.1469084E+01 -0.2352016E-05  0.2204702E+01  0.5001519E+00 -0.4085895E+00  0.2882681E-03 -0.4517425E+00
 0.8940000E+00  0.1469468E+01 -0.2384548E-05  0.2206541E+01  0.5001514E+00 -0.4246395E+00  0.4110910E-03 -0.4664001E+00
 0.8960000E+00  0.1469824E+01 -0.2417191E-05  0.2208319E+01  0.5001510E+00 -0.4407625E+00  0.5420960E-03 -0.4813610E+00
 0.8980000E+00  0.1470153E+01 -0.2449943E-05  0.2210035E+01  0.5001505E+00 -0.4569520E+00  0.5998163E-03 -0.4971480E+00
 0.9000000E+00  0.1470457E+01 -0.2482806E-05  0.2211686E+01  0.5001501E+00 -0.4731977E+00  0.5601161E-03 -0.5141336E+00
 0.9020000E+00  0.1470736E+01 -0.2515779E-05  0.2213273E+01  0.5001496E+00 -0.4894852E+00  0.4660077E-03 -0.5324884E+00
 0.9040000E+00  0.1470992E+01 -0.2548861E-05  0.2214794E+01  0.5001491E+00 -0.5057958E+00  0.3777108E-03 -0.5522425E+00
 0.9060000E+00  0.1471225E+01 -0.2582054E-05  0.2216248E+01  0.5001487E+00 -0.5221076E+00  0.3299367E-03 -0.5733657E+00
 0.9080000E+00  0.1471438E+01 -0.2615356E-05  0.2217635E+01  0.5001482E+00 -0.5383950E+00  0.2995792E-03 -0.5958219E+00
 0.9100000E+00  0.1471632E+01 -0.2648767E-05  0.2218953E+01  0.5001477E+00 -0.5546299E+00  0.2187580E-03 -0.6195517E+00
 0.9120000E+00  0.1471807E+01 -0.2682288E-05  0.2220202E+01  0.5001473E+00 -0.5707815E+00  0.4533095E-04 -0.6443780E+00
 0.9140000E+00  0.1471964E+01 -0.2715918E-05  0.2221382E+01  0.5001468E+00 -0.5868167E+00 -0.1906832E-03 -0.6699564E+00
 0.9160000E+00  0.1472106E+01 -0.2749657E-05  0.2222491E+01  0.5001463E+00 -0.6027015E+00 -0.4161139E-03 -0.6958539E+00
 0.9180000E+00  0.1472233E+01 -0.2783505E-05  0.2223530E+01  0.5001458E+00 -0.6184012E+00 -0.5654937E-03 -0.7216868E+00
 0.9200000E+00  0.1472345E+01 -0.2817462E-05  0.2224499E+01  0.5001453E+00 -0.6338819E+00 -0.6185317E-03 -0.7472327E+00
 0.9220000E+00  0.1472445E+01 -0.2851528E-05  0.2225398E+01  0.5001448E+00 -0.6491112E+00 -0.6200858E-03 -0.7724787E+00
 0.9240000E+00  0.1472532E+01 -0.2885702E-05  0.2226226E+01  0.5001443E+00 -0.6640583E+00 -0.6447236E-03 -0.7975613E+00
 0.9260000E+00  0.1472608E+01 -0.2919985E-05  0.2226982E+01  0.5001438E+00 -0.6786945E+00 -0.7248103E-03 -0.8226347E+00
 0.9280000E+00  0.1472673E+01 -0.2954375E-05  0.2227669E+01  0.5001433E+00 -0.6929939E+00 -0.8275077E-03 -0.8477981E+00
 0.9300000E+00  0.1472728E+01 -0.2988874E-05  0.2228285E+01  0.5001427E+00 -0.7069334E+00 -0.8945552E-03 -0.8731270E+00
 0.9320000E+00  0.1472773E+01 -0.3023481E-05  0.2228831E+01  0.5001422E+00 -0.7204930E+00 -0.8857501E-03 -0.8987245E+00
 0.9340000E+00  0.1472809E+01 -0.3058196E-05  0.2229307E+01  0.5001417E+00 -0.7336568E+00 -0.8072781E-03 -0.9247385E+00
 0.9360000E+00  0.1472835E+01 -0.3093019E-05  0.2229713E+01  0.5001412E+00 -0.7464120E+00 -0.7201380E-03 -0.9513260E+00
 0.9380000E+00  0.1472854E+01 -0.3127949E-05  0.2230051E+01  0.5001406E+00 -0.7587491E+00 -0.6950641E-03 -0.9785396E+00
 0.9400000E+00  0.1472863E+01 -0.3162986E-05  0.2230320E+01  0.5001401E+00 -0.7706613E+00 -0.7486504E-03 -0.1006198E+01
 0.9420000E+00  0.1472864E+01 -0.3198131E-05  0.2230522E+01  0.5001396E+00 -0.7821442E+00 -0.8325330E-03 -0.1033860E+01
 0.9440000E+00  0.1472856E+01 -0.3233383E-05  0.2230655E+01  0.5001390E+00 -0.7931956E+00 -0.8813431E-03 -0.1060928E+01
 0.9460000E+00  0.1472840E+01 -0.3268742E-05  0.2230722E+01  0.5001385E+00 -0.8038155E+00 -0.8521828E-03 -0.1086776E+01
 0.9480000E+00  0.1472815E+01 -0.3304208E-05  0.2230723E+01  0.5001379E+00 -0.8140061E+00 -0.7518114E-03 -0.1110850E+01
 0.9500000E+00  0.1472780E+01 -0.3339780E-05  0.2230659E+01  0.5001373E+00 -0.8237713E+00 -0.6377546E-03 -0.1132715E+01
 0.9520000E+00  0.1472737E+01 -0.3375460E-05  0.2230529E+01  0.5001368E+00 -0.8331164E+00 -0.5804775E-03 -0.1152028E+01
 0.9540000E+00  0.1472683E+01 -0.3411245E-05  0.2230336E+01  0.5001362E+00 -0.8420479E+00 -0.5976731E-03 -0.1168466E+01
 0.9560000E+00  0.1472619E+01 -0.3447137E-05  0.2230079E+01  0.5001356E+00 -0.8505732E+00 -0.6475184E-03 -0.1181741E+01
 0.9580000E+00  0.1472544E+01 -0.3483135E-05  0.2229760E+01  0.5001351E+00 -0.8587006E+00 -0.6689332E-03 -0.1191692E+01
 0.9600000E+00  0.1472458E+01 -0.3519239E-05  0.2229379E+01  0.5001345E+00 -0.8664399E+00 -0.6263107E-03 -0.1198392E+01
 0.9620000E+00  0.1472360E+01 -0.3555449E-05  0.2228936E+01  0.5001339E+00 -0.8738022E+00 -0.5244887E-03 -0.1202182E+01
 0.9640000E+00  0.1472251E+01 -0.3591765E-05  0.2228433E+01  0.5001333E+00 -0.8808000E+00 -0.4154440E-03 -0.1203649E+01
 0.9660000E+00  0.1472128E+01 -0.3628186E-05  0.2227871E+01  0.5001327E+00 -0.8874470E+00 -0.3638689E-03 -0.1203513E+01
 0.9680000E+00  0.1471992E+01 -0.3664713E-05  0.2227249E+01  0.5001321E+00 -0.8937575E+00 -0.3917409E-03 -0.1202485E+01
 0.9700000E+00  0.1471843E+01 -0.3701345E-05  0.2226570E+01  0.5001315E+00 -0.8997462E+00 -0.4551525E-03 -0.1201167E+01
 0.9720000E+00  0.1471679E+01 -0.3738082E-05  0.2225832E+01  0.5001309E+00 -0.9054282E+00 -0.4854145E-03 -0.1200081E+01
 0.9740000E+00  0.1471501E+01 -0.3774924E-05  0.2225038E+01  0.5001303E+00 -0.9108187E+00 -0.4361409E-03 -0.1199727E+01
 0.9760000E+00  0.1471308E+01 -0.3811871E-05  0.2224187E+01  0.5001297E+00 -0.9159330E+00 -0.3043891E-03 -0.1200600E+01
 0.9780000E+00  0.1471099E+01 -0.3848923E-05  0.2223281E+01  0.5001291E+00 -0.9207861E+00 -0.1329966E-03 -0.1203166E+01
 0.9800000E+00  0.1470875E+01 -0.3886079E-05  0.2222320E+01  0.5001284E+00 -0.9253916E+00  0.7642687E-05 -0.1207779E+01
 0.9820000E+00  0.1470634E+01 -0.3923339E-05  0.2221305E+01  0.5001278E+00 -0.9297613E+00  0.6777529E-04 -0.1214581E+01
 0.9840000E+00  0.1470377E+01 -0.3960704E-05  0.2220236E+01  0.5001272E+00 -0.9339043E+00  0.5937231E-04 -0.1223414E+01
 0.9860000E+00  0.1470103E+01 -0.3998173E-05  0.2219114E+01  0.5001266E+00 -0.9378268E+00  0.3632895E-04 -0.1233859E+01
 0.9880000E+00  0.1469812E+01 -0.4035746E-05  0.2217940E+01  0.5001259E+00 -0.9415316E+00  0.4610462E-04 -0.1245353E+01
 0.9900000E+00  0.1469505E+01 -0.4073423E-05  0.2216715E+01  0.5001253E+00 -0.9450189E+00  0.9601123E-04 -0.1257297E+01
 0.9920000E+00  0.1469180E+01 -0.4111204E-05  0.2215438E+01  0.5001247E+00 -0.9482855E+00  0.1580029E-03 -0.1269096E+01
 0.9940000E+00  0.1468839E+01 -0.4149088E-05  0.2214111E+01  0.5001240E+00 -0.9513250E+00  0.1746695E-03 -0.1280168E+01
 0.9960000E+00  0.1468480E+01 -0.4187075E-05  0.2212735E+01  0.5001234E+00 -0.9541275E+00  0.9447392E-04 -0.1289910E+01
 0.9980000E+00  0.1468105E+01 -0.4225165E-05  0.2211309E+01  0.5001227E+00 -0.9566800E+00 -0.8853018E-04 -0.1297666E+01
 0.1000000E+01  0.1467713E+01 -0.4263359E-05  0.2209836E+01  0.5001221E+00 -0.9589664E+00 -0.3184469E-03 -0.1302745E+01
