           1  0.82882650247991496     
           2   1.8288265024795411     
           3   1.9172681004578531     
           4   2.8288265024797221     
           5   2.9172681004580858     
           6   3.5819506327296717     
           7   3.8288265024823493     
           8   3.9172681004577625     
           9   4.5819506327295887     
          10   4.8288265025253656     
          11   4.9172681004603174     
          12   5.5193231441439918     
          13   5.5819506327300061     
          14   5.8288265031028521     
          15   5.9172681005029544     
          16   6.5193231441436694     
          17   6.5819506327322888     
          18   6.8288265094423064     
          19   6.9172681010806407     
          20   7.5193231441438879     
          21   7.5819506327747783     
          22   7.6862037253028799     
          23   7.8288265669340493     
          24   7.9172681074202940     
          25   8.5193231441462078     
          26   8.5819506333526085     
          27   8.6862037253025157     
          28   8.8288270061711085     
          29   8.9172681649117393     
          30   9.5193231441888297     
          31   9.5819506396922662     
          32   9.6862037253027040     
          33   9.8288298679322796     
          34   9.9172686041485001     
          35   10.042855760881977     
          36   10.519323144766693     
          37   10.581950697183531     
          38   10.686203725305299     
          39   10.828845923814134     
          40   10.917271465909810     
          41   11.042855760882022     
          42   11.519323151106450     
          43   11.581951136420468     
          44   11.686203725347680     
          45   11.828923881928333     
          46   11.917287521791970     
          47   12.042855760882109     
          48   12.519323208597832     
          49   12.564012041346666     
          50   12.581953998181726     
          51   12.686203725925580     
          52   12.829252659283050     
          53   12.917365479906078     
          54   13.042855760884404     
          55   13.519323647834641     
          56   13.564012041346659     
          57   13.581970054063953     
          58   13.686203732265239     
          59   13.830456074829776     
          60   13.917694257260711     
          61   14.042855760926864     
          62   14.519326509595761     
          63   14.564012041346796     
          64   14.582048012178124     
          65   14.686203789756711     
          66   14.834273158365765     
          67   14.918897672807374     
          68   15.042855761504743     
          69   15.231384519614355     
          70   15.519342565478144     
          71   15.564012041349299     
          72   15.582376789532830     
          73   15.686204228993297     
          74   15.844717958035822     
          75   15.922714756343352     
          76   16.042855767844536     
          77   16.231384519614256     
          78   16.519420523592018     
          79   16.564012041391507     
          80   16.583580205079443     
          81   16.686207090754596     
          82   16.869343239356787     
          83   16.933159556013219     
          84   17.042855825335888     
          85   17.231384519614295     
          86   17.519749300946806     
          87   17.564012041969505     
          88   17.587397288615474     
          89   17.686223146636795     
          90   17.919459941557431     
          91   17.957784837334486     
          92   18.031723125779614     
          93   18.042856264572656     
          94   18.231384519616789     
          95   18.520952716493298     
          96   18.564012048309401     
          97   18.597842088285454     
          98   18.686301104751116     
          99   19.007901539535030     
         100   19.008499659515753     
