-0.3361343E+01  0.3700227E-03
-0.3751031E+01  0.1085350E-03
-0.3874164E+01  0.3151815E-03
-0.3606712E+01  0.1451226E-02
-0.3719829E+01  0.3092785E-03
-0.3728079E+01  0.9252568E-03
-0.3665569E+01  0.2761384E-02
-0.3672198E+01  0.2494461E-02
-0.3530508E+01  0.1448412E-02
-0.3711587E+01  0.4572911E-03
-0.3753369E+01  0.2802199E-03
-0.3907242E+01  0.8029064E-03
-0.3919666E+01  0.1111732E-02
-0.2529644E+01  0.7445915E-03
-0.2484298E+01  0.2077959E-02
-0.2638739E+01  0.1931084E-02
-0.3124547E+01  0.3340716E-02
-0.3159041E+01  0.3907127E-02
-0.3171363E+01  0.4756745E-02
-0.3138606E+01  0.5036975E-02
-0.3066655E+01  0.6871267E-02
-0.3006784E+01  0.3026645E-02
-0.2952298E+01  0.2050942E-02
-0.3102605E+01  0.1017037E-02
-0.3182902E+01  0.5150899E-03
-0.3592701E+01  0.8029064E-03
-0.1866525E+01  0.8391012E-03
-0.1918044E+01  0.3116280E-02
-0.1886868E+01  0.4171468E-02
-0.2002776E+01  0.5675257E-02
-0.2491916E+01  0.1499390E-01
-0.2582862E+01  0.1402525E-01
-0.2577443E+01  0.2297867E-01
-0.2539091E+01  0.7157492E-02
-0.2473570E+01  0.1222827E-01
-0.2408478E+01  0.3949692E-02
-0.2384008E+01  0.2439674E-02
-0.2562089E+01  0.1017037E-02
-0.2629702E+01  0.2802199E-03
-0.1455079E+01  0.2515702E-02
-0.1405218E+01  0.7191374E-02
-0.1341601E+01  0.5346194E-02
-0.1309275E+01  0.2174343E-01
-0.1410490E+01  0.2660425E-01
-0.1870849E+01  0.5109419E-01
-0.1988269E+01  0.4343232E-01
-0.1982561E+01  0.4741967E-01
-0.1942669E+01  0.7351031E-02
-0.1881188E+01  0.1426919E-01
-0.1815247E+01  0.3949692E-02
-0.1786225E+01  0.2050942E-02
-0.1994299E+01  0.4572911E-03
-0.1024197E+01  0.1942462E-02
-0.9164272E+00  0.6306971E-02
-0.8411823E+00  0.2045888E-01
-0.7704253E+00  0.1262769E-01
-0.7300805E+00  0.6100503E-01
-0.8233431E+00  0.7941988E-01
-0.1268012E+01  0.1086812E+00
-0.1391564E+01  0.7818142E-01
-0.1387825E+01  0.5923574E-01
-0.1346666E+01  0.7351031E-02
-0.1285752E+01  0.1222827E-01
-0.1217085E+01  0.3026645E-02
-0.1152681E+01  0.1448412E-02
-0.5199746E+00  0.7119087E-03
-0.4289944E+00  0.5923353E-02
-0.3342227E+00  0.4670131E-02
-0.2664931E+00  0.4318920E-01
-0.1877198E+00  0.7092814E-01
-0.1428083E+00  0.1151844E+00
-0.2343319E+00  0.1364607E+00
-0.6709254E+00  0.1411914E+00
-0.7926385E+00  0.7818142E-01
-0.7907726E+00  0.4741967E-01
-0.7490617E+00  0.7157492E-02
-0.6890381E+00  0.6871268E-02
-0.6290085E+00  0.2494461E-02
 0.2778611E-01  0.3209884E-02
 0.8157751E-01  0.4921342E-02
 0.1723550E+00  0.1129220E-01
 0.2584959E+00  0.3594525E-01
 0.3227148E+00  0.6836234E-01
 0.4076216E+00  0.1373956E+00
 0.4511794E+00  0.1449917E+00
 0.3581045E+00  0.1364607E+00
-0.7974678E-01  0.1086812E+00
-0.1949290E+00  0.4343232E-01
-0.1927079E+00  0.2297867E-01
-0.1515913E+00  0.5036975E-02
-0.1037563E+00  0.2761384E-02
 0.6623042E+00  0.1124587E-02
 0.6275741E+00  0.7421189E-02
 0.6854005E+00  0.1714314E-01
 0.7765036E+00  0.2225376E-01
 0.8595916E+00  0.6904888E-01
 0.9268198E+00  0.8255074E-01
 0.1012340E+01  0.1373956E+00
 0.1050538E+01  0.1151844E+00
 0.9574514E+00  0.7941988E-01
 0.5123256E+00  0.5109419E-01
 0.4033505E+00  0.1402525E-01
 0.4039868E+00  0.4756745E-02
 0.4229199E+00  0.9252568E-03
 0.1410281E+01  0.6241549E-03
 0.1272550E+01  0.5282563E-02
 0.1230340E+01  0.1085292E-01
 0.1286360E+01  0.2596599E-01
 0.1376025E+01  0.3085518E-01
 0.1460171E+01  0.6904888E-01
 0.1528777E+01  0.6836234E-01
 0.1608195E+01  0.7092814E-01
 0.1650471E+01  0.6100503E-01
 0.1565775E+01  0.2660425E-01
 0.1113768E+01  0.1499390E-01
 0.1010983E+01  0.3907127E-02
 0.9530136E+00  0.3092785E-03
 0.2218863E+01  0.1741053E-02
 0.1973264E+01  0.1878649E-03
 0.1884944E+01  0.1046321E-01
 0.1830234E+01  0.1359983E-01
 0.1883099E+01  0.2596599E-01
 0.1970272E+01  0.2225376E-01
 0.2052382E+01  0.3594525E-01
 0.2112491E+01  0.4318920E-01
 0.2187322E+01  0.1262769E-01
 0.2240486E+01  0.2174343E-01
 0.2168567E+01  0.5675257E-02
 0.1717907E+01  0.3340716E-02
 0.1614729E+01  0.1451226E-02
 0.3010385E+01  0.1691696E-02
 0.2760838E+01  0.1838171E-02
 0.2569984E+01  0.1078444E-02
 0.2493548E+01  0.1046321E-01
 0.2430413E+01  0.1085292E-01
 0.2479603E+01  0.1714314E-01
 0.2562548E+01  0.1129220E-01
 0.2634127E+01  0.4670131E-02
 0.2678998E+01  0.2045888E-01
 0.2741841E+01  0.5346194E-02
 0.2807583E+01  0.4171468E-02
 0.2719979E+01  0.1931084E-02
 0.2249203E+01  0.3151815E-03
 0.3510779E+01  0.2262236E-02
 0.3508943E+01  0.1306893E-02
 0.3370130E+01  0.1838171E-02
 0.3177613E+01  0.1878649E-03
 0.3093261E+01  0.5282563E-02
 0.3030270E+01  0.7421189E-02
 0.3070351E+01  0.4921342E-02
 0.3140857E+01  0.5923353E-02
 0.3202324E+01  0.6306971E-02
 0.3237625E+01  0.7191374E-02
 0.3270107E+01  0.3116280E-02
 0.3245005E+01  0.2077959E-02
 0.2729058E+01  0.1085350E-03
 0.3734057E+01  0.3866330E-02
 0.3914387E+01  0.2262236E-02
 0.3975916E+01  0.1691696E-02
 0.3833875E+01  0.1741053E-02
 0.3684026E+01  0.6241549E-03
 0.3660626E+01  0.1124587E-02
 0.3634486E+01  0.3209884E-02
 0.3676858E+01  0.7119087E-03
 0.3698709E+01  0.1942462E-02
 0.3768790E+01  0.2515702E-02
 0.3795598E+01  0.8391012E-03
 0.3451257E+01  0.7445915E-03
 0.3061873E+01  0.3700227E-03
