   15.080585937499999        1.1032031249999998      -0.57735026918962573     
   15.080585937499999        1.1032031249999998       0.57735026918962573     
   15.549101562499999        1.1032031249999998      -0.57735026918962573     
   15.549101562499999        1.1032031249999998       0.57735026918962573     
   15.627187499999998        1.1032031249999998      -0.57735026918962573     
   15.627187499999998        1.1032031249999998       0.57735026918962573     
   15.705273437499999        1.1032031249999998      -0.57735026918962573     
   15.705273437499999        1.1032031249999998       0.57735026918962573     
   17.813593749999999        1.1032031249999998      -0.57735026918962573     
   17.813593749999999        1.1032031249999998       0.57735026918962573     
   18.672539062500000        1.1032031249999998      -0.57735026918962573     
   18.672539062500000        1.1032031249999998       0.57735026918962573     
   19.062968750000000        1.1032031249999998      -0.57735026918962573     
   19.062968750000000        1.1032031249999998       0.57735026918962573     
   19.141054687499999        1.1032031249999998      -0.57735026918962573     
   19.141054687499999        1.1032031249999998       0.57735026918962573     
   19.219140625000001        1.1032031249999998      -0.57735026918962573     
   19.219140625000001        1.1032031249999998       0.57735026918962573     
   19.765742187499999        1.1032031249999998      -0.57735026918962573     
   19.765742187499999        1.1032031249999998       0.57735026918962573     
   9.8488281249999989        1.1812890624999999      -0.57735026918962573     
   9.8488281249999989        1.1812890624999999       0.57735026918962573     
   10.863945312499999        1.1812890624999999      -0.57735026918962573     
   10.863945312499999        1.1812890624999999       0.57735026918962573     
   10.942031249999999        1.1812890624999999      -0.57735026918962573     
   10.942031249999999        1.1812890624999999       0.57735026918962573     
   11.488632812499999        1.1812890624999999      -0.57735026918962573     
   11.488632812499999        1.1812890624999999       0.57735026918962573     
   12.035234374999998        1.1812890624999999      -0.57735026918962573     
   12.035234374999998        1.1812890624999999       0.57735026918962573     
   12.659921874999998        1.1812890624999999      -0.57735026918962573     
   12.659921874999998        1.1812890624999999       0.57735026918962573     
   12.738007812499999        1.1812890624999999      -0.57735026918962573     
   12.738007812499999        1.1812890624999999       0.57735026918962573     
   12.816093749999999        1.1812890624999999      -0.57735026918962573     
   12.816093749999999        1.1812890624999999       0.57735026918962573     
   13.206523437500000        1.1812890624999999      -0.57735026918962573     
   13.206523437500000        1.1812890624999999       0.57735026918962573     
   13.284609374999999        1.1812890624999999      -0.57735026918962573     
   13.284609374999999        1.1812890624999999       0.57735026918962573     
   13.362695312499998        1.1812890624999999      -0.57735026918962573     
   13.362695312499998        1.1812890624999999       0.57735026918962573     
   13.831210937499998        1.1812890624999999      -0.57735026918962573     
   13.831210937499998        1.1812890624999999       0.57735026918962573     
   13.909296874999999        1.1812890624999999      -0.57735026918962573     
   13.909296874999999        1.1812890624999999       0.57735026918962573     
   13.987382812499998        1.1812890624999999      -0.57735026918962573     
   13.987382812499998        1.1812890624999999       0.57735026918962573     
   14.455898437499998        1.1812890624999999      -0.57735026918962573     
   14.455898437499998        1.1812890624999999       0.57735026918962573     
   14.533984374999999        1.1812890624999999      -0.57735026918962573     
   14.533984374999999        1.1812890624999999       0.57735026918962573     
   14.924414062499999        1.1812890624999999      -0.57735026918962573     
   14.924414062499999        1.1812890624999999       0.57735026918962573     
   15.002500000000000        1.1812890624999999      -0.57735026918962573     
   15.002500000000000        1.1812890624999999       0.57735026918962573     
   15.080585937499999        1.1812890624999999      -0.57735026918962573     
   15.080585937499999        1.1812890624999999       0.57735026918962573     
   15.158671874999998        1.1812890624999999      -0.57735026918962573     
   15.158671874999998        1.1812890624999999       0.57735026918962573     
   15.471015624999998        1.1812890624999999      -0.57735026918962573     
   15.471015624999998        1.1812890624999999       0.57735026918962573     
   15.549101562499999        1.1812890624999999      -0.57735026918962573     
   15.549101562499999        1.1812890624999999       0.57735026918962573     
   15.627187499999998        1.1812890624999999      -0.57735026918962573     
   15.627187499999998        1.1812890624999999       0.57735026918962573     
   15.705273437499999        1.1812890624999999      -0.57735026918962573     
   15.705273437499999        1.1812890624999999       0.57735026918962573     
   15.783359374999998        1.1812890624999999      -0.57735026918962573     
   15.783359374999998        1.1812890624999999       0.57735026918962573     
   16.173789062499999        1.1812890624999999      -0.57735026918962573     
   16.173789062499999        1.1812890624999999       0.57735026918962573     
   16.251875000000002        1.1812890624999999      -0.57735026918962573     
   16.251875000000002        1.1812890624999999       0.57735026918962573     
   16.329960937500001        1.1812890624999999      -0.57735026918962573     
   16.329960937500001        1.1812890624999999       0.57735026918962573     
   16.798476562499999        1.1812890624999999      -0.57735026918962573     
   16.798476562499999        1.1812890624999999       0.57735026918962573     
   16.876562499999999        1.1812890624999999      -0.57735026918962573     
   16.876562499999999        1.1812890624999999       0.57735026918962573     
   17.266992187500001        1.1812890624999999      -0.57735026918962573     
   17.266992187500001        1.1812890624999999       0.57735026918962573     
   17.345078125000001        1.1812890624999999      -0.57735026918962573     
   17.345078125000001        1.1812890624999999       0.57735026918962573     
   17.423164062500000        1.1812890624999999      -0.57735026918962573     
   17.423164062500000        1.1812890624999999       0.57735026918962573     
   17.501249999999999        1.1812890624999999      -0.57735026918962573     
   17.501249999999999        1.1812890624999999       0.57735026918962573     
   17.813593749999999        1.1812890624999999      -0.57735026918962573     
   17.813593749999999        1.1812890624999999       0.57735026918962573     
   17.891679687500002        1.1812890624999999      -0.57735026918962573     
   17.891679687500002        1.1812890624999999       0.57735026918962573     
   17.969765625000001        1.1812890624999999      -0.57735026918962573     
   17.969765625000001        1.1812890624999999       0.57735026918962573     
   18.047851562500000        1.1812890624999999      -0.57735026918962573     
   18.047851562500000        1.1812890624999999       0.57735026918962573     
   18.516367187499998        1.1812890624999999      -0.57735026918962573     
   18.516367187499998        1.1812890624999999       0.57735026918962573     
   18.594453125000001        1.1812890624999999      -0.57735026918962573     
   18.594453125000001        1.1812890624999999       0.57735026918962573     
   18.672539062500000        1.1812890624999999      -0.57735026918962573     
   18.672539062500000        1.1812890624999999       0.57735026918962573     
   18.984882812500000        1.1812890624999999      -0.57735026918962573     
   18.984882812500000        1.1812890624999999       0.57735026918962573     
   19.062968750000000        1.1812890624999999      -0.57735026918962573     
   19.062968750000000        1.1812890624999999       0.57735026918962573     
   19.141054687499999        1.1812890624999999      -0.57735026918962573     
   19.141054687499999        1.1812890624999999       0.57735026918962573     
   19.219140625000001        1.1812890624999999      -0.57735026918962573     
   19.219140625000001        1.1812890624999999       0.57735026918962573     
   19.531484375000002        1.1812890624999999      -0.57735026918962573     
   19.531484375000002        1.1812890624999999       0.57735026918962573     
   19.609570312500001        1.1812890624999999      -0.57735026918962573     
   19.609570312500001        1.1812890624999999       0.57735026918962573     
   19.687656250000000        1.1812890624999999      -0.57735026918962573     
   19.687656250000000        1.1812890624999999       0.57735026918962573     
   19.765742187499999        1.1812890624999999      -0.57735026918962573     
   19.765742187499999        1.1812890624999999       0.57735026918962573     
   19.843828125000002        1.1812890624999999      -0.57735026918962573     
   19.843828125000002        1.1812890624999999       0.57735026918962573     
   9.0679687499999986        1.2593749999999999      -0.57735026918962573     
   9.0679687499999986        1.2593749999999999       0.57735026918962573     
   9.2241406249999986        1.2593749999999999      -0.57735026918962573     
   9.2241406249999986        1.2593749999999999       0.57735026918962573     
   9.8488281249999989        1.2593749999999999      -0.57735026918962573     
   9.8488281249999989        1.2593749999999999       0.57735026918962573     
   9.9269140624999999        1.2593749999999999      -0.57735026918962573     
   9.9269140624999999        1.2593749999999999       0.57735026918962573     
   10.239257812499998        1.2593749999999999      -0.57735026918962573     
   10.239257812499998        1.2593749999999999       0.57735026918962573     
   10.317343749999999        1.2593749999999999      -0.57735026918962573     
   10.317343749999999        1.2593749999999999       0.57735026918962573     
   10.473515624999999        1.2593749999999999      -0.57735026918962573     
   10.473515624999999        1.2593749999999999       0.57735026918962573     
   10.551601562499998        1.2593749999999999      -0.57735026918962573     
   10.551601562499998        1.2593749999999999       0.57735026918962573     
   10.785859374999999        1.2593749999999999      -0.57735026918962573     
   10.785859374999999        1.2593749999999999       0.57735026918962573     
   10.863945312499999        1.2593749999999999      -0.57735026918962573     
   10.863945312499999        1.2593749999999999       0.57735026918962573     
   10.942031249999999        1.2593749999999999      -0.57735026918962573     
   10.942031249999999        1.2593749999999999       0.57735026918962573     
   11.488632812499999        1.2593749999999999      -0.57735026918962573     
   11.488632812499999        1.2593749999999999       0.57735026918962573     
   11.566718750000000        1.2593749999999999      -0.57735026918962573     
   11.566718750000000        1.2593749999999999       0.57735026918962573     
   11.644804687499999        1.2593749999999999      -0.57735026918962573     
   11.644804687499999        1.2593749999999999       0.57735026918962573     
   11.957148437499999        1.2593749999999999      -0.57735026918962573     
   11.957148437499999        1.2593749999999999       0.57735026918962573     
   12.035234374999998        1.2593749999999999      -0.57735026918962573     
   12.035234374999998        1.2593749999999999       0.57735026918962573     
   12.113320312499999        1.2593749999999999      -0.57735026918962573     
   12.113320312499999        1.2593749999999999       0.57735026918962573     
   12.191406249999998        1.2593749999999999      -0.57735026918962573     
   12.191406249999998        1.2593749999999999       0.57735026918962573     
   12.581835937499999        1.2593749999999999      -0.57735026918962573     
   12.581835937499999        1.2593749999999999       0.57735026918962573     
   12.659921874999998        1.2593749999999999      -0.57735026918962573     
   12.659921874999998        1.2593749999999999       0.57735026918962573     
   12.738007812499999        1.2593749999999999      -0.57735026918962573     
   12.738007812499999        1.2593749999999999       0.57735026918962573     
   12.816093749999999        1.2593749999999999      -0.57735026918962573     
   12.816093749999999        1.2593749999999999       0.57735026918962573     
   13.128437499999999        1.2593749999999999      -0.57735026918962573     
   13.128437499999999        1.2593749999999999       0.57735026918962573     
   13.206523437500000        1.2593749999999999      -0.57735026918962573     
   13.206523437500000        1.2593749999999999       0.57735026918962573     
   13.284609374999999        1.2593749999999999      -0.57735026918962573     
   13.284609374999999        1.2593749999999999       0.57735026918962573     
   13.362695312499998        1.2593749999999999      -0.57735026918962573     
   13.362695312499998        1.2593749999999999       0.57735026918962573     
   13.440781249999999        1.2593749999999999      -0.57735026918962573     
   13.440781249999999        1.2593749999999999       0.57735026918962573     
   13.518867187499998        1.2593749999999999      -0.57735026918962573     
   13.518867187499998        1.2593749999999999       0.57735026918962573     
   13.753124999999999        1.2593749999999999      -0.57735026918962573     
   13.753124999999999        1.2593749999999999       0.57735026918962573     
   13.831210937499998        1.2593749999999999      -0.57735026918962573     
   13.831210937499998        1.2593749999999999       0.57735026918962573     
   13.909296874999999        1.2593749999999999      -0.57735026918962573     
   13.909296874999999        1.2593749999999999       0.57735026918962573     
   13.987382812499998        1.2593749999999999      -0.57735026918962573     
   13.987382812499998        1.2593749999999999       0.57735026918962573     
   14.065468749999999        1.2593749999999999      -0.57735026918962573     
   14.065468749999999        1.2593749999999999       0.57735026918962573     
   14.377812499999999        1.2593749999999999      -0.57735026918962573     
   14.377812499999999        1.2593749999999999       0.57735026918962573     
   14.455898437499998        1.2593749999999999      -0.57735026918962573     
   14.455898437499998        1.2593749999999999       0.57735026918962573     
   14.533984374999999        1.2593749999999999      -0.57735026918962573     
   14.533984374999999        1.2593749999999999       0.57735026918962573     
   14.612070312499998        1.2593749999999999      -0.57735026918962573     
   14.612070312499998        1.2593749999999999       0.57735026918962573     
   14.690156249999999        1.2593749999999999      -0.57735026918962573     
   14.690156249999999        1.2593749999999999       0.57735026918962573     
   14.846328124999999        1.2593749999999999      -0.57735026918962573     
   14.846328124999999        1.2593749999999999       0.57735026918962573     
   14.924414062499999        1.2593749999999999      -0.57735026918962573     
   14.924414062499999        1.2593749999999999       0.57735026918962573     
   15.002500000000000        1.2593749999999999      -0.57735026918962573     
   15.002500000000000        1.2593749999999999       0.57735026918962573     
   15.080585937499999        1.2593749999999999      -0.57735026918962573     
   15.080585937499999        1.2593749999999999       0.57735026918962573     
   15.158671874999998        1.2593749999999999      -0.57735026918962573     
   15.158671874999998        1.2593749999999999       0.57735026918962573     
   15.236757812499999        1.2593749999999999      -0.57735026918962573     
   15.236757812499999        1.2593749999999999       0.57735026918962573     
   15.471015624999998        1.2593749999999999      -0.57735026918962573     
   15.471015624999998        1.2593749999999999       0.57735026918962573     
   15.549101562499999        1.2593749999999999      -0.57735026918962573     
   15.549101562499999        1.2593749999999999       0.57735026918962573     
   15.627187499999998        1.2593749999999999      -0.57735026918962573     
   15.627187499999998        1.2593749999999999       0.57735026918962573     
   15.705273437499999        1.2593749999999999      -0.57735026918962573     
   15.705273437499999        1.2593749999999999       0.57735026918962573     
   15.783359374999998        1.2593749999999999      -0.57735026918962573     
   15.783359374999998        1.2593749999999999       0.57735026918962573     
   15.861445312499999        1.2593749999999999      -0.57735026918962573     
   15.861445312499999        1.2593749999999999       0.57735026918962573     
   16.095703125000000        1.2593749999999999      -0.57735026918962573     
   16.095703125000000        1.2593749999999999       0.57735026918962573     
   16.173789062499999        1.2593749999999999      -0.57735026918962573     
   16.173789062499999        1.2593749999999999       0.57735026918962573     
   16.251875000000002        1.2593749999999999      -0.57735026918962573     
   16.251875000000002        1.2593749999999999       0.57735026918962573     
   16.329960937500001        1.2593749999999999      -0.57735026918962573     
   16.329960937500001        1.2593749999999999       0.57735026918962573     
   16.408046875000000        1.2593749999999999      -0.57735026918962573     
   16.408046875000000        1.2593749999999999       0.57735026918962573     
   16.642304687500001        1.2593749999999999      -0.57735026918962573     
   16.642304687500001        1.2593749999999999       0.57735026918962573     
   16.720390625000000        1.2593749999999999      -0.57735026918962573     
   16.720390625000000        1.2593749999999999       0.57735026918962573     
   16.798476562499999        1.2593749999999999      -0.57735026918962573     
   16.798476562499999        1.2593749999999999       0.57735026918962573     
   16.876562499999999        1.2593749999999999      -0.57735026918962573     
   16.876562499999999        1.2593749999999999       0.57735026918962573     
   16.954648437500001        1.2593749999999999      -0.57735026918962573     
   16.954648437500001        1.2593749999999999       0.57735026918962573     
   17.266992187500001        1.2593749999999999      -0.57735026918962573     
   17.266992187500001        1.2593749999999999       0.57735026918962573     
   17.345078125000001        1.2593749999999999      -0.57735026918962573     
   17.345078125000001        1.2593749999999999       0.57735026918962573     
   17.423164062500000        1.2593749999999999      -0.57735026918962573     
   17.423164062500000        1.2593749999999999       0.57735026918962573     
   17.501249999999999        1.2593749999999999      -0.57735026918962573     
   17.501249999999999        1.2593749999999999       0.57735026918962573     
   17.579335937500002        1.2593749999999999      -0.57735026918962573     
   17.579335937500002        1.2593749999999999       0.57735026918962573     
   17.813593749999999        1.2593749999999999      -0.57735026918962573     
   17.813593749999999        1.2593749999999999       0.57735026918962573     
   17.891679687500002        1.2593749999999999      -0.57735026918962573     
   17.891679687500002        1.2593749999999999       0.57735026918962573     
   17.969765625000001        1.2593749999999999      -0.57735026918962573     
   17.969765625000001        1.2593749999999999       0.57735026918962573     
   18.047851562500000        1.2593749999999999      -0.57735026918962573     
   18.047851562500000        1.2593749999999999       0.57735026918962573     
   18.125937499999999        1.2593749999999999      -0.57735026918962573     
   18.125937499999999        1.2593749999999999       0.57735026918962573     
   18.438281249999999        1.2593749999999999      -0.57735026918962573     
   18.438281249999999        1.2593749999999999       0.57735026918962573     
   18.516367187499998        1.2593749999999999      -0.57735026918962573     
   18.516367187499998        1.2593749999999999       0.57735026918962573     
   18.594453125000001        1.2593749999999999      -0.57735026918962573     
   18.594453125000001        1.2593749999999999       0.57735026918962573     
   18.672539062500000        1.2593749999999999      -0.57735026918962573     
   18.672539062500000        1.2593749999999999       0.57735026918962573     
   18.750624999999999        1.2593749999999999      -0.57735026918962573     
   18.750624999999999        1.2593749999999999       0.57735026918962573     
   18.906796875000001        1.2593749999999999      -0.57735026918962573     
   18.906796875000001        1.2593749999999999       0.57735026918962573     
   18.984882812500000        1.2593749999999999      -0.57735026918962573     
   18.984882812500000        1.2593749999999999       0.57735026918962573     
   19.062968750000000        1.2593749999999999      -0.57735026918962573     
   19.062968750000000        1.2593749999999999       0.57735026918962573     
   19.141054687499999        1.2593749999999999      -0.57735026918962573     
   19.141054687499999        1.2593749999999999       0.57735026918962573     
   19.219140625000001        1.2593749999999999      -0.57735026918962573     
   19.219140625000001        1.2593749999999999       0.57735026918962573     
   19.297226562500001        1.2593749999999999      -0.57735026918962573     
   19.297226562500001        1.2593749999999999       0.57735026918962573     
   19.531484375000002        1.2593749999999999      -0.57735026918962573     
   19.531484375000002        1.2593749999999999       0.57735026918962573     
   19.609570312500001        1.2593749999999999      -0.57735026918962573     
   19.609570312500001        1.2593749999999999       0.57735026918962573     
   19.687656250000000        1.2593749999999999      -0.57735026918962573     
   19.687656250000000        1.2593749999999999       0.57735026918962573     
   19.765742187499999        1.2593749999999999      -0.57735026918962573     
   19.765742187499999        1.2593749999999999       0.57735026918962573     
   19.843828125000002        1.2593749999999999      -0.57735026918962573     
   19.843828125000002        1.2593749999999999       0.57735026918962573     
   9.0679687499999986        1.3374609374999999      -0.57735026918962573     
   9.0679687499999986        1.3374609374999999       0.57735026918962573     
   9.1460546874999995        1.3374609374999999      -0.57735026918962573     
   9.1460546874999995        1.3374609374999999       0.57735026918962573     
   9.2241406249999986        1.3374609374999999      -0.57735026918962573     
   9.2241406249999986        1.3374609374999999       0.57735026918962573     
   9.7707421874999998        1.3374609374999999      -0.57735026918962573     
   9.7707421874999998        1.3374609374999999       0.57735026918962573     
   9.8488281249999989        1.3374609374999999      -0.57735026918962573     
   9.8488281249999989        1.3374609374999999       0.57735026918962573     
   9.9269140624999999        1.3374609374999999      -0.57735026918962573     
   9.9269140624999999        1.3374609374999999       0.57735026918962573     
   10.161171874999999        1.3374609374999999      -0.57735026918962573     
   10.161171874999999        1.3374609374999999       0.57735026918962573     
   10.239257812499998        1.3374609374999999      -0.57735026918962573     
   10.239257812499998        1.3374609374999999       0.57735026918962573     
   10.317343749999999        1.3374609374999999      -0.57735026918962573     
   10.317343749999999        1.3374609374999999       0.57735026918962573     
   10.395429687499998        1.3374609374999999      -0.57735026918962573     
   10.395429687499998        1.3374609374999999       0.57735026918962573     
   10.473515624999999        1.3374609374999999      -0.57735026918962573     
   10.473515624999999        1.3374609374999999       0.57735026918962573     
   10.551601562499998        1.3374609374999999      -0.57735026918962573     
   10.551601562499998        1.3374609374999999       0.57735026918962573     
   10.785859374999999        1.3374609374999999      -0.57735026918962573     
   10.785859374999999        1.3374609374999999       0.57735026918962573     
   10.863945312499999        1.3374609374999999      -0.57735026918962573     
   10.863945312499999        1.3374609374999999       0.57735026918962573     
   10.942031249999999        1.3374609374999999      -0.57735026918962573     
   10.942031249999999        1.3374609374999999       0.57735026918962573     
   11.020117187499999        1.3374609374999999      -0.57735026918962573     
   11.020117187499999        1.3374609374999999       0.57735026918962573     
   11.410546875000000        1.3374609374999999      -0.57735026918962573     
   11.410546875000000        1.3374609374999999       0.57735026918962573     
   11.488632812499999        1.3374609374999999      -0.57735026918962573     
   11.488632812499999        1.3374609374999999       0.57735026918962573     
   11.566718750000000        1.3374609374999999      -0.57735026918962573     
   11.566718750000000        1.3374609374999999       0.57735026918962573     
   11.644804687499999        1.3374609374999999      -0.57735026918962573     
   11.644804687499999        1.3374609374999999       0.57735026918962573     
   11.957148437499999        1.3374609374999999      -0.57735026918962573     
   11.957148437499999        1.3374609374999999       0.57735026918962573     
   12.035234374999998        1.3374609374999999      -0.57735026918962573     
   12.035234374999998        1.3374609374999999       0.57735026918962573     
   12.113320312499999        1.3374609374999999      -0.57735026918962573     
   12.113320312499999        1.3374609374999999       0.57735026918962573     
   12.191406249999998        1.3374609374999999      -0.57735026918962573     
   12.191406249999998        1.3374609374999999       0.57735026918962573     
   12.581835937499999        1.3374609374999999      -0.57735026918962573     
   12.581835937499999        1.3374609374999999       0.57735026918962573     
   12.659921874999998        1.3374609374999999      -0.57735026918962573     
   12.659921874999998        1.3374609374999999       0.57735026918962573     
   12.738007812499999        1.3374609374999999      -0.57735026918962573     
   12.738007812499999        1.3374609374999999       0.57735026918962573     
   12.816093749999999        1.3374609374999999      -0.57735026918962573     
   12.816093749999999        1.3374609374999999       0.57735026918962573     
   13.206523437500000        1.3374609374999999      -0.57735026918962573     
   13.206523437500000        1.3374609374999999       0.57735026918962573     
   13.284609374999999        1.3374609374999999      -0.57735026918962573     
   13.284609374999999        1.3374609374999999       0.57735026918962573     
   13.362695312499998        1.3374609374999999      -0.57735026918962573     
   13.362695312499998        1.3374609374999999       0.57735026918962573     
   13.440781249999999        1.3374609374999999      -0.57735026918962573     
   13.440781249999999        1.3374609374999999       0.57735026918962573     
   13.753124999999999        1.3374609374999999      -0.57735026918962573     
   13.753124999999999        1.3374609374999999       0.57735026918962573     
   13.831210937499998        1.3374609374999999      -0.57735026918962573     
   13.831210937499998        1.3374609374999999       0.57735026918962573     
   13.909296874999999        1.3374609374999999      -0.57735026918962573     
   13.909296874999999        1.3374609374999999       0.57735026918962573     
   13.987382812499998        1.3374609374999999      -0.57735026918962573     
   13.987382812499998        1.3374609374999999       0.57735026918962573     
   14.377812499999999        1.3374609374999999      -0.57735026918962573     
   14.377812499999999        1.3374609374999999       0.57735026918962573     
   14.455898437499998        1.3374609374999999      -0.57735026918962573     
   14.455898437499998        1.3374609374999999       0.57735026918962573     
   14.533984374999999        1.3374609374999999      -0.57735026918962573     
   14.533984374999999        1.3374609374999999       0.57735026918962573     
   14.612070312499998        1.3374609374999999      -0.57735026918962573     
   14.612070312499998        1.3374609374999999       0.57735026918962573     
   14.846328124999999        1.3374609374999999      -0.57735026918962573     
   14.846328124999999        1.3374609374999999       0.57735026918962573     
   14.924414062499999        1.3374609374999999      -0.57735026918962573     
   14.924414062499999        1.3374609374999999       0.57735026918962573     
   15.002500000000000        1.3374609374999999      -0.57735026918962573     
   15.002500000000000        1.3374609374999999       0.57735026918962573     
   15.080585937499999        1.3374609374999999      -0.57735026918962573     
   15.080585937499999        1.3374609374999999       0.57735026918962573     
   15.158671874999998        1.3374609374999999      -0.57735026918962573     
   15.158671874999998        1.3374609374999999       0.57735026918962573     
   15.392929687499999        1.3374609374999999      -0.57735026918962573     
   15.392929687499999        1.3374609374999999       0.57735026918962573     
   15.471015624999998        1.3374609374999999      -0.57735026918962573     
   15.471015624999998        1.3374609374999999       0.57735026918962573     
   15.549101562499999        1.3374609374999999      -0.57735026918962573     
   15.549101562499999        1.3374609374999999       0.57735026918962573     
   15.627187499999998        1.3374609374999999      -0.57735026918962573     
   15.627187499999998        1.3374609374999999       0.57735026918962573     
   15.705273437499999        1.3374609374999999      -0.57735026918962573     
   15.705273437499999        1.3374609374999999       0.57735026918962573     
   15.783359374999998        1.3374609374999999      -0.57735026918962573     
   15.783359374999998        1.3374609374999999       0.57735026918962573     
   16.095703125000000        1.3374609374999999      -0.57735026918962573     
   16.095703125000000        1.3374609374999999       0.57735026918962573     
   16.173789062499999        1.3374609374999999      -0.57735026918962573     
   16.173789062499999        1.3374609374999999       0.57735026918962573     
   16.251875000000002        1.3374609374999999      -0.57735026918962573     
   16.251875000000002        1.3374609374999999       0.57735026918962573     
   16.329960937500001        1.3374609374999999      -0.57735026918962573     
   16.329960937500001        1.3374609374999999       0.57735026918962573     
   16.408046875000000        1.3374609374999999      -0.57735026918962573     
   16.408046875000000        1.3374609374999999       0.57735026918962573     
   16.642304687500001        1.3374609374999999      -0.57735026918962573     
   16.642304687500001        1.3374609374999999       0.57735026918962573     
   16.720390625000000        1.3374609374999999      -0.57735026918962573     
   16.720390625000000        1.3374609374999999       0.57735026918962573     
   16.798476562499999        1.3374609374999999      -0.57735026918962573     
   16.798476562499999        1.3374609374999999       0.57735026918962573     
   16.876562499999999        1.3374609374999999      -0.57735026918962573     
   16.876562499999999        1.3374609374999999       0.57735026918962573     
   16.954648437500001        1.3374609374999999      -0.57735026918962573     
   16.954648437500001        1.3374609374999999       0.57735026918962573     
   17.266992187500001        1.3374609374999999      -0.57735026918962573     
   17.266992187500001        1.3374609374999999       0.57735026918962573     
   17.345078125000001        1.3374609374999999      -0.57735026918962573     
   17.345078125000001        1.3374609374999999       0.57735026918962573     
   17.423164062500000        1.3374609374999999      -0.57735026918962573     
   17.423164062500000        1.3374609374999999       0.57735026918962573     
   17.501249999999999        1.3374609374999999      -0.57735026918962573     
   17.501249999999999        1.3374609374999999       0.57735026918962573     
   17.579335937500002        1.3374609374999999      -0.57735026918962573     
   17.579335937500002        1.3374609374999999       0.57735026918962573     
   17.813593749999999        1.3374609374999999      -0.57735026918962573     
   17.813593749999999        1.3374609374999999       0.57735026918962573     
   17.891679687500002        1.3374609374999999      -0.57735026918962573     
   17.891679687500002        1.3374609374999999       0.57735026918962573     
   17.969765625000001        1.3374609374999999      -0.57735026918962573     
   17.969765625000001        1.3374609374999999       0.57735026918962573     
   18.047851562500000        1.3374609374999999      -0.57735026918962573     
   18.047851562500000        1.3374609374999999       0.57735026918962573     
   18.125937499999999        1.3374609374999999      -0.57735026918962573     
   18.125937499999999        1.3374609374999999       0.57735026918962573     
   18.438281249999999        1.3374609374999999      -0.57735026918962573     
   18.438281249999999        1.3374609374999999       0.57735026918962573     
   18.516367187499998        1.3374609374999999      -0.57735026918962573     
   18.516367187499998        1.3374609374999999       0.57735026918962573     
   18.594453125000001        1.3374609374999999      -0.57735026918962573     
   18.594453125000001        1.3374609374999999       0.57735026918962573     
   18.672539062500000        1.3374609374999999      -0.57735026918962573     
   18.672539062500000        1.3374609374999999       0.57735026918962573     
   18.750624999999999        1.3374609374999999      -0.57735026918962573     
   18.750624999999999        1.3374609374999999       0.57735026918962573     
   18.906796875000001        1.3374609374999999      -0.57735026918962573     
   18.906796875000001        1.3374609374999999       0.57735026918962573     
   18.984882812500000        1.3374609374999999      -0.57735026918962573     
   18.984882812500000        1.3374609374999999       0.57735026918962573     
   19.062968750000000        1.3374609374999999      -0.57735026918962573     
   19.062968750000000        1.3374609374999999       0.57735026918962573     
   19.141054687499999        1.3374609374999999      -0.57735026918962573     
   19.141054687499999        1.3374609374999999       0.57735026918962573     
   19.219140625000001        1.3374609374999999      -0.57735026918962573     
   19.219140625000001        1.3374609374999999       0.57735026918962573     
   19.297226562500001        1.3374609374999999      -0.57735026918962573     
   19.297226562500001        1.3374609374999999       0.57735026918962573     
   19.531484375000002        1.3374609374999999      -0.57735026918962573     
   19.531484375000002        1.3374609374999999       0.57735026918962573     
   19.609570312500001        1.3374609374999999      -0.57735026918962573     
   19.609570312500001        1.3374609374999999       0.57735026918962573     
   19.687656250000000        1.3374609374999999      -0.57735026918962573     
   19.687656250000000        1.3374609374999999       0.57735026918962573     
   19.765742187499999        1.3374609374999999      -0.57735026918962573     
   19.765742187499999        1.3374609374999999       0.57735026918962573     
   19.843828125000002        1.3374609374999999      -0.57735026918962573     
   19.843828125000002        1.3374609374999999       0.57735026918962573     
   19.921914062500001        1.3374609374999999      -0.57735026918962573     
   19.921914062500001        1.3374609374999999       0.57735026918962573     
  1.00000000000000002E-002   1.4155468750000000      -0.57735026918962573     
  1.00000000000000002E-002   1.4155468750000000       0.57735026918962573     
   8.4432812499999983        1.4155468750000000      -0.57735026918962573     
   8.4432812499999983        1.4155468750000000       0.57735026918962573     
   9.0679687499999986        1.4155468750000000      -0.57735026918962573     
   9.0679687499999986        1.4155468750000000       0.57735026918962573     
   9.1460546874999995        1.4155468750000000      -0.57735026918962573     
   9.1460546874999995        1.4155468750000000       0.57735026918962573     
   9.2241406249999986        1.4155468750000000      -0.57735026918962573     
   9.2241406249999986        1.4155468750000000       0.57735026918962573     
   9.7707421874999998        1.4155468750000000      -0.57735026918962573     
   9.7707421874999998        1.4155468750000000       0.57735026918962573     
   9.8488281249999989        1.4155468750000000      -0.57735026918962573     
   9.8488281249999989        1.4155468750000000       0.57735026918962573     
   9.9269140624999999        1.4155468750000000      -0.57735026918962573     
   9.9269140624999999        1.4155468750000000       0.57735026918962573     
   10.161171874999999        1.4155468750000000      -0.57735026918962573     
   10.161171874999999        1.4155468750000000       0.57735026918962573     
   10.239257812499998        1.4155468750000000      -0.57735026918962573     
   10.239257812499998        1.4155468750000000       0.57735026918962573     
   10.317343749999999        1.4155468750000000      -0.57735026918962573     
   10.317343749999999        1.4155468750000000       0.57735026918962573     
   10.395429687499998        1.4155468750000000      -0.57735026918962573     
   10.395429687499998        1.4155468750000000       0.57735026918962573     
   10.473515624999999        1.4155468750000000      -0.57735026918962573     
   10.473515624999999        1.4155468750000000       0.57735026918962573     
   10.551601562499998        1.4155468750000000      -0.57735026918962573     
   10.551601562499998        1.4155468750000000       0.57735026918962573     
   10.785859374999999        1.4155468750000000      -0.57735026918962573     
   10.785859374999999        1.4155468750000000       0.57735026918962573     
   10.863945312499999        1.4155468750000000      -0.57735026918962573     
   10.863945312499999        1.4155468750000000       0.57735026918962573     
   10.942031249999999        1.4155468750000000      -0.57735026918962573     
   10.942031249999999        1.4155468750000000       0.57735026918962573     
   11.020117187499999        1.4155468750000000      -0.57735026918962573     
   11.020117187499999        1.4155468750000000       0.57735026918962573     
   11.410546875000000        1.4155468750000000      -0.57735026918962573     
   11.410546875000000        1.4155468750000000       0.57735026918962573     
   11.488632812499999        1.4155468750000000      -0.57735026918962573     
   11.488632812499999        1.4155468750000000       0.57735026918962573     
   11.566718750000000        1.4155468750000000      -0.57735026918962573     
   11.566718750000000        1.4155468750000000       0.57735026918962573     
   11.644804687499999        1.4155468750000000      -0.57735026918962573     
   11.644804687499999        1.4155468750000000       0.57735026918962573     
   11.879062499999998        1.4155468750000000      -0.57735026918962573     
   11.879062499999998        1.4155468750000000       0.57735026918962573     
   11.957148437499999        1.4155468750000000      -0.57735026918962573     
   11.957148437499999        1.4155468750000000       0.57735026918962573     
   12.035234374999998        1.4155468750000000      -0.57735026918962573     
   12.035234374999998        1.4155468750000000       0.57735026918962573     
   12.113320312499999        1.4155468750000000      -0.57735026918962573     
   12.113320312499999        1.4155468750000000       0.57735026918962573     
   12.191406249999998        1.4155468750000000      -0.57735026918962573     
   12.191406249999998        1.4155468750000000       0.57735026918962573     
   12.269492187499999        1.4155468750000000      -0.57735026918962573     
   12.269492187499999        1.4155468750000000       0.57735026918962573     
   12.503749999999998        1.4155468750000000      -0.57735026918962573     
   12.503749999999998        1.4155468750000000       0.57735026918962573     
   12.581835937499999        1.4155468750000000      -0.57735026918962573     
   12.581835937499999        1.4155468750000000       0.57735026918962573     
   12.659921874999998        1.4155468750000000      -0.57735026918962573     
   12.659921874999998        1.4155468750000000       0.57735026918962573     
   12.738007812499999        1.4155468750000000      -0.57735026918962573     
   12.738007812499999        1.4155468750000000       0.57735026918962573     
   12.816093749999999        1.4155468750000000      -0.57735026918962573     
   12.816093749999999        1.4155468750000000       0.57735026918962573     
   12.894179687499999        1.4155468750000000      -0.57735026918962573     
   12.894179687499999        1.4155468750000000       0.57735026918962573     
   13.050351562500000        1.4155468750000000      -0.57735026918962573     
   13.050351562500000        1.4155468750000000       0.57735026918962573     
   13.128437499999999        1.4155468750000000      -0.57735026918962573     
   13.128437499999999        1.4155468750000000       0.57735026918962573     
   13.206523437500000        1.4155468750000000      -0.57735026918962573     
   13.206523437500000        1.4155468750000000       0.57735026918962573     
   13.284609374999999        1.4155468750000000      -0.57735026918962573     
   13.284609374999999        1.4155468750000000       0.57735026918962573     
   13.362695312499998        1.4155468750000000      -0.57735026918962573     
   13.362695312499998        1.4155468750000000       0.57735026918962573     
   13.440781249999999        1.4155468750000000      -0.57735026918962573     
   13.440781249999999        1.4155468750000000       0.57735026918962573     
   13.518867187499998        1.4155468750000000      -0.57735026918962573     
   13.518867187499998        1.4155468750000000       0.57735026918962573     
   13.675039062499998        1.4155468750000000      -0.57735026918962573     
   13.675039062499998        1.4155468750000000       0.57735026918962573     
   13.753124999999999        1.4155468750000000      -0.57735026918962573     
   13.753124999999999        1.4155468750000000       0.57735026918962573     
   13.831210937499998        1.4155468750000000      -0.57735026918962573     
   13.831210937499998        1.4155468750000000       0.57735026918962573     
   13.909296874999999        1.4155468750000000      -0.57735026918962573     
   13.909296874999999        1.4155468750000000       0.57735026918962573     
   13.987382812499998        1.4155468750000000      -0.57735026918962573     
   13.987382812499998        1.4155468750000000       0.57735026918962573     
   14.065468749999999        1.4155468750000000      -0.57735026918962573     
   14.065468749999999        1.4155468750000000       0.57735026918962573     
   14.299726562499998        1.4155468750000000      -0.57735026918962573     
   14.299726562499998        1.4155468750000000       0.57735026918962573     
   14.377812499999999        1.4155468750000000      -0.57735026918962573     
   14.377812499999999        1.4155468750000000       0.57735026918962573     
   14.455898437499998        1.4155468750000000      -0.57735026918962573     
   14.455898437499998        1.4155468750000000       0.57735026918962573     
   14.533984374999999        1.4155468750000000      -0.57735026918962573     
   14.533984374999999        1.4155468750000000       0.57735026918962573     
   14.612070312499998        1.4155468750000000      -0.57735026918962573     
   14.612070312499998        1.4155468750000000       0.57735026918962573     
   14.690156249999999        1.4155468750000000      -0.57735026918962573     
   14.690156249999999        1.4155468750000000       0.57735026918962573     
   14.846328124999999        1.4155468750000000      -0.57735026918962573     
   14.846328124999999        1.4155468750000000       0.57735026918962573     
   14.924414062499999        1.4155468750000000      -0.57735026918962573     
   14.924414062499999        1.4155468750000000       0.57735026918962573     
   15.002500000000000        1.4155468750000000      -0.57735026918962573     
   15.002500000000000        1.4155468750000000       0.57735026918962573     
   15.080585937499999        1.4155468750000000      -0.57735026918962573     
   15.080585937499999        1.4155468750000000       0.57735026918962573     
   15.158671874999998        1.4155468750000000      -0.57735026918962573     
   15.158671874999998        1.4155468750000000       0.57735026918962573     
   15.236757812499999        1.4155468750000000      -0.57735026918962573     
   15.236757812499999        1.4155468750000000       0.57735026918962573     
   15.471015624999998        1.4155468750000000      -0.57735026918962573     
   15.471015624999998        1.4155468750000000       0.57735026918962573     
   15.549101562499999        1.4155468750000000      -0.57735026918962573     
   15.549101562499999        1.4155468750000000       0.57735026918962573     
   15.627187499999998        1.4155468750000000      -0.57735026918962573     
   15.627187499999998        1.4155468750000000       0.57735026918962573     
   15.705273437499999        1.4155468750000000      -0.57735026918962573     
   15.705273437499999        1.4155468750000000       0.57735026918962573     
   15.783359374999998        1.4155468750000000      -0.57735026918962573     
   15.783359374999998        1.4155468750000000       0.57735026918962573     
   15.861445312499999        1.4155468750000000      -0.57735026918962573     
   15.861445312499999        1.4155468750000000       0.57735026918962573     
   16.095703125000000        1.4155468750000000      -0.57735026918962573     
   16.095703125000000        1.4155468750000000       0.57735026918962573     
   16.173789062499999        1.4155468750000000      -0.57735026918962573     
   16.173789062499999        1.4155468750000000       0.57735026918962573     
   16.251875000000002        1.4155468750000000      -0.57735026918962573     
   16.251875000000002        1.4155468750000000       0.57735026918962573     
   16.329960937500001        1.4155468750000000      -0.57735026918962573     
   16.329960937500001        1.4155468750000000       0.57735026918962573     
   16.408046875000000        1.4155468750000000      -0.57735026918962573     
   16.408046875000000        1.4155468750000000       0.57735026918962573     
   16.642304687500001        1.4155468750000000      -0.57735026918962573     
   16.642304687500001        1.4155468750000000       0.57735026918962573     
   16.720390625000000        1.4155468750000000      -0.57735026918962573     
   16.720390625000000        1.4155468750000000       0.57735026918962573     
   16.798476562499999        1.4155468750000000      -0.57735026918962573     
   16.798476562499999        1.4155468750000000       0.57735026918962573     
   16.876562499999999        1.4155468750000000      -0.57735026918962573     
   16.876562499999999        1.4155468750000000       0.57735026918962573     
   16.954648437500001        1.4155468750000000      -0.57735026918962573     
   16.954648437500001        1.4155468750000000       0.57735026918962573     
   17.188906249999999        1.4155468750000000      -0.57735026918962573     
   17.188906249999999        1.4155468750000000       0.57735026918962573     
   17.266992187500001        1.4155468750000000      -0.57735026918962573     
   17.266992187500001        1.4155468750000000       0.57735026918962573     
   17.345078125000001        1.4155468750000000      -0.57735026918962573     
   17.345078125000001        1.4155468750000000       0.57735026918962573     
   17.423164062500000        1.4155468750000000      -0.57735026918962573     
   17.423164062500000        1.4155468750000000       0.57735026918962573     
   17.501249999999999        1.4155468750000000      -0.57735026918962573     
   17.501249999999999        1.4155468750000000       0.57735026918962573     
   17.579335937500002        1.4155468750000000      -0.57735026918962573     
   17.579335937500002        1.4155468750000000       0.57735026918962573     
   17.813593749999999        1.4155468750000000      -0.57735026918962573     
   17.813593749999999        1.4155468750000000       0.57735026918962573     
   17.891679687500002        1.4155468750000000      -0.57735026918962573     
   17.891679687500002        1.4155468750000000       0.57735026918962573     
   17.969765625000001        1.4155468750000000      -0.57735026918962573     
   17.969765625000001        1.4155468750000000       0.57735026918962573     
   18.047851562500000        1.4155468750000000      -0.57735026918962573     
   18.047851562500000        1.4155468750000000       0.57735026918962573     
   18.125937499999999        1.4155468750000000      -0.57735026918962573     
   18.125937499999999        1.4155468750000000       0.57735026918962573     
   18.360195312500000        1.4155468750000000      -0.57735026918962573     
   18.360195312500000        1.4155468750000000       0.57735026918962573     
   18.438281249999999        1.4155468750000000      -0.57735026918962573     
   18.438281249999999        1.4155468750000000       0.57735026918962573     
   18.516367187499998        1.4155468750000000      -0.57735026918962573     
   18.516367187499998        1.4155468750000000       0.57735026918962573     
   18.594453125000001        1.4155468750000000      -0.57735026918962573     
   18.594453125000001        1.4155468750000000       0.57735026918962573     
   18.672539062500000        1.4155468750000000      -0.57735026918962573     
   18.672539062500000        1.4155468750000000       0.57735026918962573     
   18.750624999999999        1.4155468750000000      -0.57735026918962573     
   18.750624999999999        1.4155468750000000       0.57735026918962573     
   18.906796875000001        1.4155468750000000      -0.57735026918962573     
   18.906796875000001        1.4155468750000000       0.57735026918962573     
   18.984882812500000        1.4155468750000000      -0.57735026918962573     
   18.984882812500000        1.4155468750000000       0.57735026918962573     
   19.062968750000000        1.4155468750000000      -0.57735026918962573     
   19.062968750000000        1.4155468750000000       0.57735026918962573     
   19.141054687499999        1.4155468750000000      -0.57735026918962573     
   19.141054687499999        1.4155468750000000       0.57735026918962573     
   19.219140625000001        1.4155468750000000      -0.57735026918962573     
   19.219140625000001        1.4155468750000000       0.57735026918962573     
   19.297226562500001        1.4155468750000000      -0.57735026918962573     
   19.297226562500001        1.4155468750000000       0.57735026918962573     
   19.531484375000002        1.4155468750000000      -0.57735026918962573     
   19.531484375000002        1.4155468750000000       0.57735026918962573     
   19.609570312500001        1.4155468750000000      -0.57735026918962573     
   19.609570312500001        1.4155468750000000       0.57735026918962573     
   19.687656250000000        1.4155468750000000      -0.57735026918962573     
   19.687656250000000        1.4155468750000000       0.57735026918962573     
   19.765742187499999        1.4155468750000000      -0.57735026918962573     
   19.765742187499999        1.4155468750000000       0.57735026918962573     
   19.843828125000002        1.4155468750000000      -0.57735026918962573     
   19.843828125000002        1.4155468750000000       0.57735026918962573     
   19.921914062500001        1.4155468750000000      -0.57735026918962573     
   19.921914062500001        1.4155468750000000       0.57735026918962573     
   9.0679687499999986        1.4936328124999998      -0.57735026918962573     
   9.0679687499999986        1.4936328124999998       0.57735026918962573     
   9.1460546874999995        1.4936328124999998      -0.57735026918962573     
   9.1460546874999995        1.4936328124999998       0.57735026918962573     
   9.2241406249999986        1.4936328124999998      -0.57735026918962573     
   9.2241406249999986        1.4936328124999998       0.57735026918962573     
   9.6926562499999989        1.4936328124999998      -0.57735026918962573     
   9.6926562499999989        1.4936328124999998       0.57735026918962573     
   9.7707421874999998        1.4936328124999998      -0.57735026918962573     
   9.7707421874999998        1.4936328124999998       0.57735026918962573     
   9.8488281249999989        1.4936328124999998      -0.57735026918962573     
   9.8488281249999989        1.4936328124999998       0.57735026918962573     
   10.083085937499998        1.4936328124999998      -0.57735026918962573     
   10.083085937499998        1.4936328124999998       0.57735026918962573     
   10.161171874999999        1.4936328124999998      -0.57735026918962573     
   10.161171874999999        1.4936328124999998       0.57735026918962573     
   10.239257812499998        1.4936328124999998      -0.57735026918962573     
   10.239257812499998        1.4936328124999998       0.57735026918962573     
   10.317343749999999        1.4936328124999998      -0.57735026918962573     
   10.317343749999999        1.4936328124999998       0.57735026918962573     
   10.395429687499998        1.4936328124999998      -0.57735026918962573     
   10.395429687499998        1.4936328124999998       0.57735026918962573     
   10.473515624999999        1.4936328124999998      -0.57735026918962573     
   10.473515624999999        1.4936328124999998       0.57735026918962573     
   10.707773437499998        1.4936328124999998      -0.57735026918962573     
   10.707773437499998        1.4936328124999998       0.57735026918962573     
   10.785859374999999        1.4936328124999998      -0.57735026918962573     
   10.785859374999999        1.4936328124999998       0.57735026918962573     
   10.863945312499999        1.4936328124999998      -0.57735026918962573     
   10.863945312499999        1.4936328124999998       0.57735026918962573     
   10.942031249999999        1.4936328124999998      -0.57735026918962573     
   10.942031249999999        1.4936328124999998       0.57735026918962573     
   11.020117187499999        1.4936328124999998      -0.57735026918962573     
   11.020117187499999        1.4936328124999998       0.57735026918962573     
   11.410546875000000        1.4936328124999998      -0.57735026918962573     
   11.410546875000000        1.4936328124999998       0.57735026918962573     
   11.488632812499999        1.4936328124999998      -0.57735026918962573     
   11.488632812499999        1.4936328124999998       0.57735026918962573     
   11.566718750000000        1.4936328124999998      -0.57735026918962573     
   11.566718750000000        1.4936328124999998       0.57735026918962573     
   11.644804687499999        1.4936328124999998      -0.57735026918962573     
   11.644804687499999        1.4936328124999998       0.57735026918962573     
   11.957148437499999        1.4936328124999998      -0.57735026918962573     
   11.957148437499999        1.4936328124999998       0.57735026918962573     
   12.035234374999998        1.4936328124999998      -0.57735026918962573     
   12.035234374999998        1.4936328124999998       0.57735026918962573     
   12.113320312499999        1.4936328124999998      -0.57735026918962573     
   12.113320312499999        1.4936328124999998       0.57735026918962573     
   12.191406249999998        1.4936328124999998      -0.57735026918962573     
   12.191406249999998        1.4936328124999998       0.57735026918962573     
   12.581835937499999        1.4936328124999998      -0.57735026918962573     
   12.581835937499999        1.4936328124999998       0.57735026918962573     
   12.659921874999998        1.4936328124999998      -0.57735026918962573     
   12.659921874999998        1.4936328124999998       0.57735026918962573     
   12.738007812499999        1.4936328124999998      -0.57735026918962573     
   12.738007812499999        1.4936328124999998       0.57735026918962573     
   12.816093749999999        1.4936328124999998      -0.57735026918962573     
   12.816093749999999        1.4936328124999998       0.57735026918962573     
   13.128437499999999        1.4936328124999998      -0.57735026918962573     
   13.128437499999999        1.4936328124999998       0.57735026918962573     
   13.206523437500000        1.4936328124999998      -0.57735026918962573     
   13.206523437500000        1.4936328124999998       0.57735026918962573     
   13.284609374999999        1.4936328124999998      -0.57735026918962573     
   13.284609374999999        1.4936328124999998       0.57735026918962573     
   13.362695312499998        1.4936328124999998      -0.57735026918962573     
   13.362695312499998        1.4936328124999998       0.57735026918962573     
   13.440781249999999        1.4936328124999998      -0.57735026918962573     
   13.440781249999999        1.4936328124999998       0.57735026918962573     
   13.675039062499998        1.4936328124999998      -0.57735026918962573     
   13.675039062499998        1.4936328124999998       0.57735026918962573     
   13.753124999999999        1.4936328124999998      -0.57735026918962573     
   13.753124999999999        1.4936328124999998       0.57735026918962573     
   13.831210937499998        1.4936328124999998      -0.57735026918962573     
   13.831210937499998        1.4936328124999998       0.57735026918962573     
   13.909296874999999        1.4936328124999998      -0.57735026918962573     
   13.909296874999999        1.4936328124999998       0.57735026918962573     
   13.987382812499998        1.4936328124999998      -0.57735026918962573     
   13.987382812499998        1.4936328124999998       0.57735026918962573     
   14.377812499999999        1.4936328124999998      -0.57735026918962573     
   14.377812499999999        1.4936328124999998       0.57735026918962573     
   14.455898437499998        1.4936328124999998      -0.57735026918962573     
   14.455898437499998        1.4936328124999998       0.57735026918962573     
   14.533984374999999        1.4936328124999998      -0.57735026918962573     
   14.533984374999999        1.4936328124999998       0.57735026918962573     
   14.612070312499998        1.4936328124999998      -0.57735026918962573     
   14.612070312499998        1.4936328124999998       0.57735026918962573     
   14.924414062499999        1.4936328124999998      -0.57735026918962573     
   14.924414062499999        1.4936328124999998       0.57735026918962573     
   15.002500000000000        1.4936328124999998      -0.57735026918962573     
   15.002500000000000        1.4936328124999998       0.57735026918962573     
   15.080585937499999        1.4936328124999998      -0.57735026918962573     
   15.080585937499999        1.4936328124999998       0.57735026918962573     
   15.158671874999998        1.4936328124999998      -0.57735026918962573     
   15.158671874999998        1.4936328124999998       0.57735026918962573     
   15.236757812499999        1.4936328124999998      -0.57735026918962573     
   15.236757812499999        1.4936328124999998       0.57735026918962573     
   15.471015624999998        1.4936328124999998      -0.57735026918962573     
   15.471015624999998        1.4936328124999998       0.57735026918962573     
   15.549101562499999        1.4936328124999998      -0.57735026918962573     
   15.549101562499999        1.4936328124999998       0.57735026918962573     
   15.627187499999998        1.4936328124999998      -0.57735026918962573     
   15.627187499999998        1.4936328124999998       0.57735026918962573     
   15.705273437499999        1.4936328124999998      -0.57735026918962573     
   15.705273437499999        1.4936328124999998       0.57735026918962573     
   15.783359374999998        1.4936328124999998      -0.57735026918962573     
   15.783359374999998        1.4936328124999998       0.57735026918962573     
   16.095703125000000        1.4936328124999998      -0.57735026918962573     
   16.095703125000000        1.4936328124999998       0.57735026918962573     
   16.173789062499999        1.4936328124999998      -0.57735026918962573     
   16.173789062499999        1.4936328124999998       0.57735026918962573     
   16.251875000000002        1.4936328124999998      -0.57735026918962573     
   16.251875000000002        1.4936328124999998       0.57735026918962573     
   16.329960937500001        1.4936328124999998      -0.57735026918962573     
   16.329960937500001        1.4936328124999998       0.57735026918962573     
   16.408046875000000        1.4936328124999998      -0.57735026918962573     
   16.408046875000000        1.4936328124999998       0.57735026918962573     
   16.642304687500001        1.4936328124999998      -0.57735026918962573     
   16.642304687500001        1.4936328124999998       0.57735026918962573     
   16.720390625000000        1.4936328124999998      -0.57735026918962573     
   16.720390625000000        1.4936328124999998       0.57735026918962573     
   16.798476562499999        1.4936328124999998      -0.57735026918962573     
   16.798476562499999        1.4936328124999998       0.57735026918962573     
   16.876562499999999        1.4936328124999998      -0.57735026918962573     
   16.876562499999999        1.4936328124999998       0.57735026918962573     
   16.954648437500001        1.4936328124999998      -0.57735026918962573     
   16.954648437500001        1.4936328124999998       0.57735026918962573     
   17.032734375000000        1.4936328124999998      -0.57735026918962573     
   17.032734375000000        1.4936328124999998       0.57735026918962573     
   17.188906249999999        1.4936328124999998      -0.57735026918962573     
   17.188906249999999        1.4936328124999998       0.57735026918962573     
   17.266992187500001        1.4936328124999998      -0.57735026918962573     
   17.266992187500001        1.4936328124999998       0.57735026918962573     
   17.345078125000001        1.4936328124999998      -0.57735026918962573     
   17.345078125000001        1.4936328124999998       0.57735026918962573     
   17.423164062500000        1.4936328124999998      -0.57735026918962573     
   17.423164062500000        1.4936328124999998       0.57735026918962573     
   17.501249999999999        1.4936328124999998      -0.57735026918962573     
   17.501249999999999        1.4936328124999998       0.57735026918962573     
   17.579335937500002        1.4936328124999998      -0.57735026918962573     
   17.579335937500002        1.4936328124999998       0.57735026918962573     
   17.735507812500000        1.4936328124999998      -0.57735026918962573     
   17.735507812500000        1.4936328124999998       0.57735026918962573     
   17.813593749999999        1.4936328124999998      -0.57735026918962573     
   17.813593749999999        1.4936328124999998       0.57735026918962573     
   17.891679687500002        1.4936328124999998      -0.57735026918962573     
   17.891679687500002        1.4936328124999998       0.57735026918962573     
   17.969765625000001        1.4936328124999998      -0.57735026918962573     
   17.969765625000001        1.4936328124999998       0.57735026918962573     
   18.047851562500000        1.4936328124999998      -0.57735026918962573     
   18.047851562500000        1.4936328124999998       0.57735026918962573     
   18.125937499999999        1.4936328124999998      -0.57735026918962573     
   18.125937499999999        1.4936328124999998       0.57735026918962573     
   18.360195312500000        1.4936328124999998      -0.57735026918962573     
   18.360195312500000        1.4936328124999998       0.57735026918962573     
   18.438281249999999        1.4936328124999998      -0.57735026918962573     
   18.438281249999999        1.4936328124999998       0.57735026918962573     
   18.516367187499998        1.4936328124999998      -0.57735026918962573     
   18.516367187499998        1.4936328124999998       0.57735026918962573     
   18.594453125000001        1.4936328124999998      -0.57735026918962573     
   18.594453125000001        1.4936328124999998       0.57735026918962573     
   18.672539062500000        1.4936328124999998      -0.57735026918962573     
   18.672539062500000        1.4936328124999998       0.57735026918962573     
   18.750624999999999        1.4936328124999998      -0.57735026918962573     
   18.750624999999999        1.4936328124999998       0.57735026918962573     
   18.828710937499999        1.4936328124999998      -0.57735026918962573     
   18.828710937499999        1.4936328124999998       0.57735026918962573     
   18.906796875000001        1.4936328124999998      -0.57735026918962573     
   18.906796875000001        1.4936328124999998       0.57735026918962573     
   18.984882812500000        1.4936328124999998      -0.57735026918962573     
   18.984882812500000        1.4936328124999998       0.57735026918962573     
   19.062968750000000        1.4936328124999998      -0.57735026918962573     
   19.062968750000000        1.4936328124999998       0.57735026918962573     
   19.141054687499999        1.4936328124999998      -0.57735026918962573     
   19.141054687499999        1.4936328124999998       0.57735026918962573     
   19.219140625000001        1.4936328124999998      -0.57735026918962573     
   19.219140625000001        1.4936328124999998       0.57735026918962573     
   19.297226562500001        1.4936328124999998      -0.57735026918962573     
   19.297226562500001        1.4936328124999998       0.57735026918962573     
   19.531484375000002        1.4936328124999998      -0.57735026918962573     
   19.531484375000002        1.4936328124999998       0.57735026918962573     
   19.609570312500001        1.4936328124999998      -0.57735026918962573     
   19.609570312500001        1.4936328124999998       0.57735026918962573     
   19.687656250000000        1.4936328124999998      -0.57735026918962573     
   19.687656250000000        1.4936328124999998       0.57735026918962573     
   19.765742187499999        1.4936328124999998      -0.57735026918962573     
   19.765742187499999        1.4936328124999998       0.57735026918962573     
   19.843828125000002        1.4936328124999998      -0.57735026918962573     
   19.843828125000002        1.4936328124999998       0.57735026918962573     
   19.921914062500001        1.4936328124999998      -0.57735026918962573     
   19.921914062500001        1.4936328124999998       0.57735026918962573     
  1.00000000000000002E-002   1.5717187499999998      -0.57735026918962573     
  1.00000000000000002E-002   1.5717187499999998       0.57735026918962573     
   8.4432812499999983        1.5717187499999998      -0.57735026918962573     
   8.4432812499999983        1.5717187499999998       0.57735026918962573     
   8.5213671874999992        1.5717187499999998      -0.57735026918962573     
   8.5213671874999992        1.5717187499999998       0.57735026918962573     
   8.5994531249999984        1.5717187499999998      -0.57735026918962573     
   8.5994531249999984        1.5717187499999998       0.57735026918962573     
   9.2241406249999986        1.5717187499999998      -0.57735026918962573     
   9.2241406249999986        1.5717187499999998       0.57735026918962573     
   9.7707421874999998        1.5717187499999998      -0.57735026918962573     
   9.7707421874999998        1.5717187499999998       0.57735026918962573     
   9.8488281249999989        1.5717187499999998      -0.57735026918962573     
   9.8488281249999989        1.5717187499999998       0.57735026918962573     
   10.161171874999999        1.5717187499999998      -0.57735026918962573     
   10.161171874999999        1.5717187499999998       0.57735026918962573     
   10.239257812499998        1.5717187499999998      -0.57735026918962573     
   10.239257812499998        1.5717187499999998       0.57735026918962573     
   10.785859374999999        1.5717187499999998      -0.57735026918962573     
   10.785859374999999        1.5717187499999998       0.57735026918962573     
   10.863945312499999        1.5717187499999998      -0.57735026918962573     
   10.863945312499999        1.5717187499999998       0.57735026918962573     
   10.942031249999999        1.5717187499999998      -0.57735026918962573     
   10.942031249999999        1.5717187499999998       0.57735026918962573     
   11.488632812499999        1.5717187499999998      -0.57735026918962573     
   11.488632812499999        1.5717187499999998       0.57735026918962573     
   11.566718750000000        1.5717187499999998      -0.57735026918962573     
   11.566718750000000        1.5717187499999998       0.57735026918962573     
   11.644804687499999        1.5717187499999998      -0.57735026918962573     
   11.644804687499999        1.5717187499999998       0.57735026918962573     
   12.035234374999998        1.5717187499999998      -0.57735026918962573     
   12.035234374999998        1.5717187499999998       0.57735026918962573     
   12.113320312499999        1.5717187499999998      -0.57735026918962573     
   12.113320312499999        1.5717187499999998       0.57735026918962573     
   12.191406249999998        1.5717187499999998      -0.57735026918962573     
   12.191406249999998        1.5717187499999998       0.57735026918962573     
   12.581835937499999        1.5717187499999998      -0.57735026918962573     
   12.581835937499999        1.5717187499999998       0.57735026918962573     
   12.659921874999998        1.5717187499999998      -0.57735026918962573     
   12.659921874999998        1.5717187499999998       0.57735026918962573     
   12.738007812499999        1.5717187499999998      -0.57735026918962573     
   12.738007812499999        1.5717187499999998       0.57735026918962573     
   12.816093749999999        1.5717187499999998      -0.57735026918962573     
   12.816093749999999        1.5717187499999998       0.57735026918962573     
   13.128437499999999        1.5717187499999998      -0.57735026918962573     
   13.128437499999999        1.5717187499999998       0.57735026918962573     
   13.206523437500000        1.5717187499999998      -0.57735026918962573     
   13.206523437500000        1.5717187499999998       0.57735026918962573     
   13.284609374999999        1.5717187499999998      -0.57735026918962573     
   13.284609374999999        1.5717187499999998       0.57735026918962573     
   13.362695312499998        1.5717187499999998      -0.57735026918962573     
   13.362695312499998        1.5717187499999998       0.57735026918962573     
   13.440781249999999        1.5717187499999998      -0.57735026918962573     
   13.440781249999999        1.5717187499999998       0.57735026918962573     
   13.675039062499998        1.5717187499999998      -0.57735026918962573     
   13.675039062499998        1.5717187499999998       0.57735026918962573     
   13.753124999999999        1.5717187499999998      -0.57735026918962573     
   13.753124999999999        1.5717187499999998       0.57735026918962573     
   13.831210937499998        1.5717187499999998      -0.57735026918962573     
   13.831210937499998        1.5717187499999998       0.57735026918962573     
   13.909296874999999        1.5717187499999998      -0.57735026918962573     
   13.909296874999999        1.5717187499999998       0.57735026918962573     
   14.377812499999999        1.5717187499999998      -0.57735026918962573     
   14.377812499999999        1.5717187499999998       0.57735026918962573     
   14.455898437499998        1.5717187499999998      -0.57735026918962573     
   14.455898437499998        1.5717187499999998       0.57735026918962573     
   14.533984374999999        1.5717187499999998      -0.57735026918962573     
   14.533984374999999        1.5717187499999998       0.57735026918962573     
   14.612070312499998        1.5717187499999998      -0.57735026918962573     
   14.612070312499998        1.5717187499999998       0.57735026918962573     
   14.924414062499999        1.5717187499999998      -0.57735026918962573     
   14.924414062499999        1.5717187499999998       0.57735026918962573     
   15.002500000000000        1.5717187499999998      -0.57735026918962573     
   15.002500000000000        1.5717187499999998       0.57735026918962573     
   15.080585937499999        1.5717187499999998      -0.57735026918962573     
   15.080585937499999        1.5717187499999998       0.57735026918962573     
   15.158671874999998        1.5717187499999998      -0.57735026918962573     
   15.158671874999998        1.5717187499999998       0.57735026918962573     
   15.549101562499999        1.5717187499999998      -0.57735026918962573     
   15.549101562499999        1.5717187499999998       0.57735026918962573     
   15.627187499999998        1.5717187499999998      -0.57735026918962573     
   15.627187499999998        1.5717187499999998       0.57735026918962573     
   15.705273437499999        1.5717187499999998      -0.57735026918962573     
   15.705273437499999        1.5717187499999998       0.57735026918962573     
   16.095703125000000        1.5717187499999998      -0.57735026918962573     
   16.095703125000000        1.5717187499999998       0.57735026918962573     
   16.173789062499999        1.5717187499999998      -0.57735026918962573     
   16.173789062499999        1.5717187499999998       0.57735026918962573     
   16.251875000000002        1.5717187499999998      -0.57735026918962573     
   16.251875000000002        1.5717187499999998       0.57735026918962573     
   16.329960937500001        1.5717187499999998      -0.57735026918962573     
   16.329960937500001        1.5717187499999998       0.57735026918962573     
   16.642304687500001        1.5717187499999998      -0.57735026918962573     
   16.642304687500001        1.5717187499999998       0.57735026918962573     
   16.720390625000000        1.5717187499999998      -0.57735026918962573     
   16.720390625000000        1.5717187499999998       0.57735026918962573     
   16.798476562499999        1.5717187499999998      -0.57735026918962573     
   16.798476562499999        1.5717187499999998       0.57735026918962573     
   16.876562499999999        1.5717187499999998      -0.57735026918962573     
   16.876562499999999        1.5717187499999998       0.57735026918962573     
   16.954648437500001        1.5717187499999998      -0.57735026918962573     
   16.954648437500001        1.5717187499999998       0.57735026918962573     
   17.266992187500001        1.5717187499999998      -0.57735026918962573     
   17.266992187500001        1.5717187499999998       0.57735026918962573     
   17.345078125000001        1.5717187499999998      -0.57735026918962573     
   17.345078125000001        1.5717187499999998       0.57735026918962573     
   17.423164062500000        1.5717187499999998      -0.57735026918962573     
   17.423164062500000        1.5717187499999998       0.57735026918962573     
   17.501249999999999        1.5717187499999998      -0.57735026918962573     
   17.501249999999999        1.5717187499999998       0.57735026918962573     
   17.813593749999999        1.5717187499999998      -0.57735026918962573     
   17.813593749999999        1.5717187499999998       0.57735026918962573     
   17.891679687500002        1.5717187499999998      -0.57735026918962573     
   17.891679687500002        1.5717187499999998       0.57735026918962573     
   17.969765625000001        1.5717187499999998      -0.57735026918962573     
   17.969765625000001        1.5717187499999998       0.57735026918962573     
   18.047851562500000        1.5717187499999998      -0.57735026918962573     
   18.047851562500000        1.5717187499999998       0.57735026918962573     
   18.438281249999999        1.5717187499999998      -0.57735026918962573     
   18.438281249999999        1.5717187499999998       0.57735026918962573     
   18.516367187499998        1.5717187499999998      -0.57735026918962573     
   18.516367187499998        1.5717187499999998       0.57735026918962573     
   18.594453125000001        1.5717187499999998      -0.57735026918962573     
   18.594453125000001        1.5717187499999998       0.57735026918962573     
   18.672539062500000        1.5717187499999998      -0.57735026918962573     
   18.672539062500000        1.5717187499999998       0.57735026918962573     
   18.750624999999999        1.5717187499999998      -0.57735026918962573     
   18.750624999999999        1.5717187499999998       0.57735026918962573     
   18.906796875000001        1.5717187499999998      -0.57735026918962573     
   18.906796875000001        1.5717187499999998       0.57735026918962573     
   18.984882812500000        1.5717187499999998      -0.57735026918962573     
   18.984882812500000        1.5717187499999998       0.57735026918962573     
   19.062968750000000        1.5717187499999998      -0.57735026918962573     
   19.062968750000000        1.5717187499999998       0.57735026918962573     
   19.141054687499999        1.5717187499999998      -0.57735026918962573     
   19.141054687499999        1.5717187499999998       0.57735026918962573     
   19.219140625000001        1.5717187499999998      -0.57735026918962573     
   19.219140625000001        1.5717187499999998       0.57735026918962573     
   19.297226562500001        1.5717187499999998      -0.57735026918962573     
   19.297226562500001        1.5717187499999998       0.57735026918962573     
   19.609570312500001        1.5717187499999998      -0.57735026918962573     
   19.609570312500001        1.5717187499999998       0.57735026918962573     
   19.687656250000000        1.5717187499999998      -0.57735026918962573     
   19.687656250000000        1.5717187499999998       0.57735026918962573     
   19.765742187499999        1.5717187499999998      -0.57735026918962573     
   19.765742187499999        1.5717187499999998       0.57735026918962573     
   19.843828125000002        1.5717187499999998      -0.57735026918962573     
   19.843828125000002        1.5717187499999998       0.57735026918962573     
   19.921914062500001        1.5717187499999998      -0.57735026918962573     
   19.921914062500001        1.5717187499999998       0.57735026918962573     
  1.00000000000000002E-002   1.6498046874999999      -0.57735026918962573     
  1.00000000000000002E-002   1.6498046874999999       0.57735026918962573     
  0.16617187500000000        1.6498046874999999      -0.57735026918962573     
  0.16617187500000000        1.6498046874999999       0.57735026918962573     
   9.8488281249999989        1.6498046874999999      -0.57735026918962573     
   9.8488281249999989        1.6498046874999999       0.57735026918962573     
   10.863945312499999        1.6498046874999999      -0.57735026918962573     
   10.863945312499999        1.6498046874999999       0.57735026918962573     
   11.488632812499999        1.6498046874999999      -0.57735026918962573     
   11.488632812499999        1.6498046874999999       0.57735026918962573     
   12.659921874999998        1.6498046874999999      -0.57735026918962573     
   12.659921874999998        1.6498046874999999       0.57735026918962573     
   12.816093749999999        1.6498046874999999      -0.57735026918962573     
   12.816093749999999        1.6498046874999999       0.57735026918962573     
   13.128437499999999        1.6498046874999999      -0.57735026918962573     
   13.128437499999999        1.6498046874999999       0.57735026918962573     
   13.284609374999999        1.6498046874999999      -0.57735026918962573     
   13.284609374999999        1.6498046874999999       0.57735026918962573     
   13.362695312499998        1.6498046874999999      -0.57735026918962573     
   13.362695312499998        1.6498046874999999       0.57735026918962573     
   13.440781249999999        1.6498046874999999      -0.57735026918962573     
   13.440781249999999        1.6498046874999999       0.57735026918962573     
   13.675039062499998        1.6498046874999999      -0.57735026918962573     
   13.675039062499998        1.6498046874999999       0.57735026918962573     
   13.753124999999999        1.6498046874999999      -0.57735026918962573     
   13.753124999999999        1.6498046874999999       0.57735026918962573     
   13.831210937499998        1.6498046874999999      -0.57735026918962573     
   13.831210937499998        1.6498046874999999       0.57735026918962573     
   14.299726562499998        1.6498046874999999      -0.57735026918962573     
   14.299726562499998        1.6498046874999999       0.57735026918962573     
   14.377812499999999        1.6498046874999999      -0.57735026918962573     
   14.377812499999999        1.6498046874999999       0.57735026918962573     
   14.924414062499999        1.6498046874999999      -0.57735026918962573     
   14.924414062499999        1.6498046874999999       0.57735026918962573     
   15.002500000000000        1.6498046874999999      -0.57735026918962573     
   15.002500000000000        1.6498046874999999       0.57735026918962573     
   15.080585937499999        1.6498046874999999      -0.57735026918962573     
   15.080585937499999        1.6498046874999999       0.57735026918962573     
   15.471015624999998        1.6498046874999999      -0.57735026918962573     
   15.471015624999998        1.6498046874999999       0.57735026918962573     
   15.549101562499999        1.6498046874999999      -0.57735026918962573     
   15.549101562499999        1.6498046874999999       0.57735026918962573     
   16.017617187500001        1.6498046874999999      -0.57735026918962573     
   16.017617187500001        1.6498046874999999       0.57735026918962573     
   16.095703125000000        1.6498046874999999      -0.57735026918962573     
   16.095703125000000        1.6498046874999999       0.57735026918962573     
   16.173789062499999        1.6498046874999999      -0.57735026918962573     
   16.173789062499999        1.6498046874999999       0.57735026918962573     
   16.251875000000002        1.6498046874999999      -0.57735026918962573     
   16.251875000000002        1.6498046874999999       0.57735026918962573     
   16.408046875000000        1.6498046874999999      -0.57735026918962573     
   16.408046875000000        1.6498046874999999       0.57735026918962573     
   16.642304687500001        1.6498046874999999      -0.57735026918962573     
   16.642304687500001        1.6498046874999999       0.57735026918962573     
   16.720390625000000        1.6498046874999999      -0.57735026918962573     
   16.720390625000000        1.6498046874999999       0.57735026918962573     
   16.798476562499999        1.6498046874999999      -0.57735026918962573     
   16.798476562499999        1.6498046874999999       0.57735026918962573     
   16.876562499999999        1.6498046874999999      -0.57735026918962573     
   16.876562499999999        1.6498046874999999       0.57735026918962573     
   16.954648437500001        1.6498046874999999      -0.57735026918962573     
   16.954648437500001        1.6498046874999999       0.57735026918962573     
   17.188906249999999        1.6498046874999999      -0.57735026918962573     
   17.188906249999999        1.6498046874999999       0.57735026918962573     
   17.266992187500001        1.6498046874999999      -0.57735026918962573     
   17.266992187500001        1.6498046874999999       0.57735026918962573     
   17.345078125000001        1.6498046874999999      -0.57735026918962573     
   17.345078125000001        1.6498046874999999       0.57735026918962573     
   17.423164062500000        1.6498046874999999      -0.57735026918962573     
   17.423164062500000        1.6498046874999999       0.57735026918962573     
   17.501249999999999        1.6498046874999999      -0.57735026918962573     
   17.501249999999999        1.6498046874999999       0.57735026918962573     
   17.813593749999999        1.6498046874999999      -0.57735026918962573     
   17.813593749999999        1.6498046874999999       0.57735026918962573     
   17.969765625000001        1.6498046874999999      -0.57735026918962573     
   17.969765625000001        1.6498046874999999       0.57735026918962573     
   18.047851562500000        1.6498046874999999      -0.57735026918962573     
   18.047851562500000        1.6498046874999999       0.57735026918962573     
   18.125937499999999        1.6498046874999999      -0.57735026918962573     
   18.125937499999999        1.6498046874999999       0.57735026918962573     
   18.438281249999999        1.6498046874999999      -0.57735026918962573     
   18.438281249999999        1.6498046874999999       0.57735026918962573     
   18.516367187499998        1.6498046874999999      -0.57735026918962573     
   18.516367187499998        1.6498046874999999       0.57735026918962573     
   18.594453125000001        1.6498046874999999      -0.57735026918962573     
   18.594453125000001        1.6498046874999999       0.57735026918962573     
   18.672539062500000        1.6498046874999999      -0.57735026918962573     
   18.672539062500000        1.6498046874999999       0.57735026918962573     
   18.750624999999999        1.6498046874999999      -0.57735026918962573     
   18.750624999999999        1.6498046874999999       0.57735026918962573     
   19.062968750000000        1.6498046874999999      -0.57735026918962573     
   19.062968750000000        1.6498046874999999       0.57735026918962573     
   19.141054687499999        1.6498046874999999      -0.57735026918962573     
   19.141054687499999        1.6498046874999999       0.57735026918962573     
   19.219140625000001        1.6498046874999999      -0.57735026918962573     
   19.219140625000001        1.6498046874999999       0.57735026918962573     
   19.609570312500001        1.6498046874999999      -0.57735026918962573     
   19.609570312500001        1.6498046874999999       0.57735026918962573     
   19.687656250000000        1.6498046874999999      -0.57735026918962573     
   19.687656250000000        1.6498046874999999       0.57735026918962573     
   19.765742187499999        1.6498046874999999      -0.57735026918962573     
   19.765742187499999        1.6498046874999999       0.57735026918962573     
   19.843828125000002        1.6498046874999999      -0.57735026918962573     
   19.843828125000002        1.6498046874999999       0.57735026918962573     
   19.921914062500001        1.6498046874999999      -0.57735026918962573     
   19.921914062500001        1.6498046874999999       0.57735026918962573     
  0.16617187500000000        1.7278906249999999      -0.57735026918962573     
  0.16617187500000000        1.7278906249999999       0.57735026918962573     
   13.284609374999999        1.7278906249999999      -0.57735026918962573     
   13.284609374999999        1.7278906249999999       0.57735026918962573     
   13.753124999999999        1.7278906249999999      -0.57735026918962573     
   13.753124999999999        1.7278906249999999       0.57735026918962573     
   13.831210937499998        1.7278906249999999      -0.57735026918962573     
   13.831210937499998        1.7278906249999999       0.57735026918962573     
   13.909296874999999        1.7278906249999999      -0.57735026918962573     
   13.909296874999999        1.7278906249999999       0.57735026918962573     
   14.455898437499998        1.7278906249999999      -0.57735026918962573     
   14.455898437499998        1.7278906249999999       0.57735026918962573     
   14.533984374999999        1.7278906249999999      -0.57735026918962573     
   14.533984374999999        1.7278906249999999       0.57735026918962573     
   15.080585937499999        1.7278906249999999      -0.57735026918962573     
   15.080585937499999        1.7278906249999999       0.57735026918962573     
   15.158671874999998        1.7278906249999999      -0.57735026918962573     
   15.158671874999998        1.7278906249999999       0.57735026918962573     
   16.173789062499999        1.7278906249999999      -0.57735026918962573     
   16.173789062499999        1.7278906249999999       0.57735026918962573     
   16.251875000000002        1.7278906249999999      -0.57735026918962573     
   16.251875000000002        1.7278906249999999       0.57735026918962573     
   16.720390625000000        1.7278906249999999      -0.57735026918962573     
   16.720390625000000        1.7278906249999999       0.57735026918962573     
   16.798476562499999        1.7278906249999999      -0.57735026918962573     
   16.798476562499999        1.7278906249999999       0.57735026918962573     
   16.876562499999999        1.7278906249999999      -0.57735026918962573     
   16.876562499999999        1.7278906249999999       0.57735026918962573     
   17.345078125000001        1.7278906249999999      -0.57735026918962573     
   17.345078125000001        1.7278906249999999       0.57735026918962573     
   18.516367187499998        1.7278906249999999      -0.57735026918962573     
   18.516367187499998        1.7278906249999999       0.57735026918962573     
   18.594453125000001        1.7278906249999999      -0.57735026918962573     
   18.594453125000001        1.7278906249999999       0.57735026918962573     
   18.672539062500000        1.7278906249999999      -0.57735026918962573     
   18.672539062500000        1.7278906249999999       0.57735026918962573     
   19.687656250000000        1.7278906249999999      -0.57735026918962573     
   19.687656250000000        1.7278906249999999       0.57735026918962573     
   19.765742187499999        1.7278906249999999      -0.57735026918962573     
   19.765742187499999        1.7278906249999999       0.57735026918962573     
   19.843828125000002        1.7278906249999999      -0.57735026918962573     
   19.843828125000002        1.7278906249999999       0.57735026918962573     
  0.16617187500000000        1.8059765624999999      -0.57735026918962573     
  0.16617187500000000        1.8059765624999999       0.57735026918962573     
   13.675039062499998        1.8059765624999999      -0.57735026918962573     
   13.675039062499998        1.8059765624999999       0.57735026918962573     
   13.753124999999999        1.8059765624999999      -0.57735026918962573     
   13.753124999999999        1.8059765624999999       0.57735026918962573     
   1.8059765624999999        3.6019531249999996      -0.57735026918962573     
   1.8059765624999999        3.6019531249999996       0.57735026918962573     
   1.2593749999999999        3.6800390624999997      -0.57735026918962573     
   1.2593749999999999        3.6800390624999997       0.57735026918962573     
   1.5717187499999998        4.0704687499999999      -0.57735026918962573     
   1.5717187499999998        4.0704687499999999       0.57735026918962573     
   1.7278906249999999        4.1485546874999999      -0.57735026918962573     
   1.7278906249999999        4.1485546874999999       0.57735026918962573     
   1.6498046874999999        4.2266406249999990      -0.57735026918962573     
   1.6498046874999999        4.2266406249999990       0.57735026918962573     
  0.71277343750000000        4.3047265624999991      -0.57735026918962573     
  0.71277343750000000        4.3047265624999991       0.57735026918962573     
  0.79085937499999992        4.3047265624999991      -0.57735026918962573     
  0.79085937499999992        4.3047265624999991       0.57735026918962573     
  0.86894531249999996        4.4608984374999991      -0.57735026918962573     
  0.86894531249999996        4.4608984374999991       0.57735026918962573     
   1.4155468750000000        4.4608984374999991      -0.57735026918962573     
   1.4155468750000000        4.4608984374999991       0.57735026918962573     
   1.2593749999999999        4.5389843749999992      -0.57735026918962573     
   1.2593749999999999        4.5389843749999992       0.57735026918962573     
   1.3374609374999999        4.5389843749999992      -0.57735026918962573     
   1.3374609374999999        4.5389843749999992       0.57735026918962573     
   1.4155468750000000        4.5389843749999992      -0.57735026918962573     
   1.4155468750000000        4.5389843749999992       0.57735026918962573     
   1.5717187499999998        4.5389843749999992      -0.57735026918962573     
   1.5717187499999998        4.5389843749999992       0.57735026918962573     
   1.4155468750000000        4.6170703124999992      -0.57735026918962573     
   1.4155468750000000        4.6170703124999992       0.57735026918962573     
   1.4936328124999998        4.6170703124999992      -0.57735026918962573     
   1.4936328124999998        4.6170703124999992       0.57735026918962573     
   1.5717187499999998        4.6170703124999992      -0.57735026918962573     
   1.5717187499999998        4.6170703124999992       0.57735026918962573     
   1.3374609374999999        4.6951562499999993      -0.57735026918962573     
   1.3374609374999999        4.6951562499999993       0.57735026918962573     
   1.4155468750000000        4.6951562499999993      -0.57735026918962573     
   1.4155468750000000        4.6951562499999993       0.57735026918962573     
   1.4936328124999998        4.6951562499999993      -0.57735026918962573     
   1.4936328124999998        4.6951562499999993       0.57735026918962573     
   1.5717187499999998        4.6951562499999993      -0.57735026918962573     
   1.5717187499999998        4.6951562499999993       0.57735026918962573     
   1.6498046874999999        4.6951562499999993      -0.57735026918962573     
   1.6498046874999999        4.6951562499999993       0.57735026918962573     
   1.7278906249999999        4.6951562499999993      -0.57735026918962573     
   1.7278906249999999        4.6951562499999993       0.57735026918962573     
   1.2593749999999999        4.7732421874999993      -0.57735026918962573     
   1.2593749999999999        4.7732421874999993       0.57735026918962573     
   1.4936328124999998        4.7732421874999993      -0.57735026918962573     
   1.4936328124999998        4.7732421874999993       0.57735026918962573     
   1.5717187499999998        4.7732421874999993      -0.57735026918962573     
   1.5717187499999998        4.7732421874999993       0.57735026918962573     
   1.4155468750000000        4.8513281249999993      -0.57735026918962573     
   1.4155468750000000        4.8513281249999993       0.57735026918962573     
   1.4936328124999998        4.8513281249999993      -0.57735026918962573     
   1.4936328124999998        4.8513281249999993       0.57735026918962573     
