           1  0.81702492117614156       0.52485936456583415     
           2   1.6684088278023712       0.42550835370854118     
           3   2.1269622804155706       0.29739355597483375     
           4   2.7407797454265053        2.2463917122498664E-002
           5   3.3458961577242214       0.25788140081507088     
           6   3.5980322690839817       0.16448238008166668     
           7   4.0050742784414988       0.26632657020124906     
           8   4.5623647061599719        9.4661017252182678E-002
           9   5.1025717012829146       0.17826459474176845     
          10   5.2267004560892323       0.21032310308470470     
          11   5.4062860678439950       0.10324772400427554     
          12   5.9702078973637436        6.7090368300137912E-002
          13   6.4109509468624646        5.3099408908042024E-002
          14   6.9210926566382378       0.11936768910700342     
          15   6.9693821866956744       0.23859451292925579     
          16   7.0167585364492231        1.3220392489172414E-002
          17   7.4848807193824216        2.8644247084559250E-002
          18   7.9818550685865040        4.6329051256978872E-002
          19   8.2933581653034594       0.15231845667636029     
          20   8.5347051242102996       0.11282531899521717     
          21   8.9527550983613846        4.2205767593126137E-002
          22   8.9663736776859437        4.1864223757787533E-002
          23   9.1019739440788818        5.3214488963451101E-002
          24   9.5967597733235390        5.0929900454578902E-002
          25   10.049809550660029        1.5064683187383798E-002
          26   10.236412589790962        6.0389959257126612E-004
          27   10.236927707298154        2.3164127424696188E-002
          28   10.806168159691740        4.8757607523392518E-002
          29   11.051520831833454       0.14847184583010997     
          30   11.054634352573675        4.2303864432083976E-002
          31   11.316153910766728        5.3942237874585533E-003
          32   11.733478597877188        7.6942915679242144E-003
          33   12.019816440554324        7.2529746820857471E-002
          34   12.186255238105803        1.5639371952260821E-002
          35   12.273953575133611        9.7354498794127192E-002
          36   12.590613433787325        9.7631852625030130E-003
          37   13.106662108642547        2.7388085354015861E-002
          38   13.259408141095181        1.8593007785851694E-002
          39   13.260025363701184        3.5861880420719951E-002
          40   13.566687142047655        2.7868884895927388E-002
          41   13.876979167992177        1.3841749801802186E-002
          42   13.884271304973316        3.7398057148416583E-002
          43   14.403340693657153        3.5732744493113769E-002
          44   14.433529470623169        1.4367520927633874E-002
          45   14.448802062894474        2.8899536031735822E-002
          46   14.971587680563452        6.1831137673569953E-003
          47   15.434285652416110        3.6111599029002087E-002
          48   15.568086078451486        6.3251709408722809E-002
          49   15.568168589932942        1.5403088381107429E-002
          50   15.803136198901587        3.4379024386665659E-002
          51   15.858415829519307        1.5985664500680476E-002
          52   16.062218128690496        1.7058793501245038E-002
          53   16.375707595491996        3.1253241675527500E-003
          54   16.708815287793815        1.4948359180365323E-002
          55   16.716698474306735        3.5737677461990101E-002
          56   16.902986966128523        1.5024854183836898E-002
          57   17.380745980478267        6.7700816539241317E-003
          58   17.779586147053326        5.8203702914721442E-003
          59   17.793721724995212        1.8223373109675384E-002
          60   17.969467300030356        3.9771096082306910E-002
          61   17.969517025995167        2.6392018874926076E-002
          62   18.201261749895814        1.5813507258792547E-002
          63   18.303939588018270        2.7600746393168632E-002
          64   18.366926806268459        1.5208224172795022E-002
          65   18.898139744205981        9.8850667443390935E-003
          66   19.105069767057941        2.5231812481852946E-002
          67   19.106758599904580        8.2000397409461977E-003
          68   19.382476765562643        1.1161573168710203E-002
          69   19.819318876933558        7.5502458002435751E-004
          70   19.845116626638628        1.1863844969451271E-002
          71   20.130517831247190        2.1928564379312659E-002
          72   20.418307609976434        8.0430624857093791E-003
          73   20.462252055887454        3.2615920292830194E-003
          74   20.462665683938742        1.5770054931076905E-002
          75   20.609136562422581        1.8137109989769661E-002
          76   20.646781795631114        6.0949363137150500E-004
          77   20.953416517762395        3.7714979136026171E-003
          78   21.445916893447020        4.4031242598099145E-003
          79   21.591058520079546        1.2599246334508469E-002
          80   21.591369038278078        7.4283871695405004E-003
          81   21.885014622931610        5.7763133331207852E-003
          82   21.953916624809938        1.3095654043496417E-002
          83   22.292214659921413        9.7677852389538647E-003
          84   22.495330164729612        1.5366499540324716E-002
          85   22.528058495917811        5.3730620862205624E-003
          86   23.038621743543271        1.3564103636376602E-002
          87   23.039908161009812        2.3255516256782429E-002
          88   23.067566665582966        9.0017380533617911E-003
          89   23.089453322563415        5.5801544440757843E-003
          90   23.099733291349121        9.5259482967849692E-003
          91   23.564723915950882        6.0937164332495212E-003
          92   24.018134492194534        5.5640092068446161E-003
          93   24.117277551058759        2.1919355046371809E-003
          94   24.141474656198319        1.1503306945733975E-002
          95   24.141589766780911        1.8850359989875823E-003
          96   24.396800599145905        1.2973254122223409E-003
          97   24.692501285912552        4.8359219807859203E-003
          98   24.799635921297472        4.8872673304471599E-003
          99   24.904254300630289        7.6802168774812024E-003
         100   25.233362225740169        4.8343593878198276E-004
         101   25.580163134150080        7.3382907033191312E-004
         102   25.580189793534192        7.3597179205951244E-003
         103   25.621892716451377        1.1951575044427816E-002
         104   25.624434243005815        5.4530412044577932E-003
         105   25.734372715293130        4.5259259543539614E-003
         106   26.188410502911836        1.5937622025442386E-003
         107   26.332968106546616        7.0962895223812515E-003
         108   26.598412005491081        2.1519144848970296E-003
         109   26.748759660488076        8.2144944611181655E-003
         110   26.748764136175623        2.6958991167290875E-004
         111   26.895463399923855        7.1005649910275588E-003
         112   26.909018820491585        1.3870809488354962E-003
         113   27.342019633296687        5.8762279133516698E-003
         114   27.385597277407406        8.4523063660564748E-003
         115   27.448926378528625        3.2203021096338996E-003
         116   27.945997987915167        1.1932720086801614E-003
         117   28.281017901605491        2.9886289792860522E-004
         118   28.281509638652601        1.1919171354354016E-003
         119   28.399065387463736        1.0132462157304806E-003
         120   28.417044054820717        1.1054676788090034E-002
         121   28.420055831251823        5.4360430539307763E-003
         122   28.598551468991026        8.8358477383770407E-004
         123   28.816105921876591        1.9700053390304798E-003
         124   29.173208779446721        2.6043257800102524E-003
         125   29.214387925245767        4.2262781473812253E-003
         126   29.420720420776149        1.5348946674514233E-004
         127   29.576974411216508        2.4395064330375365E-003
         128   29.577191419060657        3.9932817485102846E-003
         129   29.706460169428325        3.9239739035770043E-004
         130   30.038198607979290        5.1511992144066144E-003
         131   30.048088966027787        5.0925500324482294E-004
         132   30.201826126861519        2.2710540473084738E-003
         133   30.676318020051831        3.2603433263369116E-004
         134   30.911428258374656        3.0993425095701471E-003
         135   31.056963877135768        3.7277874803997935E-003
         136   31.057011977525949        6.2633640088143403E-003
         137   31.131645194146071        1.8670801945690192E-003
         138   31.457034965334636        2.0156179898759966E-003
         139   31.475407956205640        7.7114333705381537E-004
         140   31.479996055674977        3.6273051428636638E-006
         141   31.538820098234343        4.7521805503181703E-003
         142   31.961453314921037        9.0479597741311389E-004
         143   31.988940707987744        3.4942394841936358E-003
         144   31.991154534174491        3.8284548301423694E-004
         145   32.010067411656728        4.3596618664692489E-004
         146   32.040576521701112        4.5836242424744994E-003
         147   32.525260409865410        1.6234728287120164E-004
         148   32.737049350928501        2.2381770221698667E-003
         149   32.738749728870452        1.4183324070664504E-003
         150   33.039914552825195        1.3895875375652695E-003
         151   33.268679385670232        1.1792927202668303E-003
         152   33.313044947230907        2.5792828327507243E-003
         153   33.330258419261462        1.5280200130185161E-003
         154   33.403088804467430        4.6900380947764269E-004
         155   33.403133942549971        4.2325715856477916E-004
         156   33.546161819624658        6.4740806313594117E-004
         157   33.828177431706273        1.0939880242555602E-003
         158   33.944855326789529        7.8109458542669548E-004
         159   34.172888707547081        4.2699322132873504E-004
         160   34.369873360414005        2.6457364849987174E-004
         161   34.522235852032154        2.3541044217706918E-003
         162   34.559413956124999        5.7667808856716907E-004
         163   34.813503651203263        9.1430978217205648E-004
         164   34.836971583039855        1.8352168671449801E-003
         165   34.967711509816759        4.4978612633967541E-004
         166   35.147788712489117        3.7157348238192776E-003
         167   35.150174321750434        9.3308291467031866E-004
         168   35.490173766766411        5.3046871725000036E-004
         169   35.667258729683603        1.3345409214281948E-003
         170   35.890003218102173        6.5324274922490949E-004
         171   36.160389406233122        5.4822181688170398E-004
         172   36.223741823660234        2.1203062211300986E-004
         173   36.444993714853908        3.2834194305126859E-004
         174   36.542664282205706        2.5462352919170066E-003
         175   36.555916096956942        7.1239825824469987E-004
         176   36.671478300341597        2.1579862088286586E-003
         177   36.834703231775684        1.4202388741178484E-004
         178   37.163401483090830        2.0518618054349660E-004
         179   37.193225927970623        1.9298540121902052E-003
         180   37.419464798488782        3.1405036122522141E-004
         181   37.821865981624811        1.9995185618691612E-004
         182   38.101293860169513        2.5593335339415033E-004
         183   38.105880845687444        7.7705630298839428E-004
         184   38.427135266034185        2.3878527600900936E-006
         185   38.437242237270411        4.3092610880263047E-004
         186   38.472668694989402        4.8153281358271084E-005
         187   38.705045629293487        2.3419548027619303E-004
         188   38.879187083518808        1.4341075267777618E-004
         189   39.335162091318878        1.6113494757564384E-003
         190   39.341347293344171        3.2444833310423074E-004
         191   39.464676694843625        8.6669871436924296E-004
         192   39.793314649891691        1.6349476246803327E-004
         193   40.083989546368144        1.2159226513801429E-005
         194   40.453336389407497        1.8445501120911583E-003
         195   40.461516487919113        3.2038191568813112E-004
         196   40.528955624856863        6.9103332002718495E-005
         197   40.605391377294382        8.2663943453372465E-005
         198   41.062854975000370        1.2266123004740645E-004
         199   41.238270709755305        1.9870901827000287E-004
         200   41.301652831078158        3.0681867461850883E-004
         201   41.301770138400258        5.4401194528356503E-004
         202   41.353374224900200        2.9602286515223225E-004
         203   41.353427807218402        1.9938057952077610E-005
         204   41.581569876680526        1.9593700129879799E-004
         205   41.809224000986312        1.0694218660608492E-004
         206   41.870956696893565        1.3199464740919890E-003
         207   42.116723862740749        1.8114933967787822E-004
         208   42.572093733586883        8.6736278712193981E-005
         209   42.616314697517936        3.7726403582418177E-004
         210   42.618796806743269        4.4078475212667453E-004
         211   42.944901479359039        4.3481320465898088E-004
         212   42.944922524810714        4.1060644269762215E-004
         213   43.029600395900935        8.8784670508026958E-005
         214   43.029889539865628        9.3524004472280044E-005
         215   43.136603432772290        3.8481673357325700E-004
         216   43.225392932112086        5.8288908369854394E-005
         217   43.813229511753825        2.0281902676021209E-005
         218   43.846174732144370        3.7467058187480991E-004
         219   44.215593497800484        7.4421924032453117E-005
         220   44.321073395722586        4.7644380185381848E-004
         221   44.511649015534090        2.5236886740821112E-004
         222   44.511941515765727        2.2466768771683894E-004
         223   44.583922153822606        3.3829294466789451E-005
         224   44.593013217689190        2.2765592827944789E-004
         225   44.606647939577144        3.7619951544383279E-005
         226   44.880446681804287        8.7301575023912862E-004
         227   44.906747942956358        4.0450076034032208E-004
         228   45.345046086300371        1.1827830583914307E-004
         229   45.728456562831042        2.0942254019611806E-005
         230   46.093046434402815        4.7552932965405250E-005
         231   46.215225540582622        2.0567924465710727E-004
         232   46.216771203045212        1.6779552758410711E-004
         233   46.293324564226133        2.7345631975822389E-005
         234   46.295169604711568        7.1828234055418998E-005
         235   46.359251336209269        8.8741273402981620E-005
         236   46.686933402048304        9.1298577711148304E-006
         237   46.748731860496832        3.4877697680115507E-004
         238   47.240056469783632        2.9608270982028537E-004
         239   47.318488380215491        5.1836399023943384E-004
         240   47.378106051742229        7.0391383017780968E-005
         241   48.070203130575216        1.8807108428171333E-004
         242   48.071676937388077        1.2075028304127791E-004
         243   48.151235040217948        1.2398657458310202E-004
         244   48.151408141182301        2.6718465546325845E-005
         245   48.301983953343992        7.3567118338199627E-005
         246   48.380502211683940        1.3849088933091629E-004
         247   48.897539918842753        4.2664859810612042E-005
         248   49.139678521600963        1.3607020522261008E-004
         249   49.330921165594361        4.5943997388863262E-005
         250   49.659665495216025        2.9790601077479443E-004
         251   49.837477243484265        3.5122039114419913E-004
         252   50.061400481971454        7.5848681854444119E-005
         253   50.062977874655594        6.5033349085984605E-005
         254   50.143023502866860        7.8362300105555105E-005
         255   50.143130117359725        4.2268832313358706E-005
         256   50.423487408069384        1.2951157373656265E-005
         257   51.060446328423829        2.2526350598397140E-005
         258   51.442003744678019        6.7318512460913678E-005
         259   51.489519186336274        3.2826655849552313E-005
         260   52.157035413547590        1.4826426303587694E-004
         261   52.167150565803837        1.1608263879782287E-004
         262   52.174362198839148        7.1619943292088652E-005
         263   52.253525813687801        1.5024883476970352E-005
         264   52.258852948278133        2.0570345976389534E-005
         265   52.295951483561950        2.9081130214083021E-005
         266   52.420877747179510        2.4987767289809729E-004
         267   53.647560684609104        4.7263639438680565E-005
         268   53.730490343044600        1.9129628405098983E-005
         269   54.162875663142728        2.7497727107993485E-005
         270   54.393700691371428        6.7778113567478486E-006
         271   54.398409157485588        3.6274931614877092E-005
         272   54.466623368787928        6.9360509313308664E-005
         273   54.474260125839351        1.8710648204612095E-006
         274   54.577658286668445        5.2329056570681760E-005
         275   55.012421744285660        1.8089575470864997E-004
         276   55.701435202718322        3.6700561228247535E-005
         277   56.555035574832281        1.1925301604726067E-007
         278   56.709955093098337        4.2206672795656096E-005
         279   56.720684420977783        5.9778189308232999E-005
         280   56.790003254945695        4.5405599269026604E-005
         281   56.794301387105179        4.0033376331854509E-007
         282   56.904819193711596        6.6140598494043753E-005
         283   56.904819239569569        1.2057027233714046E-004
         284   56.921089628879336        6.1436363473742375E-006
         285   56.921089656841296        6.9079863124893505E-005
         286   57.227444719060415        3.8788008271622850E-005
         287   57.247829427298967        2.1249957343549825E-005
         288   57.602712961962624        8.3788976619642136E-005
         289   58.653887026490061        1.1369969447713374E-004
         290   58.653887028379437        1.0622432442959532E-004
         291   58.696426285233223        3.0026472855182951E-005
         292   58.696426291662789        1.7457708436689021E-005
         293   59.117472485831932        9.0530869935660894E-006
         294   59.124602602016346        1.9685957417671875E-005
         295   59.192026179402511        2.5321231665763786E-005
         296   59.206101487800126        1.0251973473724798E-005
         297   59.317451433058409        5.9857805237419010E-006
         298   59.356181932867024        2.7858720714847031E-006
         299   60.277804695394259        4.9314434865040986E-005
         300   60.277804695816606        4.7830487453633746E-005
         301   60.313829081253921        2.7415538327022178E-005
         302   60.313829093373919        3.9013508241370492E-005
         303   60.736754841982616        6.0755516364252101E-005
         304   60.818322304467308        1.6713679055613854E-005
         305   61.552607023396824        1.5221902544012854E-005
         306   61.602897711828582        2.8064257801677800E-005
         307   61.672802865288389        1.7635854408225251E-005
         308   61.681703756146838        4.6744450102443767E-006
         309   61.688881036939179        2.1565810043671616E-005
         310   61.998180577919022        5.9918968513455231E-005
         311   61.998180639424788        3.5645530293371913E-005
         312   62.032783313451340        1.9375333485446567E-005
         313   62.032783393751373        8.7183689816450311E-006
         314   62.299070843626851        1.7223489530800486E-005
         315   63.861851527674936        2.6222492298884388E-005
         316   63.861851610686976        4.8141478870583661E-005
         317   63.895958652614588        1.8752830607051251E-005
         318   63.895958727446413        1.3188053434385164E-006
         319   64.156528423099914        8.5485773406549574E-006
         320   64.159522525964050        7.7352833355386770E-006
         321   64.237984707325765        1.0711668573469320E-005
         322   64.243334901749520        7.2809850154618699E-006
         323   65.857306982143101        2.1564114951270849E-005
         324   65.857307062257831        1.9071300405285975E-005
         325   65.891177893569974        1.3070773762512584E-005
         326   65.891177923400377        1.2670946670947737E-005
         327   66.524301619531016        7.3901552477290692E-006
         328   66.623226626904412        3.5295523228899797E-007
         329   67.016976757596936        6.9208811790749214E-006
         330   67.039948402797648        1.6620170176348362E-005
         331   67.095313016646472        9.8628910518373919E-006
         332   67.118589038556465        2.8591913913388101E-006
         333   67.971349991948017        3.1937014585660007E-005
         334   67.971350233553721        1.4996401214548523E-005
         335   68.005085379023697        5.3399841257077193E-006
         336   68.005085430942415        9.7909149529655555E-006
         337   69.342156350623441        3.5387224238116522E-006
         338   69.387467896735146        5.7075440012678058E-007
         339   69.396983371134894        2.2732428624127799E-006
         340   69.466647908485569        4.0389062140830502E-006
         341   70.193115403020002        3.3266690395479861E-006
         342   70.193116239369388        1.1340088897831289E-005
         343   70.226772632989949        7.5634916058905463E-006
         344   70.226774022373505        4.2909312486136243E-006
         345   71.650767398368174        2.3609595571592304E-006
         346   71.747387861804910        9.9991766713420002E-006
         347   71.773848500816584        1.0245920720812623E-007
         348   71.838119584607185        3.1630751103847973E-006
         349   72.514856078246012        1.6266253354392590E-005
         350   72.514858243163573        9.6857638468255768E-006
         351   72.548488589198399        2.9669652833196964E-007
         352   72.548489603189793        8.3855028338742515E-006
         353   74.925552086112660        2.0488248199705720E-006
         354   74.925554380778749        6.1279072797494319E-006
         355   74.958992924496187        2.9356998616802767E-006
         356   74.958997506037832        2.9422776077525170E-007
         357   77.392136279912606        4.9498894241067300E-006
         358   77.398512936867746        6.5528663162449041E-006
         359   77.406668996193474        4.3525611552668470E-006
         360   77.430927669150279        4.5462829894569819E-006
         361   77.431307735200065        5.4044483414555081E-007
         362   77.473411501512317        8.3283372655333882E-007
         363   77.486801298166313        6.2310321269467270E-007
         364   77.546448550314281        2.5011812284115775E-006
         365   78.606109179528460        1.9209595664211296E-008
         366   78.623124462512081        6.5849517356589388E-008
         367   78.893121130992768        1.0368261623007365E-005
         368   78.893121130992895        4.0969734810511334E-005
         369   78.900724381937735        2.1368146493870368E-005
         370   78.900724381937934        4.6073905351715140E-007
         371   79.990391156588004        2.1808778932169132E-006
         372   79.990395155528333        2.7997644878801904E-006
         373   80.025544638369382        1.3417054559628761E-006
         374   80.025546278325706        6.9129664937860019E-007
         375   80.734438320216611        2.4609217888599545E-005
         376   80.734438320216739        4.6303642658602320E-005
         377   80.761751570301655        1.1667258510172744E-005
         378   80.761751570301854        8.0118816973174462E-006
         379   82.415494440987388        1.5174105117703327E-005
         380   82.415494440987587        2.0162794250707261E-005
         381   82.435087758443871        1.0543575223422850E-005
         382   82.435087758445022        1.4918329388682235E-005
         383   82.819241636774962        1.9534883476432739E-006
         384   82.819318301106392        3.8097737156268734E-006
         385   82.852399389509287        3.0083772311309450E-007
         386   82.852522902073460        1.9812611759765264E-006
         387   84.156060494918904        2.2171686265173976E-005
         388   84.156060494920808        9.4123936217741021E-006
         389   84.173851536832885        2.8537887226122613E-006
         390   84.173851536876455        7.9275749991014794E-006
         391   84.998386583311657        9.5888718270349615E-007
         392   84.999622010538701        1.1194504901406844E-006
         393   85.019342185574118        2.3607521959910752E-007
         394   85.020642649046920        1.1651979950970650E-007
         395   86.028858460344964        1.8408803007991685E-005
         396   86.028858460435217        8.1786240014109932E-006
         397   86.046036428714757        3.6031942011428493E-006
         398   86.046036429038807        1.8322757988073735E-006
         399   87.760870685314870        5.5542723507718579E-007
         400   87.762190186147933        2.6080134242483338E-006
         401   87.802591401056546        6.3367851613747616E-007
         402   87.802792591715857        1.2007882999909965E-007
         403   88.029785747302640        6.0078682472656560E-006
         404   88.029785747378568        7.8665224650957609E-006
         405   88.046670950245797        3.2649371686248075E-006
         406   88.046670953171528        5.4420717050998416E-006
         407   88.603679373637775        4.0402112451188249E-007
         408   88.606069068594763        1.0593855749788983E-007
         409   90.147558953454762        1.2432562469973195E-005
         410   90.147558957783602        4.4484745723301907E-006
         411   90.164279561962857        4.9051593023143289E-007
         412   90.164279563862408        2.3225341594256160E-006
         413   92.372254947502114        4.2909772418635289E-006
         414   92.372254950361551        9.2725305220480436E-007
         415   92.388884094480062        1.6101962208583147E-006
         416   92.388884098301986        2.0172782405456578E-006
         417   93.507009291528519        1.3988827177147956E-007
         418   93.513940039134738        9.9837586866815197E-009
         419   93.535293551137997        3.8599517367313941E-008
         420   93.544110139045912        2.7218336466528812E-007
         421   93.986002675221386        1.1273835440242219E-008
         422   94.002194175426041        1.2382427036709700E-007
         423   94.004248429581466        6.4324830272206883E-007
         424   94.013653329401649        1.3674249355465343E-008
         425   94.696211101493972        6.3023588026948451E-006
         426   94.696211175238673        3.1436443558858685E-006
         427   94.712796893907495        3.3428516236613553E-007
         428   94.712796928536775        2.3387272499848437E-006
         429   97.105363177248122        1.0117964610872482E-006
         430   97.105364060907604        2.5522925210042423E-006
         431   97.121740570059188        4.0781601975873889E-007
         432   97.121741554871278        2.3333045427374979E-007
         433   99.580155261823052        2.4972499119108470E-006
         434   99.580158726132183        2.2827746484227363E-006
         435   99.596184078295721        2.2005136493114381E-007
         436   99.596186237950036        1.2917034418333673E-006
         437   102.20796574265582        1.2015717189397271E-006
         438   102.20796613079425        9.4823234528781332E-007
         439   102.22585838650400        1.4034469744338922E-008
         440   102.22585969916352        2.7095069595802582E-007
         441   104.95717363749223        6.8658332109141315E-007
         442   104.95720713787242        1.3731538074510123E-006
         443   104.97301044541558        6.9738979051081000E-008
         444   104.97304120094067        5.1149264744518443E-007
         445   105.12204747753185        1.1142825165203590E-008
         446   105.12486119369929        9.8276923555456020E-010
         447   105.15531659429102        3.7097190745003996E-008
         448   105.15608733406766        1.2267927231313309E-007
         449   107.09090965458252        4.2731214157225659E-007
         450   107.09112275895539        4.9378823398700824E-007
         451   107.09781369978326        1.9646197436625725E-007
         452   107.09808541271327        2.6335684482532422E-007
         453   108.44352667199973        3.8792128696754250E-006
         454   108.44352667199989        1.6054966231094056E-005
         455   108.44769986986223        8.5677119153892881E-006
         456   108.44769986986243        1.7976412883590177E-006
         457   108.55902078700620        8.0511180121021751E-009
         458   108.55921315331545        2.8347504081818069E-009
         459   110.22066938501236        1.6499384729451386E-007
         460   110.22100054985165        9.2672124661293098E-007
         461   110.24312718625497        1.4603438698505725E-007
         462   110.24316289719883        3.0811285954379913E-008
         463   110.36920672221640        1.0687988196101931E-005
         464   110.36920672221672        1.8960901058021350E-005
         465   110.38850629349200        5.0976614525322084E-006
         466   110.38850629349218        5.7706380427723035E-006
         467   112.10978548195172        7.4806814355872402E-006
         468   112.10978548195219        9.5168449103941767E-006
         469   112.12047578023727        8.5915097739262233E-006
         470   112.12047578023754        3.1352125952560421E-006
         471   113.87433963986382        1.0125503789561418E-005
         472   113.87433963987085        2.3490833502661509E-006
         473   113.88296868520722        1.0419032396974132E-006
         474   113.88296868521539        4.0339756508936894E-006
         475   115.15066061001947        4.0446222730687997E-008
         476   115.15194581441750        1.5980655186871865E-008
         477   115.15267608745091        7.4343974828682984E-011
         478   115.15403098057051        3.7347337328085336E-009
         479   115.75776352073134        8.9041018485291135E-006
         480   115.75776352082796        3.1513747888915543E-006
         481   115.76570441814967        3.7289526623641927E-007
         482   115.76570441823641        1.4727671771906990E-006
         483   116.65961048736908        2.9388433637722793E-009
         484   116.66020999457872        2.4692104805635081E-007
         485   116.66440337916745        1.5314670457918504E-008
         486   116.66463431889760        5.3751809364090494E-008
         487   117.76494259845649        3.3889012501987651E-006
         488   117.76494259894412        2.2360293245916897E-006
         489   117.77256024920599        7.4248764899156670E-007
         490   117.77256024979023        2.6880648163323512E-006
         491   119.88696613306408        5.9979655551753389E-006
         492   119.88696613462153        1.5925054615443927E-006
         493   119.89440458409879        3.0178912023995489E-007
         494   119.89440458471618        6.2186446208222792E-007
         495   121.77241807771927        2.7526162051355554E-008
         496   121.77284933973436        6.9004027998972848E-009
         497   122.11498058863607        1.9698689655984397E-006
         498   122.11498059017910        1.9428505650332552E-007
         499   122.12231972010579        1.5278414477498916E-007
         500   122.12231972114930        1.0616781020148027E-006
         501   124.44104547589741        2.9881346117342311E-006
         502   124.44104550766002        1.2658520511586163E-006
         503   124.44832545335279        2.6491400098550591E-007
         504   124.44832548419070        7.5886594285345247E-007
         505   126.84851097067919        6.1383051648931103E-007
         506   126.84851130603140        1.2632318757464619E-006
         507   126.85557724412540        1.2778957276773514E-007
         508   126.85557763311417        2.4164413602396855E-007
         509   127.98933485411412        3.0101851240127000E-009
         510   127.98982002563253        4.8513718112544301E-009
         511   127.99058162608219        5.0643713099859260E-008
         512   127.99105844652269        1.3433240263495969E-008
         513   129.33016016420711        1.1472615743399596E-006
         514   129.33016129657361        1.0156396739922312E-006
         515   129.33700673195742        7.6854582096022396E-008
         516   129.33700737296354        4.0821019202096378E-007
         517   129.99873597482153        1.3822455614679643E-009
         518   129.99883727920405        5.1154844631495334E-009
         519   130.01683669874257        5.6478524483517029E-010
         520   130.01713508373612        9.2948620346563788E-010
         521   131.99085769516279        6.0137659717414001E-007
         522   131.99085791004913        5.0458381098889586E-007
         523   131.99937784484524        1.2133766891909889E-007
         524   131.99937810300682        2.6301992177328333E-008
         525   134.61792051294032        2.8620113000301414E-007
         526   134.61793333213527        6.0759064112647287E-007
         527   134.62404227044044        1.2170187604608735E-008
         528   134.62405510265191        1.3319900587620910E-007
         529   136.81875618595146        1.2947612753913091E-007
         530   136.81882362253609        2.0514457498996933E-007
         531   136.81914268313938        2.2817594680458379E-007
         532   136.81918794438823        2.3976710900986045E-007
         533   140.26823323073071        5.8879602760925134E-008
         534   140.26831977775007        4.0519691066702782E-007
         535   140.28216902281383        3.5144788380503995E-008
         536   140.28218375094676        1.1038270867141762E-008
         537   144.31594400604101        2.0323565679695399E-008
         538   144.31614476924628        6.4137028738379622E-009
         539   144.31680871893803        1.0312519566280106E-009
         540   144.31703402276577        8.2065850011878152E-009
         541   144.70562724593469        4.5757725732983853E-010
         542   144.70610045925005        6.9879574056383655E-010
         543   144.72102325674936        3.2249138016032768E-009
         544   144.72102619114264        1.4698397522557207E-008
         545   146.93663818891741        4.8917020834385589E-009
         546   146.93676212367959        1.0781056740852994E-007
         547   146.93920672766151        1.2397992581843135E-008
         548   146.93926906569646        2.3522041724281082E-008
         549   146.97404459940947        7.1123926904554956E-006
         550   146.97404459940972        2.5638270095113736E-006
         551   146.97652976659668        2.0791730188047246E-006
         552   146.97652976659694        3.7805702932209811E-006
         553   148.97851830718156        5.9871150827759729E-006
         554   148.97851830718173        8.5050657238410008E-006
         555   148.99271580966186        1.4070511124566543E-006
         556   148.99271580966203        4.4285943156126463E-006
         557   150.78053904349733        5.3073644375012079E-006
         558   150.78053904349736        4.1413966569376600E-006
         559   150.78555497655424        8.6551092199395878E-007
         560   150.78555497655449        5.0311148881376782E-006
         561   151.36868530564789        1.3516453121358049E-009
         562   151.36880576690274        4.2653617235913581E-010
         563   152.57309015460385        5.2493660879201789E-006
         564   152.57309015460851        3.0449938855325356E-007
         565   152.57595110472724        2.2120653374158076E-007
         566   152.57595110473255        2.4232170994462608E-006
         567   154.46892399780523        4.8952127857470766E-006
         568   154.46892399785952        1.3466113164893389E-006
         569   154.47108463482732        4.1133927002057515E-007
         570   154.47108463487928        9.1481547576562348E-007
         571   156.48323792679523        1.6213527598116455E-006
         572   156.48323792701751        9.1967801647183424E-007
         573   156.48507606951179        1.2931238266669383E-007
         574   156.48507606981306        1.4937188000054206E-006
         575   158.38689898890007        2.0067328146243673E-009
         576   158.38697132478256        3.0361585821110090E-009
         577   158.38706535011107        2.2818671108630386E-008
         578   158.38713743953329        5.8286707770542147E-009
         579   158.61007181355276        3.2493504168123053E-006
         580   158.61007181421786        6.1639994451696437E-007
         581   158.61173361413063        3.6682236037592003E-007
         582   158.61173361429047        1.4746891679917447E-007
         583   159.05668518132035        8.4266726841954362E-010
         584   159.05687366613000        2.2204710177930907E-009
         585   159.05741943394358        1.1666991891836416E-009
         586   159.05756381382039        8.8679597381006175E-010
         587   160.84175775054388        1.0236822427481675E-006
         588   160.84175775099661        2.9200733209999564E-008
         589   160.84332155497566        2.8171301233652282E-007
         590   160.84332155546639        6.1291702124430421E-007
         591   163.16970681239991        1.5799273147614810E-006
         592   163.16970683051704        5.7745131122202392E-007
         593   163.17120262950166        1.4826511529449457E-007
         594   163.17120264771825        2.3884761906989598E-007
         595   165.57598928304287        3.9415267541116963E-007
         596   165.57598942201068        6.9376311745684549E-007
         597   165.57729054580602        2.4700664991630834E-007
         598   165.57729072099647        1.9602134896075739E-007
         599   167.73672000119370        4.0222325803734319E-009
         600   167.73685739186257        7.0620676890523615E-010
         601   168.07003884355146        5.8489354938628758E-007
         602   168.07003923819568        5.1394585343617513E-007
         603   168.07124099931193        2.2452287838077792E-009
         604   168.07124118662998        1.1638764584857491E-007
         605   170.75351772633388        3.3015507987117045E-007
         606   170.75351780231495        2.9248456924972531E-007
         607   170.75609236052662        1.2435319226570776E-007
         608   170.75609241518754        4.2659260358153848E-008
         609   173.23561986053838        1.2954919449800114E-007
         610   173.23562613782914        3.0294702662678470E-007
         611   173.23593320837020        4.2810510985540947E-008
         612   173.23593914713129        1.6673549496266932E-008
         613   175.19984238047761        4.8005314007552184E-010
         614   175.20000657938712        6.7490502172226763E-010
         615   175.20048714430439        6.5095327250048113E-009
         616   175.20062818244216        1.3976223161651764E-009
         617   175.59429874102261        8.3499092100728180E-008
         618   175.59432103675556        1.4523232846333116E-007
         619   175.59852182963178        1.3012103804754598E-007
         620   175.59853405126651        1.2384273674524450E-007
         621   179.32016146179328        2.3499356119562507E-008
         622   179.32018876952907        2.0237817571739155E-007
         623   179.32938535886439        5.4862997812782565E-009
         624   179.32939207411658        6.6127885705546448E-009
         625   180.32716918318110        9.2249591994262064E-010
         626   180.32719776833812        2.8266701354788982E-010
         627   180.33630631576327        1.4122339699504019E-010
         628   180.33643696395262        2.2389067700721453E-010
         629   182.47611385627536        1.2139198124541985E-008
         630   182.47616267351651        2.9287607861698044E-009
         631   182.47647188968142        1.1970477594115884E-009
         632   182.47653203921448        9.4726809218709009E-009
         633   186.20391824142334        3.8352814291840756E-009
         634   186.20395404842606        5.3690901264295388E-008
         635   186.20555178854542        8.3890455808081917E-009
         636   186.20557047888653        1.1719702608158280E-008
         637   196.07255240869580        3.8064746255167583E-006
         638   196.07255240869605        6.3094567888557873E-007
         639   196.07410662116561        5.1863184961675054E-007
         640   196.07410662116578        2.3251355248191398E-006
         641   197.09121487784989        1.7698483393624515E-009
         642   197.09131303598681        3.2060011917842956E-010
         643   197.09158240051642        2.2462621641722209E-010
         644   197.09168497973980        1.5876289616381424E-009
         645   197.77751522554212        1.2852432210721556E-009
         646   197.77756525873983        1.1584865060123071E-008
         647   197.77805930519105        2.0022714059857258E-009
         648   197.77809222240052        2.5978140952260092E-009
         649   198.15122877584579        4.7176573463909682E-006
         650   198.15122877584588        2.7984424859840977E-006
         651   198.16187643772801        6.0178716215842091E-007
         652   198.16187643772810        2.8728755995241475E-006
         653   198.29975457344509        6.7904804374168843E-011
         654   198.29990330951011        1.0708744455740981E-010
         655   198.30787159311183        2.6483129423414983E-009
         656   198.30790070505330        3.7740659765011703E-010
         657   200.01578446189444        2.2989859095298682E-006
         658   200.01578446189501        3.3762279464226109E-006
         659   200.01699925488811        3.0253500177743157E-006
         660   200.01699925488845        7.5042403247165138E-008
         661   201.83942952538945        1.3386560719938676E-007
         662   201.83942952539311        1.6099891722328535E-006
         663   201.84026695830906        2.9574920036252860E-006
         664   201.84026695831264        3.3962820843948134E-007
         665   203.74907192004432        5.5923940797329432E-007
         666   203.74907192007441        5.2213971040163687E-007
         667   203.75054158503281        2.8931092237871587E-006
         668   203.75054158506660        5.8857209147030175E-007
         669   205.77123805705943        4.2848339191186067E-007
         670   205.77123805721808        8.9343290746619003E-007
         671   205.77299037223469        8.2056014660908518E-007
         672   205.77299037233718        3.9941237248215749E-007
         673   207.90334874953106        2.9894885468907717E-007
         674   207.90334874954070        3.2043431864147048E-009
         675   207.90525301703039        1.8747843807510104E-006
         676   207.90525301730020        2.3231255828648061E-007
         677   209.21551045978228        3.1003182582442535E-010
         678   209.21556702036619        8.7807502878074435E-011
         679   210.13894361683680        3.9230749590307875E-007
         680   210.13894361717962        3.7539936338140682E-007
         681   210.14093250193034        9.1365285946030386E-008
         682   210.14093250196763        5.7548168265431419E-007
         683   212.46847107671147        6.7766863917117823E-008
         684   212.46847108807248        4.6897535937076402E-008
         685   212.47052348330254        8.8387435090789220E-007
         686   212.47052349494703        2.8161600511800531E-007
         687   214.66650543066950        2.4148901876125975E-010
         688   214.66660067479887        3.4924013321160918E-009
         689   214.66661127576955        3.9607142795491016E-010
         690   214.66670011623799        6.0185062515983170E-010
         691   214.87477445107737        2.4962687836967355E-007
         692   214.87477453787901        1.5114904809345398E-007
         693   214.87697974669024        2.5914801583555326E-007
         694   214.87697980847571        4.0497348893640329E-007
         695   217.38605784439937        3.1537818672012802E-008
         696   217.38605789703024        1.0169167601170896E-008
         697   217.38828962462773        3.1376955854278096E-007
         698   217.38828977061468        2.8043956653052829E-007
         699   218.29387550474226        5.1391447373250558E-010
         700   218.29392254531351        1.2900660916921505E-010
         701   218.29425913258646        1.2393837546967453E-010
         702   218.29431642632005        1.6331719572052581E-010
         703   220.07533205528094        1.0563385191651320E-007
         704   220.07533209869203        5.9746317499071028E-008
         705   220.07656282293854        1.7601127395604507E-007
         706   220.07656284027524        1.9057349514320446E-007
         707   222.41778067890706        5.0937965647309230E-008
         708   222.41778347625831        2.0878902838643254E-008
         709   222.42069574013914        5.8805894729833468E-008
         710   222.42069897590031        1.6160153617690215E-007
         711   225.00058971685962        5.3888639575257517E-008
         712   225.00059814152002        1.0077846239959440E-007
         713   225.00654218795125        7.6579013730908695E-008
         714   225.00654586635071        6.6331157453428238E-008
         715   228.94898890938964        4.6513227733870702E-011
         716   228.94904824546970        6.3146877064495166E-011
         717   228.95755502391000        9.8610376535087341E-009
         718   228.95756492151537        1.1027411870012071E-007
         719   228.96378715482575        2.7241237392085991E-009
         720   228.96379060984472        5.2931887406570591E-009
         721   231.22392454539806        1.2350228415447391E-009
         722   231.22394615087003        1.0341303064237737E-008
         723   231.22396236983047        7.8669484834957966E-009
         724   231.22397818447197        1.3523519728466729E-009
         725   236.04885929164973        2.7136185670660516E-009
         726   236.04887203374474        2.9255308948114661E-008
         727   236.04998710094085        5.5508348606840450E-009
         728   236.04999368253965        6.4482061488547465E-009
         729   237.84936274745007        5.8792665002771667E-011
         730   237.84943074821544        9.7335034175972606E-011
         731   237.84972367024042        1.3706874709378132E-009
         732   237.84978187985578        1.5854026123010468E-010
         733   245.71905254452167        9.9053026297055738E-010
         734   245.71907666781462        3.2153144331928356E-010
         735   245.71921052288067        1.4976220440209967E-010
         736   245.71923706009542        6.3693087651099011E-010
         737   247.09719490389918        2.3687954080186845E-010
         738   247.09721716029293        6.3913616496892624E-011
         739   247.10230698409853        2.5014735841240954E-011
         740   247.10236559900079        3.9696297065012736E-011
         741   247.72874416409402        8.1074850575442333E-010
         742   247.72875903012320        6.4934162371760694E-009
         743   247.72902702548524        1.2789380839948153E-009
         744   247.72903790673121        1.4470012347379114E-009
         745   257.48063274267105        2.1350388592774146E-006
         746   257.48063274267167        2.5499284841167195E-008
         747   257.48164137989323        7.6838013019183575E-007
         748   257.48164137989386        1.1906297665770466E-006
         749   259.62948154543011        1.7399326899784657E-006
         750   259.62948154543068        2.5872451130409973E-006
         751   259.63758186954283        1.2364456268410642E-007
         752   259.63758186954323        1.9121691761630217E-006
         753   261.55557395262787        1.1956948128495710E-007
         754   261.55557395262815        1.8692736040496872E-006
         755   261.55690070710284        1.5248065718400589E-006
         756   261.55690070710284        2.1372318646889749E-006
         757   263.41389702198512        3.0643721833034852E-007
         758   263.41389702198842        1.1318871023051721E-006
         759   263.41698001539453        1.7565465535737442E-006
         760   263.41698001539754        5.0577031289518357E-007
         761   264.70532968322368        1.7729700071314939E-010
         762   264.70535282049622        1.9581819748176255E-009
         763   264.70539800128648        2.8411738884031320E-010
         764   264.70541895770447        3.1942980395648437E-010
         765   265.34037441748256        5.2930159111880263E-007
         766   265.34037441750098        2.7559294699368975E-007
         767   265.34393696335201        1.7878508535223648E-006
         768   265.34393696337327        2.3129795590583927E-007
         769   266.83723891411898        3.0362490524628942E-010
         770   266.83726724734106        7.2913876790104967E-011
         771   266.83729640830575        9.9643473488880673E-011
         772   266.83732780249363        1.3004507868386583E-010
         773   267.37187671540784        5.0254223994801565E-007
         774   267.37187671549447        5.5965681953472944E-007
         775   267.37564162481851        4.2426487996248643E-007
         776   267.37564162486359        1.7706368013984213E-007
         777   268.56964286490597        1.1448228841355420E-011
         778   268.56970539975026        1.9869017929573281E-011
         779   268.57428884745138        6.3218467785322896E-010
         780   268.57431008746352        4.3200920235749568E-011
         781   269.51013538315533        3.6955991653378396E-008
         782   269.51013538318398        2.2114544439657321E-007
         783   269.51400596459263        1.1193670887603197E-006
         784   269.51400596469796        6.9154361527439235E-008
         785   271.75003172137434        3.8834702505107944E-007
         786   271.75003172169971        2.3874763248593876E-007
         787   271.75396017908287        9.8818499309621739E-008
         788   271.75396017933735        3.4111970004111551E-007
         789   274.08107908949029        2.0187978318753432E-008
         790   274.08107909669457        2.5594297772466003E-008
         791   274.08505043663695        5.0722173591481745E-007
         792   274.08505044456626        1.4127623857799449E-007
         793   276.48985824433339        2.1842827346999093E-007
         794   276.48985828921087        1.1483784570888917E-007
         795   276.49393208037850        1.7247065089164841E-007
         796   276.49393210863462        2.4524840955822759E-007
         797   279.02148986910242        4.3979201850782882E-008
         798   279.02148987988971        2.8163684723035372E-008
         799   279.02558161205684        1.7109011907043954E-007
         800   279.02558166519538        1.6006096896754822E-007
         801   281.68990118761161        8.4353071107747945E-008
         802   281.68990125484362        5.9227404569738131E-008
         803   281.69328962207607        1.0704206759191223E-007
         804   281.69328968841444        1.1247287714565643E-007
         805   283.93375892836372        4.9346663676399259E-008
         806   283.93376026369049        3.1095883369144226E-008
         807   283.93811767624106        2.3886452948203186E-008
         808   283.93811939936438        8.9133153444780833E-008
         809   284.90716798388519        9.0536864012145549E-011
         810   284.90719739440129        2.1881951692339508E-011
         811   286.76618623245059        3.5080095074373266E-008
         812   286.76618979352838        7.0145131165662329E-008
         813   286.77266771865135        4.6066332744949122E-008
         814   286.77266890937364        3.6384182459976314E-008
         815   287.96729450163025        4.0579081248483340E-011
         816   287.96734260436762        7.0024206011860250E-011
         817   287.96734937090042        7.6676494549107361E-010
         818   287.96739469807341        6.8434699218184391E-011
         819   290.90442032600652        4.0267403837332759E-009
         820   290.90442330788034        6.3367868611088849E-008
         821   290.90839729157716        4.5661088544678648E-009
         822   290.90839886375250        4.8135625974871176E-009
         823   292.31515600970118        1.2797359024277729E-009
         824   292.31516574673276        1.2951392455284294E-008
         825   292.31577108047389        5.1566089044655979E-009
         826   292.31577715560189        2.7457550653380687E-010
         827   295.56510615109596        1.3963808156491444E-010
         828   295.56513394687261        3.5480060230582721E-011
         829   295.56533446187154        2.5776148933097729E-011
         830   295.56536651115977        4.4733797658159003E-011
         831   298.21303745224674        1.8875780828450223E-009
         832   298.21304265858117        1.7048274535407911E-008
         833   298.21386028292562        3.7141174474888765E-009
         834   298.21386291799314        3.8202677549052230E-009
         835   306.66386267755951        6.3343988680849790E-010
         836   306.66387022707994        2.4537855776432729E-010
         837   306.66396597722422        8.6344632006633802E-011
         838   306.66397465724151        3.8518957560175933E-010
         839   308.27135976878827        2.3304312207678669E-010
         840   308.27138969500095        7.0720041019770470E-012
         841   309.99872949336191        5.2911569734491226E-010
         842   309.99873501915761        3.8616773299081376E-009
         843   309.99892848457785        8.4394197749423409E-010
         844   309.99893242535632        8.4387992193697549E-010
         845   318.76649175176442        1.1083237236195695E-011
         846   318.76652531095908        2.0309172599105375E-011
         847   318.76670732423793        3.5755360271064769E-010
         848   318.76673649892439        1.5208221482634157E-011
         849   327.05914329374480        1.1778359352602344E-010
         850   327.05915047432859        1.1779212112122520E-009
         851   327.05915440481891        1.9243534713921527E-010
         852   327.05916096281703        1.8471915148634587E-010
         853   327.70094747851437        4.6737073766688948E-011
         854   327.70096300318215        6.5552916366523625E-011
         855   327.70096629233058        1.8756103000385271E-010
         856   327.70098036999036        8.0341228726931921E-011
         857   333.29477153129955        7.5586622552307832E-011
         858   333.29478589560256        1.8589824020097674E-011
         859   333.29782151906505        5.6501407617821515E-012
         860   333.29785142370872        1.0648800532096350E-011
         861   333.56740893305249        1.2332792299502622E-006
         862   333.56740893305260        4.8851013017687654E-007
         863   333.56816835908370        4.7033156085572594E-007
         864   333.56816835908387        8.1210564412124161E-007
         865   335.78211216430645        1.5746009689851089E-006
         866   335.78211216430674        1.1997684467829537E-006
         867   335.78912850806830        1.3607386707468970E-006
         868   335.78912850806847        4.9706954377238876E-008
         869   337.76895699229340        1.1676912779282232E-006
         870   337.76895699229357        4.8240485137591698E-007
         871   337.77230675732716        1.5884377105043276E-006
         872   337.77230675732744        9.6607772618122761E-007
         873   339.66629183429620        3.6476095350860216E-007
         874   339.66629183429825        8.7096325443136446E-007
         875   339.67108952675824        1.1492055171696124E-006
         876   339.67108952676085        5.0644831505906526E-007
         877   341.61195357641191        4.7501116820868750E-007
         878   341.61195357642328        1.3775975929371874E-007
         879   341.61703070582229        1.1984580168703740E-006
         880   341.61703070583792        7.2465679372271346E-008
         881   343.65400398826580        5.0872097372554444E-007
         882   343.65400398831832        3.8095794886362570E-007
         883   343.65917749671155        2.2725262737597953E-007
         884   343.65917749673326        8.3961718524155043E-008
         885   345.79910757168966        4.5583054818268909E-008
         886   345.79910757171962        1.6611200150727475E-007
         887   345.80432626958310        7.1668688444306114E-007
         888   345.80432626962585        2.7692270924529827E-011
         889   348.04353406182292        3.6282684126285810E-007
         890   348.04353406219298        1.6363453210312223E-007
         891   348.04877334412868        9.4129897975213140E-008
         892   348.04877334449566        2.2102017431164682E-007
         893   350.37620588652044        6.1561595114531736E-009
         894   350.37620589164334        5.2796806938201529E-008
         895   350.38145422008989        3.0804888920201185E-007
         896   350.38145422626951        7.4526944974062027E-008
         897   350.40067434376374        1.2471983153522840E-011
         898   350.40068806314900        4.7182788777491540E-010
         899   350.40071065985120        5.7167289531221199E-011
         900   350.40072332611197        3.7231121273717598E-011
         901   352.79039194099033        1.8980865704292033E-007
         902   352.79039196774090        9.1293322075988053E-008
         903   352.79570715881164        1.2195829160969938E-007
         904   352.79570717329204        1.5994833061096733E-007
         905   355.34241009494048        4.1594691695658915E-008
         906   355.34241009558872        4.8322554449614742E-008
         907   355.34779269841903        9.7054979122862454E-008
         908   355.34779271850522        9.8828584665383970E-008
         909   356.35052423084704        8.9224610467966021E-011
         910   356.35054632516011        2.1457488202780319E-011
         911   356.35055923816748        2.1065747221005992E-011
         912   356.35058262312310        3.8181501056729331E-011
         913   357.96133034052900        6.8782034094767056E-008
         914   357.96133043444894        5.5279766680784369E-008
         915   357.96602842146990        6.8083476075949627E-008
         916   357.96602851171980        6.9983458233215096E-008
         917   358.54063430247231        2.5640530047344747E-012
         918   358.54066537615262        4.8142687686861840E-012
         919   358.54345090938551        1.8627624250871165E-010
         920   358.54346473549504        2.7130031577181148E-013
         921   360.17018310359606        4.6055587550074257E-008
         922   360.17018381577509        3.2672424257967040E-008
         923   360.17529274177076        6.3637828397444702E-009
         924   360.17529378357199        5.2236443064689346E-008
         925   363.24635349116460        2.4359200399140746E-008
         926   363.24635531922695        5.2022252237201203E-008
         927   363.25353681666115        2.9856178929195914E-008
         928   363.25353726019870        2.1349625898313174E-008
         929   367.43965064457819        1.1852521290279633E-009
         930   367.43965110741459        3.5918596735927486E-008
         931   367.44106699396144        4.4571126110717159E-009
         932   367.44106746987313        5.2082762088210282E-009
         933   368.20560780064505        1.3953114494249156E-009
         934   368.20561387740003        2.1642049182783809E-008
         935   368.20809875552675        2.5703057980282577E-009
         936   368.20810128165164        1.4427470357453453E-009
         937   375.06089014684306        1.3964277092897098E-009
         938   375.06089277435296        1.1051686398628685E-008
         939   375.06159447205238        2.6794955220057153E-009
         940   375.06159576141653        2.5219856484841607E-009
         941   381.27660273851285        8.7583277349260904E-012
         942   381.27662785097226        1.6747766503916843E-011
         943   381.27663638414202        2.1562772584303074E-010
         944   381.27666016375758        4.6477318153703033E-012
         945   381.60957530055009        3.1342843009315467E-011
         946   381.60959206407665        7.4478645956982302E-012
         947   382.29841754631070        4.5339063363832873E-010
         948   382.29842069779022        1.9535231042183645E-010
         949   382.29850215403877        5.3366405672513973E-011
         950   382.29850595060611        2.6736515148449807E-010
         951   386.94996640060918        3.7531569130296062E-010
         952   386.94996902271436        2.5488799194710474E-009
         953   386.95013778386567        6.0568444234534608E-010
         954   386.95013958108888        5.4661838311878290E-010
         955   394.00541133664279        4.7361358613345778E-011
         956   394.00542757272245        1.0987728965116296E-011
         957   394.00555402934799        6.1831929172244260E-012
         958   394.00557232244608        1.2162988152443426E-011
         959   403.25158066276680        1.4189684939370714E-010
         960   403.25158558482360        5.0418934832735108E-011
         961   403.25165874932503        2.2654762596675203E-011
         962   403.25166410634142        1.2481309990556176E-010
         963   404.09649399341629        8.7434469856192826E-011
         964   404.09649741823853        7.7710231940341876E-010
         965   404.09659882130074        1.4684542052835281E-010
         966   404.09660144725575        1.0392677369215437E-010
         967   408.88841206086363        7.4677635232168226E-011
         968   408.88842894964750        2.5103202624096647E-012
         969   421.12786203336816        2.5371351086018401E-012
         970   421.12788067625422        5.2147418033910224E-012
         971   421.12799740194311        1.1239888654384174E-010
         972   421.12801388524736        2.7301760458473047E-012
         973   427.51348957092387        2.2997162381829907E-011
         974   427.51349457433037        3.0782028469511819E-010
         975   427.51352127232036        4.1834032644803134E-011
         976   427.51352575095888        2.0250305576410418E-011
         977   431.82692429347640        6.2108751118249904E-011
         978   431.82693393290339        1.7306340915759074E-011
         979   431.82694361349201        1.3189981929134818E-011
         980   431.82695384353701        3.1651953378877444E-011
         981   442.24217405479448        2.7710682510015477E-011
         982   442.24218342791306        6.2897054940575342E-012
         983   442.24408480789378        1.5393220479869602E-012
         984   442.24410171244187        3.1953501655618969E-012
         985   458.46555572168722        6.9725730973323605E-012
         986   458.46556518563955        1.4352450048383945E-010
         987   458.46557816637971        1.3835431046338887E-011
         988   458.46558704488547        5.5599931493019844E-013
         989   469.40625590164581        3.3002206061733926E-011
         990   469.40627116892045        7.1640379070572803E-012
         991   469.40628039932921        5.7547342310969565E-012
         992   469.40629639615815        1.1675060779367864E-011
         993   471.54891748707269        6.0750676646904871E-013
         994   471.54893481813679        1.3369333997385853E-012
         995   471.55070334038373        6.3620195809635141E-011
         996   471.55071245723838        3.9320870516806242E-012
         997   498.39220340213831        2.2582874173061070E-012
         998   498.39221978090546        4.8653197220055169E-012
         999   498.39222700193204        7.4968362593400784E-011
        1000   498.39224262284148        3.4376474800165856E-012
        1001   502.80127209481822        1.2225486506827256E-011
        1002   502.80128242359064        2.6807226888246678E-012
        1003   517.56878078959187        1.9238997345580123E-011
        1004   517.56879215244521        4.1413866644890213E-012
        1005   517.56888070406171        1.9213586988137582E-012
        1006   517.56889329593980        4.1414860235910381E-012
        1007   534.28654685050844        2.7095457904248853E-011
        1008   534.28655721986911        2.5245376961672820E-012
        1009   548.88904444880006        7.1986986524342827E-013
        1010   548.88905716522754        1.6742861727671327E-012
        1011   548.88913959635181        4.2435963762940551E-011
        1012   548.88915102163196        3.6783005828875558E-012
        1013   578.05146470327861        1.1977734298294747E-011
        1014   578.05147190333116        2.5150629710637860E-012
        1015   578.05276020765166        5.3171955845772287E-013
        1016   578.05277188034790        1.2026188018359985E-012
        1017   611.70004463399698        1.8839201219735016E-013
        1018   611.70005650155611        4.7077654691152869E-013
        1019   611.70126631164169        2.5554701940838477E-011
        1020   611.70127338827729        3.0917008444249032E-012
        1021   653.22864104080713        5.8593514296240673E-012
        1022   653.22864967319276        1.1878513301390377E-012
        1023   689.18908565310267        1.2044058275729427E-011
        1024   689.18909431381928        1.8257038272166170E-012
