           1  0.81702492117614156     
           2   1.6684088278023712     
           3   2.1269622804155706     
           4   2.7407797454265053     
           5   3.3458961577242214     
           6   3.5980322690839817     
           7   4.0050742784414988     
           8   4.5623647061599719     
           9   5.1025717012829146     
          10   5.2267004560892323     
          11   5.4062860678439950     
          12   5.9702078973637436     
          13   6.4109509468624646     
          14   6.9210926566382378     
          15   6.9693821866956744     
          16   7.0167585364492231     
          17   7.4848807193824216     
          18   7.9818550685865040     
          19   8.2933581653034594     
          20   8.5347051242102996     
          21   8.9527550983613846     
          22   8.9663736776859437     
          23   9.1019739440788818     
          24   9.5967597733235390     
          25   10.049809550660029     
          26   10.236412589790962     
          27   10.236927707298154     
          28   10.806168159691740     
          29   11.051520831833454     
          30   11.054634352573675     
          31   11.316153910766728     
          32   11.733478597877188     
          33   12.019816440554324     
          34   12.186255238105803     
          35   12.273953575133611     
          36   12.590613433787325     
          37   13.106662108642547     
          38   13.259408141095181     
          39   13.260025363701184     
          40   13.566687142047655     
          41   13.876979167992177     
          42   13.884271304973316     
          43   14.403340693657153     
          44   14.433529470623169     
          45   14.448802062894474     
          46   14.971587680563452     
          47   15.434285652416110     
          48   15.568086078451486     
          49   15.568168589932942     
          50   15.803136198901587     
          51   15.858415829519307     
          52   16.062218128690496     
          53   16.375707595491996     
          54   16.708815287793815     
          55   16.716698474306735     
          56   16.902986966128523     
          57   17.380745980478267     
          58   17.779586147053326     
          59   17.793721724995212     
          60   17.969467300030356     
          61   17.969517025995167     
          62   18.201261749895814     
          63   18.303939588018270     
          64   18.366926806268459     
          65   18.898139744205981     
          66   19.105069767057941     
          67   19.106758599904580     
          68   19.382476765562643     
          69   19.819318876933558     
          70   19.845116626638628     
          71   20.130517831247190     
          72   20.418307609976434     
          73   20.462252055887454     
          74   20.462665683938742     
          75   20.609136562422581     
          76   20.646781795631114     
          77   20.953416517762395     
          78   21.445916893447020     
          79   21.591058520079546     
          80   21.591369038278078     
          81   21.885014622931610     
          82   21.953916624809938     
          83   22.292214659921413     
          84   22.495330164729612     
          85   22.528058495917811     
          86   23.038621743543271     
          87   23.039908161009812     
          88   23.067566665582966     
          89   23.089453322563415     
          90   23.099733291349121     
          91   23.564723915950882     
          92   24.018134492194534     
          93   24.117277551058759     
          94   24.141474656198319     
          95   24.141589766780911     
          96   24.396800599145905     
          97   24.692501285912552     
          98   24.799635921297472     
          99   24.904254300630289     
         100   25.233362225740169     
