-0.6000000E+01 -0.6000000E+01  0.2144664E-37  0.7122303E-36
-0.5612903E+01 -0.6000000E+01  0.7398769E-32  0.3966026E-32
-0.5225806E+01 -0.6000000E+01  0.1746539E-31  0.4840133E-32
-0.4838710E+01 -0.6000000E+01  0.4092191E-32  0.1100307E-30
-0.4451613E+01 -0.6000000E+01  0.1818133E-33  0.8323532E-31
-0.4064516E+01 -0.6000000E+01  0.1289190E-31  0.2407678E-33
-0.3677419E+01 -0.6000000E+01  0.7409024E-32  0.7073522E-30
-0.3290323E+01 -0.6000000E+01  0.6319908E-28  0.5939404E-27
-0.2903226E+01 -0.6000000E+01  0.2401789E-25  0.1022027E-24
-0.2516129E+01 -0.6000000E+01  0.2235696E-23  0.5697652E-23
-0.2129032E+01 -0.6000000E+01  0.6796242E-22  0.1310726E-21
-0.1741935E+01 -0.6000000E+01  0.8321141E-21  0.1595620E-20
-0.1354839E+01 -0.6000000E+01  0.5044677E-20  0.1214067E-19
-0.9677419E+00 -0.6000000E+01  0.1846562E-19  0.6155844E-19
-0.5806452E+00 -0.6000000E+01  0.4843673E-19  0.2121648E-18
-0.1935484E+00 -0.6000000E+01  0.1017959E-18  0.5051036E-18
 0.1935484E+00 -0.6000000E+01  0.1763165E-18  0.8355044E-18
 0.5806452E+00 -0.6000000E+01  0.2395219E-18  0.9377618E-18
 0.9677419E+00 -0.6000000E+01  0.2304962E-18  0.6707355E-18
 0.1354839E+01 -0.6000000E+01  0.1379479E-18  0.2766666E-18
 0.1741935E+01 -0.6000000E+01  0.4443705E-19  0.5782010E-19
 0.2129032E+01 -0.6000000E+01  0.6618234E-20  0.5257903E-20
 0.2516129E+01 -0.6000000E+01  0.3898552E-21  0.1750472E-21
 0.2903226E+01 -0.6000000E+01  0.7750724E-23  0.1748800E-23
 0.3290323E+01 -0.6000000E+01  0.4417351E-25  0.4159907E-26
 0.3677419E+01 -0.6000000E+01  0.7764770E-28  0.6906274E-30
 0.4064516E+01 -0.6000000E+01  0.7893565E-30  0.1937259E-31
 0.4451613E+01 -0.6000000E+01  0.1672616E-31  0.3771361E-31
 0.4838710E+01 -0.6000000E+01  0.3117492E-32  0.1281643E-30
 0.5225806E+01 -0.6000000E+01  0.1560797E-32  0.6616799E-32
 0.5612903E+01 -0.6000000E+01  0.1935414E-33  0.3453482E-31
 0.6000000E+01 -0.6000000E+01  0.1532782E-32  0.8444113E-32

-0.6000000E+01 -0.5612903E+01  0.1591436E-31  0.1296271E-32
-0.5612903E+01 -0.5612903E+01  0.3640137E-33  0.1745322E-33
-0.5225806E+01 -0.5612903E+01  0.3888082E-31  0.3561517E-31
-0.4838710E+01 -0.5612903E+01  0.5822762E-30  0.1972525E-30
-0.4451613E+01 -0.5612903E+01  0.1449942E-30  0.5178609E-32
-0.4064516E+01 -0.5612903E+01  0.6957291E-31  0.1532787E-32
-0.3677419E+01 -0.5612903E+01  0.2418856E-30  0.4111713E-29
-0.3290323E+01 -0.5612903E+01  0.1936567E-27  0.1572769E-26
-0.2903226E+01 -0.5612903E+01  0.6204386E-25  0.3090622E-24
-0.2516129E+01 -0.5612903E+01  0.5591396E-23  0.1971719E-22
-0.2129032E+01 -0.5612903E+01  0.1686643E-21  0.5075467E-21
-0.1741935E+01 -0.5612903E+01  0.2079248E-20  0.6444682E-20
-0.1354839E+01 -0.5612903E+01  0.1279911E-19  0.4694283E-19
-0.9677419E+00 -0.5612903E+01  0.4762500E-19  0.2159495E-18
-0.5806452E+00 -0.5612903E+01  0.1261235E-18  0.6669525E-18
-0.1935484E+00 -0.5612903E+01  0.2643777E-18  0.1437742E-17
 0.1935484E+00 -0.5612903E+01  0.4515021E-18  0.2188697E-17
 0.5806452E+00 -0.5612903E+01  0.6006392E-18  0.2292968E-17
 0.9677419E+00 -0.5612903E+01  0.5648309E-18  0.1545511E-17
 0.1354839E+01 -0.5612903E+01  0.3305603E-18  0.6035061E-18
 0.1741935E+01 -0.5612903E+01  0.1043105E-18  0.1193194E-18
 0.2129032E+01 -0.5612903E+01  0.1524873E-19  0.1018999E-19
 0.2516129E+01 -0.5612903E+01  0.8831724E-21  0.3128485E-21
 0.2903226E+01 -0.5612903E+01  0.1728994E-22  0.2759706E-23
 0.3290323E+01 -0.5612903E+01  0.9674358E-25  0.4999421E-26
 0.3677419E+01 -0.5612903E+01  0.1185114E-27  0.2887244E-31
 0.4064516E+01 -0.5612903E+01  0.1821030E-30  0.7962157E-30
 0.4451613E+01 -0.5612903E+01  0.4172722E-31  0.6128789E-31
 0.4838710E+01 -0.5612903E+01  0.1146843E-30  0.1778472E-31
 0.5225806E+01 -0.5612903E+01  0.1241407E-31  0.2153262E-31
 0.5612903E+01 -0.5612903E+01  0.1997113E-32  0.8648621E-32
 0.6000000E+01 -0.5612903E+01  0.6434688E-32  0.1218227E-31

-0.6000000E+01 -0.5225806E+01  0.1240517E-30  0.3723270E-31
-0.5612903E+01 -0.5225806E+01  0.3491107E-31  0.2785598E-31
-0.5225806E+01 -0.5225806E+01  0.2690331E-33  0.7057501E-33
-0.4838710E+01 -0.5225806E+01  0.1311094E-30  0.1255991E-30
-0.4451613E+01 -0.5225806E+01  0.4943358E-31  0.2193002E-31
-0.4064516E+01 -0.5225806E+01  0.2074111E-30  0.6577047E-32
-0.3677419E+01 -0.5225806E+01  0.2216520E-30  0.4443149E-29
-0.3290323E+01 -0.5225806E+01  0.5299566E-27  0.4598834E-26
-0.2903226E+01 -0.5225806E+01  0.1688633E-24  0.1000994E-23
-0.2516129E+01 -0.5225806E+01  0.1490534E-22  0.7016000E-22
-0.2129032E+01 -0.5225806E+01  0.4472886E-21  0.1925241E-20
-0.1741935E+01 -0.5225806E+01  0.5549982E-20  0.2477744E-19
-0.1354839E+01 -0.5225806E+01  0.3458105E-19  0.1734623E-18
-0.9677419E+00 -0.5225806E+01  0.1301286E-18  0.7405336E-18
-0.5806452E+00 -0.5225806E+01  0.3458362E-18  0.2096699E-17
-0.1935484E+00 -0.5225806E+01  0.7192848E-18  0.4155278E-17
 0.1935484E+00 -0.5225806E+01  0.1206604E-17  0.5865736E-17
 0.5806452E+00 -0.5225806E+01  0.1567778E-17  0.5746885E-17
 0.9677419E+00 -0.5225806E+01  0.1437758E-17  0.3642274E-17
 0.1354839E+01 -0.5225806E+01  0.8212664E-18  0.1338697E-17
 0.1741935E+01 -0.5225806E+01  0.2533948E-18  0.2478907E-18
 0.2129032E+01 -0.5225806E+01  0.3628766E-19  0.1954619E-19
 0.2516129E+01 -0.5225806E+01  0.2062270E-20  0.5359790E-21
 0.2903226E+01 -0.5225806E+01  0.3966618E-22  0.3881286E-23
 0.3290323E+01 -0.5225806E+01  0.2206282E-24  0.4350230E-26
 0.3677419E+01 -0.5225806E+01  0.3304296E-27  0.8916515E-30
 0.4064516E+01 -0.5225806E+01  0.1144357E-30  0.8042777E-31
 0.4451613E+01 -0.5225806E+01  0.6258775E-30  0.1528818E-32
 0.4838710E+01 -0.5225806E+01  0.1647301E-30  0.2337271E-30
 0.5225806E+01 -0.5225806E+01  0.6190220E-31  0.3194891E-33
 0.5612903E+01 -0.5225806E+01  0.1717139E-29  0.6211222E-31
 0.6000000E+01 -0.5225806E+01  0.1014722E-32  0.4248347E-32

-0.6000000E+01 -0.4838710E+01  0.2808914E-33  0.3265991E-31
-0.5612903E+01 -0.4838710E+01  0.5836159E-30  0.2489573E-30
-0.5225806E+01 -0.4838710E+01  0.1254222E-29  0.4308874E-30
-0.4838710E+01 -0.4838710E+01  0.1824642E-30  0.3648586E-30
-0.4451613E+01 -0.4838710E+01  0.1515720E-30  0.2973997E-30
-0.4064516E+01 -0.4838710E+01  0.1224258E-30  0.1814231E-30
-0.3677419E+01 -0.4838710E+01  0.6414782E-30  0.1675785E-28
-0.3290323E+01 -0.4838710E+01  0.1501178E-26  0.1459841E-25
-0.2903226E+01 -0.4838710E+01  0.4795191E-24  0.3360853E-23
-0.2516129E+01 -0.4838710E+01  0.4144257E-22  0.2489911E-21
-0.2129032E+01 -0.4838710E+01  0.1237243E-20  0.7058644E-20
-0.1741935E+01 -0.4838710E+01  0.1541129E-19  0.9053239E-19
-0.1354839E+01 -0.4838710E+01  0.9672240E-19  0.6099010E-18
-0.9677419E+00 -0.4838710E+01  0.3656322E-18  0.2445289E-17
-0.5806452E+00 -0.4838710E+01  0.9683292E-18  0.6430628E-17
-0.1935484E+00 -0.4838710E+01  0.1986189E-17  0.1182289E-16
 0.1935484E+00 -0.4838710E+01  0.3257658E-17  0.1553555E-16
 0.5806452E+00 -0.4838710E+01  0.4119497E-17  0.1422099E-16
 0.9677419E+00 -0.4838710E+01  0.3672984E-17  0.8430376E-17
 0.1354839E+01 -0.4838710E+01  0.2041846E-17  0.2887185E-17
 0.1741935E+01 -0.4838710E+01  0.6141851E-18  0.4921846E-18
 0.2129032E+01 -0.4838710E+01  0.8590060E-19  0.3474293E-19
 0.2516129E+01 -0.4838710E+01  0.4775857E-20  0.7976044E-21
 0.2903226E+01 -0.4838710E+01  0.8999553E-22  0.3921455E-23
 0.3290323E+01 -0.4838710E+01  0.4895501E-24  0.4296596E-27
 0.3677419E+01 -0.4838710E+01  0.6736218E-27  0.1240085E-28
 0.4064516E+01 -0.4838710E+01  0.3535729E-30  0.3421968E-30
 0.4451613E+01 -0.4838710E+01  0.3421986E-30  0.9196890E-31
 0.4838710E+01 -0.4838710E+01  0.1221268E-30  0.1603640E-31
 0.5225806E+01 -0.4838710E+01  0.1743335E-31  0.2640708E-30
 0.5612903E+01 -0.4838710E+01  0.9162827E-31  0.1784138E-30
 0.6000000E+01 -0.4838710E+01  0.1279949E-30  0.3718025E-32

-0.6000000E+01 -0.4451613E+01  0.6989555E-32  0.1475080E-30
-0.5612903E+01 -0.4451613E+01  0.6567564E-30  0.5784280E-31
-0.5225806E+01 -0.4451613E+01  0.1680952E-30  0.8729857E-35
-0.4838710E+01 -0.4451613E+01  0.1044174E-30  0.9373625E-31
-0.4451613E+01 -0.4451613E+01  0.4996655E-30  0.3232221E-31
-0.4064516E+01 -0.4451613E+01  0.3969654E-30  0.8337780E-33
-0.3677419E+01 -0.4451613E+01  0.4005920E-29  0.4580417E-28
-0.3290323E+01 -0.4451613E+01  0.4852374E-26  0.5120271E-25
-0.2903226E+01 -0.4451613E+01  0.1469751E-23  0.1273516E-22
-0.2516129E+01 -0.4451613E+01  0.1263436E-21  0.9873665E-21
-0.2129032E+01 -0.4451613E+01  0.3773823E-20  0.2853375E-19
-0.1741935E+01 -0.4451613E+01  0.4737934E-19  0.3624429E-18
-0.1354839E+01 -0.4451613E+01  0.3003645E-18  0.2352540E-17
-0.9677419E+00 -0.4451613E+01  0.1142849E-17  0.8904446E-17
-0.5806452E+00 -0.4451613E+01  0.3020757E-17  0.2186273E-16
-0.1935484E+00 -0.4451613E+01  0.6120349E-17  0.3740086E-16
 0.1935484E+00 -0.4451613E+01  0.9833611E-17  0.4577582E-16
 0.5806452E+00 -0.4451613E+01  0.1212957E-16  0.3910320E-16
 0.9677419E+00 -0.4451613E+01  0.1054205E-16  0.2162490E-16
 0.1354839E+01 -0.4451613E+01  0.5720829E-17  0.6869273E-17
 0.1741935E+01 -0.4451613E+01  0.1683627E-17  0.1068588E-17
 0.2129032E+01 -0.4451613E+01  0.2309339E-18  0.6612855E-19
 0.2516129E+01 -0.4451613E+01  0.1261871E-19  0.1188534E-20
 0.2903226E+01 -0.4451613E+01  0.2340739E-21  0.2672090E-23
 0.3290323E+01 -0.4451613E+01  0.1253331E-23  0.6204549E-26
 0.3677419E+01 -0.4451613E+01  0.1613124E-26  0.1034084E-27
 0.4064516E+01 -0.4451613E+01  0.2509405E-32  0.4090920E-30
 0.4451613E+01 -0.4451613E+01  0.3031623E-31  0.3419663E-30
 0.4838710E+01 -0.4451613E+01  0.1637291E-29  0.1818900E-30
 0.5225806E+01 -0.4451613E+01  0.4193172E-34  0.5683166E-32
 0.5612903E+01 -0.4451613E+01  0.3175691E-32  0.1653627E-31
 0.6000000E+01 -0.4451613E+01  0.1743096E-30  0.6976920E-32

-0.6000000E+01 -0.4064516E+01  0.5818133E-31  0.6287970E-31
-0.5612903E+01 -0.4064516E+01  0.2119698E-31  0.4262590E-33
-0.5225806E+01 -0.4064516E+01  0.2287681E-30  0.2979243E-30
-0.4838710E+01 -0.4064516E+01  0.4417056E-31  0.7407970E-32
-0.4451613E+01 -0.4064516E+01  0.2190108E-30  0.1831373E-30
-0.4064516E+01 -0.4064516E+01  0.4409477E-30  0.9020977E-29
-0.3677419E+01 -0.4064516E+01  0.9027174E-28  0.2000869E-26
-0.3290323E+01 -0.4064516E+01  0.5309733E-25  0.2896013E-23
-0.2903226E+01 -0.4064516E+01  0.1807685E-22  0.8978309E-21
-0.2516129E+01 -0.4064516E+01  0.1887119E-20  0.8296013E-19
-0.2129032E+01 -0.4064516E+01  0.7165293E-19  0.2691023E-17
-0.1741935E+01 -0.4064516E+01  0.1163614E-17  0.3608286E-16
-0.1354839E+01 -0.4064516E+01  0.9491191E-17  0.2342555E-15
-0.9677419E+00 -0.4064516E+01  0.4530264E-16  0.8531133E-15
-0.5806452E+00 -0.4064516E+01  0.1445165E-15  0.1978789E-14
-0.1935484E+00 -0.4064516E+01  0.3391519E-15  0.3210516E-14
 0.1935484E+00 -0.4064516E+01  0.6109272E-15  0.3817765E-14
 0.5806452E+00 -0.4064516E+01  0.8290805E-15  0.3297801E-14
 0.9677419E+00 -0.4064516E+01  0.7875002E-15  0.1942660E-14
 0.1354839E+01 -0.4064516E+01  0.4674182E-15  0.7011275E-15
 0.1741935E+01 -0.4064516E+01  0.1510786E-15  0.1350428E-15
 0.2129032E+01 -0.4064516E+01  0.2287248E-16  0.1184577E-16
 0.2516129E+01 -0.4064516E+01  0.1385993E-17  0.3976899E-18
 0.2903226E+01 -0.4064516E+01  0.2863272E-19  0.4223143E-20
 0.3290323E+01 -0.4064516E+01  0.1714663E-21  0.1135895E-22
 0.3677419E+01 -0.4064516E+01  0.2529553E-24  0.5975381E-26
 0.4064516E+01 -0.4064516E+01  0.7727563E-28  0.3073848E-29
 0.4451613E+01 -0.4064516E+01  0.6494090E-30  0.2681603E-29
 0.4838710E+01 -0.4064516E+01  0.4322382E-30  0.1597607E-30
 0.5225806E+01 -0.4064516E+01  0.2811086E-32  0.3231281E-30
 0.5612903E+01 -0.4064516E+01  0.3945759E-31  0.3643859E-33
 0.6000000E+01 -0.4064516E+01  0.2936651E-30  0.5967479E-33

-0.6000000E+01 -0.3677419E+01  0.8467965E-31  0.1430153E-29
-0.5612903E+01 -0.3677419E+01  0.1595445E-30  0.1597855E-29
-0.5225806E+01 -0.3677419E+01  0.5774977E-30  0.6302872E-29
-0.4838710E+01 -0.3677419E+01  0.7729089E-30  0.1978284E-28
-0.4451613E+01 -0.3677419E+01  0.6257814E-29  0.4567280E-28
-0.4064516E+01 -0.3677419E+01  0.6412722E-28  0.2156444E-26
-0.3677419E+01 -0.3677419E+01  0.5721495E-24  0.2013938E-22
-0.3290323E+01 -0.3677419E+01  0.6810464E-21  0.2285202E-19
-0.2903226E+01 -0.3677419E+01  0.2127582E-18  0.6678628E-17
-0.2516129E+01 -0.3677419E+01  0.2023362E-16  0.5850259E-15
-0.2129032E+01 -0.3677419E+01  0.6952114E-15  0.1811664E-13
-0.1741935E+01 -0.3677419E+01  0.1022213E-13  0.2331507E-12
-0.1354839E+01 -0.3677419E+01  0.7591184E-13  0.1457538E-11
-0.9677419E+00 -0.3677419E+01  0.3326335E-12  0.5114947E-11
-0.5806452E+00 -0.3677419E+01  0.9831026E-12  0.1140614E-10
-0.1935484E+00 -0.3677419E+01  0.2156014E-11  0.1769306E-10
 0.1935484E+00 -0.3677419E+01  0.3655335E-11  0.1994091E-10
 0.5806452E+00 -0.3677419E+01  0.4694616E-11  0.1613846E-10
 0.9677419E+00 -0.3677419E+01  0.4237585E-11  0.8780246E-11
 0.1354839E+01 -0.3677419E+01  0.2398004E-11  0.2873847E-11
 0.1741935E+01 -0.3677419E+01  0.7409822E-12  0.4895316E-12
 0.2129032E+01 -0.3677419E+01  0.1075051E-12  0.3652901E-13
 0.2516129E+01 -0.3677419E+01  0.6256759E-14  0.9737475E-15
 0.2903226E+01 -0.3677419E+01  0.1244014E-15  0.7088463E-17
 0.3290323E+01 -0.3677419E+01  0.7184153E-18  0.8436905E-20
 0.3677419E+01 -0.3677419E+01  0.1028069E-20  0.5737719E-30
 0.4064516E+01 -0.3677419E+01  0.2542436E-24  0.5912919E-26
 0.4451613E+01 -0.3677419E+01  0.1660462E-26  0.8064800E-28
 0.4838710E+01 -0.3677419E+01  0.6270295E-27  0.9422937E-29
 0.5225806E+01 -0.3677419E+01  0.3218170E-27  0.5206968E-30
 0.5612903E+01 -0.3677419E+01  0.1212530E-27  0.5064394E-30
 0.6000000E+01 -0.3677419E+01  0.6547928E-28  0.1252395E-29

-0.6000000E+01 -0.3290323E+01  0.7144347E-28  0.5822931E-27
-0.5612903E+01 -0.3290323E+01  0.1839953E-27  0.1578604E-26
-0.5225806E+01 -0.3290323E+01  0.5381694E-27  0.4636657E-26
-0.4838710E+01 -0.3290323E+01  0.1574617E-26  0.1447470E-25
-0.4451613E+01 -0.3290323E+01  0.4826740E-26  0.5123159E-25
-0.4064516E+01 -0.3290323E+01  0.5306111E-25  0.2899696E-23
-0.3677419E+01 -0.3290323E+01  0.6810228E-21  0.2285204E-19
-0.3290323E+01 -0.3290323E+01  0.7957757E-18  0.2546961E-16
-0.2903226E+01 -0.3290323E+01  0.2429076E-15  0.7269921E-14
-0.2516129E+01 -0.3290323E+01  0.2254051E-13  0.6207395E-12
-0.2129032E+01 -0.3290323E+01  0.7542907E-12  0.1869344E-10
-0.1741935E+01 -0.3290323E+01  0.1077838E-10  0.2333102E-09
-0.1354839E+01 -0.3290323E+01  0.7760146E-10  0.1409929E-08
-0.9677419E+00 -0.3290323E+01  0.3288797E-09  0.4764901E-08
-0.5806452E+00 -0.3290323E+01  0.9382644E-09  0.1018804E-07
-0.1935484E+00 -0.3290323E+01  0.1984163E-08  0.1507801E-07
 0.1935484E+00 -0.3290323E+01  0.3244431E-08  0.1612206E-07
 0.5806452E+00 -0.3290323E+01  0.4024307E-08  0.1229448E-07
 0.9677419E+00 -0.3290323E+01  0.3515668E-08  0.6245194E-08
 0.1354839E+01 -0.3290323E+01  0.1930059E-08  0.1882093E-08
 0.1741935E+01 -0.3290323E+01  0.5799131E-09  0.2882660E-09
 0.2129032E+01 -0.3290323E+01  0.8198340E-10  0.1848090E-10
 0.2516129E+01 -0.3290323E+01  0.4657817E-11  0.3814526E-12
 0.2903226E+01 -0.3290323E+01  0.9054920E-13  0.1537516E-14
 0.3290323E+01 -0.3290323E+01  0.5119741E-15  0.1687345E-29
 0.3677419E+01 -0.3290323E+01  0.7184146E-18  0.8437020E-20
 0.4064516E+01 -0.3290323E+01  0.1714774E-21  0.1136398E-22
 0.4451613E+01 -0.3290323E+01  0.1253404E-23  0.6430556E-26
 0.4838710E+01 -0.3290323E+01  0.4892980E-24  0.5366274E-27
 0.5225806E+01 -0.3290323E+01  0.2198276E-24  0.4225903E-26
 0.5612903E+01 -0.3290323E+01  0.9734233E-25  0.5019389E-26
 0.6000000E+01 -0.3290323E+01  0.4419143E-25  0.4039967E-26

-0.6000000E+01 -0.2903226E+01  0.2414724E-25  0.1021386E-24
-0.5612903E+01 -0.2903226E+01  0.6153542E-25  0.3081702E-24
-0.5225806E+01 -0.2903226E+01  0.1689013E-24  0.1001710E-23
-0.4838710E+01 -0.2903226E+01  0.4789801E-24  0.3359297E-23
-0.4451613E+01 -0.2903226E+01  0.1471882E-23  0.1273735E-22
-0.4064516E+01 -0.2903226E+01  0.1806874E-22  0.8978584E-21
-0.3677419E+01 -0.2903226E+01  0.2127578E-18  0.6678631E-17
-0.3290323E+01 -0.2903226E+01  0.2429076E-15  0.7269922E-14
-0.2903226E+01 -0.2903226E+01  0.7226648E-13  0.2021671E-11
-0.2516129E+01 -0.2903226E+01  0.6523976E-11  0.1678319E-09
-0.2129032E+01 -0.2903226E+01  0.2119377E-09  0.4901812E-08
-0.1741935E+01 -0.2903226E+01  0.2932933E-08  0.5915616E-07
-0.1354839E+01 -0.2903226E+01  0.2039764E-07  0.3444146E-06
-0.9677419E+00 -0.2903226E+01  0.8329409E-07  0.1116457E-05
-0.5806452E+00 -0.2903226E+01  0.2284986E-06  0.2277622E-05
-0.1935484E+00 -0.2903226E+01  0.4641593E-06  0.3195806E-05
 0.1935484E+00 -0.2903226E+01  0.7292893E-06  0.3214628E-05
 0.5806452E+00 -0.2903226E+01  0.8705992E-06  0.2282917E-05
 0.9677419E+00 -0.2903226E+01  0.7337497E-06  0.1064097E-05
 0.1354839E+01 -0.2903226E+01  0.3896658E-06  0.2871659E-06
 0.1741935E+01 -0.2903226E+01  0.1135526E-06  0.3760736E-07
 0.2129032E+01 -0.2903226E+01  0.1560601E-07  0.1855745E-08
 0.2516129E+01 -0.2903226E+01  0.8637166E-09  0.2101338E-10
 0.2903226E+01 -0.2903226E+01  0.1638585E-10  0.1913302E-32
 0.3290323E+01 -0.2903226E+01  0.9054920E-13  0.1537516E-14
 0.3677419E+01 -0.2903226E+01  0.1244014E-15  0.7088461E-17
 0.4064516E+01 -0.2903226E+01  0.2863291E-19  0.4223115E-20
 0.4451613E+01 -0.2903226E+01  0.2341307E-21  0.2667659E-23
 0.4838710E+01 -0.2903226E+01  0.8998498E-22  0.3920361E-23
 0.5225806E+01 -0.2903226E+01  0.3966651E-22  0.3885041E-23
 0.5612903E+01 -0.2903226E+01  0.1728522E-22  0.2759243E-23
 0.6000000E+01 -0.2903226E+01  0.7749822E-23  0.1749368E-23

-0.6000000E+01 -0.2516129E+01  0.2238647E-23  0.5700062E-23
-0.5612903E+01 -0.2516129E+01  0.5593633E-23  0.1971670E-22
-0.5225806E+01 -0.2516129E+01  0.1490836E-22  0.7017161E-22
-0.4838710E+01 -0.2516129E+01  0.4142951E-22  0.2490168E-21
-0.4451613E+01 -0.2516129E+01  0.1263135E-21  0.9874075E-21
-0.4064516E+01 -0.2516129E+01  0.1887103E-20  0.8296008E-19
-0.3677419E+01 -0.2516129E+01  0.2023362E-16  0.5850259E-15
-0.3290323E+01 -0.2516129E+01  0.2254051E-13  0.6207395E-12
-0.2903226E+01 -0.2516129E+01  0.6523976E-11  0.1678319E-09
-0.2516129E+01 -0.2516129E+01  0.5718306E-09  0.1351461E-07
-0.2129032E+01 -0.2516129E+01  0.1799324E-07  0.3817742E-06
-0.1741935E+01 -0.2516129E+01  0.2405407E-06  0.4440730E-05
-0.1354839E+01 -0.2516129E+01  0.1611384E-05  0.2481260E-04
-0.9677419E+00 -0.2516129E+01  0.6320231E-05  0.7678128E-04
-0.5806452E+00 -0.2516129E+01  0.1661470E-04  0.1485384E-03
-0.1935484E+00 -0.2516129E+01  0.3230291E-04  0.1960001E-03
 0.1935484E+00 -0.2516129E+01  0.4859367E-04  0.1833901E-03
 0.5806452E+00 -0.2516129E+01  0.5563848E-04  0.1192751E-03
 0.9677419E+00 -0.2516129E+01  0.4509830E-04  0.4966027E-04
 0.1354839E+01 -0.2516129E+01  0.2310360E-04  0.1142723E-04
 0.1741935E+01 -0.2516129E+01  0.6513820E-05  0.1148651E-05
 0.2129032E+01 -0.2516129E+01  0.8684217E-06  0.3101847E-07
 0.2516129E+01 -0.2516129E+01  0.4673152E-07  0.3646711E-34
 0.2903226E+01 -0.2516129E+01  0.8637166E-09  0.2101338E-10
 0.3290323E+01 -0.2516129E+01  0.4657817E-11  0.3814526E-12
 0.3677419E+01 -0.2516129E+01  0.6256759E-14  0.9737475E-15
 0.4064516E+01 -0.2516129E+01  0.1385992E-17  0.3976897E-18
 0.4451613E+01 -0.2516129E+01  0.1261856E-19  0.1188635E-20
 0.4838710E+01 -0.2516129E+01  0.4775726E-20  0.7976111E-21
 0.5225806E+01 -0.2516129E+01  0.2062340E-20  0.5360250E-21
 0.5612903E+01 -0.2516129E+01  0.8831921E-21  0.3128611E-21
 0.6000000E+01 -0.2516129E+01  0.3898648E-21  0.1750596E-21

-0.6000000E+01 -0.2129032E+01  0.6796380E-22  0.1310665E-21
-0.5612903E+01 -0.2129032E+01  0.1686389E-21  0.5075823E-21
-0.5225806E+01 -0.2129032E+01  0.4473037E-21  0.1925243E-20
-0.4838710E+01 -0.2129032E+01  0.1237215E-20  0.7058527E-20
-0.4451613E+01 -0.2129032E+01  0.3773657E-20  0.2853360E-19
-0.4064516E+01 -0.2129032E+01  0.7165300E-19  0.2691024E-17
-0.3677419E+01 -0.2129032E+01  0.6952114E-15  0.1811664E-13
-0.3290323E+01 -0.2129032E+01  0.7542907E-12  0.1869344E-10
-0.2903226E+01 -0.2129032E+01  0.2119377E-09  0.4901812E-08
-0.2516129E+01 -0.2129032E+01  0.1799324E-07  0.3817742E-06
-0.2129032E+01 -0.2129032E+01  0.5469428E-06  0.1039626E-04
-0.1741935E+01 -0.2129032E+01  0.7042232E-05  0.1160902E-03
-0.1354839E+01 -0.2129032E+01  0.4528962E-04  0.6194768E-03
-0.9677419E+00 -0.2129032E+01  0.1699854E-03  0.1818607E-02
-0.5806452E+00 -0.2129032E+01  0.4264744E-03  0.3309138E-02
-0.1935484E+00 -0.2129032E+01  0.7902158E-03  0.4059969E-02
 0.1935484E+00 -0.2129032E+01  0.1133241E-02  0.3474731E-02
 0.5806452E+00 -0.2129032E+01  0.1239416E-02  0.2014482E-02
 0.9677419E+00 -0.2129032E+01  0.9625781E-03  0.7132196E-03
 0.1354839E+01 -0.2129032E+01  0.4741232E-03  0.1255815E-03
 0.1741935E+01 -0.2129032E+01  0.1289545E-03  0.6885948E-05
 0.2129032E+01 -0.2129032E+01  0.1663509E-04  0.5964014E-29
 0.2516129E+01 -0.2129032E+01  0.8684217E-06  0.3101847E-07
 0.2903226E+01 -0.2129032E+01  0.1560601E-07  0.1855745E-08
 0.3290323E+01 -0.2129032E+01  0.8198340E-10  0.1848090E-10
 0.3677419E+01 -0.2129032E+01  0.1075051E-12  0.3652901E-13
 0.4064516E+01 -0.2129032E+01  0.2287248E-16  0.1184578E-16
 0.4451613E+01 -0.2129032E+01  0.2309336E-18  0.6612754E-19
 0.4838710E+01 -0.2129032E+01  0.8590161E-19  0.3474281E-19
 0.5225806E+01 -0.2129032E+01  0.3628739E-19  0.1954632E-19
 0.5612903E+01 -0.2129032E+01  0.1524842E-19  0.1019009E-19
 0.6000000E+01 -0.2129032E+01  0.6618370E-20  0.5257819E-20

-0.6000000E+01 -0.1741935E+01  0.8320923E-21  0.1595661E-20
-0.5612903E+01 -0.1741935E+01  0.2079248E-20  0.6444703E-20
-0.5225806E+01 -0.1741935E+01  0.5550042E-20  0.2477756E-19
-0.4838710E+01 -0.1741935E+01  0.1541164E-19  0.9053180E-19
-0.4451613E+01 -0.1741935E+01  0.4737922E-19  0.3624443E-18
-0.4064516E+01 -0.1741935E+01  0.1163614E-17  0.3608287E-16
-0.3677419E+01 -0.1741935E+01  0.1022213E-13  0.2331507E-12
-0.3290323E+01 -0.1741935E+01  0.1077838E-10  0.2333102E-09
-0.2903226E+01 -0.1741935E+01  0.2932933E-08  0.5915616E-07
-0.2516129E+01 -0.1741935E+01  0.2405407E-06  0.4440730E-05
-0.2129032E+01 -0.1741935E+01  0.7042232E-05  0.1160902E-03
-0.1741935E+01 -0.1741935E+01  0.8703639E-04  0.1238226E-02
-0.1354839E+01 -0.1741935E+01  0.5353182E-03  0.6270431E-02
-0.9677419E+00 -0.1741935E+01  0.1914472E-02  0.1732017E-01
-0.5806452E+00 -0.1741935E+01  0.4562611E-02  0.2930695E-01
-0.1935484E+00 -0.1741935E+01  0.8016908E-02  0.3287537E-01
 0.1935484E+00 -0.1741935E+01  0.1090533E-01  0.2504955E-01
 0.5806452E+00 -0.1741935E+01  0.1133823E-01  0.1232354E-01
 0.9677419E+00 -0.1741935E+01  0.8400221E-02  0.3329406E-02
 0.1354839E+01 -0.1741935E+01  0.3962691E-02  0.3187833E-03
 0.1741935E+01 -0.1741935E+01  0.1036203E-02  0.1074745E-27
 0.2129032E+01 -0.1741935E+01  0.1289545E-03  0.6885948E-05
 0.2516129E+01 -0.1741935E+01  0.6513820E-05  0.1148651E-05
 0.2903226E+01 -0.1741935E+01  0.1135526E-06  0.3760736E-07
 0.3290323E+01 -0.1741935E+01  0.5799131E-09  0.2882660E-09
 0.3677419E+01 -0.1741935E+01  0.7409822E-12  0.4895316E-12
 0.4064516E+01 -0.1741935E+01  0.1510786E-15  0.1350428E-15
 0.4451613E+01 -0.1741935E+01  0.1683629E-17  0.1068588E-17
 0.4838710E+01 -0.1741935E+01  0.6141859E-18  0.4921812E-18
 0.5225806E+01 -0.1741935E+01  0.2533950E-18  0.2478912E-18
 0.5612903E+01 -0.1741935E+01  0.1043105E-18  0.1193189E-18
 0.6000000E+01 -0.1741935E+01  0.4443715E-19  0.5782007E-19

-0.6000000E+01 -0.1354839E+01  0.5044626E-20  0.1214068E-19
-0.5612903E+01 -0.1354839E+01  0.1279906E-19  0.4694268E-19
-0.5225806E+01 -0.1354839E+01  0.3458130E-19  0.1734630E-18
-0.4838710E+01 -0.1354839E+01  0.9672292E-19  0.6098993E-18
-0.4451613E+01 -0.1354839E+01  0.3003648E-18  0.2352537E-17
-0.4064516E+01 -0.1354839E+01  0.9491192E-17  0.2342555E-15
-0.3677419E+01 -0.1354839E+01  0.7591184E-13  0.1457538E-11
-0.3290323E+01 -0.1354839E+01  0.7760146E-10  0.1409929E-08
-0.2903226E+01 -0.1354839E+01  0.2039764E-07  0.3444146E-06
-0.2516129E+01 -0.1354839E+01  0.1611384E-05  0.2481260E-04
-0.2129032E+01 -0.1354839E+01  0.4528962E-04  0.6194768E-03
-0.1741935E+01 -0.1354839E+01  0.5353182E-03  0.6270431E-02
-0.1354839E+01 -0.1354839E+01  0.3135662E-02  0.2988166E-01
-0.9677419E+00 -0.1354839E+01  0.1063498E-01  0.7677070E-01
-0.5806452E+00 -0.1354839E+01  0.2394989E-01  0.1187750E+00
-0.1935484E+00 -0.1354839E+01  0.3968182E-01  0.1185663E+00
 0.1935484E+00 -0.1354839E+01  0.5090768E-01  0.7656972E-01
 0.5806452E+00 -0.1354839E+01  0.5003750E-01  0.2868633E-01
 0.9677419E+00 -0.1354839E+01  0.3518508E-01  0.4202862E-02
 0.1354839E+01 -0.1354839E+01  0.1582488E-01  0.6619305E-28
 0.1741935E+01 -0.1354839E+01  0.3962691E-02  0.3187833E-03
 0.2129032E+01 -0.1354839E+01  0.4741232E-03  0.1255815E-03
 0.2516129E+01 -0.1354839E+01  0.2310360E-04  0.1142723E-04
 0.2903226E+01 -0.1354839E+01  0.3896658E-06  0.2871659E-06
 0.3290323E+01 -0.1354839E+01  0.1930059E-08  0.1882093E-08
 0.3677419E+01 -0.1354839E+01  0.2398004E-11  0.2873847E-11
 0.4064516E+01 -0.1354839E+01  0.4674182E-15  0.7011275E-15
 0.4451613E+01 -0.1354839E+01  0.5720827E-17  0.6869274E-17
 0.4838710E+01 -0.1354839E+01  0.2041846E-17  0.2887173E-17
 0.5225806E+01 -0.1354839E+01  0.8212675E-18  0.1338699E-17
 0.5612903E+01 -0.1354839E+01  0.3305599E-18  0.6035057E-18
 0.6000000E+01 -0.1354839E+01  0.1379478E-18  0.2766666E-18

-0.6000000E+01 -0.9677419E+00  0.1846548E-19  0.6155835E-19
-0.5612903E+01 -0.9677419E+00  0.4762540E-19  0.2159493E-18
-0.5225806E+01 -0.9677419E+00  0.1301290E-18  0.7405337E-18
-0.4838710E+01 -0.9677419E+00  0.3656316E-18  0.2445291E-17
-0.4451613E+01 -0.9677419E+00  0.1142849E-17  0.8904445E-17
-0.4064516E+01 -0.9677419E+00  0.4530264E-16  0.8531133E-15
-0.3677419E+01 -0.9677419E+00  0.3326335E-12  0.5114947E-11
-0.3290323E+01 -0.9677419E+00  0.3288797E-09  0.4764901E-08
-0.2903226E+01 -0.9677419E+00  0.8329409E-07  0.1116457E-05
-0.2516129E+01 -0.9677419E+00  0.6320231E-05  0.7678128E-04
-0.2129032E+01 -0.9677419E+00  0.1699854E-03  0.1818607E-02
-0.1741935E+01 -0.9677419E+00  0.1914472E-02  0.1732017E-01
-0.1354839E+01 -0.9677419E+00  0.1063498E-01  0.7677070E-01
-0.9677419E+00 -0.9677419E+00  0.3404178E-01  0.1803569E+00
-0.5806452E+00 -0.9677419E+00  0.7204568E-01  0.2483037E+00
-0.1935484E+00 -0.9677419E+00  0.1118918E+00  0.2099874E+00
 0.1935484E+00 -0.9677419E+00  0.1345421E+00  0.1031540E+00
 0.5806452E+00 -0.9677419E+00  0.1242629E+00  0.2091822E-01
 0.9677419E+00 -0.9677419E+00  0.8246658E-01  0.6865362E-28
 0.1354839E+01 -0.9677419E+00  0.3518508E-01  0.4202862E-02
 0.1741935E+01 -0.9677419E+00  0.8400221E-02  0.3329406E-02
 0.2129032E+01 -0.9677419E+00  0.9625781E-03  0.7132196E-03
 0.2516129E+01 -0.9677419E+00  0.4509830E-04  0.4966027E-04
 0.2903226E+01 -0.9677419E+00  0.7337497E-06  0.1064097E-05
 0.3290323E+01 -0.9677419E+00  0.3515668E-08  0.6245194E-08
 0.3677419E+01 -0.9677419E+00  0.4237585E-11  0.8780246E-11
 0.4064516E+01 -0.9677419E+00  0.7875002E-15  0.1942660E-14
 0.4451613E+01 -0.9677419E+00  0.1054205E-16  0.2162490E-16
 0.4838710E+01 -0.9677419E+00  0.3672980E-17  0.8430370E-17
 0.5225806E+01 -0.9677419E+00  0.1437762E-17  0.3642273E-17
 0.5612903E+01 -0.9677419E+00  0.5648324E-18  0.1545513E-17
 0.6000000E+01 -0.9677419E+00  0.2304963E-18  0.6707355E-18

-0.6000000E+01 -0.5806452E+00  0.4843666E-19  0.2121645E-18
-0.5612903E+01 -0.5806452E+00  0.1261237E-18  0.6669529E-18
-0.5225806E+01 -0.5806452E+00  0.3458367E-18  0.2096697E-17
-0.4838710E+01 -0.5806452E+00  0.9683284E-18  0.6430626E-17
-0.4451613E+01 -0.5806452E+00  0.3020756E-17  0.2186273E-16
-0.4064516E+01 -0.5806452E+00  0.1445165E-15  0.1978789E-14
-0.3677419E+01 -0.5806452E+00  0.9831026E-12  0.1140614E-10
-0.3290323E+01 -0.5806452E+00  0.9382644E-09  0.1018804E-07
-0.2903226E+01 -0.5806452E+00  0.2284986E-06  0.2277622E-05
-0.2516129E+01 -0.5806452E+00  0.1661470E-04  0.1485384E-03
-0.2129032E+01 -0.5806452E+00  0.4264744E-03  0.3309138E-02
-0.1741935E+01 -0.5806452E+00  0.4562611E-02  0.2930695E-01
-0.1354839E+01 -0.5806452E+00  0.2394989E-01  0.1187750E+00
-0.9677419E+00 -0.5806452E+00  0.7204568E-01  0.2483037E+00
-0.5806452E+00 -0.5806452E+00  0.1425926E+00  0.2895846E+00
-0.1935484E+00 -0.5806452E+00  0.2064341E+00  0.1862144E+00
 0.1935484E+00 -0.5806452E+00  0.2312752E+00  0.4946733E-01
 0.5806452E+00 -0.5806452E+00  0.1995209E+00  0.2922706E-28
 0.9677419E+00 -0.5806452E+00  0.1242629E+00  0.2091822E-01
 0.1354839E+01 -0.5806452E+00  0.5003750E-01  0.2868633E-01
 0.1741935E+01 -0.5806452E+00  0.1133823E-01  0.1232354E-01
 0.2129032E+01 -0.5806452E+00  0.1239416E-02  0.2014482E-02
 0.2516129E+01 -0.5806452E+00  0.5563848E-04  0.1192751E-03
 0.2903226E+01 -0.5806452E+00  0.8705992E-06  0.2282917E-05
 0.3290323E+01 -0.5806452E+00  0.4024307E-08  0.1229448E-07
 0.3677419E+01 -0.5806452E+00  0.4694616E-11  0.1613846E-10
 0.4064516E+01 -0.5806452E+00  0.8290805E-15  0.3297801E-14
 0.4451613E+01 -0.5806452E+00  0.1212957E-16  0.3910321E-16
 0.4838710E+01 -0.5806452E+00  0.4119499E-17  0.1422099E-16
 0.5225806E+01 -0.5806452E+00  0.1567780E-17  0.5746885E-17
 0.5612903E+01 -0.5806452E+00  0.6006375E-18  0.2292968E-17
 0.6000000E+01 -0.5806452E+00  0.2395214E-18  0.9377631E-18

-0.6000000E+01 -0.1935484E+00  0.1017960E-18  0.5051039E-18
-0.5612903E+01 -0.1935484E+00  0.2643787E-18  0.1437741E-17
-0.5225806E+01 -0.1935484E+00  0.7192876E-18  0.4155279E-17
-0.4838710E+01 -0.1935484E+00  0.1986189E-17  0.1182289E-16
-0.4451613E+01 -0.1935484E+00  0.6120353E-17  0.3740087E-16
-0.4064516E+01 -0.1935484E+00  0.3391519E-15  0.3210516E-14
-0.3677419E+01 -0.1935484E+00  0.2156014E-11  0.1769306E-10
-0.3290323E+01 -0.1935484E+00  0.1984163E-08  0.1507801E-07
-0.2903226E+01 -0.1935484E+00  0.4641593E-06  0.3195806E-05
-0.2516129E+01 -0.1935484E+00  0.3230291E-04  0.1960001E-03
-0.2129032E+01 -0.1935484E+00  0.7902158E-03  0.4059969E-02
-0.1741935E+01 -0.1935484E+00  0.8016908E-02  0.3287537E-01
-0.1354839E+01 -0.1935484E+00  0.3968182E-01  0.1185663E+00
-0.9677419E+00 -0.1935484E+00  0.1118918E+00  0.2099874E+00
-0.5806452E+00 -0.1935484E+00  0.2064341E+00  0.1862144E+00
-0.1935484E+00 -0.1935484E+00  0.2775018E+00  0.6473750E-01
 0.1935484E+00 -0.1935484E+00  0.2883762E+00  0.1251208E-26
 0.5806452E+00 -0.1935484E+00  0.2312752E+00  0.4946733E-01
 0.9677419E+00 -0.1935484E+00  0.1345421E+00  0.1031540E+00
 0.1354839E+01 -0.1935484E+00  0.5090768E-01  0.7656972E-01
 0.1741935E+01 -0.1935484E+00  0.1090533E-01  0.2504955E-01
 0.2129032E+01 -0.1935484E+00  0.1133241E-02  0.3474731E-02
 0.2516129E+01 -0.1935484E+00  0.4859367E-04  0.1833901E-03
 0.2903226E+01 -0.1935484E+00  0.7292893E-06  0.3214628E-05
 0.3290323E+01 -0.1935484E+00  0.3244431E-08  0.1612206E-07
 0.3677419E+01 -0.1935484E+00  0.3655335E-11  0.1994091E-10
 0.4064516E+01 -0.1935484E+00  0.6109272E-15  0.3817765E-14
 0.4451613E+01 -0.1935484E+00  0.9833607E-17  0.4577580E-16
 0.4838710E+01 -0.1935484E+00  0.3257663E-17  0.1553555E-16
 0.5225806E+01 -0.1935484E+00  0.1206607E-17  0.5865744E-17
 0.5612903E+01 -0.1935484E+00  0.4515008E-18  0.2188699E-17
 0.6000000E+01 -0.1935484E+00  0.1763167E-18  0.8355057E-18

-0.6000000E+01  0.1935484E+00  0.1763164E-18  0.8355047E-18
-0.5612903E+01  0.1935484E+00  0.4515019E-18  0.2188697E-17
-0.5225806E+01  0.1935484E+00  0.1206608E-17  0.5865743E-17
-0.4838710E+01  0.1935484E+00  0.3257657E-17  0.1553555E-16
-0.4451613E+01  0.1935484E+00  0.9833612E-17  0.4577580E-16
-0.4064516E+01  0.1935484E+00  0.6109272E-15  0.3817765E-14
-0.3677419E+01  0.1935484E+00  0.3655335E-11  0.1994091E-10
-0.3290323E+01  0.1935484E+00  0.3244431E-08  0.1612206E-07
-0.2903226E+01  0.1935484E+00  0.7292893E-06  0.3214628E-05
-0.2516129E+01  0.1935484E+00  0.4859367E-04  0.1833901E-03
-0.2129032E+01  0.1935484E+00  0.1133241E-02  0.3474731E-02
-0.1741935E+01  0.1935484E+00  0.1090533E-01  0.2504955E-01
-0.1354839E+01  0.1935484E+00  0.5090768E-01  0.7656972E-01
-0.9677419E+00  0.1935484E+00  0.1345421E+00  0.1031540E+00
-0.5806452E+00  0.1935484E+00  0.2312752E+00  0.4946733E-01
-0.1935484E+00  0.1935484E+00  0.2883762E+00  0.3221591E-26
 0.1935484E+00  0.1935484E+00  0.2775018E+00  0.6473750E-01
 0.5806452E+00  0.1935484E+00  0.2064341E+00  0.1862144E+00
 0.9677419E+00  0.1935484E+00  0.1118918E+00  0.2099874E+00
 0.1354839E+01  0.1935484E+00  0.3968182E-01  0.1185663E+00
 0.1741935E+01  0.1935484E+00  0.8016908E-02  0.3287537E-01
 0.2129032E+01  0.1935484E+00  0.7902158E-03  0.4059969E-02
 0.2516129E+01  0.1935484E+00  0.3230291E-04  0.1960001E-03
 0.2903226E+01  0.1935484E+00  0.4641593E-06  0.3195806E-05
 0.3290323E+01  0.1935484E+00  0.1984163E-08  0.1507801E-07
 0.3677419E+01  0.1935484E+00  0.2156014E-11  0.1769306E-10
 0.4064516E+01  0.1935484E+00  0.3391519E-15  0.3210516E-14
 0.4451613E+01  0.1935484E+00  0.6120357E-17  0.3740087E-16
 0.4838710E+01  0.1935484E+00  0.1986193E-17  0.1182288E-16
 0.5225806E+01  0.1935484E+00  0.7192851E-18  0.4155277E-17
 0.5612903E+01  0.1935484E+00  0.2643780E-18  0.1437743E-17
 0.6000000E+01  0.1935484E+00  0.1017959E-18  0.5051041E-18

-0.6000000E+01  0.5806452E+00  0.2395213E-18  0.9377622E-18
-0.5612903E+01  0.5806452E+00  0.6006389E-18  0.2292967E-17
-0.5225806E+01  0.5806452E+00  0.1567781E-17  0.5746886E-17
-0.4838710E+01  0.5806452E+00  0.4119494E-17  0.1422098E-16
-0.4451613E+01  0.5806452E+00  0.1212957E-16  0.3910319E-16
-0.4064516E+01  0.5806452E+00  0.8290805E-15  0.3297801E-14
-0.3677419E+01  0.5806452E+00  0.4694616E-11  0.1613846E-10
-0.3290323E+01  0.5806452E+00  0.4024307E-08  0.1229448E-07
-0.2903226E+01  0.5806452E+00  0.8705992E-06  0.2282917E-05
-0.2516129E+01  0.5806452E+00  0.5563848E-04  0.1192751E-03
-0.2129032E+01  0.5806452E+00  0.1239416E-02  0.2014482E-02
-0.1741935E+01  0.5806452E+00  0.1133823E-01  0.1232354E-01
-0.1354839E+01  0.5806452E+00  0.5003750E-01  0.2868633E-01
-0.9677419E+00  0.5806452E+00  0.1242629E+00  0.2091822E-01
-0.5806452E+00  0.5806452E+00  0.1995209E+00  0.1657922E-26
-0.1935484E+00  0.5806452E+00  0.2312752E+00  0.4946733E-01
 0.1935484E+00  0.5806452E+00  0.2064341E+00  0.1862144E+00
 0.5806452E+00  0.5806452E+00  0.1425926E+00  0.2895846E+00
 0.9677419E+00  0.5806452E+00  0.7204568E-01  0.2483037E+00
 0.1354839E+01  0.5806452E+00  0.2394989E-01  0.1187750E+00
 0.1741935E+01  0.5806452E+00  0.4562611E-02  0.2930695E-01
 0.2129032E+01  0.5806452E+00  0.4264744E-03  0.3309138E-02
 0.2516129E+01  0.5806452E+00  0.1661470E-04  0.1485384E-03
 0.2903226E+01  0.5806452E+00  0.2284986E-06  0.2277622E-05
 0.3290323E+01  0.5806452E+00  0.9382644E-09  0.1018804E-07
 0.3677419E+01  0.5806452E+00  0.9831026E-12  0.1140614E-10
 0.4064516E+01  0.5806452E+00  0.1445165E-15  0.1978789E-14
 0.4451613E+01  0.5806452E+00  0.3020753E-17  0.2186273E-16
 0.4838710E+01  0.5806452E+00  0.9683287E-18  0.6430630E-17
 0.5225806E+01  0.5806452E+00  0.3458370E-18  0.2096695E-17
 0.5612903E+01  0.5806452E+00  0.1261233E-18  0.6669525E-18
 0.6000000E+01  0.5806452E+00  0.4843672E-19  0.2121650E-18

-0.6000000E+01  0.9677419E+00  0.2304962E-18  0.6707355E-18
-0.5612903E+01  0.9677419E+00  0.5648316E-18  0.1545510E-17
-0.5225806E+01  0.9677419E+00  0.1437761E-17  0.3642275E-17
-0.4838710E+01  0.9677419E+00  0.3672981E-17  0.8430366E-17
-0.4451613E+01  0.9677419E+00  0.1054205E-16  0.2162490E-16
-0.4064516E+01  0.9677419E+00  0.7875002E-15  0.1942660E-14
-0.3677419E+01  0.9677419E+00  0.4237585E-11  0.8780246E-11
-0.3290323E+01  0.9677419E+00  0.3515668E-08  0.6245194E-08
-0.2903226E+01  0.9677419E+00  0.7337497E-06  0.1064097E-05
-0.2516129E+01  0.9677419E+00  0.4509830E-04  0.4966027E-04
-0.2129032E+01  0.9677419E+00  0.9625781E-03  0.7132196E-03
-0.1741935E+01  0.9677419E+00  0.8400221E-02  0.3329406E-02
-0.1354839E+01  0.9677419E+00  0.3518508E-01  0.4202862E-02
-0.9677419E+00  0.9677419E+00  0.8246658E-01  0.1275832E-26
-0.5806452E+00  0.9677419E+00  0.1242629E+00  0.2091822E-01
-0.1935484E+00  0.9677419E+00  0.1345421E+00  0.1031540E+00
 0.1935484E+00  0.9677419E+00  0.1118918E+00  0.2099874E+00
 0.5806452E+00  0.9677419E+00  0.7204568E-01  0.2483037E+00
 0.9677419E+00  0.9677419E+00  0.3404178E-01  0.1803569E+00
 0.1354839E+01  0.9677419E+00  0.1063498E-01  0.7677070E-01
 0.1741935E+01  0.9677419E+00  0.1914472E-02  0.1732017E-01
 0.2129032E+01  0.9677419E+00  0.1699854E-03  0.1818607E-02
 0.2516129E+01  0.9677419E+00  0.6320231E-05  0.7678128E-04
 0.2903226E+01  0.9677419E+00  0.8329409E-07  0.1116457E-05
 0.3290323E+01  0.9677419E+00  0.3288797E-09  0.4764901E-08
 0.3677419E+01  0.9677419E+00  0.3326335E-12  0.5114947E-11
 0.4064516E+01  0.9677419E+00  0.4530264E-16  0.8531133E-15
 0.4451613E+01  0.9677419E+00  0.1142851E-17  0.8904439E-17
 0.4838710E+01  0.9677419E+00  0.3656309E-18  0.2445289E-17
 0.5225806E+01  0.9677419E+00  0.1301293E-18  0.7405338E-18
 0.5612903E+01  0.9677419E+00  0.4762506E-19  0.2159493E-18
 0.6000000E+01  0.9677419E+00  0.1846543E-19  0.6155826E-19

-0.6000000E+01  0.1354839E+01  0.1379475E-18  0.2766667E-18
-0.5612903E+01  0.1354839E+01  0.3305602E-18  0.6035066E-18
-0.5225806E+01  0.1354839E+01  0.8212683E-18  0.1338699E-17
-0.4838710E+01  0.1354839E+01  0.2041845E-17  0.2887175E-17
-0.4451613E+01  0.1354839E+01  0.5720829E-17  0.6869270E-17
-0.4064516E+01  0.1354839E+01  0.4674182E-15  0.7011275E-15
-0.3677419E+01  0.1354839E+01  0.2398004E-11  0.2873847E-11
-0.3290323E+01  0.1354839E+01  0.1930059E-08  0.1882093E-08
-0.2903226E+01  0.1354839E+01  0.3896658E-06  0.2871659E-06
-0.2516129E+01  0.1354839E+01  0.2310360E-04  0.1142723E-04
-0.2129032E+01  0.1354839E+01  0.4741232E-03  0.1255815E-03
-0.1741935E+01  0.1354839E+01  0.3962691E-02  0.3187833E-03
-0.1354839E+01  0.1354839E+01  0.1582488E-01  0.3701614E-27
-0.9677419E+00  0.1354839E+01  0.3518508E-01  0.4202862E-02
-0.5806452E+00  0.1354839E+01  0.5003750E-01  0.2868633E-01
-0.1935484E+00  0.1354839E+01  0.5090768E-01  0.7656972E-01
 0.1935484E+00  0.1354839E+01  0.3968182E-01  0.1185663E+00
 0.5806452E+00  0.1354839E+01  0.2394989E-01  0.1187750E+00
 0.9677419E+00  0.1354839E+01  0.1063498E-01  0.7677070E-01
 0.1354839E+01  0.1354839E+01  0.3135662E-02  0.2988166E-01
 0.1741935E+01  0.1354839E+01  0.5353182E-03  0.6270431E-02
 0.2129032E+01  0.1354839E+01  0.4528962E-04  0.6194768E-03
 0.2516129E+01  0.1354839E+01  0.1611384E-05  0.2481260E-04
 0.2903226E+01  0.1354839E+01  0.2039764E-07  0.3444146E-06
 0.3290323E+01  0.1354839E+01  0.7760146E-10  0.1409929E-08
 0.3677419E+01  0.1354839E+01  0.7591184E-13  0.1457538E-11
 0.4064516E+01  0.1354839E+01  0.9491194E-17  0.2342555E-15
 0.4451613E+01  0.1354839E+01  0.3003633E-18  0.2352540E-17
 0.4838710E+01  0.1354839E+01  0.9672343E-19  0.6098989E-18
 0.5225806E+01  0.1354839E+01  0.3458112E-19  0.1734629E-18
 0.5612903E+01  0.1354839E+01  0.1279907E-19  0.4694298E-19
 0.6000000E+01  0.1354839E+01  0.5044668E-20  0.1214063E-19

-0.6000000E+01  0.1741935E+01  0.4443685E-19  0.5782003E-19
-0.5612903E+01  0.1741935E+01  0.1043101E-18  0.1193189E-18
-0.5225806E+01  0.1741935E+01  0.2533962E-18  0.2478909E-18
-0.4838710E+01  0.1741935E+01  0.6141856E-18  0.4921825E-18
-0.4451613E+01  0.1741935E+01  0.1683626E-17  0.1068588E-17
-0.4064516E+01  0.1741935E+01  0.1510786E-15  0.1350428E-15
-0.3677419E+01  0.1741935E+01  0.7409822E-12  0.4895316E-12
-0.3290323E+01  0.1741935E+01  0.5799131E-09  0.2882660E-09
-0.2903226E+01  0.1741935E+01  0.1135526E-06  0.3760736E-07
-0.2516129E+01  0.1741935E+01  0.6513820E-05  0.1148651E-05
-0.2129032E+01  0.1741935E+01  0.1289545E-03  0.6885948E-05
-0.1741935E+01  0.1741935E+01  0.1036203E-02  0.2420641E-30
-0.1354839E+01  0.1741935E+01  0.3962691E-02  0.3187833E-03
-0.9677419E+00  0.1741935E+01  0.8400221E-02  0.3329406E-02
-0.5806452E+00  0.1741935E+01  0.1133823E-01  0.1232354E-01
-0.1935484E+00  0.1741935E+01  0.1090533E-01  0.2504955E-01
 0.1935484E+00  0.1741935E+01  0.8016908E-02  0.3287537E-01
 0.5806452E+00  0.1741935E+01  0.4562611E-02  0.2930695E-01
 0.9677419E+00  0.1741935E+01  0.1914472E-02  0.1732017E-01
 0.1354839E+01  0.1741935E+01  0.5353182E-03  0.6270431E-02
 0.1741935E+01  0.1741935E+01  0.8703639E-04  0.1238226E-02
 0.2129032E+01  0.1741935E+01  0.7042232E-05  0.1160902E-03
 0.2516129E+01  0.1741935E+01  0.2405407E-06  0.4440730E-05
 0.2903226E+01  0.1741935E+01  0.2932933E-08  0.5915616E-07
 0.3290323E+01  0.1741935E+01  0.1077838E-10  0.2333102E-09
 0.3677419E+01  0.1741935E+01  0.1022213E-13  0.2331507E-12
 0.4064516E+01  0.1741935E+01  0.1163612E-17  0.3608287E-16
 0.4451613E+01  0.1741935E+01  0.4737953E-19  0.3624438E-18
 0.4838710E+01  0.1741935E+01  0.1541178E-19  0.9053136E-19
 0.5225806E+01  0.1741935E+01  0.5550082E-20  0.2477757E-19
 0.5612903E+01  0.1741935E+01  0.2079203E-20  0.6444666E-20
 0.6000000E+01  0.1741935E+01  0.8320896E-21  0.1595660E-20

-0.6000000E+01  0.2129032E+01  0.6618391E-20  0.5257848E-20
-0.5612903E+01  0.2129032E+01  0.1524847E-19  0.1019006E-19
-0.5225806E+01  0.2129032E+01  0.3628741E-19  0.1954608E-19
-0.4838710E+01  0.2129032E+01  0.8590083E-19  0.3474278E-19
-0.4451613E+01  0.2129032E+01  0.2309347E-18  0.6612813E-19
-0.4064516E+01  0.2129032E+01  0.2287248E-16  0.1184577E-16
-0.3677419E+01  0.2129032E+01  0.1075051E-12  0.3652901E-13
-0.3290323E+01  0.2129032E+01  0.8198340E-10  0.1848090E-10
-0.2903226E+01  0.2129032E+01  0.1560601E-07  0.1855745E-08
-0.2516129E+01  0.2129032E+01  0.8684217E-06  0.3101847E-07
-0.2129032E+01  0.2129032E+01  0.1663509E-04  0.1740585E-29
-0.1741935E+01  0.2129032E+01  0.1289545E-03  0.6885948E-05
-0.1354839E+01  0.2129032E+01  0.4741232E-03  0.1255815E-03
-0.9677419E+00  0.2129032E+01  0.9625781E-03  0.7132196E-03
-0.5806452E+00  0.2129032E+01  0.1239416E-02  0.2014482E-02
-0.1935484E+00  0.2129032E+01  0.1133241E-02  0.3474731E-02
 0.1935484E+00  0.2129032E+01  0.7902158E-03  0.4059969E-02
 0.5806452E+00  0.2129032E+01  0.4264744E-03  0.3309138E-02
 0.9677419E+00  0.2129032E+01  0.1699854E-03  0.1818607E-02
 0.1354839E+01  0.2129032E+01  0.4528962E-04  0.6194768E-03
 0.1741935E+01  0.2129032E+01  0.7042232E-05  0.1160902E-03
 0.2129032E+01  0.2129032E+01  0.5469428E-06  0.1039626E-04
 0.2516129E+01  0.2129032E+01  0.1799324E-07  0.3817742E-06
 0.2903226E+01  0.2129032E+01  0.2119377E-09  0.4901812E-08
 0.3290323E+01  0.2129032E+01  0.7542907E-12  0.1869344E-10
 0.3677419E+01  0.2129032E+01  0.6952113E-15  0.1811664E-13
 0.4064516E+01  0.2129032E+01  0.7165333E-19  0.2691024E-17
 0.4451613E+01  0.2129032E+01  0.3773727E-20  0.2853377E-19
 0.4838710E+01  0.2129032E+01  0.1237219E-20  0.7058829E-20
 0.5225806E+01  0.2129032E+01  0.4473276E-21  0.1925274E-20
 0.5612903E+01  0.2129032E+01  0.1686298E-21  0.5075600E-21
 0.6000000E+01  0.2129032E+01  0.6796497E-22  0.1310648E-21

-0.6000000E+01  0.2516129E+01  0.3898677E-21  0.1750560E-21
-0.5612903E+01  0.2516129E+01  0.8831506E-21  0.3128796E-21
-0.5225806E+01  0.2516129E+01  0.2062350E-20  0.5360521E-21
-0.4838710E+01  0.2516129E+01  0.4775815E-20  0.7976193E-21
-0.4451613E+01  0.2516129E+01  0.1261852E-19  0.1188542E-20
-0.4064516E+01  0.2516129E+01  0.1385993E-17  0.3976900E-18
-0.3677419E+01  0.2516129E+01  0.6256759E-14  0.9737475E-15
-0.3290323E+01  0.2516129E+01  0.4657817E-11  0.3814526E-12
-0.2903226E+01  0.2516129E+01  0.8637166E-09  0.2101338E-10
-0.2516129E+01  0.2516129E+01  0.4673152E-07  0.6326120E-30
-0.2129032E+01  0.2516129E+01  0.8684217E-06  0.3101847E-07
-0.1741935E+01  0.2516129E+01  0.6513820E-05  0.1148651E-05
-0.1354839E+01  0.2516129E+01  0.2310360E-04  0.1142723E-04
-0.9677419E+00  0.2516129E+01  0.4509830E-04  0.4966027E-04
-0.5806452E+00  0.2516129E+01  0.5563848E-04  0.1192751E-03
-0.1935484E+00  0.2516129E+01  0.4859367E-04  0.1833901E-03
 0.1935484E+00  0.2516129E+01  0.3230291E-04  0.1960001E-03
 0.5806452E+00  0.2516129E+01  0.1661470E-04  0.1485384E-03
 0.9677419E+00  0.2516129E+01  0.6320231E-05  0.7678128E-04
 0.1354839E+01  0.2516129E+01  0.1611384E-05  0.2481260E-04
 0.1741935E+01  0.2516129E+01  0.2405407E-06  0.4440730E-05
 0.2129032E+01  0.2516129E+01  0.1799324E-07  0.3817742E-06
 0.2516129E+01  0.2516129E+01  0.5718306E-09  0.1351461E-07
 0.2903226E+01  0.2516129E+01  0.6523976E-11  0.1678319E-09
 0.3290323E+01  0.2516129E+01  0.2254051E-13  0.6207395E-12
 0.3677419E+01  0.2516129E+01  0.2023362E-16  0.5850259E-15
 0.4064516E+01  0.2516129E+01  0.1887027E-20  0.8296015E-19
 0.4451613E+01  0.2516129E+01  0.1263194E-21  0.9872915E-21
 0.4838710E+01  0.2516129E+01  0.4143376E-22  0.2490488E-21
 0.5225806E+01  0.2516129E+01  0.1491275E-22  0.7015587E-22
 0.5612903E+01  0.2516129E+01  0.5590780E-23  0.1971228E-22
 0.6000000E+01  0.2516129E+01  0.2237776E-23  0.5695399E-23

-0.6000000E+01  0.2903226E+01  0.7750568E-23  0.1749566E-23
-0.5612903E+01  0.2903226E+01  0.1728518E-22  0.2760331E-23
-0.5225806E+01  0.2903226E+01  0.3967064E-22  0.3881998E-23
-0.4838710E+01  0.2903226E+01  0.8998784E-22  0.3921375E-23
-0.4451613E+01  0.2903226E+01  0.2341302E-21  0.2668035E-23
-0.4064516E+01  0.2903226E+01  0.2863274E-19  0.4223136E-20
-0.3677419E+01  0.2903226E+01  0.1244014E-15  0.7088464E-17
-0.3290323E+01  0.2903226E+01  0.9054920E-13  0.1537516E-14
-0.2903226E+01  0.2903226E+01  0.1638585E-10  0.2291768E-30
-0.2516129E+01  0.2903226E+01  0.8637166E-09  0.2101338E-10
-0.2129032E+01  0.2903226E+01  0.1560601E-07  0.1855745E-08
-0.1741935E+01  0.2903226E+01  0.1135526E-06  0.3760736E-07
-0.1354839E+01  0.2903226E+01  0.3896658E-06  0.2871659E-06
-0.9677419E+00  0.2903226E+01  0.7337497E-06  0.1064097E-05
-0.5806452E+00  0.2903226E+01  0.8705992E-06  0.2282917E-05
-0.1935484E+00  0.2903226E+01  0.7292893E-06  0.3214628E-05
 0.1935484E+00  0.2903226E+01  0.4641593E-06  0.3195806E-05
 0.5806452E+00  0.2903226E+01  0.2284986E-06  0.2277622E-05
 0.9677419E+00  0.2903226E+01  0.8329409E-07  0.1116457E-05
 0.1354839E+01  0.2903226E+01  0.2039764E-07  0.3444146E-06
 0.1741935E+01  0.2903226E+01  0.2932933E-08  0.5915616E-07
 0.2129032E+01  0.2903226E+01  0.2119377E-09  0.4901812E-08
 0.2516129E+01  0.2903226E+01  0.6523976E-11  0.1678319E-09
 0.2903226E+01  0.2903226E+01  0.7226648E-13  0.2021671E-11
 0.3290323E+01  0.2903226E+01  0.2429076E-15  0.7269922E-14
 0.3677419E+01  0.2903226E+01  0.2127580E-18  0.6678636E-17
 0.4064516E+01  0.2903226E+01  0.1808027E-22  0.8978789E-21
 0.4451613E+01  0.2903226E+01  0.1476182E-23  0.1273651E-22
 0.4838710E+01  0.2903226E+01  0.4766556E-24  0.3356128E-23
 0.5225806E+01  0.2903226E+01  0.1689520E-24  0.1001211E-23
 0.5612903E+01  0.2903226E+01  0.6192358E-25  0.3083092E-24
 0.6000000E+01  0.2903226E+01  0.2406494E-25  0.1019408E-24

-0.6000000E+01  0.3290323E+01  0.4430925E-25  0.4148111E-26
-0.5612903E+01  0.3290323E+01  0.9698758E-25  0.5052913E-26
-0.5225806E+01  0.3290323E+01  0.2196673E-24  0.4124568E-26
-0.4838710E+01  0.3290323E+01  0.4901078E-24  0.4340939E-27
-0.4451613E+01  0.3290323E+01  0.1250661E-23  0.5850103E-26
-0.4064516E+01  0.3290323E+01  0.1714631E-21  0.1135771E-22
-0.3677419E+01  0.3290323E+01  0.7184153E-18  0.8436919E-20
-0.3290323E+01  0.3290323E+01  0.5119741E-15  0.2197133E-29
-0.2903226E+01  0.3290323E+01  0.9054920E-13  0.1537516E-14
-0.2516129E+01  0.3290323E+01  0.4657817E-11  0.3814526E-12
-0.2129032E+01  0.3290323E+01  0.8198340E-10  0.1848090E-10
-0.1741935E+01  0.3290323E+01  0.5799131E-09  0.2882660E-09
-0.1354839E+01  0.3290323E+01  0.1930059E-08  0.1882093E-08
-0.9677419E+00  0.3290323E+01  0.3515668E-08  0.6245194E-08
-0.5806452E+00  0.3290323E+01  0.4024307E-08  0.1229448E-07
-0.1935484E+00  0.3290323E+01  0.3244431E-08  0.1612206E-07
 0.1935484E+00  0.3290323E+01  0.1984163E-08  0.1507801E-07
 0.5806452E+00  0.3290323E+01  0.9382644E-09  0.1018804E-07
 0.9677419E+00  0.3290323E+01  0.3288797E-09  0.4764901E-08
 0.1354839E+01  0.3290323E+01  0.7760146E-10  0.1409929E-08
 0.1741935E+01  0.3290323E+01  0.1077838E-10  0.2333102E-09
 0.2129032E+01  0.3290323E+01  0.7542907E-12  0.1869344E-10
 0.2516129E+01  0.3290323E+01  0.2254051E-13  0.6207395E-12
 0.2903226E+01  0.3290323E+01  0.2429076E-15  0.7269922E-14
 0.3290323E+01  0.3290323E+01  0.7957762E-18  0.2546961E-16
 0.3677419E+01  0.3290323E+01  0.6810981E-21  0.2285203E-19
 0.4064516E+01  0.3290323E+01  0.5390854E-25  0.2886260E-23
 0.4451613E+01  0.3290323E+01  0.4791628E-26  0.5137251E-25
 0.4838710E+01  0.3290323E+01  0.1535486E-26  0.1432051E-25
 0.5225806E+01  0.3290323E+01  0.5074251E-27  0.4632061E-26
 0.5612903E+01  0.3290323E+01  0.1744119E-27  0.1495125E-26
 0.6000000E+01  0.3290323E+01  0.6359925E-28  0.5562503E-27

-0.6000000E+01  0.3677419E+01  0.8039706E-28  0.9782902E-30
-0.5612903E+01  0.3677419E+01  0.1259692E-27  0.3979410E-30
-0.5225806E+01  0.3677419E+01  0.2988788E-27  0.9404058E-30
-0.4838710E+01  0.3677419E+01  0.6426026E-27  0.1463770E-28
-0.4451613E+01  0.3677419E+01  0.1539810E-26  0.8579914E-28
-0.4064516E+01  0.3677419E+01  0.2539471E-24  0.6009618E-26
-0.3677419E+01  0.3677419E+01  0.1028066E-20  0.1133724E-29
-0.3290323E+01  0.3677419E+01  0.7184148E-18  0.8437143E-20
-0.2903226E+01  0.3677419E+01  0.1244014E-15  0.7088462E-17
-0.2516129E+01  0.3677419E+01  0.6256759E-14  0.9737475E-15
-0.2129032E+01  0.3677419E+01  0.1075051E-12  0.3652901E-13
-0.1741935E+01  0.3677419E+01  0.7409822E-12  0.4895316E-12
-0.1354839E+01  0.3677419E+01  0.2398004E-11  0.2873847E-11
-0.9677419E+00  0.3677419E+01  0.4237585E-11  0.8780246E-11
-0.5806452E+00  0.3677419E+01  0.4694616E-11  0.1613846E-10
-0.1935484E+00  0.3677419E+01  0.3655335E-11  0.1994091E-10
 0.1935484E+00  0.3677419E+01  0.2156014E-11  0.1769306E-10
 0.5806452E+00  0.3677419E+01  0.9831026E-12  0.1140614E-10
 0.9677419E+00  0.3677419E+01  0.3326335E-12  0.5114947E-11
 0.1354839E+01  0.3677419E+01  0.7591184E-13  0.1457538E-11
 0.1741935E+01  0.3677419E+01  0.1022213E-13  0.2331507E-12
 0.2129032E+01  0.3677419E+01  0.6952113E-15  0.1811664E-13
 0.2516129E+01  0.3677419E+01  0.2023362E-16  0.5850259E-15
 0.2903226E+01  0.3677419E+01  0.2127580E-18  0.6678635E-17
 0.3290323E+01  0.3677419E+01  0.6810889E-21  0.2285209E-19
 0.3677419E+01  0.3677419E+01  0.5714834E-24  0.2007878E-22
 0.4064516E+01  0.3677419E+01  0.4418703E-28  0.2216465E-26
 0.4451613E+01  0.3677419E+01  0.3012429E-29  0.3995381E-28
 0.4838710E+01  0.3677419E+01  0.6134801E-30  0.1811085E-28
 0.5225806E+01  0.3677419E+01  0.2436682E-30  0.8188895E-29
 0.5612903E+01  0.3677419E+01  0.2039906E-30  0.2091738E-29
 0.6000000E+01  0.3677419E+01  0.7328263E-30  0.9111728E-30

-0.6000000E+01  0.4064516E+01  0.7334541E-31  0.1226161E-30
-0.5612903E+01  0.4064516E+01  0.9838200E-31  0.2479932E-30
-0.5225806E+01  0.4064516E+01  0.1995861E-32  0.2046213E-30
-0.4838710E+01  0.4064516E+01  0.3715791E-30  0.1725894E-30
-0.4451613E+01  0.4064516E+01  0.7079341E-30  0.1477867E-29
-0.4064516E+01  0.4064516E+01  0.5534205E-28  0.2701443E-29
-0.3677419E+01  0.4064516E+01  0.2547412E-24  0.5888573E-26
-0.3290323E+01  0.4064516E+01  0.1714661E-21  0.1136131E-22
-0.2903226E+01  0.4064516E+01  0.2863297E-19  0.4223136E-20
-0.2516129E+01  0.4064516E+01  0.1385992E-17  0.3976896E-18
-0.2129032E+01  0.4064516E+01  0.2287248E-16  0.1184577E-16
-0.1741935E+01  0.4064516E+01  0.1510786E-15  0.1350428E-15
-0.1354839E+01  0.4064516E+01  0.4674182E-15  0.7011275E-15
-0.9677419E+00  0.4064516E+01  0.7875002E-15  0.1942660E-14
-0.5806452E+00  0.4064516E+01  0.8290805E-15  0.3297801E-14
-0.1935484E+00  0.4064516E+01  0.6109272E-15  0.3817765E-14
 0.1935484E+00  0.4064516E+01  0.3391519E-15  0.3210516E-14
 0.5806452E+00  0.4064516E+01  0.1445165E-15  0.1978789E-14
 0.9677419E+00  0.4064516E+01  0.4530264E-16  0.8531133E-15
 0.1354839E+01  0.4064516E+01  0.9491194E-17  0.2342555E-15
 0.1741935E+01  0.4064516E+01  0.1163612E-17  0.3608287E-16
 0.2129032E+01  0.4064516E+01  0.7165334E-19  0.2691023E-17
 0.2516129E+01  0.4064516E+01  0.1887017E-20  0.8296012E-19
 0.2903226E+01  0.4064516E+01  0.1807954E-22  0.8978921E-21
 0.3290323E+01  0.4064516E+01  0.5390403E-25  0.2884332E-23
 0.3677419E+01  0.4064516E+01  0.2763401E-28  0.2431142E-26
 0.4064516E+01  0.4064516E+01  0.4245240E-32  0.4896103E-31
 0.4451613E+01  0.4064516E+01  0.1847236E-30  0.4819001E-31
 0.4838710E+01  0.4064516E+01  0.9684854E-33  0.1359386E-31
 0.5225806E+01  0.4064516E+01  0.8206300E-33  0.2901470E-31
 0.5612903E+01  0.4064516E+01  0.2500922E-30  0.2171999E-31
 0.6000000E+01  0.4064516E+01  0.8582448E-31  0.1856003E-31

-0.6000000E+01  0.4451613E+01  0.9663778E-31  0.8394370E-32
-0.5612903E+01  0.4451613E+01  0.2181344E-30  0.2728013E-30
-0.5225806E+01  0.4451613E+01  0.3241364E-32  0.2976962E-30
-0.4838710E+01  0.4451613E+01  0.4489507E-30  0.4069193E-31
-0.4451613E+01  0.4451613E+01  0.6281556E-31  0.1294024E-31
-0.4064516E+01  0.4451613E+01  0.1515382E-30  0.1547434E-29
-0.3677419E+01  0.4451613E+01  0.1639297E-26  0.7929416E-28
-0.3290323E+01  0.4451613E+01  0.1255386E-23  0.6473638E-26
-0.2903226E+01  0.4451613E+01  0.2341086E-21  0.2667145E-23
-0.2516129E+01  0.4451613E+01  0.1261873E-19  0.1188690E-20
-0.2129032E+01  0.4451613E+01  0.2309330E-18  0.6612726E-19
-0.1741935E+01  0.4451613E+01  0.1683630E-17  0.1068588E-17
-0.1354839E+01  0.4451613E+01  0.5720825E-17  0.6869277E-17
-0.9677419E+00  0.4451613E+01  0.1054205E-16  0.2162489E-16
-0.5806452E+00  0.4451613E+01  0.1212957E-16  0.3910322E-16
-0.1935484E+00  0.4451613E+01  0.9833612E-17  0.4577578E-16
 0.1935484E+00  0.4451613E+01  0.6120360E-17  0.3740088E-16
 0.5806452E+00  0.4451613E+01  0.3020753E-17  0.2186272E-16
 0.9677419E+00  0.4451613E+01  0.1142851E-17  0.8904444E-17
 0.1354839E+01  0.4451613E+01  0.3003632E-18  0.2352539E-17
 0.1741935E+01  0.4451613E+01  0.4737982E-19  0.3624443E-18
 0.2129032E+01  0.4451613E+01  0.3773675E-20  0.2853429E-19
 0.2516129E+01  0.4451613E+01  0.1263507E-21  0.9872478E-21
 0.2903226E+01  0.4451613E+01  0.1476226E-23  0.1274342E-22
 0.3290323E+01  0.4451613E+01  0.4764359E-26  0.5166672E-25
 0.3677419E+01  0.4451613E+01  0.3312549E-29  0.5343887E-28
 0.4064516E+01  0.4451613E+01  0.1456755E-32  0.1009928E-30
 0.4451613E+01  0.4451613E+01  0.5477127E-30  0.2205704E-32
 0.4838710E+01  0.4451613E+01  0.1185123E-31  0.7230223E-31
 0.5225806E+01  0.4451613E+01  0.5282240E-31  0.7319248E-31
 0.5612903E+01  0.4451613E+01  0.1233542E-31  0.3954629E-31
 0.6000000E+01  0.4451613E+01  0.2256519E-32  0.4308895E-31

-0.6000000E+01  0.4838710E+01  0.9884641E-33  0.2199200E-31
-0.5612903E+01  0.4838710E+01  0.9401272E-34  0.2029521E-31
-0.5225806E+01  0.4838710E+01  0.9281600E-31  0.4211366E-31
-0.4838710E+01  0.4838710E+01  0.1625677E-30  0.3363578E-31
-0.4451613E+01  0.4838710E+01  0.1137951E-36  0.1926589E-30
-0.4064516E+01  0.4838710E+01  0.1749815E-30  0.1852553E-31
-0.3677419E+01  0.4838710E+01  0.6319136E-27  0.1329237E-28
-0.3290323E+01  0.4838710E+01  0.4885606E-24  0.4855576E-27
-0.2903226E+01  0.4838710E+01  0.8998377E-22  0.3920888E-23
-0.2516129E+01  0.4838710E+01  0.4775674E-20  0.7975998E-21
-0.2129032E+01  0.4838710E+01  0.8590117E-19  0.3474292E-19
-0.1741935E+01  0.4838710E+01  0.6141862E-18  0.4921824E-18
-0.1354839E+01  0.4838710E+01  0.2041847E-17  0.2887174E-17
-0.9677419E+00  0.4838710E+01  0.3672979E-17  0.8430378E-17
-0.5806452E+00  0.4838710E+01  0.4119499E-17  0.1422100E-16
-0.1935484E+00  0.4838710E+01  0.3257661E-17  0.1553556E-16
 0.1935484E+00  0.4838710E+01  0.1986193E-17  0.1182288E-16
 0.5806452E+00  0.4838710E+01  0.9683288E-18  0.6430634E-17
 0.9677419E+00  0.4838710E+01  0.3656299E-18  0.2445291E-17
 0.1354839E+01  0.4838710E+01  0.9672275E-19  0.6098989E-18
 0.1741935E+01  0.4838710E+01  0.1541159E-19  0.9053145E-19
 0.2129032E+01  0.4838710E+01  0.1237246E-20  0.7058780E-20
 0.2516129E+01  0.4838710E+01  0.4142562E-22  0.2489964E-21
 0.2903226E+01  0.4838710E+01  0.4772638E-24  0.3356069E-23
 0.3290323E+01  0.4838710E+01  0.1552504E-26  0.1436963E-25
 0.3677419E+01  0.4838710E+01  0.6439757E-30  0.1698339E-28
 0.4064516E+01  0.4838710E+01  0.3445453E-32  0.1726662E-31
 0.4451613E+01  0.4838710E+01  0.3386324E-30  0.7753331E-31
 0.4838710E+01  0.4838710E+01  0.1800403E-31  0.7944525E-31
 0.5225806E+01  0.4838710E+01  0.1547583E-31  0.4658769E-31
 0.5612903E+01  0.4838710E+01  0.8895035E-34  0.8317644E-31
 0.6000000E+01  0.4838710E+01  0.4407145E-31  0.1997167E-33

-0.6000000E+01  0.5225806E+01  0.1973580E-31  0.7841880E-31
-0.5612903E+01  0.5225806E+01  0.3654357E-31  0.5128505E-32
-0.5225806E+01  0.5225806E+01  0.5954814E-31  0.1094802E-31
-0.4838710E+01  0.5225806E+01  0.1115275E-30  0.1835736E-30
-0.4451613E+01  0.5225806E+01  0.1014079E-30  0.1912539E-30
-0.4064516E+01  0.5225806E+01  0.2167429E-30  0.6933167E-31
-0.3677419E+01  0.5225806E+01  0.3036420E-27  0.1658843E-30
-0.3290323E+01  0.5225806E+01  0.2201531E-24  0.4241633E-26
-0.2903226E+01  0.5225806E+01  0.3967246E-22  0.3882189E-23
-0.2516129E+01  0.5225806E+01  0.2062383E-20  0.5360342E-21
-0.2129032E+01  0.5225806E+01  0.3628745E-19  0.1954609E-19
-0.1741935E+01  0.5225806E+01  0.2533956E-18  0.2478907E-18
-0.1354839E+01  0.5225806E+01  0.8212688E-18  0.1338698E-17
-0.9677419E+00  0.5225806E+01  0.1437763E-17  0.3642275E-17
-0.5806452E+00  0.5225806E+01  0.1567779E-17  0.5746885E-17
-0.1935484E+00  0.5225806E+01  0.1206607E-17  0.5865741E-17
 0.1935484E+00  0.5225806E+01  0.7192862E-18  0.4155279E-17
 0.5806452E+00  0.5225806E+01  0.3458363E-18  0.2096697E-17
 0.9677419E+00  0.5225806E+01  0.1301293E-18  0.7405333E-18
 0.1354839E+01  0.5225806E+01  0.3458131E-19  0.1734627E-18
 0.1741935E+01  0.5225806E+01  0.5549998E-20  0.2477753E-19
 0.2129032E+01  0.5225806E+01  0.4473340E-21  0.1925270E-20
 0.2516129E+01  0.5225806E+01  0.1490684E-22  0.7015599E-22
 0.2903226E+01  0.5225806E+01  0.1689726E-24  0.1000235E-23
 0.3290323E+01  0.5225806E+01  0.5184181E-27  0.4605212E-26
 0.3677419E+01  0.5225806E+01  0.4844926E-30  0.5975700E-29
 0.4064516E+01  0.5225806E+01  0.2356527E-30  0.4845806E-31
 0.4451613E+01  0.5225806E+01  0.9981797E-31  0.3976961E-31
 0.4838710E+01  0.5225806E+01  0.2171636E-30  0.6253037E-33
 0.5225806E+01  0.5225806E+01  0.2142263E-32  0.2014749E-31
 0.5612903E+01  0.5225806E+01  0.7962199E-31  0.2513425E-31
 0.6000000E+01  0.5225806E+01  0.5658230E-32  0.1451925E-31

-0.6000000E+01  0.5612903E+01  0.1146479E-31  0.1671528E-31
-0.5612903E+01  0.5612903E+01  0.9331257E-32  0.1044959E-31
-0.5225806E+01  0.5612903E+01  0.5591716E-34  0.7538440E-31
-0.4838710E+01  0.5612903E+01  0.8007690E-31  0.3632197E-32
-0.4451613E+01  0.5612903E+01  0.1113595E-31  0.6625753E-32
-0.4064516E+01  0.5612903E+01  0.9181632E-31  0.6666878E-34
-0.3677419E+01  0.5612903E+01  0.1285465E-27  0.7646808E-30
-0.3290323E+01  0.5612903E+01  0.9752874E-25  0.5100432E-26
-0.2903226E+01  0.5612903E+01  0.1728890E-22  0.2761989E-23
-0.2516129E+01  0.5612903E+01  0.8831632E-21  0.3128543E-21
-0.2129032E+01  0.5612903E+01  0.1524841E-19  0.1019004E-19
-0.1741935E+01  0.5612903E+01  0.1043103E-18  0.1193191E-18
-0.1354839E+01  0.5612903E+01  0.3305599E-18  0.6035054E-18
-0.9677419E+00  0.5612903E+01  0.5648324E-18  0.1545512E-17
-0.5806452E+00  0.5612903E+01  0.6006380E-18  0.2292967E-17
-0.1935484E+00  0.5612903E+01  0.4515015E-18  0.2188695E-17
 0.1935484E+00  0.5612903E+01  0.2643781E-18  0.1437743E-17
 0.5806452E+00  0.5612903E+01  0.1261231E-18  0.6669526E-18
 0.9677419E+00  0.5612903E+01  0.4762539E-19  0.2159494E-18
 0.1354839E+01  0.5612903E+01  0.1279914E-19  0.4694291E-19
 0.1741935E+01  0.5612903E+01  0.2079223E-20  0.6444705E-20
 0.2129032E+01  0.5612903E+01  0.1686398E-21  0.5075762E-21
 0.2516129E+01  0.5612903E+01  0.5593540E-23  0.1971698E-22
 0.2903226E+01  0.5612903E+01  0.6218632E-25  0.3092636E-24
 0.3290323E+01  0.5612903E+01  0.1710071E-27  0.1561487E-26
 0.3677419E+01  0.5612903E+01  0.8326529E-32  0.2095864E-29
 0.4064516E+01  0.5612903E+01  0.1755284E-31  0.4933072E-31
 0.4451613E+01  0.5612903E+01  0.1368013E-30  0.1405892E-31
 0.4838710E+01  0.5612903E+01  0.2444600E-33  0.6535700E-31
 0.5225806E+01  0.5612903E+01  0.3048972E-32  0.8754895E-32
 0.5612903E+01  0.5612903E+01  0.2255598E-32  0.1472604E-32
 0.6000000E+01  0.5612903E+01  0.1356291E-30  0.6665340E-31

-0.6000000E+01  0.6000000E+01  0.1371827E-32  0.7021916E-34
-0.5612903E+01  0.6000000E+01  0.2308071E-31  0.9871469E-32
-0.5225806E+01  0.6000000E+01  0.1878807E-31  0.4205740E-31
-0.4838710E+01  0.6000000E+01  0.2479990E-30  0.8187636E-31
-0.4451613E+01  0.6000000E+01  0.4223980E-33  0.1933819E-31
-0.4064516E+01  0.6000000E+01  0.8005533E-32  0.2203984E-30
-0.3677419E+01  0.6000000E+01  0.6175126E-28  0.1552002E-29
-0.3290323E+01  0.6000000E+01  0.4424036E-25  0.4050774E-26
-0.2903226E+01  0.6000000E+01  0.7751140E-23  0.1748221E-23
-0.2516129E+01  0.6000000E+01  0.3898372E-21  0.1750558E-21
-0.2129032E+01  0.6000000E+01  0.6618302E-20  0.5257788E-20
-0.1741935E+01  0.6000000E+01  0.4443696E-19  0.5781989E-19
-0.1354839E+01  0.6000000E+01  0.1379479E-18  0.2766665E-18
-0.9677419E+00  0.6000000E+01  0.2304968E-18  0.6707359E-18
-0.5806452E+00  0.6000000E+01  0.2395213E-18  0.9377634E-18
-0.1935484E+00  0.6000000E+01  0.1763166E-18  0.8355044E-18
 0.1935484E+00  0.6000000E+01  0.1017956E-18  0.5051036E-18
 0.5806452E+00  0.6000000E+01  0.4843682E-19  0.2121645E-18
 0.9677419E+00  0.6000000E+01  0.1846552E-19  0.6155851E-19
 0.1354839E+01  0.6000000E+01  0.5044642E-20  0.1214068E-19
 0.1741935E+01  0.6000000E+01  0.8320871E-21  0.1595636E-20
 0.2129032E+01  0.6000000E+01  0.6797005E-22  0.1310724E-21
 0.2516129E+01  0.6000000E+01  0.2237372E-23  0.5696248E-23
 0.2903226E+01  0.6000000E+01  0.2413018E-25  0.1021598E-24
 0.3290323E+01  0.6000000E+01  0.6721398E-28  0.6024916E-27
 0.3677419E+01  0.6000000E+01  0.1583229E-30  0.5912110E-30
 0.4064516E+01  0.6000000E+01  0.2575252E-31  0.1323260E-30
 0.4451613E+01  0.6000000E+01  0.7752793E-31  0.1834517E-32
 0.4838710E+01  0.6000000E+01  0.9172057E-31  0.4899248E-31
 0.5225806E+01  0.6000000E+01  0.8292958E-31  0.9652449E-31
 0.5612903E+01  0.6000000E+01  0.1785388E-30  0.3004048E-30
 0.6000000E+01  0.6000000E+01  0.8108427E-33  0.1188996E-36

