 0.5000000E-01 -0.3954481E+00  0.8838100E-01 -0.8354903E-01 -0.2581799E+00  0.4373396E+00  0.7232037E+00  0.2429237E-01 -0.5793512E+00  0.4118439E+00  0.1568720E+00 -0.8006330E-01 -0.1397120E+00 -0.1054165E+01 -0.4153091E-01  0.1354838E+00  0.5215332E+00 -0.7449924E-01  0.3117232E+00  0.5505101E+00
 0.3864043E+00
 0.1000000E+00 -0.3945764E+00  0.8802386E-01 -0.8337733E-01 -0.2575763E+00  0.4359925E+00  0.7215046E+00  0.2410911E-01 -0.5778760E+00  0.4107976E+00  0.1564459E+00 -0.7995947E-01 -0.1393858E+00 -0.1051563E+01 -0.4167659E-01  0.1351113E+00  0.5200871E+00 -0.7444399E-01  0.3109154E+00  0.5491635E+00
 0.3854037E+00
 0.1500000E+00 -0.3931417E+00  0.8739264E-01 -0.8307237E-01 -0.2565244E+00  0.4335923E+00  0.7188357E+00  0.2381674E-01 -0.5752229E+00  0.4091617E+00  0.1557441E+00 -0.7976708E-01 -0.1388094E+00 -0.1047070E+01 -0.4198822E-01  0.1344803E+00  0.5174877E+00 -0.7435234E-01  0.3096339E+00  0.5470503E+00
 0.3838030E+00
 0.2000000E+00 -0.3910407E+00  0.8647738E-01 -0.8263054E-01 -0.2549936E+00  0.4301607E+00  0.7154975E+00  0.2342107E-01 -0.5714056E+00  0.4070801E+00  0.1547294E+00 -0.7944872E-01 -0.1379804E+00 -0.1040560E+01 -0.4251672E-01  0.1335673E+00  0.5137626E+00 -0.7420295E-01  0.3077951E+00  0.5443917E+00
 0.3817532E+00
 0.2500000E+00 -0.3884185E+00  0.8533620E-01 -0.8208920E-01 -0.2531087E+00  0.4258877E+00  0.7110574E+00  0.2294050E-01 -0.5666697E+00  0.4044352E+00  0.1534506E+00 -0.7904646E-01 -0.1369641E+00 -0.1032494E+01 -0.4319889E-01  0.1324170E+00  0.5091329E+00 -0.7398556E-01  0.3054872E+00  0.5409345E+00
 0.3790295E+00
 0.3000000E+00 -0.3854182E+00  0.8403420E-01 -0.8146740E-01 -0.2509555E+00  0.4208828E+00  0.7058032E+00  0.2239824E-01 -0.5611346E+00  0.4013102E+00  0.1519187E+00 -0.7863203E-01 -0.1357994E+00 -0.1023138E+01 -0.4385170E-01  0.1310395E+00  0.5037104E+00 -0.7377725E-01  0.3027473E+00  0.5368849E+00
 0.3758310E+00
 0.3500000E+00 -0.3820934E+00  0.8254720E-01 -0.8078168E-01 -0.2485685E+00  0.4151789E+00  0.7001201E+00  0.2178241E-01 -0.5548913E+00  0.3978341E+00  0.1501698E+00 -0.7819602E-01 -0.1345082E+00 -0.1012662E+01 -0.4447863E-01  0.1294640E+00  0.4975642E+00 -0.7356121E-01  0.2996486E+00  0.5324325E+00
 0.3723977E+00
 0.4000000E+00 -0.3785738E+00  0.8092035E-01 -0.8004556E-01 -0.2460228E+00  0.4089005E+00  0.6942273E+00  0.2111472E-01 -0.5480857E+00  0.3941313E+00  0.1482518E+00 -0.7777183E-01 -0.1331224E+00 -0.1001375E+01 -0.4519295E-01  0.1277332E+00  0.4908452E+00 -0.7337528E-01  0.2962845E+00  0.5277474E+00
 0.3688195E+00
 0.4500000E+00 -0.3750003E+00  0.7917483E-01 -0.7928399E-01 -0.2434047E+00  0.4021740E+00  0.6884444E+00  0.2040284E-01 -0.5409016E+00  0.3903756E+00  0.1462235E+00 -0.7738359E-01 -0.1316858E+00 -0.9896410E+00 -0.4600299E-01  0.1258969E+00  0.4837207E+00 -0.7324168E-01  0.2927730E+00  0.5230667E+00
 0.3652726E+00
 0.5000000E+00 -0.3715239E+00  0.7733329E-01 -0.7852333E-01 -0.2408061E+00  0.3951346E+00  0.6831182E+00  0.1965513E-01 -0.5335350E+00  0.3867547E+00  0.1441482E+00 -0.7705672E-01 -0.1302444E+00 -0.9778495E+00 -0.4691761E-01  0.1240095E+00  0.4763704E+00 -0.7318378E-01  0.2892412E+00  0.5186472E+00
 0.3619481E+00
 0.5500000E+00 -0.3681973E+00  0.7541963E-01 -0.7779502E-01 -0.2382657E+00  0.3878125E+00  0.6784433E+00  0.1883275E-01 -0.5260642E+00  0.3833665E+00  0.1420359E+00 -0.7679508E-01 -0.1288313E+00 -0.9661351E+00 -0.4789695E-01  0.1220744E+00  0.4688146E+00 -0.7319714E-01  0.2857300E+00  0.5146281E+00
 0.3589715E+00
 0.6000000E+00 -0.3650796E+00  0.7355811E-01 -0.7707233E-01 -0.2357925E+00  0.3808611E+00  0.6746260E+00  0.1791221E-01 -0.5185943E+00  0.3803289E+00  0.1399615E+00 -0.7659249E-01 -0.1274249E+00 -0.9546664E+00 -0.4898068E-01  0.1201644E+00  0.4612355E+00 -0.7328626E-01  0.2823419E+00  0.5111640E+00
 0.3564451E+00
 0.6500000E+00 -0.3621799E+00  0.7181479E-01 -0.7645560E-01 -0.2333840E+00  0.3749064E+00  0.6717778E+00  0.1694048E-01 -0.5118829E+00  0.3777010E+00  0.1379699E+00 -0.7643615E-01 -0.1260874E+00 -0.9435353E+00 -0.5018924E-01  0.1183275E+00  0.4543353E+00 -0.7344591E-01  0.2791265E+00  0.5083348E+00
 0.3544259E+00
 0.7000000E+00 -0.3594436E+00  0.7021558E-01 -0.7607887E-01 -0.2312581E+00  0.3700121E+00  0.6697979E+00  0.1601228E-01 -0.5068138E+00  0.3753969E+00  0.1361548E+00 -0.7632088E-01 -0.1251183E+00 -0.9336749E+00 -0.5145699E-01  0.1167139E+00  0.4488984E+00 -0.7365655E-01  0.2760449E+00  0.5060454E+00
 0.3528838E+00
 0.7500000E+00 -0.3571757E+00  0.6871652E-01 -0.7594828E-01 -0.2298651E+00  0.3659458E+00  0.6684571E+00  0.1509856E-01 -0.5032196E+00  0.3733156E+00  0.1347490E+00 -0.7620785E-01 -0.1245530E+00 -0.9267529E+00 -0.5277825E-01  0.1154497E+00  0.4447081E+00 -0.7384108E-01  0.2736217E+00  0.5041317E+00
 0.3516993E+00
 0.8000000E+00 -0.3559278E+00  0.6725516E-01 -0.7597963E-01 -0.2290850E+00  0.3624739E+00  0.6673930E+00  0.1420709E-01 -0.5007565E+00  0.3713302E+00  0.1337668E+00 -0.7624862E-01 -0.1242743E+00 -0.9224082E+00 -0.5408151E-01  0.1145373E+00  0.4415253E+00 -0.7408265E-01  0.2720817E+00  0.5023005E+00
 0.3506936E+00
 0.8500000E+00 -0.3557247E+00  0.6582516E-01 -0.7615118E-01 -0.2288764E+00  0.3595012E+00  0.6654616E+00  0.1334132E-01 -0.4992965E+00  0.3701360E+00  0.1331805E+00 -0.7647139E-01 -0.1242518E+00 -0.9204641E+00 -0.5525669E-01  0.1139522E+00  0.4392439E+00 -0.7448882E-01  0.2713932E+00  0.5001978E+00
 0.3492540E+00
 0.9000000E+00 -0.3563794E+00  0.6440560E-01 -0.7640465E-01 -0.2291025E+00  0.3568088E+00  0.6626431E+00  0.1250843E-01 -0.4985171E+00  0.3701808E+00  0.1329188E+00 -0.7684020E-01 -0.1244006E+00 -0.9203852E+00 -0.5626109E-01  0.1136345E+00  0.4376024E+00 -0.7505118E-01  0.2714097E+00  0.4993463E+00
 0.3471699E+00
 0.9500000E+00 -0.3576676E+00  0.6300771E-01 -0.7666841E-01 -0.2296028E+00  0.3541259E+00  0.6613466E+00  0.1172852E-01 -0.4979861E+00  0.3711738E+00  0.1328529E+00 -0.7735470E-01 -0.1246184E+00 -0.9214554E+00 -0.5693120E-01  0.1134759E+00  0.4362427E+00 -0.7579221E-01  0.2718813E+00  0.4998948E+00
 0.3457902E+00
 0.1000000E+01 -0.3592597E+00  0.6152903E-01 -0.7687639E-01 -0.2301623E+00  0.3511037E+00  0.6617745E+00  0.1097254E-01 -0.4972663E+00  0.3729023E+00  0.1328890E+00 -0.7790851E-01 -0.1247918E+00 -0.9228747E+00 -0.5753540E-01  0.1133940E+00  0.4347729E+00 -0.7659588E-01  0.2726131E+00  0.5015846E+00
 0.3453666E+00
 0.1050000E+01 -0.3608077E+00  0.5988277E-01 -0.7695405E-01 -0.2305533E+00  0.3473939E+00  0.6635132E+00  0.1022072E-01 -0.4958910E+00  0.3751129E+00  0.1329245E+00 -0.7839696E-01 -0.1247979E+00 -0.9237901E+00 -0.5810305E-01  0.1133000E+00  0.4327865E+00 -0.7735061E-01  0.2733894E+00  0.5040766E+00
 0.3457230E+00
 0.1100000E+01 -0.3619178E+00  0.5820761E-01 -0.7681184E-01 -0.2305177E+00  0.3426565E+00  0.6659114E+00  0.9466427E-02 -0.4933027E+00  0.3774221E+00  0.1328162E+00 -0.7873206E-01 -0.1244938E+00 -0.9231833E+00 -0.5857322E-01  0.1130716E+00  0.4298041E+00 -0.7797110E-01  0.2739152E+00  0.5068651E+00
 0.3465243E+00
 0.1150000E+01 -0.3623172E+00  0.5698727E-01 -0.7639668E-01 -0.2298816E+00  0.3369976E+00  0.6685335E+00  0.8703434E-02 -0.4891397E+00  0.3795657E+00  0.1324601E+00 -0.7885351E-01 -0.1237888E+00 -0.9203577E+00 -0.5889554E-01  0.1126192E+00  0.4255041E+00 -0.7839669E-01  0.2739825E+00  0.5096056E+00
 0.3475514E+00
 0.1200000E+01 -0.3616766E+00  0.5626694E-01 -0.7563832E-01 -0.2284289E+00  0.3322732E+00  0.6708189E+00  0.7967349E-02 -0.4830885E+00  0.3812136E+00  0.1317498E+00 -0.7868644E-01 -0.1225655E+00 -0.9144916E+00 -0.5903535E-01  0.1118562E+00  0.4196683E+00 -0.7855728E-01  0.2733547E+00  0.5118609E+00
 0.3485102E+00
 0.1250000E+01 -0.3596719E+00  0.5600620E-01 -0.7459042E-01 -0.2259764E+00  0.3299697E+00  0.6721698E+00  0.7425298E-02 -0.4758442E+00  0.3820061E+00  0.1305523E+00 -0.7816949E-01 -0.1208046E+00 -0.9048054E+00 -0.5893376E-01  0.1106749E+00  0.4130718E+00 -0.7838771E-01  0.2717620E+00  0.5131603E+00
 0.3490941E+00
 0.1300000E+01 -0.3560148E+00  0.5612100E-01 -0.7352649E-01 -0.2224608E+00  0.3297868E+00  0.6719820E+00  0.7146497E-02 -0.4699390E+00  0.3815712E+00  0.1287817E+00 -0.7726312E-01 -0.1188396E+00 -0.8909033E+00 -0.5851344E-01  0.1090713E+00  0.4081636E+00 -0.7783586E-01  0.2689325E+00  0.5130237E+00
 0.3489991E+00
 0.1350000E+01 -0.3504787E+00  0.5657785E-01 -0.7262615E-01 -0.2183586E+00  0.3313462E+00  0.6696063E+00  0.7086600E-02 -0.4662509E+00  0.3795119E+00  0.1267734E+00 -0.7593846E-01 -0.1171766E+00 -0.8744391E+00 -0.5769124E-01  0.1075550E+00  0.4055778E+00 -0.7685377E-01  0.2647481E+00  0.5109368E+00
 0.3478972E+00
 0.1400000E+01 -0.3432787E+00  0.5730825E-01 -0.7195247E-01 -0.2147371E+00  0.3341063E+00  0.6644944E+00  0.7149526E-02 -0.4644016E+00  0.3755375E+00  0.1251303E+00 -0.7415984E-01 -0.1159436E+00 -0.8597716E+00 -0.5644718E-01  0.1064731E+00  0.4047340E+00 -0.7537338E-01  0.2599524E+00  0.5064894E+00
 0.3454951E+00
 0.1450000E+01 -0.3357734E+00  0.5818473E-01 -0.7139083E-01 -0.2117028E+00  0.3374802E+00  0.6563903E+00  0.7309848E-02 -0.4636241E+00  0.3695382E+00  0.1239212E+00 -0.7210067E-01 -0.1149643E+00 -0.8476161E+00 -0.5478887E-01  0.1057750E+00  0.4049544E+00 -0.7340896E-01  0.2556368E+00  0.4994938E+00
 0.3416476E+00
 0.1500000E+01 -0.3288414E+00  0.5912127E-01 -0.7084863E-01 -0.2090564E+00  0.3410518E+00  0.6452707E+00  0.7559378E-02 -0.4633602E+00  0.3616413E+00  0.1230545E+00 -0.7004686E-01 -0.1140941E+00 -0.8372319E+00 -0.5272014E-01  0.1053665E+00  0.4057655E+00 -0.7113614E-01  0.2519788E+00  0.4899446E+00
 0.3363343E+00
 0.1550000E+01 -0.3226293E+00  0.6008918E-01 -0.7030874E-01 -0.2067354E+00  0.3446268E+00  0.6311660E+00  0.7885231E-02 -0.4633928E+00  0.3525866E+00  0.1224490E+00 -0.6812119E-01 -0.1132989E+00 -0.8282681E+00 -0.5025674E-01  0.1051736E+00  0.4069475E+00 -0.6883716E-01  0.2488987E+00  0.4780222E+00
 0.3295612E+00
 0.1600000E+01 -0.3171368E+00  0.6105232E-01 -0.6976755E-01 -0.2047166E+00  0.3481024E+00  0.6143441E+00  0.8273386E-02 -0.4636421E+00  0.3437500E+00  0.1220819E+00 -0.6634002E-01 -0.1125678E+00 -0.8205991E+00 -0.4745091E-01  0.1051744E+00  0.4084121E+00 -0.6667509E-01  0.2463680E+00  0.4645593E+00
 0.3214378E+00
 0.1650000E+01 -0.3123456E+00  0.6196634E-01 -0.6922058E-01 -0.2029833E+00  0.3514085E+00  0.5956401E+00  0.8710869E-02 -0.4640724E+00  0.3359098E+00  0.1219631E+00 -0.6468171E-01 -0.1118913E+00 -0.8141820E+00 -0.4442907E-01  0.1053759E+00  0.4101231E+00 -0.6466503E-01  0.2444047E+00  0.4512634E+00
 0.3122933E+00
 0.1700000E+01 -0.3084129E+00  0.6301956E-01 -0.6863413E-01 -0.2016069E+00  0.3547541E+00  0.5766760E+00  0.9299662E-02 -0.4647654E+00  0.3293113E+00  0.1221470E+00 -0.6321448E-01 -0.1112663E+00 -0.8093064E+00 -0.4135376E-01  0.1058347E+00  0.4122741E+00 -0.6290444E-01  0.2430916E+00  0.4394056E+00
 0.3027966E+00
 0.1750000E+01 -0.3057727E+00  0.6420674E-01 -0.6813400E-01 -0.2008804E+00  0.3584922E+00  0.5597848E+00  0.1000205E-01 -0.4663212E+00  0.3243998E+00  0.1227516E+00 -0.6205193E-01 -0.1108704E+00 -0.8070242E+00 -0.3833994E-01  0.1066457E+00  0.4153144E+00 -0.6150345E-01  0.2427087E+00  0.4298966E+00
 0.2941326E+00
 0.1800000E+01 -0.3047272E+00  0.6509852E-01 -0.6778649E-01 -0.2009985E+00  0.3628813E+00  0.5464287E+00  0.1082084E-01 -0.4691240E+00  0.3214497E+00  0.1238648E+00 -0.6127780E-01 -0.1108087E+00 -0.8080436E+00 -0.3550936E-01  0.1078835E+00  0.4195679E+00 -0.6054947E-01  0.2434506E+00  0.4231777E+00
 0.2871823E+00
 0.1850000E+01 -0.3054273E+00  0.6518716E-01 -0.6764954E-01 -0.2020657E+00  0.3676998E+00  0.5371631E+00  0.1171398E-01 -0.4733733E+00  0.3206207E+00  0.1255170E+00 -0.6092933E-01 -0.1111523E+00 -0.8127081E+00 -0.3299977E-01  0.1095681E+00  0.4251450E+00 -0.6007454E-01  0.2454104E+00  0.4194706E+00
 0.2823073E+00
 0.1900000E+01 -0.3078510E+00  0.6452071E-01 -0.6773501E-01 -0.2040676E+00  0.3702608E+00  0.5320094E+00  0.1265342E-01 -0.4789832E+00  0.3218857E+00  0.1276669E+00 -0.6101280E-01 -0.1119027E+00 -0.8208867E+00 -0.3087953E-01  0.1116583E+00  0.4319136E+00 -0.6008349E-01  0.2485382E+00  0.4187423E+00
 0.2795414E+00
 0.1950000E+01 -0.3118777E+00  0.6323314E-01 -0.6807493E-01 -0.2069436E+00  0.3695641E+00  0.5307744E+00  0.1366711E-01 -0.4856608E+00  0.3251043E+00  0.1301898E+00 -0.6152590E-01 -0.1130633E+00 -0.8321632E+00 -0.2912259E-01  0.1140319E+00  0.4394547E+00 -0.6056475E-01  0.2526636E+00  0.4208220E+00
 0.2788025E+00
 0.2000000E+01 -0.3171357E+00  0.6139726E-01 -0.6853733E-01 -0.2104487E+00  0.3659920E+00  0.5328590E+00  0.1468228E-01 -0.4918025E+00  0.3298862E+00  0.1328811E+00 -0.6241382E-01 -0.1145030E+00 -0.8454496E+00 -0.2769852E-01  0.1165027E+00  0.4462958E+00 -0.6146390E-01  0.2574333E+00  0.4252195E+00
 0.2797828E+00
 0.2050000E+01 -0.3231557E+00  0.5910710E-01 -0.6876727E-01 -0.2142474E+00  0.3601301E+00  0.5375488E+00  0.1561521E-01 -0.4956893E+00  0.3357731E+00  0.1355459E+00 -0.6358977E-01 -0.1159054E+00 -0.8594172E+00 -0.2659295E-01  0.1189012E+00  0.4510550E+00 -0.6270694E-01  0.2624628E+00  0.4313577E+00
 0.2820965E+00
 0.2100000E+01 -0.3294348E+00  0.5644596E-01 -0.6867961E-01 -0.2180457E+00  0.3524659E+00  0.5440596E+00  0.1651090E-01 -0.4976042E+00  0.3422144E+00  0.1378397E+00 -0.6499561E-01 -0.1169084E+00 -0.8725780E+00 -0.2571389E-01  0.1209179E+00  0.4541276E+00 -0.6421676E-01  0.2672064E+00  0.4385738E+00
 0.2853535E+00
 0.2150000E+01 -0.3352909E+00  0.5349525E-01 -0.6845754E-01 -0.2214204E+00  0.3433011E+00  0.5514492E+00  0.1730373E-01 -0.4980731E+00  0.3485827E+00  0.1395993E+00 -0.6648334E-01 -0.1176897E+00 -0.8836275E+00 -0.2502939E-01  0.1225344E+00  0.4557588E+00 -0.6586104E-01  0.2711576E+00  0.4460847E+00
 0.2890580E+00
 0.2200000E+01 -0.3398430E+00  0.5030611E-01 -0.6808013E-01 -0.2242277E+00  0.3320074E+00  0.5586194E+00  0.1793216E-01 -0.4961744E+00  0.3541956E+00  0.1405431E+00 -0.6778513E-01 -0.1181575E+00 -0.8915958E+00 -0.2457842E-01  0.1233787E+00  0.4549059E+00 -0.6743107E-01  0.2738987E+00  0.4529992E+00
 0.2926065E+00
 0.2250000E+01 -0.3424999E+00  0.4685028E-01 -0.6748773E-01 -0.2263107E+00  0.3183075E+00  0.5648690E+00  0.1835432E-01 -0.4914194E+00  0.3586263E+00  0.1405048E+00 -0.6866150E-01 -0.1181906E+00 -0.8956117E+00 -0.2442049E-01  0.1233130E+00  0.4510938E+00 -0.6874462E-01  0.2751980E+00  0.4587459E+00
 0.2956058E+00
 0.2300000E+01 -0.3433085E+00  0.4324732E-01 -0.6654788E-01 -0.2271883E+00  0.3018077E+00  0.5698314E+00  0.1849791E-01 -0.4831501E+00  0.3615940E+00  0.1394450E+00 -0.6905338E-01 -0.1175498E+00 -0.8942620E+00 -0.2456466E-01  0.1223012E+00  0.4437700E+00 -0.6972943E-01  0.2748530E+00  0.4629871E+00
 0.2978628E+00
 0.2350000E+01 -0.3422341E+00  0.3948481E-01 -0.6522231E-01 -0.2266322E+00  0.2824227E+00  0.5730842E+00  0.1830468E-01 -0.4711433E+00  0.3627744E+00  0.1373470E+00 -0.6901399E-01 -0.1161427E+00 -0.8868991E+00 -0.2499357E-01  0.1203256E+00  0.4327195E+00 -0.7031424E-01  0.2727799E+00  0.4653334E+00
 0.2991657E+00
 0.2400000E+01 -0.3390465E+00  0.3515718E-01 -0.6347315E-01 -0.2244789E+00  0.2601346E+00  0.5746375E+00  0.1776753E-01 -0.4552252E+00  0.3621393E+00  0.1341641E+00 -0.6856834E-01 -0.1138970E+00 -0.8730006E+00 -0.2571208E-01  0.1173487E+00  0.4178021E+00 -0.7046682E-01  0.2688455E+00  0.4657571E+00
 0.2995290E+00
 0.2450000E+01 -0.3338781E+00  0.3019469E-01 -0.6129328E-01 -0.2208039E+00  0.2341537E+00  0.5743392E+00  0.1695076E-01 -0.4355969E+00  0.3597427E+00  0.1299199E+00 -0.6782481E-01 -0.1108352E+00 -0.8528372E+00 -0.2675863E-01  0.1134043E+00  0.3992906E+00 -0.7006180E-01  0.2630579E+00  0.4641982E+00
 0.2988786E+00
 0.2500000E+01 -0.3270852E+00  0.2465761E-01 -0.5874080E-01 -0.2158474E+00  0.2042219E+00  0.5719549E+00  0.1576878E-01 -0.4128233E+00  0.3557066E+00  0.1247642E+00 -0.6688280E-01 -0.1070779E+00 -0.8273723E+00 -0.2814450E-01  0.1086320E+00  0.3777466E+00 -0.6943748E-01  0.2556773E+00  0.4605796E+00
 0.2971143E+00
 0.2550000E+01 -0.3190766E+00  0.1863623E-01 -0.5584021E-01 -0.2098801E+00  0.1707277E+00  0.5679351E+00  0.1422600E-01 -0.3869583E+00  0.3507490E+00  0.1189031E+00 -0.6582478E-01 -0.1027467E+00 -0.7977535E+00 -0.2990205E-01  0.1032226E+00  0.3531120E+00 -0.6877854E-01  0.2470578E+00  0.4554607E+00
 0.2945091E+00
 0.2600000E+01 -0.3102799E+00  0.1223572E-01 -0.5236562E-01 -0.2031775E+00  0.1343262E+00  0.5629355E+00  0.1233838E-01 -0.3557804E+00  0.3455226E+00  0.1126287E+00 -0.6467047E-01 -0.9787213E-01 -0.7652921E+00 -0.3204507E-01  0.9744326E-01  0.3232430E+00 -0.6811229E-01  0.2376908E+00  0.4495146E+00
 0.2914434E+00
 0.2650000E+01 -0.3012455E+00  0.5579358E-02 -0.4820312E-01 -0.1962035E+00  0.9588386E-01  0.5570150E+00  0.1021844E-01 -0.3196190E+00  0.3408920E+00  0.1061248E+00 -0.6344789E-01 -0.9199234E-01 -0.7316266E+00 -0.3453834E-01  0.9141010E-01  0.2887520E+00 -0.6738265E-01  0.2280692E+00  0.4432960E+00
 0.2879658E+00
 0.2700000E+01 -0.2927821E+00 -0.4131224E-02 -0.5109487E-01 -0.1905276E+00  0.7046079E-01  0.5496320E+00  0.8433803E-02 -0.3333757E+00  0.3379649E+00  0.1003638E+00 -0.6227896E-01 -0.9926482E-01 -0.7056784E+00 -0.3734590E-01  0.9010625E-01  0.2998506E+00 -0.6659695E-01  0.2187430E+00  0.4391943E+00
 0.2837665E+00
 0.2750000E+01 -0.2852372E+00 -0.1562590E-01 -0.5986622E-01 -0.1951692E+00  0.5240676E-01  0.5399177E+00  0.7104649E-02 -0.3856726E+00  0.3371656E+00  0.1013514E+00 -0.6121962E-01 -0.1177962E+00 -0.7344509E+00 -0.4038436E-01  0.9886160E-01  0.3455100E+00 -0.6580890E-01  0.2100811E+00  0.4383053E+00
 0.2783625E+00
 0.2800000E+01 -0.2787757E+00 -0.2767605E-01 -0.7113139E-01 -0.2078588E+00  0.3660352E-01  0.5273616E+00  0.6116446E-02 -0.4544890E+00  0.3386090E+00  0.1067735E+00 -0.6029356E-01 -0.1413180E+00 -0.7948277E+00 -0.4347369E-01  0.1120436E+00  0.4061125E+00 -0.6511380E-01  0.2028726E+00  0.4407802E+00
 0.2713583E+00
 0.2850000E+01 -0.2732043E+00 -0.3893051E-01 -0.8272427E-01 -0.2220273E+00  0.2128228E-01  0.5142009E+00  0.5390980E-02 -0.5263219E+00  0.3419456E+00  0.1131260E+00 -0.5946045E-01 -0.1657014E+00 -0.8610708E+00 -0.4649001E-01  0.1261948E+00  0.4697473E+00 -0.6449362E-01  0.1970244E+00  0.4461446E+00
 0.2626183E+00
 0.2900000E+01 -0.2664787E+00 -0.4899224E-01 -0.9340663E-01 -0.2340848E+00  0.5852114E-02  0.5037560E+00  0.4732804E-02 -0.5931646E+00  0.3465629E+00  0.1187004E+00 -0.5880996E-01 -0.1884232E+00 -0.9195783E+00 -0.4936256E-01  0.1394318E+00  0.5292020E+00 -0.6398768E-01  0.1897930E+00  0.4536894E+00
 0.2533673E+00
 0.2950000E+01 -0.2552594E+00 -0.5782231E-01 -0.1023877E+00 -0.2419994E+00 -0.9703896E-02  0.4950808E+00  0.3986032E-02 -0.6495143E+00  0.3514641E+00  0.1223965E+00 -0.5764834E-01 -0.2077726E+00 -0.9621178E+00 -0.5167713E-01  0.1504052E+00  0.5793875E+00 -0.6355837E-01  0.1795741E+00  0.4620861E+00
 0.2449230E+00
 0.3000000E+01 -0.2383959E+00 -0.6608023E-01 -0.1090861E+00 -0.2445135E+00 -0.2493766E-01  0.4875232E+00  0.3245610E-02 -0.6913457E+00  0.3560491E+00  0.1235175E+00 -0.5511965E-01 -0.2224770E+00 -0.9833634E+00 -0.5313291E-01  0.1581556E+00  0.6165886E+00 -0.6332480E-01  0.1656315E+00  0.4706524E+00
 0.2372844E+00
 0.3050000E+01 -0.2157247E+00 -0.7537464E-01 -0.1131049E+00 -0.2410149E+00 -0.4019765E-01  0.4806106E+00  0.3056702E-02 -0.7162193E+00  0.3599569E+00  0.1216790E+00 -0.5116489E-01 -0.2316817E+00 -0.9804260E+00 -0.5369870E-01  0.1620758E+00  0.6387144E+00 -0.6303110E-01  0.1477757E+00  0.4789348E+00
 0.2302767E+00
 0.3100000E+01 -0.1877336E+00 -0.8541579E-01 -0.1146284E+00 -0.2315071E+00 -0.5578601E-01  0.4739096E+00  0.3055004E-02 -0.7275052E+00  0.3627690E+00  0.1168748E+00 -0.4589688E-01 -0.2350876E+00 -0.9530108E+00 -0.5352173E-01  0.1620119E+00  0.6502439E+00 -0.6154023E-01  0.1263569E+00  0.4864928E+00
 0.2237061E+00
 0.3150000E+01 -0.1558093E+00 -0.9392814E-01 -0.1141768E+00 -0.2169680E+00 -0.7051340E-01  0.4680460E+00  0.2832134E-02 -0.7259730E+00  0.3639037E+00  0.1098337E+00 -0.3965774E-01 -0.2333397E+00 -0.9052607E+00 -0.5272308E-01  0.1587856E+00  0.6500255E+00 -0.5891209E-01  0.1024585E+00  0.4939565E+00
 0.2178995E+00
 0.3200000E+01 -0.1230531E+00 -0.9966465E-01 -0.1104740E+00 -0.2010228E+00 -0.8317791E-01  0.4656146E+00  0.2528597E-02 -0.7035631E+00  0.3640543E+00  0.1026236E+00 -0.3320384E-01 -0.2261367E+00 -0.8491328E+00 -0.5162712E-01  0.1551927E+00  0.6310531E+00 -0.5621820E-01  0.7830926E-01  0.5041380E+00
 0.2140567E+00
 0.3250000E+01 -0.9607827E-01 -0.1022784E+00 -0.1033515E+00 -0.1940608E+00 -0.9323850E-01  0.4702676E+00  0.2159068E-02 -0.6593842E+00  0.3818269E+00  0.1014084E+00 -0.2826903E-01 -0.2121285E+00 -0.7738367E+00 -0.5060072E-01  0.1597989E+00  0.5925620E+00 -0.5673856E-01  0.5866069E-01  0.5215084E+00
 0.2138397E+00
 0.3300000E+01 -0.7639703E-01 -0.1018819E+00 -0.9310586E-01 -0.1994440E+00 -0.1005025E+00  0.4865691E+00  0.1730202E-02 -0.5954565E+00  0.4288737E+00  0.1075075E+00 -0.2553455E-01 -0.1917553E+00 -0.6756942E+00 -0.4986630E-01  0.1680805E+00  0.5363784E+00 -0.6209266E-01  0.4390205E-01  0.5599207E+00
 0.2193568E+00
 0.3350000E+01 -0.5998788E-01 -0.9828373E-01 -0.8040176E-01 -0.2029641E+00 -0.1051651E+00  0.5170956E+00  0.1259381E-02 -0.5160645E+00  0.4936195E+00  0.1128182E+00 -0.2402795E-01 -0.1663641E+00 -0.5600518E+00 -0.4951665E-01  0.1724949E+00  0.4663430E+00 -0.7035706E-01  0.3088376E-01  0.6209876E+00
 0.2317409E+00
 0.3400000E+01 -0.4390883E-01 -0.9137264E-01 -0.6633452E-01 -0.2033125E+00 -0.1080559E+00  0.5637708E+00  0.8835745E-03 -0.4285241E+00  0.5601520E+00  0.1165334E+00 -0.2276501E-01 -0.1382814E+00 -0.4356293E+00 -0.4952763E-01  0.1743708E+00  0.3891571E+00 -0.7911272E-01  0.1778238E-01  0.6846625E+00
 0.2518509E+00
 0.3450000E+01 -0.2739183E-01 -0.8132926E-01 -0.5269538E-01 -0.2059825E+00 -0.1111960E+00  0.6260615E+00  0.1034840E-02 -0.3456141E+00  0.6176025E+00  0.1217262E+00 -0.2125108E-01 -0.1115352E+00 -0.3160705E+00 -0.4969843E-01  0.1784504E+00  0.3168857E+00 -0.8674060E-01  0.4816222E-02  0.7375347E+00
 0.2797460E+00
 0.3500000E+01 -0.1239907E-01 -0.6848200E-01 -0.4260138E-01 -0.2235947E+00 -0.1128705E+00  0.6954692E+00  0.1650972E-02 -0.2875687E+00  0.6594659E+00  0.1359158E+00 -0.1949052E-01 -0.9267129E-01 -0.2193312E+00 -0.4979864E-01  0.1956970E+00  0.2680134E+00 -0.9227533E-01 -0.7772727E-02  0.7720791E+00
 0.3154533E+00
 0.3550000E+01  0.8043484E-03 -0.5333686E-01 -0.3739883E-01 -0.2690650E+00 -0.1108906E+00  0.7488793E+00  0.2498734E-02 -0.2648356E+00  0.6819575E+00  0.1670546E+00 -0.1962476E-01 -0.8503047E-01 -0.1496254E+00 -0.4934530E-01  0.2374072E+00  0.2529198E+00 -0.9517150E-01 -0.2148443E-01  0.7842170E+00
 0.3533723E+00
 0.3600000E+01  0.1409300E-01 -0.3649315E-01 -0.3595238E-01 -0.3403683E+00 -0.1054139E+00  0.7797045E+00  0.3295745E-02 -0.2669653E+00  0.6830639E+00  0.2141051E+00 -0.2155854E-01 -0.8569083E-01 -0.9438766E-01 -0.4744894E-01  0.3017332E+00  0.2609728E+00 -0.9524851E-01 -0.3728157E-01  0.7719947E+00
 0.3827003E+00
 0.3650000E+01  0.2782484E-01 -0.1859578E-01 -0.3575385E-01 -0.4235812E+00 -0.9696460E-01  0.7859820E+00  0.4027513E-02 -0.2717833E+00  0.6620780E+00  0.2683844E+00 -0.2424194E-01 -0.8956249E-01 -0.4266525E-01 -0.4365380E-01  0.3762738E+00  0.2702845E+00 -0.9344367E-01 -0.5446162E-01  0.7349930E+00
 0.4001018E+00
 0.3700000E+01  0.4143641E-01 -0.2306044E-03 -0.3491180E-01 -0.5058309E+00 -0.8626928E-01  0.7673184E+00  0.4702704E-02 -0.2706325E+00  0.6196115E+00  0.3217670E+00 -0.2686717E-01 -0.9322782E-01  0.8942144E-02 -0.3798312E-01  0.4495856E+00  0.2736453E+00 -0.9087510E-01 -0.7160088E-01  0.6742374E+00
 0.4048149E+00
 0.3750000E+01  0.5420316E-01  0.1819813E-01 -0.3349290E-01 -0.5787897E+00 -0.7413981E-01  0.7248771E+00  0.5335642E-02 -0.2651058E+00  0.5581186E+00  0.3689879E+00 -0.2904274E-01 -0.9538415E-01  0.6033539E-01 -0.3069004E-01  0.5143192E+00  0.2726197E+00 -0.8661401E-01 -0.8751680E-01  0.5922436E+00
 0.3969621E+00
 0.3800000E+01  0.6560663E-01  0.3648023E-01 -0.3177109E-01 -0.6374196E+00 -0.6108956E-01  0.6626575E+00  0.5866352E-02 -0.2563801E+00  0.4822860E+00  0.4068712E+00 -0.3047164E-01 -0.9648754E-01  0.1108271E+00 -0.2253518E-01  0.5661609E+00  0.2681011E+00 -0.8010466E-01 -0.1013121E+00  0.4937300E+00
 0.3782093E+00
 0.3850000E+01  0.7546736E-01  0.5404511E-01 -0.2959618E-01 -0.6806464E+00 -0.4678193E-01  0.5921226E+00  0.6161392E-02 -0.2423352E+00  0.3951583E+00  0.4349323E+00 -0.3111673E-01 -0.9578334E-01  0.1586555E+00 -0.1448289E-01  0.6046939E+00  0.2575895E+00 -0.7160998E-01 -0.1126223E+00  0.3883135E+00
 0.3545252E+00
 0.3900000E+01  0.8485004E-01  0.7006713E-01 -0.2663956E-01 -0.7116699E+00 -0.3114748E-01  0.5302983E+00  0.6244223E-02 -0.2213786E+00  0.3054651E+00  0.4552448E+00 -0.3154998E-01 -0.9240550E-01  0.2018389E+00 -0.8370101E-02  0.6265778E+00  0.2395993E+00 -0.6267892E-01 -0.1231296E+00  0.2868007E+00
 0.3355495E+00
 0.3950000E+01  0.9630939E-01  0.8406370E-01 -0.2294724E-01 -0.7237495E+00 -0.1462844E-01  0.4693093E+00  0.6127538E-02 -0.1940687E+00  0.2243263E+00  0.4633164E+00 -0.3319633E-01 -0.8640160E-01  0.2391706E+00 -0.3967897E-02  0.6304733E+00  0.2146705E+00 -0.5580702E-01 -0.1371861E+00  0.1924765E+00
 0.3167880E+00
 0.4000000E+01  0.1110907E+00  0.9576827E-01 -0.1864800E-01 -0.7164447E+00  0.2269845E-02  0.4074004E+00  0.5830358E-02 -0.1615349E+00  0.1532531E+00  0.4589564E+00 -0.3721656E-01 -0.7807927E-01  0.2700422E+00 -0.1025859E-02  0.6173907E+00  0.1839365E+00 -0.5201621E-01 -0.1527020E+00  0.1070398E+00
 0.2972240E+00
