-0.4000000E+01  0.1512721E+03 -0.1066095E+05  0.9954566E+06
-0.3992180E+01  0.6790204E+02 -0.2876340E+04  0.1777607E+06
-0.3984360E+01  0.4540867E+02 -0.1486227E+04  0.8472164E+05
-0.3976540E+01  0.3378617E+02 -0.8236919E+03  0.3360938E+05
-0.3968719E+01  0.2734479E+02 -0.5608620E+03  0.2337339E+05
-0.3960899E+01  0.2295877E+02 -0.3780789E+03  0.1168717E+05
-0.3953079E+01  0.2000214E+02 -0.2866836E+03  0.9555099E+04
-0.3945259E+01  0.1776024E+02 -0.2119614E+03  0.5352881E+04
-0.3937439E+01  0.1610267E+02 -0.1701012E+03  0.4785583E+04
-0.3929619E+01  0.1477245E+02 -0.1326772E+03  0.2869142E+04
-0.3921799E+01  0.1373490E+02 -0.1102402E+03  0.2711922E+04
-0.3913978E+01  0.1287281E+02 -0.8903256E+02  0.1700540E+04
-0.3906158E+01  0.1217656E+02 -0.7573410E+02  0.1668328E+04
-0.3898338E+01  0.1158431E+02 -0.6268755E+02  0.1079614E+04
-0.3890518E+01  0.1109408E+02 -0.5424482E+02  0.1087276E+04
-0.3882698E+01  0.1066988E+02 -0.4574218E+02  0.7198546E+03
-0.3874878E+01  0.1031217E+02 -0.4011282E+02  0.7390473E+03
-0.3867058E+01  0.9998483E+01 -0.3433337E+02  0.4975904E+03
-0.3859238E+01  0.9729992E+01 -0.3044214E+02  0.5184465E+03
-0.3851417E+01  0.9491930E+01 -0.2638782E+02  0.3533995E+03
-0.3843597E+01  0.9285574E+01 -0.2362419E+02  0.3725887E+03
-0.3835777E+01  0.9100829E+01 -0.2071049E+02  0.2562512E+03
-0.3827957E+01  0.8938870E+01 -0.1870657E+02  0.2728671E+03
-0.3820137E+01  0.8792582E+01 -0.1657272E+02  0.1888309E+03
-0.3812317E+01  0.8662982E+01 -0.1509603E+02  0.2028539E+03
-0.3804497E+01  0.8544929E+01 -0.1350969E+02  0.1409367E+03
-0.3796676E+01  0.8439281E+01 -0.1240754E+02  0.1526455E+03
-0.3788856E+01  0.8342252E+01 -0.1121383E+02  0.1062775E+03
-0.3781036E+01  0.8254559E+01 -0.1038273E+02  0.1160183E+03
-0.3773216E+01  0.8173364E+01 -0.9475449E+01  0.8082093E+02
-0.3765396E+01  0.8099265E+01 -0.8843418E+01  0.8892816E+02
-0.3757576E+01  0.8030108E+01 -0.8147988E+01  0.6190021E+02
-0.3749756E+01  0.7966390E+01 -0.7663920E+01  0.6866111E+02
-0.3741935E+01  0.7906457E+01 -0.7126981E+01  0.4770284E+02
-0.3734115E+01  0.7850723E+01 -0.6753938E+01  0.5335652E+02
-0.3726295E+01  0.7797906E+01 -0.6336683E+01  0.3696521E+02
-0.3718475E+01  0.7748352E+01 -0.6047610E+01  0.4170982E+02
-0.3710655E+01  0.7701059E+01 -0.5721433E+01  0.2879229E+02
-0.3702835E+01  0.7656317E+01 -0.5496274E+01  0.3278723E+02
-0.3695015E+01  0.7613335E+01 -0.5239873E+01  0.2253922E+02
-0.3687195E+01  0.7572359E+01 -0.5063613E+01  0.2591349E+02
-0.3679374E+01  0.7532761E+01 -0.4860966E+01  0.1773372E+02
-0.3671554E+01  0.7494747E+01 -0.4722286E+01  0.2059183E+02
-0.3663734E+01  0.7457818E+01 -0.4561255E+01  0.1402762E+02
-0.3655914E+01  0.7422149E+01 -0.4451557E+01  0.1645471E+02
-0.3648094E+01  0.7387337E+01 -0.4322879E+01  0.1115930E+02
-0.3640274E+01  0.7353531E+01 -0.4235612E+01  0.1322628E+02
-0.3632454E+01  0.7320408E+01 -0.4132181E+01  0.8934367E+01
-0.3624633E+01  0.7288094E+01 -0.4062313E+01  0.1069795E+02
-0.3616813E+01  0.7256326E+01 -0.3978653E+01  0.7204058E+01
-0.3608993E+01  0.7225213E+01 -0.3922316E+01  0.8711929E+01
-0.3601173E+01  0.7194540E+01 -0.3854188E+01  0.5855665E+01
-0.3593353E+01  0.7164399E+01 -0.3808396E+01  0.7147119E+01
-0.3585533E+01  0.7134617E+01 -0.3752504E+01  0.4802965E+01
-0.3577713E+01  0.7105272E+01 -0.3714945E+01  0.5911367E+01
-0.3569892E+01  0.7076221E+01 -0.3668717E+01  0.3979667E+01
-0.3562072E+01  0.7047531E+01 -0.3637595E+01  0.4932265E+01
-0.3554252E+01  0.7019084E+01 -0.3599024E+01  0.3334803E+01
-0.3546432E+01  0.6990939E+01 -0.3572946E+01  0.4155153E+01
-0.3538612E+01  0.6962998E+01 -0.3540452E+01  0.2829174E+01
-0.3530792E+01  0.6935312E+01 -0.3518327E+01  0.3536189E+01
-0.3522972E+01  0.6907798E+01 -0.3490674E+01  0.2432181E+01
-0.3515152E+01  0.6880500E+01 -0.3471654E+01  0.3042438E+01
-0.3507331E+01  0.6853352E+01 -0.3447862E+01  0.2120087E+01
-0.3499511E+01  0.6826389E+01 -0.3431282E+01  0.2647438E+01
-0.3491691E+01  0.6799556E+01 -0.3410579E+01  0.1874516E+01
-0.3483871E+01  0.6772884E+01 -0.3395920E+01  0.2330651E+01
-0.3476051E+01  0.6746328E+01 -0.3377694E+01  0.1680999E+01
-0.3468231E+01  0.6719914E+01 -0.3364548E+01  0.2076105E+01
-0.3460411E+01  0.6693603E+01 -0.3348313E+01  0.1528337E+01
-0.3452590E+01  0.6667418E+01 -0.3336361E+01  0.1870882E+01
-0.3444770E+01  0.6641328E+01 -0.3321730E+01  0.1407806E+01
-0.3436950E+01  0.6615351E+01 -0.3310721E+01  0.1705284E+01
-0.3429130E+01  0.6589461E+01 -0.3297386E+01  0.1312457E+01
-0.3421310E+01  0.6563675E+01 -0.3287122E+01  0.1571067E+01
-0.3413490E+01  0.6537969E+01 -0.3274836E+01  0.1237007E+01
-0.3405670E+01  0.6512359E+01 -0.3265163E+01  0.1462056E+01
-0.3397849E+01  0.6486825E+01 -0.3253729E+01  0.1177293E+01
-0.3390029E+01  0.6461381E+01 -0.3244523E+01  0.1373182E+01
-0.3382209E+01  0.6436008E+01 -0.3233784E+01  0.1129922E+01
-0.3374389E+01  0.6410720E+01 -0.3224948E+01  0.1300660E+01
-0.3366569E+01  0.6385500E+01 -0.3214777E+01  0.1092195E+01
-0.3358749E+01  0.6360360E+01 -0.3206235E+01  0.1241204E+01
-0.3350929E+01  0.6335287E+01 -0.3196529E+01  0.1062120E+01
-0.3343109E+01  0.6310290E+01 -0.3188223E+01  0.1192332E+01
-0.3335288E+01  0.6285357E+01 -0.3178899E+01  0.1038184E+01
-0.3327468E+01  0.6260498E+01 -0.3170780E+01  0.1151961E+01
-0.3319648E+01  0.6235702E+01 -0.3161772E+01  0.1018964E+01
-0.3311828E+01  0.6210976E+01 -0.3153803E+01  0.1118542E+01
-0.3304008E+01  0.6186313E+01 -0.3145056E+01  0.1003496E+01
-0.3296188E+01  0.6161718E+01 -0.3137209E+01  0.1090728E+01
-0.3288368E+01  0.6137185E+01 -0.3128679E+01  0.9910220E+00
-0.3280547E+01  0.6112718E+01 -0.3120929E+01  0.1067529E+01
-0.3272727E+01  0.6088312E+01 -0.3112581E+01  0.9808715E+00
-0.3264907E+01  0.6063971E+01 -0.3104910E+01  0.1048028E+01
-0.3257087E+01  0.6039691E+01 -0.3096715E+01  0.9725747E+00
-0.3249267E+01  0.6015474E+01 -0.3089109E+01  0.1031533E+01
-0.3241447E+01  0.5991317E+01 -0.3081042E+01  0.9657713E+00
-0.3233627E+01  0.5967222E+01 -0.3073490E+01  0.1017571E+01
-0.3225806E+01  0.5943187E+01 -0.3065532E+01  0.9600368E+00
-0.3217986E+01  0.5919215E+01 -0.3058025E+01  0.1005643E+01
-0.3210166E+01  0.5895300E+01 -0.3050160E+01  0.9552648E+00
-0.3202346E+01  0.5871448E+01 -0.3042690E+01  0.9953939E+00
-0.3194526E+01  0.5847653E+01 -0.3034906E+01  0.9511518E+00
-0.3186706E+01  0.5823920E+01 -0.3027468E+01  0.9865146E+00
-0.3178886E+01  0.5800245E+01 -0.3019753E+01  0.9476029E+00
-0.3171065E+01  0.5776630E+01 -0.3012343E+01  0.9787801E+00
-0.3163245E+01  0.5753073E+01 -0.3004688E+01  0.9444917E+00
-0.3155425E+01  0.5729576E+01 -0.2997302E+01  0.9719876E+00
-0.3147605E+01  0.5706137E+01 -0.2989701E+01  0.9416806E+00
-0.3139785E+01  0.5682757E+01 -0.2982337E+01  0.9659665E+00
-0.3131965E+01  0.5659434E+01 -0.2974783E+01  0.9391543E+00
-0.3124145E+01  0.5636171E+01 -0.2967439E+01  0.9606048E+00
-0.3116325E+01  0.5612965E+01 -0.2959927E+01  0.9368067E+00
-0.3108504E+01  0.5589818E+01 -0.2952601E+01  0.9557674E+00
-0.3100684E+01  0.5566729E+01 -0.2945127E+01  0.9346160E+00
-0.3092864E+01  0.5543697E+01 -0.2937818E+01  0.9513619E+00
-0.3085044E+01  0.5520723E+01 -0.2930378E+01  0.9325427E+00
-0.3077224E+01  0.5497807E+01 -0.2923085E+01  0.9473419E+00
-0.3069404E+01  0.5474948E+01 -0.2915677E+01  0.9305390E+00
-0.3061584E+01  0.5452147E+01 -0.2908400E+01  0.9436294E+00
-0.3053763E+01  0.5429403E+01 -0.2901021E+01  0.9286003E+00
-0.3045943E+01  0.5406717E+01 -0.2893759E+01  0.9401615E+00
-0.3038123E+01  0.5384087E+01 -0.2886407E+01  0.9267110E+00
-0.3030303E+01  0.5361515E+01 -0.2879160E+01  0.9369132E+00
-0.3022483E+01  0.5339000E+01 -0.2871833E+01  0.9248354E+00
-0.3014663E+01  0.5316542E+01 -0.2864601E+01  0.9338544E+00
-0.3006843E+01  0.5294140E+01 -0.2857298E+01  0.9229772E+00
-0.2999022E+01  0.5271796E+01 -0.2850080E+01  0.9309313E+00
-0.2991202E+01  0.5249508E+01 -0.2842800E+01  0.9211332E+00
-0.2983382E+01  0.5227277E+01 -0.2835597E+01  0.9281432E+00
-0.2975562E+01  0.5205102E+01 -0.2828339E+01  0.9192725E+00
-0.2967742E+01  0.5182984E+01 -0.2821150E+01  0.9254669E+00
-0.2959922E+01  0.5160922E+01 -0.2813912E+01  0.9174172E+00
-0.2952102E+01  0.5138917E+01 -0.2806738E+01  0.9228664E+00
-0.2944282E+01  0.5116968E+01 -0.2799521E+01  0.9155506E+00
-0.2936461E+01  0.5095075E+01 -0.2792361E+01  0.9203415E+00
-0.2928641E+01  0.5073238E+01 -0.2785164E+01  0.9136750E+00
-0.2920821E+01  0.5051458E+01 -0.2778019E+01  0.9178736E+00
-0.2913001E+01  0.5029734E+01 -0.2770841E+01  0.9117834E+00
-0.2905181E+01  0.5008065E+01 -0.2763711E+01  0.9154601E+00
-0.2897361E+01  0.4986453E+01 -0.2756552E+01  0.9098759E+00
-0.2889541E+01  0.4964896E+01 -0.2749437E+01  0.9130839E+00
-0.2881720E+01  0.4943395E+01 -0.2742296E+01  0.9079493E+00
-0.2873900E+01  0.4921950E+01 -0.2735196E+01  0.9107418E+00
-0.2866080E+01  0.4900560E+01 -0.2728074E+01  0.9060092E+00
-0.2858260E+01  0.4879226E+01 -0.2720989E+01  0.9084198E+00
-0.2850440E+01  0.4857948E+01 -0.2713885E+01  0.9040528E+00
-0.2842620E+01  0.4836725E+01 -0.2706815E+01  0.9061208E+00
-0.2834800E+01  0.4815557E+01 -0.2699729E+01  0.9020730E+00
-0.2826979E+01  0.4794445E+01 -0.2692675E+01  0.9038418E+00
-0.2819159E+01  0.4773388E+01 -0.2685606E+01  0.9000766E+00
-0.2811339E+01  0.4752386E+01 -0.2678568E+01  0.9015651E+00
-0.2803519E+01  0.4731439E+01 -0.2671517E+01  0.8980577E+00
-0.2795699E+01  0.4710548E+01 -0.2664494E+01  0.8993078E+00
-0.2787879E+01  0.4689711E+01 -0.2657462E+01  0.8960199E+00
-0.2780059E+01  0.4668929E+01 -0.2650455E+01  0.8970481E+00
-0.2772239E+01  0.4648202E+01 -0.2643440E+01  0.8939619E+00
-0.2764418E+01  0.4627530E+01 -0.2636449E+01  0.8947914E+00
-0.2756598E+01  0.4606913E+01 -0.2629451E+01  0.8918884E+00
-0.2748778E+01  0.4586350E+01 -0.2622477E+01  0.8925335E+00
-0.2740958E+01  0.4565842E+01 -0.2615497E+01  0.8897911E+00
-0.2733138E+01  0.4545389E+01 -0.2608539E+01  0.8902730E+00
-0.2725318E+01  0.4524990E+01 -0.2601577E+01  0.8876752E+00
-0.2717498E+01  0.4504645E+01 -0.2594635E+01  0.8880079E+00
-0.2709677E+01  0.4484354E+01 -0.2587690E+01  0.8855407E+00
-0.2701857E+01  0.4464118E+01 -0.2580765E+01  0.8857354E+00
-0.2694037E+01  0.4443936E+01 -0.2573839E+01  0.8833855E+00
-0.2686217E+01  0.4423809E+01 -0.2566931E+01  0.8834576E+00
-0.2678397E+01  0.4403735E+01 -0.2560022E+01  0.8812087E+00
-0.2670577E+01  0.4383715E+01 -0.2553131E+01  0.8811704E+00
-0.2662757E+01  0.4363749E+01 -0.2546240E+01  0.8790123E+00
-0.2654936E+01  0.4343837E+01 -0.2539366E+01  0.8788731E+00
-0.2647116E+01  0.4323979E+01 -0.2532493E+01  0.8767961E+00
-0.2639296E+01  0.4304175E+01 -0.2525636E+01  0.8765630E+00
-0.2631476E+01  0.4284424E+01 -0.2518781E+01  0.8745599E+00
-0.2623656E+01  0.4264727E+01 -0.2511942E+01  0.8742406E+00
-0.2615836E+01  0.4245083E+01 -0.2505106E+01  0.8723041E+00
-0.2608016E+01  0.4225493E+01 -0.2498284E+01  0.8719043E+00
-0.2600196E+01  0.4205956E+01 -0.2491466E+01  0.8700276E+00
-0.2592375E+01  0.4186472E+01 -0.2484662E+01  0.8695551E+00
-0.2584555E+01  0.4167042E+01 -0.2477862E+01  0.8677291E+00
-0.2576735E+01  0.4147665E+01 -0.2471076E+01  0.8671909E+00
-0.2568915E+01  0.4128340E+01 -0.2464295E+01  0.8654099E+00
-0.2561095E+01  0.4109069E+01 -0.2457527E+01  0.8648113E+00
-0.2553275E+01  0.4089851E+01 -0.2450764E+01  0.8630695E+00
-0.2545455E+01  0.4070686E+01 -0.2444015E+01  0.8624141E+00
-0.2537634E+01  0.4051573E+01 -0.2437270E+01  0.8607093E+00
-0.2529814E+01  0.4032513E+01 -0.2430540E+01  0.8599999E+00
-0.2521994E+01  0.4013506E+01 -0.2423814E+01  0.8583265E+00
-0.2514174E+01  0.3994552E+01 -0.2417102E+01  0.8575676E+00
-0.2506354E+01  0.3975650E+01 -0.2410396E+01  0.8559228E+00
-0.2498534E+01  0.3956800E+01 -0.2403702E+01  0.8551178E+00
-0.2490714E+01  0.3938003E+01 -0.2397015E+01  0.8534962E+00
-0.2482893E+01  0.3919258E+01 -0.2390341E+01  0.8526487E+00
-0.2475073E+01  0.3900565E+01 -0.2383673E+01  0.8510479E+00
-0.2467253E+01  0.3881924E+01 -0.2377018E+01  0.8501600E+00
-0.2459433E+01  0.3863336E+01 -0.2370369E+01  0.8485772E+00
-0.2451613E+01  0.3844799E+01 -0.2363733E+01  0.8476513E+00
-0.2443793E+01  0.3826314E+01 -0.2357104E+01  0.8460836E+00
-0.2435973E+01  0.3807882E+01 -0.2350488E+01  0.8451215E+00
-0.2428152E+01  0.3789500E+01 -0.2343879E+01  0.8435675E+00
-0.2420332E+01  0.3771171E+01 -0.2337282E+01  0.8425708E+00
-0.2412512E+01  0.3752893E+01 -0.2330693E+01  0.8410280E+00
-0.2404692E+01  0.3734667E+01 -0.2324116E+01  0.8399985E+00
-0.2396872E+01  0.3716492E+01 -0.2317547E+01  0.8384647E+00
-0.2389052E+01  0.3698368E+01 -0.2310990E+01  0.8374040E+00
-0.2381232E+01  0.3680296E+01 -0.2304442E+01  0.8358767E+00
-0.2373412E+01  0.3662275E+01 -0.2297905E+01  0.8347874E+00
-0.2365591E+01  0.3644305E+01 -0.2291377E+01  0.8332656E+00
-0.2357771E+01  0.3626386E+01 -0.2284861E+01  0.8321473E+00
-0.2349951E+01  0.3608518E+01 -0.2278353E+01  0.8306282E+00
-0.2342131E+01  0.3590701E+01 -0.2271858E+01  0.8294842E+00
-0.2334311E+01  0.3572935E+01 -0.2265371E+01  0.8279673E+00
-0.2326491E+01  0.3555219E+01 -0.2258896E+01  0.8267967E+00
-0.2318671E+01  0.3537555E+01 -0.2252430E+01  0.8252802E+00
-0.2310850E+01  0.3519940E+01 -0.2245977E+01  0.8240852E+00
-0.2303030E+01  0.3502376E+01 -0.2239532E+01  0.8225677E+00
-0.2295210E+01  0.3484863E+01 -0.2233100E+01  0.8213481E+00
-0.2287390E+01  0.3467400E+01 -0.2226676E+01  0.8198292E+00
-0.2279570E+01  0.3449987E+01 -0.2220265E+01  0.8185863E+00
-0.2271750E+01  0.3432624E+01 -0.2213864E+01  0.8170640E+00
-0.2263930E+01  0.3415311E+01 -0.2207474E+01  0.8157984E+00
-0.2256109E+01  0.3398049E+01 -0.2201095E+01  0.8142723E+00
-0.2248289E+01  0.3380836E+01 -0.2194727E+01  0.8129841E+00
-0.2240469E+01  0.3363673E+01 -0.2188369E+01  0.8114536E+00
-0.2232649E+01  0.3346559E+01 -0.2182024E+01  0.8101430E+00
-0.2224829E+01  0.3329496E+01 -0.2175688E+01  0.8086071E+00
-0.2217009E+01  0.3312482E+01 -0.2169365E+01  0.8072752E+00
-0.2209189E+01  0.3295517E+01 -0.2163052E+01  0.8057325E+00
-0.2201369E+01  0.3278601E+01 -0.2156751E+01  0.8043798E+00
-0.2193548E+01  0.3261735E+01 -0.2150460E+01  0.8028293E+00
-0.2185728E+01  0.3244918E+01 -0.2144182E+01  0.8014561E+00
-0.2177908E+01  0.3228151E+01 -0.2137915E+01  0.7998982E+00
-0.2170088E+01  0.3211432E+01 -0.2131659E+01  0.7985039E+00
-0.2162268E+01  0.3194762E+01 -0.2125415E+01  0.7969375E+00
-0.2154448E+01  0.3178141E+01 -0.2119183E+01  0.7955231E+00
-0.2146628E+01  0.3161569E+01 -0.2112962E+01  0.7939470E+00
-0.2138807E+01  0.3145045E+01 -0.2106753E+01  0.7925130E+00
-0.2130987E+01  0.3128570E+01 -0.2100555E+01  0.7909268E+00
-0.2123167E+01  0.3112143E+01 -0.2094370E+01  0.7894730E+00
-0.2115347E+01  0.3095765E+01 -0.2088196E+01  0.7878761E+00
-0.2107527E+01  0.3079435E+01 -0.2082035E+01  0.7864027E+00
-0.2099707E+01  0.3063153E+01 -0.2075885E+01  0.7847951E+00
-0.2091887E+01  0.3046920E+01 -0.2069748E+01  0.7833016E+00
-0.2084066E+01  0.3030734E+01 -0.2063623E+01  0.7816826E+00
-0.2076246E+01  0.3014596E+01 -0.2057510E+01  0.7801701E+00
-0.2068426E+01  0.2998506E+01 -0.2051409E+01  0.7785383E+00
-0.2060606E+01  0.2982464E+01 -0.2045320E+01  0.7770063E+00
-0.2052786E+01  0.2966469E+01 -0.2039244E+01  0.7753624E+00
-0.2044966E+01  0.2950522E+01 -0.2033181E+01  0.7738112E+00
-0.2037146E+01  0.2934622E+01 -0.2027129E+01  0.7721538E+00
-0.2029326E+01  0.2918770E+01 -0.2021091E+01  0.7705832E+00
-0.2021505E+01  0.2902964E+01 -0.2015065E+01  0.7689127E+00
-0.2013685E+01  0.2887206E+01 -0.2009052E+01  0.7673228E+00
-0.2005865E+01  0.2871495E+01 -0.2003051E+01  0.7656381E+00
-0.1998045E+01  0.2855831E+01 -0.1997064E+01  0.7640289E+00
-0.1990225E+01  0.2840214E+01 -0.1991089E+01  0.7623301E+00
-0.1982405E+01  0.2824643E+01 -0.1985128E+01  0.7607012E+00
-0.1974585E+01  0.2809119E+01 -0.1979179E+01  0.7589879E+00
-0.1966764E+01  0.2793642E+01 -0.1973244E+01  0.7573397E+00
-0.1958944E+01  0.2778211E+01 -0.1967321E+01  0.7556113E+00
-0.1951124E+01  0.2762826E+01 -0.1961412E+01  0.7539434E+00
-0.1943304E+01  0.2747488E+01 -0.1955516E+01  0.7521996E+00
-0.1935484E+01  0.2732195E+01 -0.1949634E+01  0.7505125E+00
-0.1927664E+01  0.2716949E+01 -0.1943765E+01  0.7487528E+00
-0.1919844E+01  0.2701748E+01 -0.1937909E+01  0.7470458E+00
-0.1912023E+01  0.2686594E+01 -0.1932067E+01  0.7452703E+00
-0.1904203E+01  0.2671485E+01 -0.1926239E+01  0.7435435E+00
-0.1896383E+01  0.2656421E+01 -0.1920425E+01  0.7417516E+00
-0.1888563E+01  0.2641403E+01 -0.1914624E+01  0.7400051E+00
-0.1880743E+01  0.2626430E+01 -0.1908837E+01  0.7381963E+00
-0.1872923E+01  0.2611503E+01 -0.1903064E+01  0.7364299E+00
-0.1865103E+01  0.2596621E+01 -0.1897305E+01  0.7346041E+00
-0.1857283E+01  0.2581784E+01 -0.1891561E+01  0.7328176E+00
-0.1849462E+01  0.2566991E+01 -0.1885830E+01  0.7309746E+00
-0.1841642E+01  0.2552244E+01 -0.1880114E+01  0.7291679E+00
-0.1833822E+01  0.2537541E+01 -0.1874411E+01  0.7273071E+00
-0.1826002E+01  0.2522883E+01 -0.1868724E+01  0.7254804E+00
-0.1818182E+01  0.2508269E+01 -0.1863050E+01  0.7236017E+00
-0.1810362E+01  0.2493700E+01 -0.1857392E+01  0.7217544E+00
-0.1802542E+01  0.2479175E+01 -0.1851747E+01  0.7198576E+00
-0.1794721E+01  0.2464694E+01 -0.1846118E+01  0.7179899E+00
-0.1786901E+01  0.2450257E+01 -0.1840503E+01  0.7160747E+00
-0.1779081E+01  0.2435864E+01 -0.1834904E+01  0.7141861E+00
-0.1771261E+01  0.2421515E+01 -0.1829318E+01  0.7122522E+00
-0.1763441E+01  0.2407210E+01 -0.1823749E+01  0.7103430E+00
-0.1755621E+01  0.2392948E+01 -0.1818194E+01  0.7083901E+00
-0.1747801E+01  0.2378729E+01 -0.1812654E+01  0.7064599E+00
-0.1739980E+01  0.2364554E+01 -0.1807129E+01  0.7044878E+00
-0.1732160E+01  0.2350422E+01 -0.1801620E+01  0.7025364E+00
-0.1724340E+01  0.2336333E+01 -0.1796126E+01  0.7005450E+00
-0.1716520E+01  0.2322287E+01 -0.1790648E+01  0.6985725E+00
-0.1708700E+01  0.2308284E+01 -0.1785185E+01  0.6965612E+00
-0.1700880E+01  0.2294323E+01 -0.1779738E+01  0.6945675E+00
-0.1693060E+01  0.2280406E+01 -0.1774306E+01  0.6925361E+00
-0.1685239E+01  0.2266530E+01 -0.1768890E+01  0.6905211E+00
-0.1677419E+01  0.2252697E+01 -0.1763490E+01  0.6884695E+00
-0.1669599E+01  0.2238907E+01 -0.1758106E+01  0.6864327E+00
-0.1661779E+01  0.2225158E+01 -0.1752738E+01  0.6843609E+00
-0.1653959E+01  0.2211451E+01 -0.1747387E+01  0.6823024E+00
-0.1646139E+01  0.2197787E+01 -0.1742051E+01  0.6802098E+00
-0.1638319E+01  0.2184163E+01 -0.1736732E+01  0.6781294E+00
-0.1630499E+01  0.2170582E+01 -0.1731429E+01  0.6760162E+00
-0.1622678E+01  0.2157042E+01 -0.1726142E+01  0.6739136E+00
-0.1614858E+01  0.2143543E+01 -0.1720872E+01  0.6717794E+00
-0.1607038E+01  0.2130086E+01 -0.1715618E+01  0.6696547E+00
-0.1599218E+01  0.2116670E+01 -0.1710382E+01  0.6674992E+00
-0.1591398E+01  0.2103294E+01 -0.1705162E+01  0.6653521E+00
-0.1583578E+01  0.2089959E+01 -0.1699959E+01  0.6631753E+00
-0.1575758E+01  0.2076666E+01 -0.1694772E+01  0.6610058E+00
-0.1567937E+01  0.2063412E+01 -0.1689603E+01  0.6588074E+00
-0.1560117E+01  0.2050199E+01 -0.1684451E+01  0.6566152E+00
-0.1552297E+01  0.2037027E+01 -0.1679317E+01  0.6543950E+00
-0.1544477E+01  0.2023894E+01 -0.1674199E+01  0.6521802E+00
-0.1536657E+01  0.2010802E+01 -0.1669099E+01  0.6499380E+00
-0.1528837E+01  0.1997749E+01 -0.1664016E+01  0.6477003E+00
-0.1521017E+01  0.1984736E+01 -0.1658951E+01  0.6454360E+00
-0.1513196E+01  0.1971763E+01 -0.1653904E+01  0.6431755E+00
-0.1505376E+01  0.1958829E+01 -0.1648874E+01  0.6408887E+00
-0.1497556E+01  0.1945935E+01 -0.1643862E+01  0.6386051E+00
-0.1489736E+01  0.1933080E+01 -0.1638868E+01  0.6362959E+00
-0.1481916E+01  0.1920263E+01 -0.1633892E+01  0.6339891E+00
-0.1474096E+01  0.1907486E+01 -0.1628935E+01  0.6316573E+00
-0.1466276E+01  0.1894748E+01 -0.1623995E+01  0.6293271E+00
-0.1458456E+01  0.1882048E+01 -0.1619073E+01  0.6269726E+00
-0.1450635E+01  0.1869386E+01 -0.1614170E+01  0.6246190E+00
-0.1442815E+01  0.1856763E+01 -0.1609286E+01  0.6222415E+00
-0.1434995E+01  0.1844179E+01 -0.1604420E+01  0.6198644E+00
-0.1427175E+01  0.1831632E+01 -0.1599572E+01  0.6174639E+00
-0.1419355E+01  0.1819123E+01 -0.1594744E+01  0.6150632E+00
-0.1411535E+01  0.1806652E+01 -0.1589934E+01  0.6126394E+00
-0.1403715E+01  0.1794218E+01 -0.1585143E+01  0.6102150E+00
-0.1395894E+01  0.1781822E+01 -0.1580371E+01  0.6077680E+00
-0.1388074E+01  0.1769464E+01 -0.1575618E+01  0.6053197E+00
-0.1380254E+01  0.1757142E+01 -0.1570884E+01  0.6028493E+00
-0.1372434E+01  0.1744858E+01 -0.1566170E+01  0.6003771E+00
-0.1364614E+01  0.1732610E+01 -0.1561475E+01  0.5978832E+00
-0.1356794E+01  0.1720399E+01 -0.1556800E+01  0.5953870E+00
-0.1348974E+01  0.1708225E+01 -0.1552144E+01  0.5928694E+00
-0.1341153E+01  0.1696087E+01 -0.1547507E+01  0.5903492E+00
-0.1333333E+01  0.1683985E+01 -0.1542891E+01  0.5878079E+00
-0.1325513E+01  0.1671919E+01 -0.1538294E+01  0.5852635E+00
-0.1317693E+01  0.1659890E+01 -0.1533717E+01  0.5826985E+00
-0.1309873E+01  0.1647896E+01 -0.1529160E+01  0.5801298E+00
-0.1302053E+01  0.1635937E+01 -0.1524624E+01  0.5775409E+00
-0.1294233E+01  0.1624015E+01 -0.1520107E+01  0.5749480E+00
-0.1286413E+01  0.1612127E+01 -0.1515611E+01  0.5723351E+00
-0.1278592E+01  0.1600275E+01 -0.1511135E+01  0.5697179E+00
-0.1270772E+01  0.1588458E+01 -0.1506680E+01  0.5670811E+00
-0.1262952E+01  0.1576675E+01 -0.1502245E+01  0.5644395E+00
-0.1255132E+01  0.1564927E+01 -0.1497831E+01  0.5617785E+00
-0.1247312E+01  0.1553214E+01 -0.1493438E+01  0.5591125E+00
-0.1239492E+01  0.1541535E+01 -0.1489066E+01  0.5564274E+00
-0.1231672E+01  0.1529891E+01 -0.1484714E+01  0.5537370E+00
-0.1223851E+01  0.1518280E+01 -0.1480384E+01  0.5510278E+00
-0.1216031E+01  0.1506703E+01 -0.1476075E+01  0.5483129E+00
-0.1208211E+01  0.1495160E+01 -0.1471787E+01  0.5455795E+00
-0.1200391E+01  0.1483650E+01 -0.1467521E+01  0.5428401E+00
-0.1192571E+01  0.1472174E+01 -0.1463276E+01  0.5400825E+00
-0.1184751E+01  0.1460731E+01 -0.1459052E+01  0.5373187E+00
-0.1176931E+01  0.1449321E+01 -0.1454850E+01  0.5345368E+00
-0.1169110E+01  0.1437944E+01 -0.1450670E+01  0.5317485E+00
-0.1161290E+01  0.1426600E+01 -0.1446512E+01  0.5289424E+00
-0.1153470E+01  0.1415288E+01 -0.1442375E+01  0.5261297E+00
-0.1145650E+01  0.1404008E+01 -0.1438261E+01  0.5232993E+00
-0.1137830E+01  0.1392761E+01 -0.1434169E+01  0.5204621E+00
-0.1130010E+01  0.1381545E+01 -0.1430098E+01  0.5176075E+00
-0.1122190E+01  0.1370362E+01 -0.1426051E+01  0.5147459E+00
-0.1114370E+01  0.1359210E+01 -0.1422025E+01  0.5118671E+00
-0.1106549E+01  0.1348089E+01 -0.1418022E+01  0.5089810E+00
-0.1098729E+01  0.1337000E+01 -0.1414042E+01  0.5060780E+00
-0.1090909E+01  0.1325942E+01 -0.1410085E+01  0.5031677E+00
-0.1083089E+01  0.1314915E+01 -0.1406150E+01  0.5002406E+00
-0.1075269E+01  0.1303919E+01 -0.1402238E+01  0.4973059E+00
-0.1067449E+01  0.1292953E+01 -0.1398349E+01  0.4943547E+00
-0.1059629E+01  0.1282018E+01 -0.1394483E+01  0.4913958E+00
-0.1051808E+01  0.1271113E+01 -0.1390640E+01  0.4884206E+00
-0.1043988E+01  0.1260238E+01 -0.1386820E+01  0.4854375E+00
-0.1036168E+01  0.1249393E+01 -0.1383024E+01  0.4824383E+00
-0.1028348E+01  0.1238577E+01 -0.1379252E+01  0.4794311E+00
-0.1020528E+01  0.1227792E+01 -0.1375502E+01  0.4764081E+00
-0.1012708E+01  0.1217035E+01 -0.1371777E+01  0.4733769E+00
-0.1004888E+01  0.1206307E+01 -0.1368075E+01  0.4703300E+00
-0.9970674E+00  0.1195609E+01 -0.1364397E+01  0.4672749E+00
-0.9892473E+00  0.1184939E+01 -0.1360743E+01  0.4642044E+00
-0.9814272E+00  0.1174298E+01 -0.1357113E+01  0.4611255E+00
-0.9736070E+00  0.1163685E+01 -0.1353507E+01  0.4580313E+00
-0.9657869E+00  0.1153100E+01 -0.1349925E+01  0.4549288E+00
-0.9579668E+00  0.1142544E+01 -0.1346367E+01  0.4518111E+00
-0.9501466E+00  0.1132015E+01 -0.1342834E+01  0.4486851E+00
-0.9423265E+00  0.1121514E+01 -0.1339325E+01  0.4455441E+00
-0.9345064E+00  0.1111040E+01 -0.1335841E+01  0.4423946E+00
-0.9266862E+00  0.1100594E+01 -0.1332381E+01  0.4392304E+00
-0.9188661E+00  0.1090174E+01 -0.1328946E+01  0.4360577E+00
-0.9110459E+00  0.1079782E+01 -0.1325536E+01  0.4328704E+00
-0.9032258E+00  0.1069416E+01 -0.1322151E+01  0.4296746E+00
-0.8954057E+00  0.1059077E+01 -0.1318791E+01  0.4264644E+00
-0.8875855E+00  0.1048763E+01 -0.1315456E+01  0.4232456E+00
-0.8797654E+00  0.1038476E+01 -0.1312146E+01  0.4200128E+00
-0.8719453E+00  0.1028215E+01 -0.1308862E+01  0.4167712E+00
-0.8641251E+00  0.1017980E+01 -0.1305603E+01  0.4135158E+00
-0.8563050E+00  0.1007770E+01 -0.1302369E+01  0.4102518E+00
-0.8484848E+00  0.9975851E+00 -0.1299161E+01  0.4069739E+00
-0.8406647E+00  0.9874255E+00 -0.1295978E+01  0.4036876E+00
-0.8328446E+00  0.9772907E+00 -0.1292821E+01  0.4003876E+00
-0.8250244E+00  0.9671807E+00 -0.1289690E+01  0.3970791E+00
-0.8172043E+00  0.9570952E+00 -0.1286585E+01  0.3937572E+00
-0.8093842E+00  0.9470339E+00 -0.1283506E+01  0.3904268E+00
-0.8015640E+00  0.9369967E+00 -0.1280452E+01  0.3870831E+00
-0.7937439E+00  0.9269834E+00 -0.1277425E+01  0.3837310E+00
-0.7859238E+00  0.9169937E+00 -0.1274424E+01  0.3803659E+00
-0.7781036E+00  0.9070276E+00 -0.1271450E+01  0.3769924E+00
-0.7702835E+00  0.8970847E+00 -0.1268502E+01  0.3736061E+00
-0.7624633E+00  0.8871648E+00 -0.1265580E+01  0.3702113E+00
-0.7546432E+00  0.8772678E+00 -0.1262685E+01  0.3668041E+00
-0.7468231E+00  0.8673934E+00 -0.1259817E+01  0.3633884E+00
-0.7390029E+00  0.8575415E+00 -0.1256975E+01  0.3599604E+00
-0.7311828E+00  0.8477118E+00 -0.1254160E+01  0.3565241E+00
-0.7233627E+00  0.8379041E+00 -0.1251372E+01  0.3530757E+00
-0.7155425E+00  0.8281182E+00 -0.1248611E+01  0.3496191E+00
-0.7077224E+00  0.8183539E+00 -0.1245877E+01  0.3461506E+00
-0.6999022E+00  0.8086109E+00 -0.1243170E+01  0.3426739E+00
-0.6920821E+00  0.7988892E+00 -0.1240490E+01  0.3391855E+00
-0.6842620E+00  0.7891884E+00 -0.1237838E+01  0.3356891E+00
-0.6764418E+00  0.7795083E+00 -0.1235212E+01  0.3321812E+00
-0.6686217E+00  0.7698488E+00 -0.1232615E+01  0.3286654E+00
-0.6608016E+00  0.7602096E+00 -0.1230044E+01  0.3251383E+00
-0.6529814E+00  0.7505905E+00 -0.1227502E+01  0.3216034E+00
-0.6451613E+00  0.7409912E+00 -0.1224987E+01  0.3180575E+00
-0.6373412E+00  0.7314117E+00 -0.1222500E+01  0.3145038E+00
-0.6295210E+00  0.7218515E+00 -0.1220040E+01  0.3109394E+00
-0.6217009E+00  0.7123107E+00 -0.1217609E+01  0.3073673E+00
-0.6138807E+00  0.7027888E+00 -0.1215205E+01  0.3037847E+00
-0.6060606E+00  0.6932857E+00 -0.1212829E+01  0.3001946E+00
-0.5982405E+00  0.6838012E+00 -0.1210482E+01  0.2965942E+00
-0.5904203E+00  0.6743351E+00 -0.1208162E+01  0.2929864E+00
-0.5826002E+00  0.6648871E+00 -0.1205871E+01  0.2893687E+00
-0.5747801E+00  0.6554570E+00 -0.1203608E+01  0.2857436E+00
-0.5669599E+00  0.6460447E+00 -0.1201374E+01  0.2821088E+00
-0.5591398E+00  0.6366497E+00 -0.1199168E+01  0.2784669E+00
-0.5513196E+00  0.6272721E+00 -0.1196990E+01  0.2748155E+00
-0.5434995E+00  0.6179115E+00 -0.1194841E+01  0.2711570E+00
-0.5356794E+00  0.6085676E+00 -0.1192720E+01  0.2674894E+00
-0.5278592E+00  0.5992404E+00 -0.1190628E+01  0.2638149E+00
-0.5200391E+00  0.5899295E+00 -0.1188565E+01  0.2601314E+00
-0.5122190E+00  0.5806348E+00 -0.1186531E+01  0.2564413E+00
-0.5043988E+00  0.5713560E+00 -0.1184526E+01  0.2527425E+00
-0.4965787E+00  0.5620928E+00 -0.1182549E+01  0.2490372E+00
-0.4887586E+00  0.5528451E+00 -0.1180602E+01  0.2453234E+00
-0.4809384E+00  0.5436126E+00 -0.1178683E+01  0.2416033E+00
-0.4731183E+00  0.5343952E+00 -0.1176794E+01  0.2378750E+00
-0.4652981E+00  0.5251925E+00 -0.1174934E+01  0.2341406E+00
-0.4574780E+00  0.5160043E+00 -0.1173103E+01  0.2303982E+00
-0.4496579E+00  0.5068305E+00 -0.1171301E+01  0.2266500E+00
-0.4418377E+00  0.4976708E+00 -0.1169529E+01  0.2228940E+00
-0.4340176E+00  0.4885249E+00 -0.1167785E+01  0.2191324E+00
-0.4261975E+00  0.4793927E+00 -0.1166072E+01  0.2153634E+00
-0.4183773E+00  0.4702738E+00 -0.1164388E+01  0.2115888E+00
-0.4105572E+00  0.4611682E+00 -0.1162733E+01  0.2078072E+00
-0.4027370E+00  0.4520754E+00 -0.1161108E+01  0.2040202E+00
-0.3949169E+00  0.4429954E+00 -0.1159512E+01  0.2002264E+00
-0.3870968E+00  0.4339279E+00 -0.1157947E+01  0.1964275E+00
-0.3792766E+00  0.4248726E+00 -0.1156411E+01  0.1926220E+00
-0.3714565E+00  0.4158293E+00 -0.1154904E+01  0.1888117E+00
-0.3636364E+00  0.4067978E+00 -0.1153428E+01  0.1849951E+00
-0.3558162E+00  0.3977778E+00 -0.1151981E+01  0.1811739E+00
-0.3479961E+00  0.3887691E+00 -0.1150564E+01  0.1773467E+00
-0.3401760E+00  0.3797716E+00 -0.1149177E+01  0.1735150E+00
-0.3323558E+00  0.3707849E+00 -0.1147820E+01  0.1696778E+00
-0.3245357E+00  0.3618087E+00 -0.1146493E+01  0.1658362E+00
-0.3167155E+00  0.3528430E+00 -0.1145197E+01  0.1619893E+00
-0.3088954E+00  0.3438874E+00 -0.1143930E+01  0.1581385E+00
-0.3010753E+00  0.3349417E+00 -0.1142693E+01  0.1542826E+00
-0.2932551E+00  0.3260057E+00 -0.1141487E+01  0.1504229E+00
-0.2854350E+00  0.3170791E+00 -0.1140310E+01  0.1465585E+00
-0.2776149E+00  0.3081617E+00 -0.1139164E+01  0.1426906E+00
-0.2697947E+00  0.2992533E+00 -0.1138048E+01  0.1388182E+00
-0.2619746E+00  0.2903536E+00 -0.1136963E+01  0.1349426E+00
-0.2541544E+00  0.2814624E+00 -0.1135908E+01  0.1310628E+00
-0.2463343E+00  0.2725795E+00 -0.1134883E+01  0.1271801E+00
-0.2385142E+00  0.2637045E+00 -0.1133888E+01  0.1232935E+00
-0.2306940E+00  0.2548374E+00 -0.1132924E+01  0.1194041E+00
-0.2228739E+00  0.2459778E+00 -0.1131990E+01  0.1155112E+00
-0.2150538E+00  0.2371254E+00 -0.1131087E+01  0.1116158E+00
-0.2072336E+00  0.2282802E+00 -0.1130214E+01  0.1077173E+00
-0.1994135E+00  0.2194418E+00 -0.1129372E+01  0.1038164E+00
-0.1915934E+00  0.2106099E+00 -0.1128560E+01  0.9991273E-01
-0.1837732E+00  0.2017844E+00 -0.1127778E+01  0.9600698E-01
-0.1759531E+00  0.1929650E+00 -0.1127028E+01  0.9209877E-01
-0.1681329E+00  0.1841515E+00 -0.1126307E+01  0.8818874E-01
-0.1603128E+00  0.1753437E+00 -0.1125618E+01  0.8427653E-01
-0.1524927E+00  0.1665412E+00 -0.1124959E+01  0.8036281E-01
-0.1446725E+00  0.1577438E+00 -0.1124330E+01  0.7644722E-01
-0.1368524E+00  0.1489514E+00 -0.1123732E+01  0.7253038E-01
-0.1290323E+00  0.1401637E+00 -0.1123165E+01  0.6861198E-01
-0.1212121E+00  0.1313804E+00 -0.1122629E+01  0.6469263E-01
-0.1133920E+00  0.1226013E+00 -0.1122123E+01  0.6077206E-01
-0.1055718E+00  0.1138261E+00 -0.1121648E+01  0.5685074E-01
-0.9775171E-01  0.1050547E+00 -0.1121203E+01  0.5292856E-01
-0.8993157E-01  0.9628671E-01 -0.1120789E+01  0.4900594E-01
-0.8211144E-01  0.8752199E-01 -0.1120406E+01  0.4508271E-01
-0.7429130E-01  0.7876026E-01 -0.1120053E+01  0.4115937E-01
-0.6647116E-01  0.7000130E-01 -0.1119731E+01  0.3723576E-01
-0.5865103E-01  0.6124484E-01 -0.1119440E+01  0.3331229E-01
-0.5083089E-01  0.5249067E-01 -0.1119180E+01  0.2938886E-01
-0.4301075E-01  0.4373853E-01 -0.1118950E+01  0.2546585E-01
-0.3519062E-01  0.3498819E-01 -0.1118751E+01  0.2154325E-01
-0.2737048E-01  0.2623940E-01 -0.1118582E+01  0.1762129E-01
-0.1955034E-01  0.1749194E-01 -0.1118444E+01  0.1370009E-01
-0.1173021E-01  0.8745551E-02 -0.1118337E+01  0.9779787E-02
-0.3910068E-02 -0.1593470E-11 -0.1118261E+01  0.5860607E-02
 0.3910068E-02 -0.8744952E-02 -0.1118215E+01  0.1942617E-02
 0.1173021E-01 -0.1748955E-01 -0.1118200E+01 -0.1973980E-02
 0.1955034E-01 -0.2623402E-01 -0.1118215E+01 -0.5889067E-02
 0.2737048E-01 -0.3497862E-01 -0.1118261E+01 -0.9802454E-02
 0.3519062E-01 -0.4372357E-01 -0.1118338E+01 -0.1371407E-01
 0.4301075E-01 -0.5246913E-01 -0.1118445E+01 -0.1762363E-01
 0.5083089E-01 -0.6121552E-01 -0.1118583E+01 -0.2153115E-01
 0.5865103E-01 -0.6996300E-01 -0.1118751E+01 -0.2543627E-01
 0.6647116E-01 -0.7871178E-01 -0.1118950E+01 -0.2933909E-01
 0.7429130E-01 -0.8746213E-01 -0.1119180E+01 -0.3323920E-01
 0.8211144E-01 -0.9621427E-01 -0.1119440E+01 -0.3713675E-01
 0.8993157E-01 -0.1049684E+00 -0.1119730E+01 -0.4103120E-01
 0.9775171E-01 -0.1137249E+00 -0.1120051E+01 -0.4492285E-01
 0.1055718E+00 -0.1224838E+00 -0.1120402E+01 -0.4881110E-01
 0.1133920E+00 -0.1312455E+00 -0.1120784E+01 -0.5269623E-01
 0.1212121E+00 -0.1400102E+00 -0.1121196E+01 -0.5657768E-01
 0.1290323E+00 -0.1487781E+00 -0.1121638E+01 -0.6045573E-01
 0.1368524E+00 -0.1575495E+00 -0.1122111E+01 -0.6432974E-01
 0.1446725E+00 -0.1663246E+00 -0.1122614E+01 -0.6820014E-01
 0.1524927E+00 -0.1751035E+00 -0.1123148E+01 -0.7206614E-01
 0.1603128E+00 -0.1838867E+00 -0.1123711E+01 -0.7592825E-01
 0.1681329E+00 -0.1926743E+00 -0.1124305E+01 -0.7978567E-01
 0.1759531E+00 -0.2014665E+00 -0.1124929E+01 -0.8363895E-01
 0.1837732E+00 -0.2102636E+00 -0.1125583E+01 -0.8748721E-01
 0.1915934E+00 -0.2190658E+00 -0.1126267E+01 -0.9133100E-01
 0.1994135E+00 -0.2278734E+00 -0.1126981E+01 -0.9516952E-01
 0.2072336E+00 -0.2366865E+00 -0.1127726E+01 -0.9900335E-01
 0.2150538E+00 -0.2455055E+00 -0.1128500E+01 -0.1028315E+00
 0.2228739E+00 -0.2543305E+00 -0.1129304E+01 -0.1066548E+00
 0.2306940E+00 -0.2631618E+00 -0.1130138E+01 -0.1104720E+00
 0.2385142E+00 -0.2719997E+00 -0.1131002E+01 -0.1142841E+00
 0.2463343E+00 -0.2808443E+00 -0.1131896E+01 -0.1180899E+00
 0.2541544E+00 -0.2896958E+00 -0.1132819E+01 -0.1218903E+00
 0.2619746E+00 -0.2985546E+00 -0.1133772E+01 -0.1256841E+00
 0.2697947E+00 -0.3074209E+00 -0.1134755E+01 -0.1294722E+00
 0.2776149E+00 -0.3162948E+00 -0.1135768E+01 -0.1332535E+00
 0.2854350E+00 -0.3251767E+00 -0.1136810E+01 -0.1370288E+00
 0.2932551E+00 -0.3340667E+00 -0.1137881E+01 -0.1407969E+00
 0.3010753E+00 -0.3429651E+00 -0.1138982E+01 -0.1445588E+00
 0.3088954E+00 -0.3518721E+00 -0.1140113E+01 -0.1483132E+00
 0.3167155E+00 -0.3607879E+00 -0.1141273E+01 -0.1520613E+00
 0.3245357E+00 -0.3697128E+00 -0.1142462E+01 -0.1558015E+00
 0.3323558E+00 -0.3786470E+00 -0.1143680E+01 -0.1595351E+00
 0.3401760E+00 -0.3875908E+00 -0.1144928E+01 -0.1632606E+00
 0.3479961E+00 -0.3965443E+00 -0.1146205E+01 -0.1669793E+00
 0.3558162E+00 -0.4055078E+00 -0.1147510E+01 -0.1706895E+00
 0.3636364E+00 -0.4144814E+00 -0.1148845E+01 -0.1743927E+00
 0.3714565E+00 -0.4234656E+00 -0.1150209E+01 -0.1780872E+00
 0.3792766E+00 -0.4324604E+00 -0.1151602E+01 -0.1817744E+00
 0.3870968E+00 -0.4414660E+00 -0.1153023E+01 -0.1854527E+00
 0.3949169E+00 -0.4504828E+00 -0.1154473E+01 -0.1891234E+00
 0.4027370E+00 -0.4595110E+00 -0.1155952E+01 -0.1927848E+00
 0.4105572E+00 -0.4685507E+00 -0.1157460E+01 -0.1964386E+00
 0.4183773E+00 -0.4776022E+00 -0.1158996E+01 -0.2000828E+00
 0.4261975E+00 -0.4866657E+00 -0.1160561E+01 -0.2037191E+00
 0.4340176E+00 -0.4957414E+00 -0.1162154E+01 -0.2073455E+00
 0.4418377E+00 -0.5048296E+00 -0.1163775E+01 -0.2109639E+00
 0.4496579E+00 -0.5139305E+00 -0.1165425E+01 -0.2145722E+00
 0.4574780E+00 -0.5230443E+00 -0.1167103E+01 -0.2181721E+00
 0.4652981E+00 -0.5321712E+00 -0.1168809E+01 -0.2217617E+00
 0.4731183E+00 -0.5413115E+00 -0.1170543E+01 -0.2253428E+00
 0.4809384E+00 -0.5504653E+00 -0.1172306E+01 -0.2289132E+00
 0.4887586E+00 -0.5596329E+00 -0.1174096E+01 -0.2324750E+00
 0.4965787E+00 -0.5688144E+00 -0.1175914E+01 -0.2360258E+00
 0.5043988E+00 -0.5780103E+00 -0.1177760E+01 -0.2395678E+00
 0.5122190E+00 -0.5872205E+00 -0.1179633E+01 -0.2430987E+00
 0.5200391E+00 -0.5964454E+00 -0.1181534E+01 -0.2466205E+00
 0.5278592E+00 -0.6056851E+00 -0.1183463E+01 -0.2501309E+00
 0.5356794E+00 -0.6149400E+00 -0.1185419E+01 -0.2536321E+00
 0.5434995E+00 -0.6242101E+00 -0.1187402E+01 -0.2571216E+00
 0.5513196E+00 -0.6334958E+00 -0.1189413E+01 -0.2606018E+00
 0.5591398E+00 -0.6427971E+00 -0.1191451E+01 -0.2640701E+00
 0.5669599E+00 -0.6521144E+00 -0.1193516E+01 -0.2675289E+00
 0.5747801E+00 -0.6614479E+00 -0.1195608E+01 -0.2709755E+00
 0.5826002E+00 -0.6707977E+00 -0.1197727E+01 -0.2744125E+00
 0.5904203E+00 -0.6801641E+00 -0.1199873E+01 -0.2778370E+00
 0.5982405E+00 -0.6895473E+00 -0.1202046E+01 -0.2812517E+00
 0.6060606E+00 -0.6989474E+00 -0.1204245E+01 -0.2846538E+00
 0.6138807E+00 -0.7083648E+00 -0.1206471E+01 -0.2880461E+00
 0.6217009E+00 -0.7177996E+00 -0.1208724E+01 -0.2914253E+00
 0.6295210E+00 -0.7272520E+00 -0.1211003E+01 -0.2947946E+00
 0.6373412E+00 -0.7367222E+00 -0.1213308E+01 -0.2981507E+00
 0.6451613E+00 -0.7462104E+00 -0.1215640E+01 -0.3014968E+00
 0.6529814E+00 -0.7557169E+00 -0.1217997E+01 -0.3048293E+00
 0.6608016E+00 -0.7652418E+00 -0.1220381E+01 -0.3081517E+00
 0.6686217E+00 -0.7747853E+00 -0.1222791E+01 -0.3114605E+00
 0.6764418E+00 -0.7843477E+00 -0.1225227E+01 -0.3147589E+00
 0.6842620E+00 -0.7939292E+00 -0.1227688E+01 -0.3180435E+00
 0.6920821E+00 -0.8035299E+00 -0.1230175E+01 -0.3213177E+00
 0.6999022E+00 -0.8131500E+00 -0.1232688E+01 -0.3245778E+00
 0.7077224E+00 -0.8227898E+00 -0.1235226E+01 -0.3278274E+00
 0.7155425E+00 -0.8324494E+00 -0.1237790E+01 -0.3310628E+00
 0.7233627E+00 -0.8421291E+00 -0.1240379E+01 -0.3342875E+00
 0.7311828E+00 -0.8518290E+00 -0.1242993E+01 -0.3374977E+00
 0.7390029E+00 -0.8615494E+00 -0.1245632E+01 -0.3406973E+00
 0.7468231E+00 -0.8712904E+00 -0.1248297E+01 -0.3438822E+00
 0.7546432E+00 -0.8810523E+00 -0.1250986E+01 -0.3470563E+00
 0.7624633E+00 -0.8908352E+00 -0.1253700E+01 -0.3502156E+00
 0.7702835E+00 -0.9006393E+00 -0.1256439E+01 -0.3533640E+00
 0.7781036E+00 -0.9104648E+00 -0.1259202E+01 -0.3564973E+00
 0.7859238E+00 -0.9203119E+00 -0.1261990E+01 -0.3596199E+00
 0.7937439E+00 -0.9301809E+00 -0.1264802E+01 -0.3627270E+00
 0.8015640E+00 -0.9400718E+00 -0.1267639E+01 -0.3658234E+00
 0.8093842E+00 -0.9499849E+00 -0.1270499E+01 -0.3689042E+00
 0.8172043E+00 -0.9599204E+00 -0.1273384E+01 -0.3719741E+00
 0.8250244E+00 -0.9698784E+00 -0.1276293E+01 -0.3750283E+00
 0.8328446E+00 -0.9798592E+00 -0.1279226E+01 -0.3780716E+00
 0.8406647E+00 -0.9898629E+00 -0.1282183E+01 -0.3810988E+00
 0.8484848E+00 -0.9998898E+00 -0.1285163E+01 -0.3841153E+00
 0.8563050E+00 -0.1009940E+01 -0.1288167E+01 -0.3871156E+00
 0.8641251E+00 -0.1020014E+01 -0.1291194E+01 -0.3901050E+00
 0.8719453E+00 -0.1030111E+01 -0.1294245E+01 -0.3930780E+00
 0.8797654E+00 -0.1040232E+01 -0.1297319E+01 -0.3960402E+00
 0.8875855E+00 -0.1050377E+01 -0.1300416E+01 -0.3989858E+00
 0.8954057E+00 -0.1060547E+01 -0.1303536E+01 -0.4019205E+00
 0.9032258E+00 -0.1070740E+01 -0.1306679E+01 -0.4048385E+00
 0.9110459E+00 -0.1080959E+01 -0.1309845E+01 -0.4077458E+00
 0.9188661E+00 -0.1091202E+01 -0.1313033E+01 -0.4106360E+00
 0.9266862E+00 -0.1101470E+01 -0.1316245E+01 -0.4135155E+00
 0.9345064E+00 -0.1111763E+01 -0.1319478E+01 -0.4163778E+00
 0.9423265E+00 -0.1122082E+01 -0.1322734E+01 -0.4192294E+00
 0.9501466E+00 -0.1132426E+01 -0.1326013E+01 -0.4220636E+00
 0.9579668E+00 -0.1142795E+01 -0.1329313E+01 -0.4248872E+00
 0.9657869E+00 -0.1153191E+01 -0.1332636E+01 -0.4276932E+00
 0.9736070E+00 -0.1163612E+01 -0.1335981E+01 -0.4304887E+00
 0.9814272E+00 -0.1174060E+01 -0.1339347E+01 -0.4332664E+00
 0.9892473E+00 -0.1184534E+01 -0.1342735E+01 -0.4360337E+00
 0.9970674E+00 -0.1195034E+01 -0.1346145E+01 -0.4387829E+00
 0.1004888E+01 -0.1205561E+01 -0.1349577E+01 -0.4415218E+00
 0.1012708E+01 -0.1216115E+01 -0.1353029E+01 -0.4442426E+00
 0.1020528E+01 -0.1226696E+01 -0.1356503E+01 -0.4469530E+00
 0.1028348E+01 -0.1237304E+01 -0.1359999E+01 -0.4496451E+00
 0.1036168E+01 -0.1247939E+01 -0.1363515E+01 -0.4523270E+00
 0.1043988E+01 -0.1258602E+01 -0.1367052E+01 -0.4549904E+00
 0.1051808E+01 -0.1269293E+01 -0.1370610E+01 -0.4576437E+00
 0.1059629E+01 -0.1280011E+01 -0.1374189E+01 -0.4602784E+00
 0.1067449E+01 -0.1290757E+01 -0.1377789E+01 -0.4629030E+00
 0.1075269E+01 -0.1301532E+01 -0.1381409E+01 -0.4655088E+00
 0.1083089E+01 -0.1312335E+01 -0.1385049E+01 -0.4681047E+00
 0.1090909E+01 -0.1323166E+01 -0.1388710E+01 -0.4706815E+00
 0.1098729E+01 -0.1334026E+01 -0.1392390E+01 -0.4732487E+00
 0.1106549E+01 -0.1344915E+01 -0.1396091E+01 -0.4757966E+00
 0.1114370E+01 -0.1355832E+01 -0.1399812E+01 -0.4783350E+00
 0.1122190E+01 -0.1366779E+01 -0.1403553E+01 -0.4808539E+00
 0.1130010E+01 -0.1377755E+01 -0.1407313E+01 -0.4833635E+00
 0.1137830E+01 -0.1388760E+01 -0.1411093E+01 -0.4858533E+00
 0.1145650E+01 -0.1399795E+01 -0.1414892E+01 -0.4883341E+00
 0.1153470E+01 -0.1410860E+01 -0.1418711E+01 -0.4907949E+00
 0.1161290E+01 -0.1421954E+01 -0.1422549E+01 -0.4932468E+00
 0.1169110E+01 -0.1433079E+01 -0.1426407E+01 -0.4956785E+00
 0.1176931E+01 -0.1444234E+01 -0.1430283E+01 -0.4981016E+00
 0.1184751E+01 -0.1455419E+01 -0.1434178E+01 -0.5005043E+00
 0.1192571E+01 -0.1466634E+01 -0.1438092E+01 -0.5028986E+00
 0.1200391E+01 -0.1477880E+01 -0.1442025E+01 -0.5052722E+00
 0.1208211E+01 -0.1489157E+01 -0.1445976E+01 -0.5076376E+00
 0.1216031E+01 -0.1500465E+01 -0.1449946E+01 -0.5099822E+00
 0.1223851E+01 -0.1511803E+01 -0.1453934E+01 -0.5123189E+00
 0.1231672E+01 -0.1523173E+01 -0.1457940E+01 -0.5146344E+00
 0.1239492E+01 -0.1534575E+01 -0.1461965E+01 -0.5169424E+00
 0.1247312E+01 -0.1546007E+01 -0.1466008E+01 -0.5192289E+00
 0.1255132E+01 -0.1557472E+01 -0.1470068E+01 -0.5215082E+00
 0.1262952E+01 -0.1568968E+01 -0.1474146E+01 -0.5237657E+00
 0.1270772E+01 -0.1580496E+01 -0.1478242E+01 -0.5260163E+00
 0.1278592E+01 -0.1592056E+01 -0.1482356E+01 -0.5282450E+00
 0.1286413E+01 -0.1603648E+01 -0.1486487E+01 -0.5304670E+00
 0.1294233E+01 -0.1615273E+01 -0.1490635E+01 -0.5326667E+00
 0.1302053E+01 -0.1626930E+01 -0.1494800E+01 -0.5348603E+00
 0.1309873E+01 -0.1638619E+01 -0.1498983E+01 -0.5370312E+00
 0.1317693E+01 -0.1650342E+01 -0.1503183E+01 -0.5391963E+00
 0.1325513E+01 -0.1662097E+01 -0.1507399E+01 -0.5413384E+00
 0.1333333E+01 -0.1673885E+01 -0.1511633E+01 -0.5434752E+00
 0.1341153E+01 -0.1685706E+01 -0.1515883E+01 -0.5455886E+00
 0.1348974E+01 -0.1697560E+01 -0.1520149E+01 -0.5476970E+00
 0.1356794E+01 -0.1709448E+01 -0.1524432E+01 -0.5497819E+00
 0.1364614E+01 -0.1721369E+01 -0.1528732E+01 -0.5518622E+00
 0.1372434E+01 -0.1733324E+01 -0.1533047E+01 -0.5539185E+00
 0.1380254E+01 -0.1745313E+01 -0.1537379E+01 -0.5559708E+00
 0.1388074E+01 -0.1757335E+01 -0.1541727E+01 -0.5579985E+00
 0.1395894E+01 -0.1769392E+01 -0.1546091E+01 -0.5600229E+00
 0.1403715E+01 -0.1781483E+01 -0.1550470E+01 -0.5620223E+00
 0.1411535E+01 -0.1793607E+01 -0.1554865E+01 -0.5640188E+00
 0.1419355E+01 -0.1805767E+01 -0.1559276E+01 -0.5659899E+00
 0.1427175E+01 -0.1817960E+01 -0.1563702E+01 -0.5679588E+00
 0.1434995E+01 -0.1830189E+01 -0.1568143E+01 -0.5699017E+00
 0.1442815E+01 -0.1842452E+01 -0.1572600E+01 -0.5718429E+00
 0.1450635E+01 -0.1854750E+01 -0.1577072E+01 -0.5737578E+00
 0.1458456E+01 -0.1867083E+01 -0.1581559E+01 -0.5756716E+00
 0.1466276E+01 -0.1879451E+01 -0.1586061E+01 -0.5775585E+00
 0.1474096E+01 -0.1891854E+01 -0.1590577E+01 -0.5794451E+00
 0.1481916E+01 -0.1904293E+01 -0.1595109E+01 -0.5813041E+00
 0.1489736E+01 -0.1916767E+01 -0.1599655E+01 -0.5831635E+00
 0.1497556E+01 -0.1929276E+01 -0.1604215E+01 -0.5849948E+00
 0.1505376E+01 -0.1941821E+01 -0.1608790E+01 -0.5868272E+00
 0.1513196E+01 -0.1954402E+01 -0.1613379E+01 -0.5886309E+00
 0.1521017E+01 -0.1967019E+01 -0.1617982E+01 -0.5904365E+00
 0.1528837E+01 -0.1979672E+01 -0.1622599E+01 -0.5922127E+00
 0.1536657E+01 -0.1992361E+01 -0.1627230E+01 -0.5939916E+00
 0.1544477E+01 -0.2005086E+01 -0.1631875E+01 -0.5957405E+00
 0.1552297E+01 -0.2017847E+01 -0.1636534E+01 -0.5974930E+00
 0.1560117E+01 -0.2030645E+01 -0.1641207E+01 -0.5992145E+00
 0.1567937E+01 -0.2043480E+01 -0.1645893E+01 -0.6009408E+00
 0.1575758E+01 -0.2056351E+01 -0.1650592E+01 -0.6026352E+00
 0.1583578E+01 -0.2069259E+01 -0.1655305E+01 -0.6043353E+00
 0.1591398E+01 -0.2082204E+01 -0.1660031E+01 -0.6060029E+00
 0.1599218E+01 -0.2095185E+01 -0.1664770E+01 -0.6076769E+00
 0.1607038E+01 -0.2108204E+01 -0.1669522E+01 -0.6093177E+00
 0.1614858E+01 -0.2121260E+01 -0.1674287E+01 -0.6109660E+00
 0.1622678E+01 -0.2134353E+01 -0.1679065E+01 -0.6125801E+00
 0.1630499E+01 -0.2147483E+01 -0.1683855E+01 -0.6142029E+00
 0.1638319E+01 -0.2160651E+01 -0.1688658E+01 -0.6157904E+00
 0.1646139E+01 -0.2173857E+01 -0.1693474E+01 -0.6173879E+00
 0.1653959E+01 -0.2187100E+01 -0.1698302E+01 -0.6189491E+00
 0.1661779E+01 -0.2200381E+01 -0.1703142E+01 -0.6205215E+00
 0.1669599E+01 -0.2213700E+01 -0.1707995E+01 -0.6220563E+00
 0.1677419E+01 -0.2227057E+01 -0.1712859E+01 -0.6236038E+00
 0.1685239E+01 -0.2240452E+01 -0.1717736E+01 -0.6251126E+00
 0.1693060E+01 -0.2253884E+01 -0.1722624E+01 -0.6266354E+00
 0.1700880E+01 -0.2267356E+01 -0.1727525E+01 -0.6281181E+00
 0.1708700E+01 -0.2280865E+01 -0.1732437E+01 -0.6296166E+00
 0.1716520E+01 -0.2294413E+01 -0.1737361E+01 -0.6310733E+00
 0.1724340E+01 -0.2307999E+01 -0.1742296E+01 -0.6325477E+00
 0.1732160E+01 -0.2321624E+01 -0.1747242E+01 -0.6339787E+00
 0.1739980E+01 -0.2335288E+01 -0.1752200E+01 -0.6354291E+00
 0.1747801E+01 -0.2348990E+01 -0.1757169E+01 -0.6368346E+00
 0.1755621E+01 -0.2362732E+01 -0.1762149E+01 -0.6382613E+00
 0.1763441E+01 -0.2376512E+01 -0.1767141E+01 -0.6396414E+00
 0.1771261E+01 -0.2390331E+01 -0.1772143E+01 -0.6410445E+00
 0.1779081E+01 -0.2404190E+01 -0.1777156E+01 -0.6423993E+00
 0.1786901E+01 -0.2418087E+01 -0.1782179E+01 -0.6437792E+00
 0.1794721E+01 -0.2432024E+01 -0.1787214E+01 -0.6451090E+00
 0.1802542E+01 -0.2446000E+01 -0.1792259E+01 -0.6464661E+00
 0.1810362E+01 -0.2460016E+01 -0.1797314E+01 -0.6477706E+00
 0.1818182E+01 -0.2474071E+01 -0.1802380E+01 -0.6491050E+00
 0.1826002E+01 -0.2488166E+01 -0.1807456E+01 -0.6503848E+00
 0.1833822E+01 -0.2502301E+01 -0.1812542E+01 -0.6516967E+00
 0.1841642E+01 -0.2516475E+01 -0.1817638E+01 -0.6529516E+00
 0.1849462E+01 -0.2530689E+01 -0.1822744E+01 -0.6542415E+00
 0.1857283E+01 -0.2544943E+01 -0.1827861E+01 -0.6554719E+00
 0.1865103E+01 -0.2559238E+01 -0.1832987E+01 -0.6567400E+00
 0.1872923E+01 -0.2573572E+01 -0.1838122E+01 -0.6579456E+00
 0.1880743E+01 -0.2587946E+01 -0.1843268E+01 -0.6591923E+00
 0.1888563E+01 -0.2602361E+01 -0.1848423E+01 -0.6603737E+00
 0.1896383E+01 -0.2616816E+01 -0.1853587E+01 -0.6615989E+00
 0.1904203E+01 -0.2631311E+01 -0.1858761E+01 -0.6627559E+00
 0.1912023E+01 -0.2645847E+01 -0.1863943E+01 -0.6639605E+00
 0.1919844E+01 -0.2660423E+01 -0.1869136E+01 -0.6650931E+00
 0.1927664E+01 -0.2675040E+01 -0.1874337E+01 -0.6662772E+00
 0.1935484E+01 -0.2689697E+01 -0.1879547E+01 -0.6673857E+00
 0.1943304E+01 -0.2704396E+01 -0.1884766E+01 -0.6685495E+00
 0.1951124E+01 -0.2719135E+01 -0.1889994E+01 -0.6696339E+00
 0.1958944E+01 -0.2733915E+01 -0.1895231E+01 -0.6707779E+00
 0.1966764E+01 -0.2748736E+01 -0.1900477E+01 -0.6718382E+00
 0.1974585E+01 -0.2763598E+01 -0.1905730E+01 -0.6729627E+00
 0.1982405E+01 -0.2778501E+01 -0.1910993E+01 -0.6739992E+00
 0.1990225E+01 -0.2793445E+01 -0.1916264E+01 -0.6751046E+00
 0.1998045E+01 -0.2808431E+01 -0.1921543E+01 -0.6761169E+00
 0.2005865E+01 -0.2823457E+01 -0.1926831E+01 -0.6772037E+00
 0.2013685E+01 -0.2838525E+01 -0.1932126E+01 -0.6781922E+00
 0.2021505E+01 -0.2853635E+01 -0.1937430E+01 -0.6792605E+00
 0.2029326E+01 -0.2868786E+01 -0.1942742E+01 -0.6802253E+00
 0.2037146E+01 -0.2883978E+01 -0.1948061E+01 -0.6812757E+00
 0.2044966E+01 -0.2899213E+01 -0.1953389E+01 -0.6822163E+00
 0.2052786E+01 -0.2914488E+01 -0.1958724E+01 -0.6832494E+00
 0.2060606E+01 -0.2929806E+01 -0.1964067E+01 -0.6841662E+00
 0.2068426E+01 -0.2945165E+01 -0.1969417E+01 -0.6851822E+00
 0.2076246E+01 -0.2960566E+01 -0.1974776E+01 -0.6860750E+00
 0.2084066E+01 -0.2976009E+01 -0.1980141E+01 -0.6870746E+00
 0.2091887E+01 -0.2991494E+01 -0.1985514E+01 -0.6879433E+00
 0.2099707E+01 -0.3007021E+01 -0.1990894E+01 -0.6889268E+00
 0.2107527E+01 -0.3022590E+01 -0.1996281E+01 -0.6897714E+00
 0.2115347E+01 -0.3038201E+01 -0.2001675E+01 -0.6907394E+00
 0.2123167E+01 -0.3053855E+01 -0.2007077E+01 -0.6915596E+00
 0.2130987E+01 -0.3069550E+01 -0.2012485E+01 -0.6925132E+00
 0.2138807E+01 -0.3085288E+01 -0.2017901E+01 -0.6933085E+00
 0.2146628E+01 -0.3101069E+01 -0.2023322E+01 -0.6942476E+00
 0.2154448E+01 -0.3116891E+01 -0.2028752E+01 -0.6950189E+00
 0.2162268E+01 -0.3132756E+01 -0.2034187E+01 -0.6959438E+00
 0.2170088E+01 -0.3148664E+01 -0.2039629E+01 -0.6966906E+00
 0.2177908E+01 -0.3164614E+01 -0.2045077E+01 -0.6976022E+00
 0.2185728E+01 -0.3180607E+01 -0.2050533E+01 -0.6983236E+00
 0.2193548E+01 -0.3196642E+01 -0.2055994E+01 -0.6992236E+00
 0.2201369E+01 -0.3212721E+01 -0.2061462E+01 -0.6999195E+00
 0.2209189E+01 -0.3228841E+01 -0.2066935E+01 -0.7008073E+00
 0.2217009E+01 -0.3245005E+01 -0.2072415E+01 -0.7014778E+00
 0.2224829E+01 -0.3261212E+01 -0.2077901E+01 -0.7023550E+00
 0.2232649E+01 -0.3277461E+01 -0.2083394E+01 -0.7029990E+00
 0.2240469E+01 -0.3293754E+01 -0.2088891E+01 -0.7038662E+00
 0.2248289E+01 -0.3310089E+01 -0.2094396E+01 -0.7044842E+00
 0.2256109E+01 -0.3326467E+01 -0.2099905E+01 -0.7053416E+00
 0.2263930E+01 -0.3342889E+01 -0.2105421E+01 -0.7059329E+00
 0.2271750E+01 -0.3359354E+01 -0.2110941E+01 -0.7067821E+00
 0.2279570E+01 -0.3375862E+01 -0.2116468E+01 -0.7073453E+00
 0.2287390E+01 -0.3392413E+01 -0.2122000E+01 -0.7081880E+00
 0.2295210E+01 -0.3409007E+01 -0.2127538E+01 -0.7087227E+00
 0.2303030E+01 -0.3425645E+01 -0.2133080E+01 -0.7095594E+00
 0.2310850E+01 -0.3442326E+01 -0.2138629E+01 -0.7100647E+00
 0.2318671E+01 -0.3459050E+01 -0.2144182E+01 -0.7108969E+00
 0.2326491E+01 -0.3475818E+01 -0.2149741E+01 -0.7113724E+00
 0.2334311E+01 -0.3492629E+01 -0.2155304E+01 -0.7122007E+00
 0.2342131E+01 -0.3509484E+01 -0.2160874E+01 -0.7126457E+00
 0.2349951E+01 -0.3526382E+01 -0.2166447E+01 -0.7134716E+00
 0.2357771E+01 -0.3543324E+01 -0.2172026E+01 -0.7138849E+00
 0.2365591E+01 -0.3560310E+01 -0.2177609E+01 -0.7147098E+00
 0.2373412E+01 -0.3577339E+01 -0.2183198E+01 -0.7150904E+00
 0.2381232E+01 -0.3594412E+01 -0.2188790E+01 -0.7159167E+00
 0.2389052E+01 -0.3611528E+01 -0.2194389E+01 -0.7162626E+00
 0.2396872E+01 -0.3628689E+01 -0.2199990E+01 -0.7170908E+00
 0.2404692E+01 -0.3645893E+01 -0.2205598E+01 -0.7174021E+00
 0.2412512E+01 -0.3663141E+01 -0.2211208E+01 -0.7182350E+00
 0.2420332E+01 -0.3680433E+01 -0.2216824E+01 -0.7185083E+00
 0.2428152E+01 -0.3697769E+01 -0.2222443E+01 -0.7193484E+00
 0.2435973E+01 -0.3715149E+01 -0.2228069E+01 -0.7195821E+00
 0.2443793E+01 -0.3732572E+01 -0.2233696E+01 -0.7204313E+00
 0.2451613E+01 -0.3750040E+01 -0.2239330E+01 -0.7206242E+00
 0.2459433E+01 -0.3767552E+01 -0.2244965E+01 -0.7214848E+00
 0.2467253E+01 -0.3785108E+01 -0.2250607E+01 -0.7216345E+00
 0.2475073E+01 -0.3802708E+01 -0.2256251E+01 -0.7225092E+00
 0.2482893E+01 -0.3820352E+01 -0.2261901E+01 -0.7226133E+00
 0.2490714E+01 -0.3838041E+01 -0.2267552E+01 -0.7235050E+00
 0.2498534E+01 -0.3855773E+01 -0.2273210E+01 -0.7235609E+00
 0.2506354E+01 -0.3873550E+01 -0.2278868E+01 -0.7244729E+00
 0.2514174E+01 -0.3891371E+01 -0.2284533E+01 -0.7244773E+00
 0.2521994E+01 -0.3909236E+01 -0.2290199E+01 -0.7254142E+00
 0.2529814E+01 -0.3927146E+01 -0.2295872E+01 -0.7253626E+00
 0.2537634E+01 -0.3945100E+01 -0.2301544E+01 -0.7263282E+00
 0.2545455E+01 -0.3963099E+01 -0.2307224E+01 -0.7262179E+00
 0.2553275E+01 -0.3981141E+01 -0.2312903E+01 -0.7272158E+00
 0.2561095E+01 -0.3999229E+01 -0.2318590E+01 -0.7270437E+00
 0.2568915E+01 -0.4017360E+01 -0.2324276E+01 -0.7280779E+00
 0.2576735E+01 -0.4035536E+01 -0.2329969E+01 -0.7278370E+00
 0.2584555E+01 -0.4053757E+01 -0.2335661E+01 -0.7289163E+00
 0.2592375E+01 -0.4072022E+01 -0.2341361E+01 -0.7286025E+00
 0.2600196E+01 -0.4090332E+01 -0.2347059E+01 -0.7297295E+00
 0.2608016E+01 -0.4108686E+01 -0.2352766E+01 -0.7293384E+00
 0.2615836E+01 -0.4127085E+01 -0.2358469E+01 -0.7305196E+00
 0.2623656E+01 -0.4145529E+01 -0.2364182E+01 -0.7300440E+00
 0.2631476E+01 -0.4164017E+01 -0.2369891E+01 -0.7312877E+00
 0.2639296E+01 -0.4182550E+01 -0.2375610E+01 -0.7307204E+00
 0.2647116E+01 -0.4201128E+01 -0.2381324E+01 -0.7320354E+00
 0.2654936E+01 -0.4219750E+01 -0.2387049E+01 -0.7313669E+00
 0.2662757E+01 -0.4238417E+01 -0.2392768E+01 -0.7327621E+00
 0.2670577E+01 -0.4257129E+01 -0.2398499E+01 -0.7319856E+00
 0.2678397E+01 -0.4275885E+01 -0.2404223E+01 -0.7334701E+00
 0.2686217E+01 -0.4294687E+01 -0.2409959E+01 -0.7325722E+00
 0.2694037E+01 -0.4313533E+01 -0.2415687E+01 -0.7341605E+00
 0.2701857E+01 -0.4332424E+01 -0.2421429E+01 -0.7331324E+00
 0.2709677E+01 -0.4351360E+01 -0.2427162E+01 -0.7348339E+00
 0.2717498E+01 -0.4370340E+01 -0.2432908E+01 -0.7336622E+00
 0.2725318E+01 -0.4389366E+01 -0.2438646E+01 -0.7354946E+00
 0.2733138E+01 -0.4408437E+01 -0.2444397E+01 -0.7341620E+00
 0.2740958E+01 -0.4427552E+01 -0.2450139E+01 -0.7361399E+00
 0.2748778E+01 -0.4446713E+01 -0.2455895E+01 -0.7346376E+00
 0.2756598E+01 -0.4465918E+01 -0.2461640E+01 -0.7367725E+00
 0.2764418E+01 -0.4485168E+01 -0.2467402E+01 -0.7350814E+00
 0.2772239E+01 -0.4504464E+01 -0.2473150E+01 -0.7374002E+00
 0.2780059E+01 -0.4523804E+01 -0.2478917E+01 -0.7354956E+00
 0.2787879E+01 -0.4543190E+01 -0.2484669E+01 -0.7380178E+00
 0.2795699E+01 -0.4562620E+01 -0.2490440E+01 -0.7358838E+00
 0.2803519E+01 -0.4582096E+01 -0.2496195E+01 -0.7386347E+00
 0.2811339E+01 -0.4601616E+01 -0.2501971E+01 -0.7362390E+00
 0.2819159E+01 -0.4621182E+01 -0.2507728E+01 -0.7392512E+00
 0.2826979E+01 -0.4640793E+01 -0.2513509E+01 -0.7365706E+00
 0.2834800E+01 -0.4660449E+01 -0.2519270E+01 -0.7398705E+00
 0.2842620E+01 -0.4680150E+01 -0.2525055E+01 -0.7368732E+00
 0.2850440E+01 -0.4699896E+01 -0.2530818E+01 -0.7404975E+00
 0.2858260E+01 -0.4719687E+01 -0.2536609E+01 -0.7371467E+00
 0.2866080E+01 -0.4739524E+01 -0.2542373E+01 -0.7411401E+00
 0.2873900E+01 -0.4759406E+01 -0.2548169E+01 -0.7373949E+00
 0.2881720E+01 -0.4779333E+01 -0.2553936E+01 -0.7417969E+00
 0.2889541E+01 -0.4799305E+01 -0.2559737E+01 -0.7376230E+00
 0.2897361E+01 -0.4819322E+01 -0.2565505E+01 -0.7424806E+00
 0.2905181E+01 -0.4839385E+01 -0.2571311E+01 -0.7378150E+00
 0.2913001E+01 -0.4859493E+01 -0.2577081E+01 -0.7432086E+00
 0.2920821E+01 -0.4879646E+01 -0.2582893E+01 -0.7379861E+00
 0.2928641E+01 -0.4899845E+01 -0.2588664E+01 -0.7439734E+00
 0.2936461E+01 -0.4920088E+01 -0.2594482E+01 -0.7381376E+00
 0.2944282E+01 -0.4940378E+01 -0.2600254E+01 -0.7447976E+00
 0.2952102E+01 -0.4960712E+01 -0.2606079E+01 -0.7382695E+00
 0.2959922E+01 -0.4981092E+01 -0.2611852E+01 -0.7456840E+00
 0.2967742E+01 -0.5001517E+01 -0.2617684E+01 -0.7383938E+00
 0.2975562E+01 -0.5021988E+01 -0.2623458E+01 -0.7466532E+00
 0.2983382E+01 -0.5042503E+01 -0.2629297E+01 -0.7385068E+00
 0.2991202E+01 -0.5063065E+01 -0.2635072E+01 -0.7477277E+00
 0.2999022E+01 -0.5083672E+01 -0.2640919E+01 -0.7386111E+00
 0.3006843E+01 -0.5104324E+01 -0.2646695E+01 -0.7489281E+00
 0.3014663E+01 -0.5125021E+01 -0.2652552E+01 -0.7387214E+00
 0.3022483E+01 -0.5145765E+01 -0.2658329E+01 -0.7502875E+00
 0.3030303E+01 -0.5166553E+01 -0.2664196E+01 -0.7388355E+00
 0.3038123E+01 -0.5187388E+01 -0.2669974E+01 -0.7518360E+00
 0.3045943E+01 -0.5208267E+01 -0.2675854E+01 -0.7389762E+00
 0.3053763E+01 -0.5229193E+01 -0.2681633E+01 -0.7536004E+00
 0.3061584E+01 -0.5250163E+01 -0.2687526E+01 -0.7391744E+00
 0.3069404E+01 -0.5271180E+01 -0.2693306E+01 -0.7556384E+00
 0.3077224E+01 -0.5292242E+01 -0.2699216E+01 -0.7394101E+00
 0.3085044E+01 -0.5313351E+01 -0.2704998E+01 -0.7580046E+00
 0.3092864E+01 -0.5334504E+01 -0.2710925E+01 -0.7397533E+00
 0.3100684E+01 -0.5355704E+01 -0.2716710E+01 -0.7607490E+00
 0.3108504E+01 -0.5376949E+01 -0.2722660E+01 -0.7402356E+00
 0.3116325E+01 -0.5398240E+01 -0.2728448E+01 -0.7639635E+00
 0.3124145E+01 -0.5419577E+01 -0.2734423E+01 -0.7408723E+00
 0.3131965E+01 -0.5440961E+01 -0.2740216E+01 -0.7677576E+00
 0.3139785E+01 -0.5462390E+01 -0.2746220E+01 -0.7417127E+00
 0.3147605E+01 -0.5483865E+01 -0.2752021E+01 -0.7722663E+00
 0.3155425E+01 -0.5505387E+01 -0.2758060E+01 -0.7428536E+00
 0.3163245E+01 -0.5526955E+01 -0.2763869E+01 -0.7775899E+00
 0.3171065E+01 -0.5548569E+01 -0.2769950E+01 -0.7443679E+00
 0.3178886E+01 -0.5570230E+01 -0.2775771E+01 -0.7839588E+00
 0.3186706E+01 -0.5591937E+01 -0.2781902E+01 -0.7463402E+00
 0.3194526E+01 -0.5613692E+01 -0.2787738E+01 -0.7915225E+00
 0.3202346E+01 -0.5635493E+01 -0.2793928E+01 -0.7489691E+00
 0.3210166E+01 -0.5657341E+01 -0.2799785E+01 -0.8006017E+00
 0.3217986E+01 -0.5679236E+01 -0.2806046E+01 -0.7524137E+00
 0.3225806E+01 -0.5701180E+01 -0.2811930E+01 -0.8115167E+00
 0.3233627E+01 -0.5723169E+01 -0.2818276E+01 -0.7568161E+00
 0.3241447E+01 -0.5745209E+01 -0.2824194E+01 -0.8246787E+00
 0.3249267E+01 -0.5767294E+01 -0.2830643E+01 -0.7625291E+00
 0.3257087E+01 -0.5789430E+01 -0.2836607E+01 -0.8405386E+00
 0.3264907E+01 -0.5811613E+01 -0.2843180E+01 -0.7699169E+00
 0.3272727E+01 -0.5833847E+01 -0.2849201E+01 -0.8597485E+00
 0.3280547E+01 -0.5856128E+01 -0.2855924E+01 -0.7793324E+00
 0.3288368E+01 -0.5878462E+01 -0.2862018E+01 -0.8830861E+00
 0.3296188E+01 -0.5900843E+01 -0.2868924E+01 -0.7914583E+00
 0.3304008E+01 -0.5923279E+01 -0.2875114E+01 -0.9113799E+00
 0.3311828E+01 -0.5945762E+01 -0.2882241E+01 -0.8069631E+00
 0.3319648E+01 -0.5968302E+01 -0.2888551E+01 -0.9458965E+00
 0.3327468E+01 -0.5990891E+01 -0.2895948E+01 -0.8266901E+00
 0.3335288E+01 -0.6013538E+01 -0.2902413E+01 -0.9881175E+00
 0.3343109E+01 -0.6036235E+01 -0.2910140E+01 -0.8517862E+00
 0.3350929E+01 -0.6058993E+01 -0.2916801E+01 -0.1039807E+01
 0.3358749E+01 -0.6081802E+01 -0.2924933E+01 -0.8837019E+00
 0.3366569E+01 -0.6104676E+01 -0.2931844E+01 -0.1103151E+01
 0.3374389E+01 -0.6127603E+01 -0.2940470E+01 -0.9243615E+00
 0.3382209E+01 -0.6150598E+01 -0.2947699E+01 -0.1180974E+01
 0.3390029E+01 -0.6173649E+01 -0.2956934E+01 -0.9760107E+00
 0.3397849E+01 -0.6196773E+01 -0.2964567E+01 -0.1276868E+01
 0.3405670E+01 -0.6219956E+01 -0.2974552E+01 -0.1041602E+01
 0.3413490E+01 -0.6243218E+01 -0.2982698E+01 -0.1395368E+01
 0.3421310E+01 -0.6266543E+01 -0.2993610E+01 -0.1124828E+01
 0.3429130E+01 -0.6289953E+01 -0.3002406E+01 -0.1541863E+01
 0.3436950E+01 -0.6313433E+01 -0.3014463E+01 -0.1230607E+01
 0.3444770E+01 -0.6337006E+01 -0.3024087E+01 -0.1723503E+01
 0.3452590E+01 -0.6360655E+01 -0.3037565E+01 -0.1364881E+01
 0.3460411E+01 -0.6384409E+01 -0.3048239E+01 -0.1949159E+01
 0.3468231E+01 -0.6408247E+01 -0.3063481E+01 -0.1535445E+01
 0.3476051E+01 -0.6432203E+01 -0.3075489E+01 -0.2230095E+01
 0.3483871E+01 -0.6456254E+01 -0.3092928E+01 -0.1752525E+01
 0.3491691E+01 -0.6480441E+01 -0.3106633E+01 -0.2580610E+01
 0.3499511E+01 -0.6504736E+01 -0.3126814E+01 -0.2028234E+01
 0.3507331E+01 -0.6529188E+01 -0.3142675E+01 -0.3018988E+01
 0.3515152E+01 -0.6553764E+01 -0.3166284E+01 -0.2379384E+01
 0.3522972E+01 -0.6578525E+01 -0.3184891E+01 -0.3568152E+01
 0.3530792E+01 -0.6603431E+01 -0.3212795E+01 -0.2826679E+01
 0.3538612E+01 -0.6628555E+01 -0.3234900E+01 -0.4257866E+01
 0.3546432E+01 -0.6653853E+01 -0.3268197E+01 -0.3396951E+01
 0.3554252E+01 -0.6679411E+01 -0.3294761E+01 -0.5126531E+01
 0.3562072E+01 -0.6705176E+01 -0.3334851E+01 -0.4124963E+01
 0.3569892E+01 -0.6731255E+01 -0.3367109E+01 -0.6222022E+01
 0.3577713E+01 -0.6757586E+01 -0.3415766E+01 -0.5055738E+01
 0.3585533E+01 -0.6784298E+01 -0.3455303E+01 -0.7607988E+01
 0.3593353E+01 -0.6811319E+01 -0.3514798E+01 -0.6247199E+01
 0.3601173E+01 -0.6838805E+01 -0.3563652E+01 -0.9365452E+01
 0.3608993E+01 -0.6866673E+01 -0.3636891E+01 -0.7774535E+01
 0.3616813E+01 -0.6895114E+01 -0.3697689E+01 -0.1160094E+02
 0.3624633E+01 -0.6924031E+01 -0.3788410E+01 -0.9736775E+01
 0.3632454E+01 -0.6953657E+01 -0.3864553E+01 -0.1445177E+02
 0.3640274E+01 -0.6983878E+01 -0.3977568E+01 -0.1226288E+02
 0.3648094E+01 -0.7014983E+01 -0.4073465E+01 -0.1810010E+02
 0.3655914E+01 -0.7046838E+01 -0.4215011E+01 -0.1552215E+02
 0.3663734E+01 -0.7079800E+01 -0.4336396E+01 -0.2278558E+02
 0.3671554E+01 -0.7113711E+01 -0.4514582E+01 -0.1974059E+02
 0.3679374E+01 -0.7149016E+01 -0.4668956E+01 -0.2882664E+02
 0.3687195E+01 -0.7185528E+01 -0.4894385E+01 -0.2521795E+02
 0.3695015E+01 -0.7223803E+01 -0.5091593E+01 -0.3665118E+02
 0.3702835E+01 -0.7263620E+01 -0.5378210E+01 -0.3235901E+02
 0.3710655E+01 -0.7305678E+01 -0.5631262E+01 -0.4683830E+02
 0.3718475E+01 -0.7349715E+01 -0.5997544E+01 -0.4171278E+02
 0.3726295E+01 -0.7396617E+01 -0.6323743E+01 -0.6018237E+02
 0.3734115E+01 -0.7446069E+01 -0.6794378E+01 -0.5403712E+02
 0.3741935E+01 -0.7499202E+01 -0.7216955E+01 -0.7778713E+02
 0.3749756E+01 -0.7555640E+01 -0.7825261E+01 -0.7038767E+02
 0.3757576E+01 -0.7616835E+01 -0.8375703E+01 -0.1012144E+03
 0.3765396E+01 -0.7682334E+01 -0.9167213E+01 -0.9226543E+02
 0.3773216E+01 -0.7754023E+01 -0.9888742E+01 -0.1327113E+03
 0.3781036E+01 -0.7831354E+01 -0.1092656E+02 -0.1218544E+03
 0.3788856E+01 -0.7916801E+01 -0.1187948E+02 -0.1755949E+03
 0.3796676E+01 -0.8009700E+01 -0.1325266E+02 -0.1624017E+03
 0.3804497E+01 -0.8113338E+01 -0.1452266E+02 -0.2348858E+03
 0.3812317E+01 -0.8226907E+01 -0.1635950E+02 -0.2188874E+03
 0.3820137E+01 -0.8354841E+01 -0.1807123E+02 -0.3184444E+03
 0.3827957E+01 -0.8496160E+01 -0.2056151E+02 -0.2992247E+03
 0.3835777E+01 -0.8656954E+01 -0.2290149E+02 -0.4390345E+03
 0.3843597E+01 -0.8836047E+01 -0.2633480E+02 -0.4165027E+03
 0.3851417E+01 -0.9041988E+01 -0.2959190E+02 -0.6183577E+03
 0.3859238E+01 -0.9273401E+01 -0.3442755E+02 -0.5935001E+03
 0.3867058E+01 -0.9542629E+01 -0.3906880E+02 -0.8953150E+03
 0.3874878E+01 -0.9848152E+01 -0.4607028E+02 -0.8722798E+03
 0.3882698E+01 -0.1020843E+02 -0.5289163E+02 -0.1344469E+04
 0.3890518E+01 -0.1062205E+02 -0.6340556E+02 -0.1336452E+04
 0.3898338E+01 -0.1111789E+02 -0.7385680E+02 -0.2120984E+04
 0.3906158E+01 -0.1169546E+02 -0.9044319E+02 -0.2168536E+04
 0.3913978E+01 -0.1240274E+02 -0.1074014E+03 -0.3584335E+04
 0.3921799E+01 -0.1324263E+02 -0.1354314E+03 -0.3819134E+04
 0.3929619E+01 -0.1430172E+02 -0.1652976E+03 -0.6697642E+04
 0.3937439E+01 -0.1559437E+02 -0.2176740E+03 -0.7608685E+04
 0.3945259E+01 -0.1729661E+02 -0.2771750E+03 -0.1464812E+05
 0.3953079E+01 -0.1946416E+02 -0.3917253E+03 -0.1854681E+05
 0.3960899E+01 -0.2252751E+02 -0.5367639E+03 -0.4229888E+05
 0.3968719E+01 -0.2672507E+02 -0.8675470E+03 -0.6634978E+05
 0.3976540E+01 -0.3350941E+02 -0.1386411E+04 -0.2306165E+06
