-0.4000000E+01  0.1533917E-06  0.7089725E-06
-0.3992180E+01  0.3348493E-06  0.1547561E-05
-0.3984360E+01  0.5126553E-06  0.2369042E-05
-0.3976540E+01  0.6947002E-06  0.3209763E-05
-0.3968719E+01  0.8782487E-06  0.4056953E-05
-0.3960899E+01  0.1066053E-05  0.4923206E-05
-0.3953079E+01  0.1257453E-05  0.5805330E-05
-0.3945259E+01  0.1454143E-05  0.6711021E-05
-0.3937439E+01  0.1656106E-05  0.7640046E-05
-0.3929619E+01  0.1864651E-05  0.8598311E-05
-0.3921799E+01  0.2080060E-05  0.9586951E-05
-0.3913978E+01  0.2303477E-05  0.1061108E-04
-0.3906158E+01  0.2535362E-05  0.1167264E-04
-0.3898338E+01  0.2776785E-05  0.1277639E-04
-0.3890518E+01  0.3028336E-05  0.1392485E-04
-0.3882698E+01  0.3291066E-05  0.1512265E-04
-0.3874878E+01  0.3565672E-05  0.1637278E-04
-0.3867058E+01  0.3853218E-05  0.1767989E-04
-0.3859238E+01  0.4154499E-05  0.1904742E-04
-0.3851417E+01  0.4470614E-05  0.2048013E-04
-0.3843597E+01  0.4802460E-05  0.2198187E-04
-0.3835777E+01  0.5151188E-05  0.2355763E-04
-0.3827957E+01  0.5517796E-05  0.2521167E-04
-0.3820137E+01  0.5903508E-05  0.2694927E-04
-0.3812317E+01  0.6309428E-05  0.2877512E-04
-0.3804497E+01  0.6736865E-05  0.3069484E-04
-0.3796676E+01  0.7187039E-05  0.3271361E-04
-0.3788856E+01  0.7661357E-05  0.3483743E-04
-0.3781036E+01  0.8161165E-05  0.3707200E-04
-0.3773216E+01  0.8687983E-05  0.3942378E-04
-0.3765396E+01  0.9243292E-05  0.4189899E-04
-0.3757576E+01  0.9828737E-05  0.4450461E-04
-0.3749756E+01  0.1044595E-04  0.4724747E-04
-0.3741935E+01  0.1109671E-04  0.5013509E-04
-0.3734115E+01  0.1178282E-04  0.5317496E-04
-0.3726295E+01  0.1250621E-04  0.5637522E-04
-0.3718475E+01  0.1326885E-04  0.5974405E-04
-0.3710655E+01  0.1407285E-04  0.6329027E-04
-0.3702835E+01  0.1492036E-04  0.6702281E-04
-0.3695015E+01  0.1581369E-04  0.7095125E-04
-0.3687195E+01  0.1675520E-04  0.7508531E-04
-0.3679374E+01  0.1774739E-04  0.7943539E-04
-0.3671554E+01  0.1879284E-04  0.8401208E-04
-0.3663734E+01  0.1989429E-04  0.8882666E-04
-0.3655914E+01  0.2105454E-04  0.9389067E-04
-0.3648094E+01  0.2227660E-04  0.9921635E-04
-0.3640274E+01  0.2356352E-04  0.1048162E-03
-0.3632454E+01  0.2491855E-04  0.1107036E-03
-0.3624633E+01  0.2634505E-04  0.1168921E-03
-0.3616813E+01  0.2784656E-04  0.1233960E-03
-0.3608993E+01  0.2942673E-04  0.1302302E-03
-0.3601173E+01  0.3108940E-04  0.1374103E-03
-0.3593353E+01  0.3283856E-04  0.1449523E-03
-0.3585533E+01  0.3467839E-04  0.1528731E-03
-0.3577713E+01  0.3661323E-04  0.1611900E-03
-0.3569892E+01  0.3864761E-04  0.1699213E-03
-0.3562072E+01  0.4078626E-04  0.1790859E-03
-0.3554252E+01  0.4303409E-04  0.1887034E-03
-0.3546432E+01  0.4539624E-04  0.1987942E-03
-0.3538612E+01  0.4787806E-04  0.2093795E-03
-0.3530792E+01  0.5048510E-04  0.2204815E-03
-0.3522972E+01  0.5322316E-04  0.2321231E-03
-0.3515152E+01  0.5609827E-04  0.2443280E-03
-0.3507331E+01  0.5911672E-04  0.2571210E-03
-0.3499511E+01  0.6228503E-04  0.2705277E-03
-0.3491691E+01  0.6561001E-04  0.2845748E-03
-0.3483871E+01  0.6909872E-04  0.2992900E-03
-0.3476051E+01  0.7275853E-04  0.3147019E-03
-0.3468231E+01  0.7659707E-04  0.3308402E-03
-0.3460411E+01  0.8062229E-04  0.3477359E-03
-0.3452590E+01  0.8484246E-04  0.3654210E-03
-0.3444770E+01  0.8926615E-04  0.3839285E-03
-0.3436950E+01  0.9390229E-04  0.4032928E-03
-0.3429130E+01  0.9876013E-04  0.4235497E-03
-0.3421310E+01  0.1038493E-03  0.4447358E-03
-0.3413490E+01  0.1091798E-03  0.4668895E-03
-0.3405670E+01  0.1147619E-03  0.4900502E-03
-0.3397849E+01  0.1206064E-03  0.5142589E-03
-0.3390029E+01  0.1267245E-03  0.5395579E-03
-0.3382209E+01  0.1331278E-03  0.5659911E-03
-0.3374389E+01  0.1398282E-03  0.5936037E-03
-0.3366569E+01  0.1468381E-03  0.6224426E-03
-0.3358749E+01  0.1541705E-03  0.6525563E-03
-0.3350929E+01  0.1618388E-03  0.6839949E-03
-0.3343109E+01  0.1698568E-03  0.7168101E-03
-0.3335288E+01  0.1782387E-03  0.7510554E-03
-0.3327468E+01  0.1869996E-03  0.7867859E-03
-0.3319648E+01  0.1961547E-03  0.8240587E-03
-0.3311828E+01  0.2057200E-03  0.8629328E-03
-0.3304008E+01  0.2157120E-03  0.9034687E-03
-0.3296188E+01  0.2261476E-03  0.9457293E-03
-0.3288368E+01  0.2370447E-03  0.9897792E-03
-0.3280547E+01  0.2484213E-03  0.1035685E-02
-0.3272727E+01  0.2602964E-03  0.1083516E-02
-0.3264907E+01  0.2726895E-03  0.1133342E-02
-0.3257087E+01  0.2856207E-03  0.1185237E-02
-0.3249267E+01  0.2991110E-03  0.1239277E-02
-0.3241447E+01  0.3131817E-03  0.1295538E-02
-0.3233627E+01  0.3278552E-03  0.1354100E-02
-0.3225806E+01  0.3431544E-03  0.1415047E-02
-0.3217986E+01  0.3591030E-03  0.1478461E-02
-0.3210166E+01  0.3757255E-03  0.1544432E-02
-0.3202346E+01  0.3930472E-03  0.1613048E-02
-0.3194526E+01  0.4110942E-03  0.1684401E-02
-0.3186706E+01  0.4298933E-03  0.1758587E-02
-0.3178886E+01  0.4494723E-03  0.1835702E-02
-0.3171065E+01  0.4698598E-03  0.1915848E-02
-0.3163245E+01  0.4910853E-03  0.1999127E-02
-0.3155425E+01  0.5131791E-03  0.2085645E-02
-0.3147605E+01  0.5361726E-03  0.2175510E-02
-0.3139785E+01  0.5600982E-03  0.2268835E-02
-0.3131965E+01  0.5849889E-03  0.2365734E-02
-0.3124145E+01  0.6108791E-03  0.2466324E-02
-0.3116325E+01  0.6378039E-03  0.2570727E-02
-0.3108504E+01  0.6657998E-03  0.2679065E-02
-0.3100684E+01  0.6949040E-03  0.2791467E-02
-0.3092864E+01  0.7251550E-03  0.2908062E-02
-0.3085044E+01  0.7565922E-03  0.3028984E-02
-0.3077224E+01  0.7892564E-03  0.3154369E-02
-0.3069404E+01  0.8231894E-03  0.3284358E-02
-0.3061584E+01  0.8584342E-03  0.3419095E-02
-0.3053763E+01  0.8950348E-03  0.3558725E-02
-0.3045943E+01  0.9330368E-03  0.3703401E-02
-0.3038123E+01  0.9724868E-03  0.3853275E-02
-0.3030303E+01  0.1013433E-02  0.4008506E-02
-0.3022483E+01  0.1055924E-02  0.4169255E-02
-0.3014663E+01  0.1100010E-02  0.4335687E-02
-0.3006843E+01  0.1145744E-02  0.4507971E-02
-0.2999022E+01  0.1193179E-02  0.4686278E-02
-0.2991202E+01  0.1242369E-02  0.4870787E-02
-0.2983382E+01  0.1293371E-02  0.5061675E-02
-0.2975562E+01  0.1346241E-02  0.5259128E-02
-0.2967742E+01  0.1401040E-02  0.5463333E-02
-0.2959922E+01  0.1457826E-02  0.5674482E-02
-0.2952102E+01  0.1516663E-02  0.5892771E-02
-0.2944282E+01  0.1577613E-02  0.6118400E-02
-0.2936461E+01  0.1640742E-02  0.6351572E-02
-0.2928641E+01  0.1706116E-02  0.6592495E-02
-0.2920821E+01  0.1773803E-02  0.6841381E-02
-0.2913001E+01  0.1843874E-02  0.7098446E-02
-0.2905181E+01  0.1916399E-02  0.7363910E-02
-0.2897361E+01  0.1991453E-02  0.7637998E-02
-0.2889541E+01  0.2069109E-02  0.7920938E-02
-0.2881720E+01  0.2149444E-02  0.8212961E-02
-0.2873900E+01  0.2232538E-02  0.8514306E-02
-0.2866080E+01  0.2318469E-02  0.8825214E-02
-0.2858260E+01  0.2407320E-02  0.9145928E-02
-0.2850440E+01  0.2499174E-02  0.9476698E-02
-0.2842620E+01  0.2594117E-02  0.9817779E-02
-0.2834800E+01  0.2692236E-02  0.1016943E-01
-0.2826979E+01  0.2793622E-02  0.1053190E-01
-0.2819159E+01  0.2898363E-02  0.1090548E-01
-0.2811339E+01  0.3006555E-02  0.1129042E-01
-0.2803519E+01  0.3118292E-02  0.1168700E-01
-0.2795699E+01  0.3233670E-02  0.1209549E-01
-0.2787879E+01  0.3352789E-02  0.1251619E-01
-0.2780059E+01  0.3475750E-02  0.1294938E-01
-0.2772239E+01  0.3602655E-02  0.1339535E-01
-0.2764418E+01  0.3733610E-02  0.1385439E-01
-0.2756598E+01  0.3868722E-02  0.1432680E-01
-0.2748778E+01  0.4008099E-02  0.1481289E-01
-0.2740958E+01  0.4151853E-02  0.1531296E-01
-0.2733138E+01  0.4300097E-02  0.1582732E-01
-0.2725318E+01  0.4452947E-02  0.1635629E-01
-0.2717498E+01  0.4610519E-02  0.1690019E-01
-0.2709677E+01  0.4772933E-02  0.1745933E-01
-0.2701857E+01  0.4940312E-02  0.1803405E-01
-0.2694037E+01  0.5112778E-02  0.1862467E-01
-0.2686217E+01  0.5290458E-02  0.1923153E-01
-0.2678397E+01  0.5473481E-02  0.1985496E-01
-0.2670577E+01  0.5661975E-02  0.2049529E-01
-0.2662757E+01  0.5856075E-02  0.2115289E-01
-0.2654936E+01  0.6055914E-02  0.2182808E-01
-0.2647116E+01  0.6261630E-02  0.2252122E-01
-0.2639296E+01  0.6473361E-02  0.2323267E-01
-0.2631476E+01  0.6691250E-02  0.2396277E-01
-0.2623656E+01  0.6915439E-02  0.2471189E-01
-0.2615836E+01  0.7146074E-02  0.2548039E-01
-0.2608016E+01  0.7383303E-02  0.2626862E-01
-0.2600196E+01  0.7627276E-02  0.2707696E-01
-0.2592375E+01  0.7878146E-02  0.2790577E-01
-0.2584555E+01  0.8136067E-02  0.2875543E-01
-0.2576735E+01  0.8401196E-02  0.2962631E-01
-0.2568915E+01  0.8673691E-02  0.3051877E-01
-0.2561095E+01  0.8953714E-02  0.3143321E-01
-0.2553275E+01  0.9241428E-02  0.3236999E-01
-0.2545455E+01  0.9536999E-02  0.3332950E-01
-0.2537634E+01  0.9840593E-02  0.3431211E-01
-0.2529814E+01  0.1015238E-01  0.3531822E-01
-0.2521994E+01  0.1047253E-01  0.3634820E-01
-0.2514174E+01  0.1080123E-01  0.3740243E-01
-0.2506354E+01  0.1113864E-01  0.3848131E-01
-0.2498534E+01  0.1148494E-01  0.3958521E-01
-0.2490714E+01  0.1184031E-01  0.4071453E-01
-0.2482893E+01  0.1220494E-01  0.4186964E-01
-0.2475073E+01  0.1257901E-01  0.4305095E-01
-0.2467253E+01  0.1296271E-01  0.4425882E-01
-0.2459433E+01  0.1335622E-01  0.4549365E-01
-0.2451613E+01  0.1375974E-01  0.4675582E-01
-0.2443793E+01  0.1417345E-01  0.4804572E-01
-0.2435973E+01  0.1459755E-01  0.4936372E-01
-0.2428152E+01  0.1503224E-01  0.5071021E-01
-0.2420332E+01  0.1547771E-01  0.5208558E-01
-0.2412512E+01  0.1593417E-01  0.5349019E-01
-0.2404692E+01  0.1640180E-01  0.5492442E-01
-0.2396872E+01  0.1688083E-01  0.5638866E-01
-0.2389052E+01  0.1737144E-01  0.5788326E-01
-0.2381232E+01  0.1787386E-01  0.5940860E-01
-0.2373412E+01  0.1838827E-01  0.6096505E-01
-0.2365591E+01  0.1891490E-01  0.6255296E-01
-0.2357771E+01  0.1945396E-01  0.6417271E-01
-0.2349951E+01  0.2000565E-01  0.6582463E-01
-0.2342131E+01  0.2057019E-01  0.6750909E-01
-0.2334311E+01  0.2114780E-01  0.6922644E-01
-0.2326491E+01  0.2173869E-01  0.7097700E-01
-0.2318671E+01  0.2234307E-01  0.7276114E-01
-0.2310850E+01  0.2296117E-01  0.7457917E-01
-0.2303030E+01  0.2359321E-01  0.7643142E-01
-0.2295210E+01  0.2423941E-01  0.7831823E-01
-0.2287390E+01  0.2489998E-01  0.8023989E-01
-0.2279570E+01  0.2557516E-01  0.8219673E-01
-0.2271750E+01  0.2626516E-01  0.8418905E-01
-0.2263930E+01  0.2697021E-01  0.8621715E-01
-0.2256109E+01  0.2769054E-01  0.8828131E-01
-0.2248289E+01  0.2842637E-01  0.9038181E-01
-0.2240469E+01  0.2917792E-01  0.9251894E-01
-0.2232649E+01  0.2994543E-01  0.9469296E-01
-0.2224829E+01  0.3072912E-01  0.9690413E-01
-0.2217009E+01  0.3152921E-01  0.9915270E-01
-0.2209189E+01  0.3234595E-01  0.1014389E+00
-0.2201369E+01  0.3317955E-01  0.1037630E+00
-0.2193548E+01  0.3403024E-01  0.1061252E+00
-0.2185728E+01  0.3489826E-01  0.1085257E+00
-0.2177908E+01  0.3578383E-01  0.1109647E+00
-0.2170088E+01  0.3668717E-01  0.1134424E+00
-0.2162268E+01  0.3760853E-01  0.1159590E+00
-0.2154448E+01  0.3854812E-01  0.1185146E+00
-0.2146628E+01  0.3950618E-01  0.1211095E+00
-0.2138807E+01  0.4048292E-01  0.1237438E+00
-0.2130987E+01  0.4147859E-01  0.1264175E+00
-0.2123167E+01  0.4249340E-01  0.1291309E+00
-0.2115347E+01  0.4352758E-01  0.1318841E+00
-0.2107527E+01  0.4458135E-01  0.1346770E+00
-0.2099707E+01  0.4565494E-01  0.1375099E+00
-0.2091887E+01  0.4674857E-01  0.1403829E+00
-0.2084066E+01  0.4786246E-01  0.1432958E+00
-0.2076246E+01  0.4899684E-01  0.1462489E+00
-0.2068426E+01  0.5015192E-01  0.1492421E+00
-0.2060606E+01  0.5132792E-01  0.1522755E+00
-0.2052786E+01  0.5252505E-01  0.1553491E+00
-0.2044966E+01  0.5374354E-01  0.1584628E+00
-0.2037146E+01  0.5498359E-01  0.1616166E+00
-0.2029326E+01  0.5624542E-01  0.1648105E+00
-0.2021505E+01  0.5752923E-01  0.1680444E+00
-0.2013685E+01  0.5883523E-01  0.1713183E+00
-0.2005865E+01  0.6016363E-01  0.1746320E+00
-0.1998045E+01  0.6151464E-01  0.1779855E+00
-0.1990225E+01  0.6288844E-01  0.1813786E+00
-0.1982405E+01  0.6428525E-01  0.1848112E+00
-0.1974585E+01  0.6570525E-01  0.1882831E+00
-0.1966764E+01  0.6714865E-01  0.1917942E+00
-0.1958944E+01  0.6861562E-01  0.1953442E+00
-0.1951124E+01  0.7010636E-01  0.1989330E+00
-0.1943304E+01  0.7162106E-01  0.2025603E+00
-0.1935484E+01  0.7315989E-01  0.2062259E+00
-0.1927664E+01  0.7472303E-01  0.2099294E+00
-0.1919844E+01  0.7631067E-01  0.2136707E+00
-0.1912023E+01  0.7792296E-01  0.2174495E+00
-0.1904203E+01  0.7956009E-01  0.2212653E+00
-0.1896383E+01  0.8122220E-01  0.2251179E+00
-0.1888563E+01  0.8290948E-01  0.2290068E+00
-0.1880743E+01  0.8462207E-01  0.2329318E+00
-0.1872923E+01  0.8636013E-01  0.2368924E+00
-0.1865103E+01  0.8812380E-01  0.2408882E+00
-0.1857283E+01  0.8991324E-01  0.2449188E+00
-0.1849462E+01  0.9172858E-01  0.2489837E+00
-0.1841642E+01  0.9356995E-01  0.2530823E+00
-0.1833822E+01  0.9543751E-01  0.2572144E+00
-0.1826002E+01  0.9733136E-01  0.2613792E+00
-0.1818182E+01  0.9925164E-01  0.2655763E+00
-0.1810362E+01  0.1011985E+00  0.2698051E+00
-0.1802542E+01  0.1031719E+00  0.2740650E+00
-0.1794721E+01  0.1051722E+00  0.2783555E+00
-0.1786901E+01  0.1071993E+00  0.2826758E+00
-0.1779081E+01  0.1092534E+00  0.2870254E+00
-0.1771261E+01  0.1113345E+00  0.2914037E+00
-0.1763441E+01  0.1134428E+00  0.2958098E+00
-0.1755621E+01  0.1155784E+00  0.3002432E+00
-0.1747801E+01  0.1177412E+00  0.3047031E+00
-0.1739980E+01  0.1199314E+00  0.3091887E+00
-0.1732160E+01  0.1221491E+00  0.3136993E+00
-0.1724340E+01  0.1243943E+00  0.3182342E+00
-0.1716520E+01  0.1266670E+00  0.3227924E+00
-0.1708700E+01  0.1289673E+00  0.3273732E+00
-0.1700880E+01  0.1312953E+00  0.3319757E+00
-0.1693060E+01  0.1336510E+00  0.3365991E+00
-0.1685239E+01  0.1360344E+00  0.3412425E+00
-0.1677419E+01  0.1384456E+00  0.3459049E+00
-0.1669599E+01  0.1408845E+00  0.3505855E+00
-0.1661779E+01  0.1433512E+00  0.3552833E+00
-0.1653959E+01  0.1458457E+00  0.3599974E+00
-0.1646139E+01  0.1483679E+00  0.3647267E+00
-0.1638319E+01  0.1509179E+00  0.3694703E+00
-0.1630499E+01  0.1534956E+00  0.3742271E+00
-0.1622678E+01  0.1561011E+00  0.3789961E+00
-0.1614858E+01  0.1587343E+00  0.3837763E+00
-0.1607038E+01  0.1613951E+00  0.3885665E+00
-0.1599218E+01  0.1640836E+00  0.3933657E+00
-0.1591398E+01  0.1667996E+00  0.3981727E+00
-0.1583578E+01  0.1695431E+00  0.4029865E+00
-0.1575758E+01  0.1723141E+00  0.4078058E+00
-0.1567937E+01  0.1751124E+00  0.4126296E+00
-0.1560117E+01  0.1779381E+00  0.4174566E+00
-0.1552297E+01  0.1807909E+00  0.4222856E+00
-0.1544477E+01  0.1836709E+00  0.4271155E+00
-0.1536657E+01  0.1865779E+00  0.4319449E+00
-0.1528837E+01  0.1895118E+00  0.4367727E+00
-0.1521017E+01  0.1924724E+00  0.4415976E+00
-0.1513196E+01  0.1954598E+00  0.4464182E+00
-0.1505376E+01  0.1984737E+00  0.4512335E+00
-0.1497556E+01  0.2015139E+00  0.4560419E+00
-0.1489736E+01  0.2045805E+00  0.4608422E+00
-0.1481916E+01  0.2076731E+00  0.4656331E+00
-0.1474096E+01  0.2107917E+00  0.4704132E+00
-0.1466276E+01  0.2139360E+00  0.4751812E+00
-0.1458456E+01  0.2171060E+00  0.4799357E+00
-0.1450635E+01  0.2203013E+00  0.4846753E+00
-0.1442815E+01  0.2235218E+00  0.4893986E+00
-0.1434995E+01  0.2267674E+00  0.4941043E+00
-0.1427175E+01  0.2300378E+00  0.4987909E+00
-0.1419355E+01  0.2333328E+00  0.5034569E+00
-0.1411535E+01  0.2366521E+00  0.5081010E+00
-0.1403715E+01  0.2399956E+00  0.5127217E+00
-0.1395894E+01  0.2433630E+00  0.5173176E+00
-0.1388074E+01  0.2467540E+00  0.5218872E+00
-0.1380254E+01  0.2501685E+00  0.5264290E+00
-0.1372434E+01  0.2536061E+00  0.5309416E+00
-0.1364614E+01  0.2570665E+00  0.5354235E+00
-0.1356794E+01  0.2605496E+00  0.5398732E+00
-0.1348974E+01  0.2640549E+00  0.5442892E+00
-0.1341153E+01  0.2675823E+00  0.5486700E+00
-0.1333333E+01  0.2711314E+00  0.5530141E+00
-0.1325513E+01  0.2747020E+00  0.5573201E+00
-0.1317693E+01  0.2782936E+00  0.5615863E+00
-0.1309873E+01  0.2819060E+00  0.5658114E+00
-0.1302053E+01  0.2855389E+00  0.5699937E+00
-0.1294233E+01  0.2891918E+00  0.5741318E+00
-0.1286413E+01  0.2928646E+00  0.5782242E+00
-0.1278592E+01  0.2965567E+00  0.5822693E+00
-0.1270772E+01  0.3002680E+00  0.5862656E+00
-0.1262952E+01  0.3039979E+00  0.5902117E+00
-0.1255132E+01  0.3077461E+00  0.5941059E+00
-0.1247312E+01  0.3115123E+00  0.5979469E+00
-0.1239492E+01  0.3152960E+00  0.6017330E+00
-0.1231672E+01  0.3190969E+00  0.6054628E+00
-0.1223851E+01  0.3229146E+00  0.6091347E+00
-0.1216031E+01  0.3267486E+00  0.6127474E+00
-0.1208211E+01  0.3305986E+00  0.6162992E+00
-0.1200391E+01  0.3344640E+00  0.6197887E+00
-0.1192571E+01  0.3383446E+00  0.6232145E+00
-0.1184751E+01  0.3422398E+00  0.6265750E+00
-0.1176931E+01  0.3461493E+00  0.6298687E+00
-0.1169110E+01  0.3500725E+00  0.6330943E+00
-0.1161290E+01  0.3540090E+00  0.6362503E+00
-0.1153470E+01  0.3579584E+00  0.6393352E+00
-0.1145650E+01  0.3619202E+00  0.6423475E+00
-0.1137830E+01  0.3658939E+00  0.6452860E+00
-0.1130010E+01  0.3698791E+00  0.6481491E+00
-0.1122190E+01  0.3738752E+00  0.6509355E+00
-0.1114370E+01  0.3778818E+00  0.6536437E+00
-0.1106549E+01  0.3818984E+00  0.6562725E+00
-0.1098729E+01  0.3859245E+00  0.6588204E+00
-0.1090909E+01  0.3899595E+00  0.6612860E+00
-0.1083089E+01  0.3940030E+00  0.6636682E+00
-0.1075269E+01  0.3980545E+00  0.6659655E+00
-0.1067449E+01  0.4021134E+00  0.6681767E+00
-0.1059629E+01  0.4061792E+00  0.6703004E+00
-0.1051808E+01  0.4102514E+00  0.6723354E+00
-0.1043988E+01  0.4143294E+00  0.6742804E+00
-0.1036168E+01  0.4184127E+00  0.6761343E+00
-0.1028348E+01  0.4225008E+00  0.6778957E+00
-0.1020528E+01  0.4265930E+00  0.6795636E+00
-0.1012708E+01  0.4306890E+00  0.6811367E+00
-0.1004888E+01  0.4347880E+00  0.6826138E+00
-0.9970674E+00  0.4388896E+00  0.6839939E+00
-0.9892473E+00  0.4429931E+00  0.6852758E+00
-0.9814272E+00  0.4470980E+00  0.6864584E+00
-0.9736070E+00  0.4512038E+00  0.6875407E+00
-0.9657869E+00  0.4553099E+00  0.6885216E+00
-0.9579668E+00  0.4594156E+00  0.6894001E+00
-0.9501466E+00  0.4635204E+00  0.6901751E+00
-0.9423265E+00  0.4676237E+00  0.6908458E+00
-0.9345064E+00  0.4717249E+00  0.6914112E+00
-0.9266862E+00  0.4758235E+00  0.6918703E+00
-0.9188661E+00  0.4799188E+00  0.6922222E+00
-0.9110459E+00  0.4840103E+00  0.6924661E+00
-0.9032258E+00  0.4880973E+00  0.6926011E+00
-0.8954057E+00  0.4921792E+00  0.6926264E+00
-0.8875855E+00  0.4962555E+00  0.6925412E+00
-0.8797654E+00  0.5003256E+00  0.6923448E+00
-0.8719453E+00  0.5043887E+00  0.6920363E+00
-0.8641251E+00  0.5084444E+00  0.6916152E+00
-0.8563050E+00  0.5124920E+00  0.6910806E+00
-0.8484848E+00  0.5165309E+00  0.6904321E+00
-0.8406647E+00  0.5205605E+00  0.6896689E+00
-0.8328446E+00  0.5245801E+00  0.6887904E+00
-0.8250244E+00  0.5285893E+00  0.6877962E+00
-0.8172043E+00  0.5325873E+00  0.6866856E+00
-0.8093842E+00  0.5365735E+00  0.6854582E+00
-0.8015640E+00  0.5405473E+00  0.6841135E+00
-0.7937439E+00  0.5445081E+00  0.6826511E+00
-0.7859238E+00  0.5484553E+00  0.6810705E+00
-0.7781036E+00  0.5523883E+00  0.6793715E+00
-0.7702835E+00  0.5563065E+00  0.6775537E+00
-0.7624633E+00  0.5602091E+00  0.6756167E+00
-0.7546432E+00  0.5640957E+00  0.6735602E+00
-0.7468231E+00  0.5679656E+00  0.6713842E+00
-0.7390029E+00  0.5718182E+00  0.6690883E+00
-0.7311828E+00  0.5756529E+00  0.6666724E+00
-0.7233627E+00  0.5794690E+00  0.6641363E+00
-0.7155425E+00  0.5832660E+00  0.6614800E+00
-0.7077224E+00  0.5870432E+00  0.6587033E+00
-0.6999022E+00  0.5908001E+00  0.6558063E+00
-0.6920821E+00  0.5945360E+00  0.6527890E+00
-0.6842620E+00  0.5982503E+00  0.6496513E+00
-0.6764418E+00  0.6019424E+00  0.6463933E+00
-0.6686217E+00  0.6056118E+00  0.6430152E+00
-0.6608016E+00  0.6092578E+00  0.6395171E+00
-0.6529814E+00  0.6128798E+00  0.6358991E+00
-0.6451613E+00  0.6164772E+00  0.6321616E+00
-0.6373412E+00  0.6200495E+00  0.6283046E+00
-0.6295210E+00  0.6235960E+00  0.6243285E+00
-0.6217009E+00  0.6271162E+00  0.6202337E+00
-0.6138807E+00  0.6306094E+00  0.6160204E+00
-0.6060606E+00  0.6340752E+00  0.6116891E+00
-0.5982405E+00  0.6375129E+00  0.6072401E+00
-0.5904203E+00  0.6409220E+00  0.6026739E+00
-0.5826002E+00  0.6443018E+00  0.5979911E+00
-0.5747801E+00  0.6476518E+00  0.5931921E+00
-0.5669599E+00  0.6509715E+00  0.5882775E+00
-0.5591398E+00  0.6542604E+00  0.5832479E+00
-0.5513196E+00  0.6575177E+00  0.5781039E+00
-0.5434995E+00  0.6607431E+00  0.5728462E+00
-0.5356794E+00  0.6639359E+00  0.5674754E+00
-0.5278592E+00  0.6670956E+00  0.5619924E+00
-0.5200391E+00  0.6702217E+00  0.5563979E+00
-0.5122190E+00  0.6733137E+00  0.5506927E+00
-0.5043988E+00  0.6763709E+00  0.5448775E+00
-0.4965787E+00  0.6793930E+00  0.5389534E+00
-0.4887586E+00  0.6823794E+00  0.5329211E+00
-0.4809384E+00  0.6853295E+00  0.5267817E+00
-0.4731183E+00  0.6882430E+00  0.5205361E+00
-0.4652981E+00  0.6911192E+00  0.5141852E+00
-0.4574780E+00  0.6939576E+00  0.5077302E+00
-0.4496579E+00  0.6967579E+00  0.5011720E+00
-0.4418377E+00  0.6995195E+00  0.4945119E+00
-0.4340176E+00  0.7022419E+00  0.4877508E+00
-0.4261975E+00  0.7049247E+00  0.4808901E+00
-0.4183773E+00  0.7075674E+00  0.4739308E+00
-0.4105572E+00  0.7101696E+00  0.4668741E+00
-0.4027370E+00  0.7127307E+00  0.4597214E+00
-0.3949169E+00  0.7152505E+00  0.4524739E+00
-0.3870968E+00  0.7177283E+00  0.4451330E+00
-0.3792766E+00  0.7201638E+00  0.4376999E+00
-0.3714565E+00  0.7225566E+00  0.4301760E+00
-0.3636364E+00  0.7249062E+00  0.4225628E+00
-0.3558162E+00  0.7272123E+00  0.4148616E+00
-0.3479961E+00  0.7294744E+00  0.4070740E+00
-0.3401760E+00  0.7316922E+00  0.3992013E+00
-0.3323558E+00  0.7338652E+00  0.3912451E+00
-0.3245357E+00  0.7359931E+00  0.3832070E+00
-0.3167155E+00  0.7380756E+00  0.3750884E+00
-0.3088954E+00  0.7401121E+00  0.3668910E+00
-0.3010753E+00  0.7421025E+00  0.3586164E+00
-0.2932551E+00  0.7440462E+00  0.3502662E+00
-0.2854350E+00  0.7459431E+00  0.3418420E+00
-0.2776149E+00  0.7477928E+00  0.3333456E+00
-0.2697947E+00  0.7495948E+00  0.3247787E+00
-0.2619746E+00  0.7513490E+00  0.3161430E+00
-0.2541544E+00  0.7530551E+00  0.3074401E+00
-0.2463343E+00  0.7547126E+00  0.2986720E+00
-0.2385142E+00  0.7563213E+00  0.2898403E+00
-0.2306940E+00  0.7578810E+00  0.2809470E+00
-0.2228739E+00  0.7593914E+00  0.2719937E+00
-0.2150538E+00  0.7608521E+00  0.2629825E+00
-0.2072336E+00  0.7622630E+00  0.2539150E+00
-0.1994135E+00  0.7636238E+00  0.2447933E+00
-0.1915934E+00  0.7649342E+00  0.2356192E+00
-0.1837732E+00  0.7661941E+00  0.2263947E+00
-0.1759531E+00  0.7674031E+00  0.2171216E+00
-0.1681329E+00  0.7685611E+00  0.2078019E+00
-0.1603128E+00  0.7696679E+00  0.1984377E+00
-0.1524927E+00  0.7707233E+00  0.1890308E+00
-0.1446725E+00  0.7717271E+00  0.1795832E+00
-0.1368524E+00  0.7726791E+00  0.1700971E+00
-0.1290323E+00  0.7735791E+00  0.1605743E+00
-0.1212121E+00  0.7744270E+00  0.1510169E+00
-0.1133920E+00  0.7752227E+00  0.1414270E+00
-0.1055718E+00  0.7759659E+00  0.1318065E+00
-0.9775171E-01  0.7766566E+00  0.1221577E+00
-0.8993157E-01  0.7772947E+00  0.1124825E+00
-0.8211144E-01  0.7778800E+00  0.1027829E+00
-0.7429130E-01  0.7784124E+00  0.9306123E-01
-0.6647116E-01  0.7788918E+00  0.8331941E-01
-0.5865103E-01  0.7793182E+00  0.7355958E-01
-0.5083089E-01  0.7796915E+00  0.6378385E-01
-0.4301075E-01  0.7800115E+00  0.5399432E-01
-0.3519062E-01  0.7802783E+00  0.4419311E-01
-0.2737048E-01  0.7804918E+00  0.3438234E-01
-0.1955034E-01  0.7806520E+00  0.2456413E-01
-0.1173021E-01  0.7807587E+00  0.1474060E-01
-0.3910068E-02  0.7808121E+00  0.4913889E-02
 0.3910068E-02  0.7808121E+00 -0.4913889E-02
 0.1173021E-01  0.7807587E+00 -0.1474060E-01
 0.1955034E-01  0.7806520E+00 -0.2456413E-01
 0.2737048E-01  0.7804918E+00 -0.3438234E-01
 0.3519062E-01  0.7802783E+00 -0.4419311E-01
 0.4301075E-01  0.7800115E+00 -0.5399432E-01
 0.5083089E-01  0.7796915E+00 -0.6378385E-01
 0.5865103E-01  0.7793182E+00 -0.7355958E-01
 0.6647116E-01  0.7788918E+00 -0.8331941E-01
 0.7429130E-01  0.7784124E+00 -0.9306123E-01
 0.8211144E-01  0.7778800E+00 -0.1027829E+00
 0.8993157E-01  0.7772947E+00 -0.1124825E+00
 0.9775171E-01  0.7766566E+00 -0.1221577E+00
 0.1055718E+00  0.7759659E+00 -0.1318065E+00
 0.1133920E+00  0.7752227E+00 -0.1414270E+00
 0.1212121E+00  0.7744270E+00 -0.1510169E+00
 0.1290323E+00  0.7735791E+00 -0.1605743E+00
 0.1368524E+00  0.7726791E+00 -0.1700971E+00
 0.1446725E+00  0.7717271E+00 -0.1795832E+00
 0.1524927E+00  0.7707233E+00 -0.1890308E+00
 0.1603128E+00  0.7696679E+00 -0.1984377E+00
 0.1681329E+00  0.7685611E+00 -0.2078019E+00
 0.1759531E+00  0.7674031E+00 -0.2171216E+00
 0.1837732E+00  0.7661941E+00 -0.2263947E+00
 0.1915934E+00  0.7649342E+00 -0.2356192E+00
 0.1994135E+00  0.7636238E+00 -0.2447933E+00
 0.2072336E+00  0.7622630E+00 -0.2539150E+00
 0.2150538E+00  0.7608521E+00 -0.2629825E+00
 0.2228739E+00  0.7593914E+00 -0.2719937E+00
 0.2306940E+00  0.7578810E+00 -0.2809470E+00
 0.2385142E+00  0.7563213E+00 -0.2898403E+00
 0.2463343E+00  0.7547126E+00 -0.2986720E+00
 0.2541544E+00  0.7530551E+00 -0.3074401E+00
 0.2619746E+00  0.7513490E+00 -0.3161430E+00
 0.2697947E+00  0.7495948E+00 -0.3247787E+00
 0.2776149E+00  0.7477928E+00 -0.3333456E+00
 0.2854350E+00  0.7459431E+00 -0.3418420E+00
 0.2932551E+00  0.7440462E+00 -0.3502662E+00
 0.3010753E+00  0.7421025E+00 -0.3586164E+00
 0.3088954E+00  0.7401121E+00 -0.3668910E+00
 0.3167155E+00  0.7380756E+00 -0.3750884E+00
 0.3245357E+00  0.7359931E+00 -0.3832070E+00
 0.3323558E+00  0.7338652E+00 -0.3912451E+00
 0.3401760E+00  0.7316922E+00 -0.3992013E+00
 0.3479961E+00  0.7294744E+00 -0.4070740E+00
 0.3558162E+00  0.7272123E+00 -0.4148616E+00
 0.3636364E+00  0.7249062E+00 -0.4225628E+00
 0.3714565E+00  0.7225566E+00 -0.4301760E+00
 0.3792766E+00  0.7201638E+00 -0.4376999E+00
 0.3870968E+00  0.7177283E+00 -0.4451330E+00
 0.3949169E+00  0.7152505E+00 -0.4524739E+00
 0.4027370E+00  0.7127307E+00 -0.4597214E+00
 0.4105572E+00  0.7101696E+00 -0.4668741E+00
 0.4183773E+00  0.7075674E+00 -0.4739308E+00
 0.4261975E+00  0.7049247E+00 -0.4808901E+00
 0.4340176E+00  0.7022419E+00 -0.4877508E+00
 0.4418377E+00  0.6995195E+00 -0.4945119E+00
 0.4496579E+00  0.6967579E+00 -0.5011720E+00
 0.4574780E+00  0.6939576E+00 -0.5077302E+00
 0.4652981E+00  0.6911192E+00 -0.5141852E+00
 0.4731183E+00  0.6882430E+00 -0.5205361E+00
 0.4809384E+00  0.6853295E+00 -0.5267817E+00
 0.4887586E+00  0.6823794E+00 -0.5329211E+00
 0.4965787E+00  0.6793930E+00 -0.5389534E+00
 0.5043988E+00  0.6763709E+00 -0.5448775E+00
 0.5122190E+00  0.6733137E+00 -0.5506927E+00
 0.5200391E+00  0.6702217E+00 -0.5563979E+00
 0.5278592E+00  0.6670956E+00 -0.5619924E+00
 0.5356794E+00  0.6639359E+00 -0.5674754E+00
 0.5434995E+00  0.6607431E+00 -0.5728462E+00
 0.5513196E+00  0.6575177E+00 -0.5781039E+00
 0.5591398E+00  0.6542604E+00 -0.5832479E+00
 0.5669599E+00  0.6509715E+00 -0.5882775E+00
 0.5747801E+00  0.6476518E+00 -0.5931921E+00
 0.5826002E+00  0.6443018E+00 -0.5979911E+00
 0.5904203E+00  0.6409220E+00 -0.6026739E+00
 0.5982405E+00  0.6375129E+00 -0.6072401E+00
 0.6060606E+00  0.6340752E+00 -0.6116891E+00
 0.6138807E+00  0.6306094E+00 -0.6160204E+00
 0.6217009E+00  0.6271162E+00 -0.6202337E+00
 0.6295210E+00  0.6235960E+00 -0.6243285E+00
 0.6373412E+00  0.6200495E+00 -0.6283046E+00
 0.6451613E+00  0.6164772E+00 -0.6321616E+00
 0.6529814E+00  0.6128798E+00 -0.6358991E+00
 0.6608016E+00  0.6092578E+00 -0.6395171E+00
 0.6686217E+00  0.6056118E+00 -0.6430152E+00
 0.6764418E+00  0.6019424E+00 -0.6463933E+00
 0.6842620E+00  0.5982503E+00 -0.6496513E+00
 0.6920821E+00  0.5945360E+00 -0.6527890E+00
 0.6999022E+00  0.5908001E+00 -0.6558063E+00
 0.7077224E+00  0.5870432E+00 -0.6587033E+00
 0.7155425E+00  0.5832660E+00 -0.6614800E+00
 0.7233627E+00  0.5794690E+00 -0.6641363E+00
 0.7311828E+00  0.5756529E+00 -0.6666724E+00
 0.7390029E+00  0.5718182E+00 -0.6690883E+00
 0.7468231E+00  0.5679656E+00 -0.6713842E+00
 0.7546432E+00  0.5640957E+00 -0.6735602E+00
 0.7624633E+00  0.5602091E+00 -0.6756167E+00
 0.7702835E+00  0.5563065E+00 -0.6775537E+00
 0.7781036E+00  0.5523883E+00 -0.6793715E+00
 0.7859238E+00  0.5484553E+00 -0.6810705E+00
 0.7937439E+00  0.5445081E+00 -0.6826511E+00
 0.8015640E+00  0.5405473E+00 -0.6841135E+00
 0.8093842E+00  0.5365735E+00 -0.6854582E+00
 0.8172043E+00  0.5325873E+00 -0.6866856E+00
 0.8250244E+00  0.5285893E+00 -0.6877962E+00
 0.8328446E+00  0.5245801E+00 -0.6887904E+00
 0.8406647E+00  0.5205605E+00 -0.6896689E+00
 0.8484848E+00  0.5165309E+00 -0.6904321E+00
 0.8563050E+00  0.5124920E+00 -0.6910806E+00
 0.8641251E+00  0.5084444E+00 -0.6916152E+00
 0.8719453E+00  0.5043887E+00 -0.6920363E+00
 0.8797654E+00  0.5003256E+00 -0.6923448E+00
 0.8875855E+00  0.4962555E+00 -0.6925412E+00
 0.8954057E+00  0.4921792E+00 -0.6926264E+00
 0.9032258E+00  0.4880973E+00 -0.6926011E+00
 0.9110459E+00  0.4840103E+00 -0.6924661E+00
 0.9188661E+00  0.4799188E+00 -0.6922222E+00
 0.9266862E+00  0.4758235E+00 -0.6918703E+00
 0.9345064E+00  0.4717249E+00 -0.6914112E+00
 0.9423265E+00  0.4676237E+00 -0.6908458E+00
 0.9501466E+00  0.4635204E+00 -0.6901751E+00
 0.9579668E+00  0.4594156E+00 -0.6894001E+00
 0.9657869E+00  0.4553099E+00 -0.6885216E+00
 0.9736070E+00  0.4512038E+00 -0.6875407E+00
 0.9814272E+00  0.4470980E+00 -0.6864584E+00
 0.9892473E+00  0.4429931E+00 -0.6852758E+00
 0.9970674E+00  0.4388896E+00 -0.6839939E+00
 0.1004888E+01  0.4347880E+00 -0.6826138E+00
 0.1012708E+01  0.4306890E+00 -0.6811367E+00
 0.1020528E+01  0.4265930E+00 -0.6795636E+00
 0.1028348E+01  0.4225008E+00 -0.6778957E+00
 0.1036168E+01  0.4184127E+00 -0.6761343E+00
 0.1043988E+01  0.4143294E+00 -0.6742804E+00
 0.1051808E+01  0.4102514E+00 -0.6723354E+00
 0.1059629E+01  0.4061792E+00 -0.6703004E+00
 0.1067449E+01  0.4021134E+00 -0.6681767E+00
 0.1075269E+01  0.3980545E+00 -0.6659655E+00
 0.1083089E+01  0.3940030E+00 -0.6636682E+00
 0.1090909E+01  0.3899595E+00 -0.6612860E+00
 0.1098729E+01  0.3859245E+00 -0.6588204E+00
 0.1106549E+01  0.3818984E+00 -0.6562725E+00
 0.1114370E+01  0.3778818E+00 -0.6536437E+00
 0.1122190E+01  0.3738752E+00 -0.6509355E+00
 0.1130010E+01  0.3698791E+00 -0.6481491E+00
 0.1137830E+01  0.3658939E+00 -0.6452860E+00
 0.1145650E+01  0.3619202E+00 -0.6423475E+00
 0.1153470E+01  0.3579584E+00 -0.6393352E+00
 0.1161290E+01  0.3540090E+00 -0.6362503E+00
 0.1169110E+01  0.3500725E+00 -0.6330943E+00
 0.1176931E+01  0.3461493E+00 -0.6298687E+00
 0.1184751E+01  0.3422398E+00 -0.6265750E+00
 0.1192571E+01  0.3383446E+00 -0.6232145E+00
 0.1200391E+01  0.3344640E+00 -0.6197887E+00
 0.1208211E+01  0.3305986E+00 -0.6162992E+00
 0.1216031E+01  0.3267486E+00 -0.6127474E+00
 0.1223851E+01  0.3229146E+00 -0.6091347E+00
 0.1231672E+01  0.3190969E+00 -0.6054628E+00
 0.1239492E+01  0.3152960E+00 -0.6017330E+00
 0.1247312E+01  0.3115123E+00 -0.5979469E+00
 0.1255132E+01  0.3077461E+00 -0.5941059E+00
 0.1262952E+01  0.3039979E+00 -0.5902117E+00
 0.1270772E+01  0.3002680E+00 -0.5862656E+00
 0.1278592E+01  0.2965567E+00 -0.5822693E+00
 0.1286413E+01  0.2928646E+00 -0.5782242E+00
 0.1294233E+01  0.2891918E+00 -0.5741318E+00
 0.1302053E+01  0.2855389E+00 -0.5699937E+00
 0.1309873E+01  0.2819060E+00 -0.5658114E+00
 0.1317693E+01  0.2782936E+00 -0.5615863E+00
 0.1325513E+01  0.2747020E+00 -0.5573201E+00
 0.1333333E+01  0.2711314E+00 -0.5530141E+00
 0.1341153E+01  0.2675823E+00 -0.5486700E+00
 0.1348974E+01  0.2640549E+00 -0.5442892E+00
 0.1356794E+01  0.2605496E+00 -0.5398732E+00
 0.1364614E+01  0.2570665E+00 -0.5354235E+00
 0.1372434E+01  0.2536061E+00 -0.5309416E+00
 0.1380254E+01  0.2501685E+00 -0.5264290E+00
 0.1388074E+01  0.2467540E+00 -0.5218872E+00
 0.1395894E+01  0.2433630E+00 -0.5173176E+00
 0.1403715E+01  0.2399956E+00 -0.5127217E+00
 0.1411535E+01  0.2366521E+00 -0.5081010E+00
 0.1419355E+01  0.2333328E+00 -0.5034569E+00
 0.1427175E+01  0.2300378E+00 -0.4987909E+00
 0.1434995E+01  0.2267674E+00 -0.4941043E+00
 0.1442815E+01  0.2235218E+00 -0.4893986E+00
 0.1450635E+01  0.2203013E+00 -0.4846753E+00
 0.1458456E+01  0.2171060E+00 -0.4799357E+00
 0.1466276E+01  0.2139360E+00 -0.4751812E+00
 0.1474096E+01  0.2107917E+00 -0.4704132E+00
 0.1481916E+01  0.2076731E+00 -0.4656331E+00
 0.1489736E+01  0.2045805E+00 -0.4608422E+00
 0.1497556E+01  0.2015139E+00 -0.4560419E+00
 0.1505376E+01  0.1984737E+00 -0.4512335E+00
 0.1513196E+01  0.1954598E+00 -0.4464182E+00
 0.1521017E+01  0.1924724E+00 -0.4415976E+00
 0.1528837E+01  0.1895118E+00 -0.4367727E+00
 0.1536657E+01  0.1865779E+00 -0.4319449E+00
 0.1544477E+01  0.1836709E+00 -0.4271155E+00
 0.1552297E+01  0.1807909E+00 -0.4222856E+00
 0.1560117E+01  0.1779381E+00 -0.4174566E+00
 0.1567937E+01  0.1751124E+00 -0.4126296E+00
 0.1575758E+01  0.1723141E+00 -0.4078058E+00
 0.1583578E+01  0.1695431E+00 -0.4029865E+00
 0.1591398E+01  0.1667996E+00 -0.3981727E+00
 0.1599218E+01  0.1640836E+00 -0.3933657E+00
 0.1607038E+01  0.1613951E+00 -0.3885665E+00
 0.1614858E+01  0.1587343E+00 -0.3837763E+00
 0.1622678E+01  0.1561011E+00 -0.3789961E+00
 0.1630499E+01  0.1534956E+00 -0.3742271E+00
 0.1638319E+01  0.1509179E+00 -0.3694703E+00
 0.1646139E+01  0.1483679E+00 -0.3647267E+00
 0.1653959E+01  0.1458457E+00 -0.3599974E+00
 0.1661779E+01  0.1433512E+00 -0.3552833E+00
 0.1669599E+01  0.1408845E+00 -0.3505855E+00
 0.1677419E+01  0.1384456E+00 -0.3459049E+00
 0.1685239E+01  0.1360344E+00 -0.3412425E+00
 0.1693060E+01  0.1336510E+00 -0.3365991E+00
 0.1700880E+01  0.1312953E+00 -0.3319757E+00
 0.1708700E+01  0.1289673E+00 -0.3273732E+00
 0.1716520E+01  0.1266670E+00 -0.3227924E+00
 0.1724340E+01  0.1243943E+00 -0.3182342E+00
 0.1732160E+01  0.1221491E+00 -0.3136993E+00
 0.1739980E+01  0.1199314E+00 -0.3091887E+00
 0.1747801E+01  0.1177412E+00 -0.3047031E+00
 0.1755621E+01  0.1155784E+00 -0.3002432E+00
 0.1763441E+01  0.1134428E+00 -0.2958098E+00
 0.1771261E+01  0.1113345E+00 -0.2914037E+00
 0.1779081E+01  0.1092534E+00 -0.2870254E+00
 0.1786901E+01  0.1071993E+00 -0.2826758E+00
 0.1794721E+01  0.1051722E+00 -0.2783555E+00
 0.1802542E+01  0.1031719E+00 -0.2740650E+00
 0.1810362E+01  0.1011985E+00 -0.2698051E+00
 0.1818182E+01  0.9925164E-01 -0.2655763E+00
 0.1826002E+01  0.9733136E-01 -0.2613792E+00
 0.1833822E+01  0.9543751E-01 -0.2572144E+00
 0.1841642E+01  0.9356995E-01 -0.2530823E+00
 0.1849462E+01  0.9172858E-01 -0.2489837E+00
 0.1857283E+01  0.8991324E-01 -0.2449188E+00
 0.1865103E+01  0.8812380E-01 -0.2408882E+00
 0.1872923E+01  0.8636013E-01 -0.2368924E+00
 0.1880743E+01  0.8462207E-01 -0.2329318E+00
 0.1888563E+01  0.8290948E-01 -0.2290068E+00
 0.1896383E+01  0.8122220E-01 -0.2251179E+00
 0.1904203E+01  0.7956009E-01 -0.2212653E+00
 0.1912023E+01  0.7792296E-01 -0.2174495E+00
 0.1919844E+01  0.7631067E-01 -0.2136707E+00
 0.1927664E+01  0.7472303E-01 -0.2099294E+00
 0.1935484E+01  0.7315989E-01 -0.2062259E+00
 0.1943304E+01  0.7162106E-01 -0.2025603E+00
 0.1951124E+01  0.7010636E-01 -0.1989330E+00
 0.1958944E+01  0.6861562E-01 -0.1953442E+00
 0.1966764E+01  0.6714865E-01 -0.1917942E+00
 0.1974585E+01  0.6570525E-01 -0.1882831E+00
 0.1982405E+01  0.6428525E-01 -0.1848112E+00
 0.1990225E+01  0.6288844E-01 -0.1813786E+00
 0.1998045E+01  0.6151464E-01 -0.1779855E+00
 0.2005865E+01  0.6016363E-01 -0.1746320E+00
 0.2013685E+01  0.5883523E-01 -0.1713183E+00
 0.2021505E+01  0.5752923E-01 -0.1680444E+00
 0.2029326E+01  0.5624542E-01 -0.1648105E+00
 0.2037146E+01  0.5498359E-01 -0.1616166E+00
 0.2044966E+01  0.5374354E-01 -0.1584628E+00
 0.2052786E+01  0.5252505E-01 -0.1553491E+00
 0.2060606E+01  0.5132792E-01 -0.1522755E+00
 0.2068426E+01  0.5015192E-01 -0.1492421E+00
 0.2076246E+01  0.4899684E-01 -0.1462489E+00
 0.2084066E+01  0.4786246E-01 -0.1432958E+00
 0.2091887E+01  0.4674857E-01 -0.1403829E+00
 0.2099707E+01  0.4565494E-01 -0.1375099E+00
 0.2107527E+01  0.4458135E-01 -0.1346770E+00
 0.2115347E+01  0.4352758E-01 -0.1318841E+00
 0.2123167E+01  0.4249340E-01 -0.1291309E+00
 0.2130987E+01  0.4147859E-01 -0.1264175E+00
 0.2138807E+01  0.4048292E-01 -0.1237438E+00
 0.2146628E+01  0.3950618E-01 -0.1211095E+00
 0.2154448E+01  0.3854812E-01 -0.1185146E+00
 0.2162268E+01  0.3760853E-01 -0.1159590E+00
 0.2170088E+01  0.3668717E-01 -0.1134424E+00
 0.2177908E+01  0.3578383E-01 -0.1109647E+00
 0.2185728E+01  0.3489826E-01 -0.1085257E+00
 0.2193548E+01  0.3403024E-01 -0.1061252E+00
 0.2201369E+01  0.3317955E-01 -0.1037630E+00
 0.2209189E+01  0.3234595E-01 -0.1014389E+00
 0.2217009E+01  0.3152921E-01 -0.9915270E-01
 0.2224829E+01  0.3072912E-01 -0.9690413E-01
 0.2232649E+01  0.2994543E-01 -0.9469296E-01
 0.2240469E+01  0.2917792E-01 -0.9251894E-01
 0.2248289E+01  0.2842637E-01 -0.9038181E-01
 0.2256109E+01  0.2769054E-01 -0.8828131E-01
 0.2263930E+01  0.2697021E-01 -0.8621715E-01
 0.2271750E+01  0.2626516E-01 -0.8418905E-01
 0.2279570E+01  0.2557516E-01 -0.8219673E-01
 0.2287390E+01  0.2489998E-01 -0.8023989E-01
 0.2295210E+01  0.2423941E-01 -0.7831823E-01
 0.2303030E+01  0.2359321E-01 -0.7643142E-01
 0.2310850E+01  0.2296117E-01 -0.7457917E-01
 0.2318671E+01  0.2234307E-01 -0.7276114E-01
 0.2326491E+01  0.2173869E-01 -0.7097700E-01
 0.2334311E+01  0.2114780E-01 -0.6922644E-01
 0.2342131E+01  0.2057019E-01 -0.6750909E-01
 0.2349951E+01  0.2000565E-01 -0.6582463E-01
 0.2357771E+01  0.1945396E-01 -0.6417271E-01
 0.2365591E+01  0.1891490E-01 -0.6255296E-01
 0.2373412E+01  0.1838827E-01 -0.6096505E-01
 0.2381232E+01  0.1787386E-01 -0.5940860E-01
 0.2389052E+01  0.1737144E-01 -0.5788326E-01
 0.2396872E+01  0.1688083E-01 -0.5638866E-01
 0.2404692E+01  0.1640180E-01 -0.5492442E-01
 0.2412512E+01  0.1593417E-01 -0.5349019E-01
 0.2420332E+01  0.1547771E-01 -0.5208558E-01
 0.2428152E+01  0.1503224E-01 -0.5071021E-01
 0.2435973E+01  0.1459755E-01 -0.4936372E-01
 0.2443793E+01  0.1417345E-01 -0.4804572E-01
 0.2451613E+01  0.1375974E-01 -0.4675582E-01
 0.2459433E+01  0.1335622E-01 -0.4549365E-01
 0.2467253E+01  0.1296271E-01 -0.4425882E-01
 0.2475073E+01  0.1257901E-01 -0.4305095E-01
 0.2482893E+01  0.1220494E-01 -0.4186964E-01
 0.2490714E+01  0.1184031E-01 -0.4071453E-01
 0.2498534E+01  0.1148494E-01 -0.3958521E-01
 0.2506354E+01  0.1113864E-01 -0.3848131E-01
 0.2514174E+01  0.1080123E-01 -0.3740243E-01
 0.2521994E+01  0.1047253E-01 -0.3634820E-01
 0.2529814E+01  0.1015238E-01 -0.3531822E-01
 0.2537634E+01  0.9840593E-02 -0.3431211E-01
 0.2545455E+01  0.9536999E-02 -0.3332950E-01
 0.2553275E+01  0.9241428E-02 -0.3236999E-01
 0.2561095E+01  0.8953714E-02 -0.3143321E-01
 0.2568915E+01  0.8673691E-02 -0.3051877E-01
 0.2576735E+01  0.8401196E-02 -0.2962631E-01
 0.2584555E+01  0.8136067E-02 -0.2875543E-01
 0.2592375E+01  0.7878146E-02 -0.2790577E-01
 0.2600196E+01  0.7627276E-02 -0.2707696E-01
 0.2608016E+01  0.7383303E-02 -0.2626862E-01
 0.2615836E+01  0.7146074E-02 -0.2548039E-01
 0.2623656E+01  0.6915439E-02 -0.2471189E-01
 0.2631476E+01  0.6691250E-02 -0.2396277E-01
 0.2639296E+01  0.6473361E-02 -0.2323267E-01
 0.2647116E+01  0.6261630E-02 -0.2252122E-01
 0.2654936E+01  0.6055914E-02 -0.2182808E-01
 0.2662757E+01  0.5856075E-02 -0.2115289E-01
 0.2670577E+01  0.5661975E-02 -0.2049529E-01
 0.2678397E+01  0.5473481E-02 -0.1985496E-01
 0.2686217E+01  0.5290458E-02 -0.1923153E-01
 0.2694037E+01  0.5112778E-02 -0.1862467E-01
 0.2701857E+01  0.4940312E-02 -0.1803405E-01
 0.2709677E+01  0.4772933E-02 -0.1745933E-01
 0.2717498E+01  0.4610519E-02 -0.1690019E-01
 0.2725318E+01  0.4452947E-02 -0.1635629E-01
 0.2733138E+01  0.4300097E-02 -0.1582732E-01
 0.2740958E+01  0.4151853E-02 -0.1531296E-01
 0.2748778E+01  0.4008099E-02 -0.1481289E-01
 0.2756598E+01  0.3868722E-02 -0.1432680E-01
 0.2764418E+01  0.3733610E-02 -0.1385439E-01
 0.2772239E+01  0.3602655E-02 -0.1339535E-01
 0.2780059E+01  0.3475750E-02 -0.1294938E-01
 0.2787879E+01  0.3352789E-02 -0.1251619E-01
 0.2795699E+01  0.3233670E-02 -0.1209549E-01
 0.2803519E+01  0.3118292E-02 -0.1168700E-01
 0.2811339E+01  0.3006555E-02 -0.1129042E-01
 0.2819159E+01  0.2898363E-02 -0.1090548E-01
 0.2826979E+01  0.2793622E-02 -0.1053190E-01
 0.2834800E+01  0.2692236E-02 -0.1016943E-01
 0.2842620E+01  0.2594117E-02 -0.9817779E-02
 0.2850440E+01  0.2499174E-02 -0.9476698E-02
 0.2858260E+01  0.2407320E-02 -0.9145928E-02
 0.2866080E+01  0.2318469E-02 -0.8825214E-02
 0.2873900E+01  0.2232538E-02 -0.8514306E-02
 0.2881720E+01  0.2149444E-02 -0.8212961E-02
 0.2889541E+01  0.2069109E-02 -0.7920938E-02
 0.2897361E+01  0.1991453E-02 -0.7637998E-02
 0.2905181E+01  0.1916399E-02 -0.7363910E-02
 0.2913001E+01  0.1843874E-02 -0.7098446E-02
 0.2920821E+01  0.1773803E-02 -0.6841381E-02
 0.2928641E+01  0.1706116E-02 -0.6592495E-02
 0.2936461E+01  0.1640742E-02 -0.6351572E-02
 0.2944282E+01  0.1577613E-02 -0.6118400E-02
 0.2952102E+01  0.1516663E-02 -0.5892771E-02
 0.2959922E+01  0.1457826E-02 -0.5674482E-02
 0.2967742E+01  0.1401040E-02 -0.5463333E-02
 0.2975562E+01  0.1346241E-02 -0.5259128E-02
 0.2983382E+01  0.1293371E-02 -0.5061675E-02
 0.2991202E+01  0.1242369E-02 -0.4870787E-02
 0.2999022E+01  0.1193179E-02 -0.4686278E-02
 0.3006843E+01  0.1145744E-02 -0.4507971E-02
 0.3014663E+01  0.1100010E-02 -0.4335687E-02
 0.3022483E+01  0.1055924E-02 -0.4169255E-02
 0.3030303E+01  0.1013433E-02 -0.4008506E-02
 0.3038123E+01  0.9724868E-03 -0.3853275E-02
 0.3045943E+01  0.9330368E-03 -0.3703401E-02
 0.3053763E+01  0.8950348E-03 -0.3558725E-02
 0.3061584E+01  0.8584342E-03 -0.3419095E-02
 0.3069404E+01  0.8231894E-03 -0.3284358E-02
 0.3077224E+01  0.7892564E-03 -0.3154369E-02
 0.3085044E+01  0.7565922E-03 -0.3028984E-02
 0.3092864E+01  0.7251550E-03 -0.2908062E-02
 0.3100684E+01  0.6949040E-03 -0.2791467E-02
 0.3108504E+01  0.6657998E-03 -0.2679065E-02
 0.3116325E+01  0.6378039E-03 -0.2570727E-02
 0.3124145E+01  0.6108791E-03 -0.2466324E-02
 0.3131965E+01  0.5849889E-03 -0.2365734E-02
 0.3139785E+01  0.5600982E-03 -0.2268835E-02
 0.3147605E+01  0.5361726E-03 -0.2175510E-02
 0.3155425E+01  0.5131791E-03 -0.2085645E-02
 0.3163245E+01  0.4910853E-03 -0.1999127E-02
 0.3171065E+01  0.4698598E-03 -0.1915848E-02
 0.3178886E+01  0.4494723E-03 -0.1835702E-02
 0.3186706E+01  0.4298933E-03 -0.1758587E-02
 0.3194526E+01  0.4110942E-03 -0.1684401E-02
 0.3202346E+01  0.3930472E-03 -0.1613048E-02
 0.3210166E+01  0.3757255E-03 -0.1544432E-02
 0.3217986E+01  0.3591030E-03 -0.1478461E-02
 0.3225806E+01  0.3431544E-03 -0.1415047E-02
 0.3233627E+01  0.3278552E-03 -0.1354100E-02
 0.3241447E+01  0.3131817E-03 -0.1295538E-02
 0.3249267E+01  0.2991110E-03 -0.1239277E-02
 0.3257087E+01  0.2856207E-03 -0.1185237E-02
 0.3264907E+01  0.2726895E-03 -0.1133342E-02
 0.3272727E+01  0.2602964E-03 -0.1083516E-02
 0.3280547E+01  0.2484213E-03 -0.1035685E-02
 0.3288368E+01  0.2370447E-03 -0.9897792E-03
 0.3296188E+01  0.2261477E-03 -0.9457293E-03
 0.3304008E+01  0.2157120E-03 -0.9034687E-03
 0.3311828E+01  0.2057200E-03 -0.8629328E-03
 0.3319648E+01  0.1961547E-03 -0.8240587E-03
 0.3327468E+01  0.1869996E-03 -0.7867859E-03
 0.3335288E+01  0.1782387E-03 -0.7510554E-03
 0.3343109E+01  0.1698568E-03 -0.7168101E-03
 0.3350929E+01  0.1618388E-03 -0.6839949E-03
 0.3358749E+01  0.1541705E-03 -0.6525563E-03
 0.3366569E+01  0.1468381E-03 -0.6224426E-03
 0.3374389E+01  0.1398282E-03 -0.5936037E-03
 0.3382209E+01  0.1331278E-03 -0.5659911E-03
 0.3390029E+01  0.1267245E-03 -0.5395579E-03
 0.3397849E+01  0.1206064E-03 -0.5142589E-03
 0.3405670E+01  0.1147619E-03 -0.4900502E-03
 0.3413490E+01  0.1091798E-03 -0.4668895E-03
 0.3421310E+01  0.1038493E-03 -0.4447358E-03
 0.3429130E+01  0.9876013E-04 -0.4235497E-03
 0.3436950E+01  0.9390229E-04 -0.4032928E-03
 0.3444770E+01  0.8926615E-04 -0.3839285E-03
 0.3452590E+01  0.8484246E-04 -0.3654210E-03
 0.3460411E+01  0.8062229E-04 -0.3477359E-03
 0.3468231E+01  0.7659707E-04 -0.3308402E-03
 0.3476051E+01  0.7275853E-04 -0.3147019E-03
 0.3483871E+01  0.6909873E-04 -0.2992900E-03
 0.3491691E+01  0.6561001E-04 -0.2845748E-03
 0.3499511E+01  0.6228503E-04 -0.2705277E-03
 0.3507331E+01  0.5911672E-04 -0.2571210E-03
 0.3515152E+01  0.5609827E-04 -0.2443280E-03
 0.3522972E+01  0.5322316E-04 -0.2321231E-03
 0.3530792E+01  0.5048510E-04 -0.2204815E-03
 0.3538612E+01  0.4787806E-04 -0.2093795E-03
 0.3546432E+01  0.4539624E-04 -0.1987942E-03
 0.3554252E+01  0.4303409E-04 -0.1887034E-03
 0.3562072E+01  0.4078626E-04 -0.1790859E-03
 0.3569892E+01  0.3864761E-04 -0.1699213E-03
 0.3577713E+01  0.3661323E-04 -0.1611900E-03
 0.3585533E+01  0.3467839E-04 -0.1528731E-03
 0.3593353E+01  0.3283856E-04 -0.1449523E-03
 0.3601173E+01  0.3108940E-04 -0.1374103E-03
 0.3608993E+01  0.2942673E-04 -0.1302302E-03
 0.3616813E+01  0.2784656E-04 -0.1233960E-03
 0.3624633E+01  0.2634505E-04 -0.1168921E-03
 0.3632454E+01  0.2491855E-04 -0.1107036E-03
 0.3640274E+01  0.2356352E-04 -0.1048162E-03
 0.3648094E+01  0.2227660E-04 -0.9921635E-04
 0.3655914E+01  0.2105455E-04 -0.9389068E-04
 0.3663734E+01  0.1989429E-04 -0.8882666E-04
 0.3671554E+01  0.1879284E-04 -0.8401208E-04
 0.3679374E+01  0.1774739E-04 -0.7943539E-04
 0.3687195E+01  0.1675520E-04 -0.7508531E-04
 0.3695015E+01  0.1581370E-04 -0.7095125E-04
 0.3702835E+01  0.1492036E-04 -0.6702281E-04
 0.3710655E+01  0.1407285E-04 -0.6329027E-04
 0.3718475E+01  0.1326885E-04 -0.5974405E-04
 0.3726295E+01  0.1250621E-04 -0.5637522E-04
 0.3734115E+01  0.1178282E-04 -0.5317496E-04
 0.3741935E+01  0.1109671E-04 -0.5013509E-04
 0.3749756E+01  0.1044595E-04 -0.4724747E-04
 0.3757576E+01  0.9828738E-05 -0.4450461E-04
 0.3765396E+01  0.9243292E-05 -0.4189899E-04
 0.3773216E+01  0.8687984E-05 -0.3942378E-04
 0.3781036E+01  0.8161166E-05 -0.3707200E-04
 0.3788856E+01  0.7661358E-05 -0.3483744E-04
 0.3796676E+01  0.7187040E-05 -0.3271361E-04
 0.3804497E+01  0.6736865E-05 -0.3069484E-04
 0.3812317E+01  0.6309429E-05 -0.2877512E-04
 0.3820137E+01  0.5903508E-05 -0.2694927E-04
 0.3827957E+01  0.5517797E-05 -0.2521167E-04
 0.3835777E+01  0.5151188E-05 -0.2355763E-04
 0.3843597E+01  0.4802460E-05 -0.2198187E-04
 0.3851417E+01  0.4470614E-05 -0.2048013E-04
 0.3859238E+01  0.4154499E-05 -0.1904742E-04
 0.3867058E+01  0.3853218E-05 -0.1767989E-04
 0.3874878E+01  0.3565673E-05 -0.1637278E-04
 0.3882698E+01  0.3291066E-05 -0.1512265E-04
 0.3890518E+01  0.3028336E-05 -0.1392485E-04
 0.3898338E+01  0.2776785E-05 -0.1277639E-04
 0.3906158E+01  0.2535362E-05 -0.1167264E-04
 0.3913978E+01  0.2303477E-05 -0.1061108E-04
 0.3921799E+01  0.2080060E-05 -0.9586952E-05
 0.3929619E+01  0.1864651E-05 -0.8598311E-05
 0.3937439E+01  0.1656106E-05 -0.7640046E-05
 0.3945259E+01  0.1454144E-05 -0.6711021E-05
 0.3953079E+01  0.1257453E-05 -0.5805330E-05
 0.3960899E+01  0.1066053E-05 -0.4923206E-05
 0.3968719E+01  0.8782487E-06 -0.4056953E-05
 0.3976540E+01  0.6947002E-06 -0.3209763E-05
 0.3984360E+01  0.5126553E-06 -0.2369042E-05
 0.3992180E+01  0.3348493E-06 -0.1547561E-05
 0.4000000E+01  0.1533917E-06 -0.7089725E-06
