-0.2736068E+01  0.2315842E+78  0.2315842E+78  0.2315842E+78  0.2315842E+78
-0.2437926E+01  0.2315842E+78  0.2315842E+78  0.2315842E+78  0.2315842E+78
-0.2139783E+01  0.1482197-321  0.9387247-322  0.5434722-322  0.1729230-321
-0.1841641E+01  0.0000000E+00  0.0000000E+00  0.0000000E+00  0.0000000E+00
-0.1543498E+01  0.0000000E+00  0.0000000E+00  0.0000000E+00  0.0000000E+00
-0.1245356E+01  0.0000000E+00  0.0000000E+00  0.0000000E+00  0.0000000E+00
-0.9472136E+00  0.0000000E+00  0.0000000E+00  0.0000000E+00  0.0000000E+00
-0.6490712E+00  0.0000000E+00  0.0000000E+00  0.0000000E+00  0.0000000E+00
-0.3509288E+00  0.0000000E+00  0.0000000E+00  0.0000000E+00  0.0000000E+00
-0.5278640E-01  0.0000000E+00  0.0000000E+00  0.0000000E+00  0.0000000E+00
 0.2453560E+00  0.0000000E+00  0.0000000E+00  0.0000000E+00  0.0000000E+00
 0.5434984E+00  0.0000000E+00  0.0000000E+00  0.0000000E+00  0.0000000E+00
 0.8416408E+00  0.0000000E+00  0.0000000E+00  0.0000000E+00  0.0000000E+00
 0.1139783E+01  0.0000000E+00  0.0000000E+00  0.0000000E+00  0.0000000E+00
 0.1437926E+01  0.0000000E+00  0.0000000E+00  0.0000000E+00  0.0000000E+00
 0.1736068E+01  0.0000000E+00  0.0000000E+00  0.0000000E+00  0.0000000E+00
