-0.3120134E+01  0.5343938E-02
-0.3021735E+01  0.3984026E-01
-0.2973030E+01  0.2886629E+00
-0.2890936E+01  0.1264721E+00
-0.2801868E+01  0.6373331E+00
-0.2869228E+01  0.8892859E+00
-0.2893774E+01  0.7665212E+00
-0.2912617E+01  0.5142153E+00
-0.2928546E+01  0.3932489E+00
-0.2942971E+01  0.3127160E+00
-0.2957274E+01  0.2687699E+00
-0.2975012E+01  0.2314797E+00
-0.3069447E+01  0.1167107E+00
-0.3054684E+01  0.6155506E-01
-0.2828437E+01  0.1894617E-01
-0.2705891E+01  0.8625119E-01
-0.2681918E+01  0.3370525E+00
-0.2499539E+01  0.8405157E+00
-0.2604651E+01  0.1273600E+01
-0.2637412E+01  0.9944905E+00
-0.2658234E+01  0.7789599E+00
-0.2674083E+01  0.5150399E+00
-0.2686654E+01  0.3869138E+00
-0.2696730E+01  0.2932221E+00
-0.2704121E+01  0.1081515E+00
-0.2706514E+01  0.1871011E+00
-0.2704591E+01  0.9555402E-01
-0.2650125E+01  0.3209469E-01
-0.2440462E+01  0.7739196E-01
-0.2406112E+01  0.2194647E+00
-0.2381159E+01  0.5225502E+00
-0.2349220E+01  0.8891958E+00
-0.2389494E+01  0.6157451E+00
-0.2410082E+01  0.2389320E+00
-0.2424697E+01  0.3124049E+00
-0.2435541E+01  0.3919087E+00
-0.2443303E+01  0.3873571E+00
-0.2448007E+01  0.2224164E+00
-0.2448155E+01  0.2984472E+00
-0.2438291E+01  0.2895336E+00
-0.2404719E+01  0.1332961E+00
-0.2311429E+01  0.5270773E-01
-0.2249483E+01  0.8039600E-01
-0.2160719E+01  0.1953207E+00
-0.2098696E+01  0.8754968E+00
-0.2148283E+01  0.1243941E+01
-0.2167075E+01  0.9140264E+00
-0.2178922E+01  0.1725165E+00
-0.2187339E+01  0.1785686E+00
-0.2192962E+01  0.2781682E+00
-0.2195847E+01  0.2071179E+00
-0.2195436E+01  0.9828154E-01
-0.2189159E+01  0.1082794E+00
-0.2168247E+01  0.1421934E+00
-0.2109552E+01  0.5067895E-01
-0.1976526E+01  0.5956173E-01
-0.2015933E+01  0.5403998E-01
-0.1930895E+01  0.2816230E+00
-0.1910195E+01  0.1002297E+01
-0.1926298E+01  0.7026749E+00
-0.1934480E+01  0.2525528E+00
-0.1939789E+01  0.1090409E+00
-0.1943002E+01  0.1503078E+00
-0.1944064E+01  0.2554842E+00
-0.1942614E+01  0.1982214E+00
-0.1937525E+01  0.3383135E+00
-0.1924871E+01  0.1955866E+00
-0.1891528E+01  0.1050387E+00
-0.1802652E+01  0.6545790E-01
-0.1607121E+01  0.6162342E-01
-0.1741147E+01  0.5627361E-01
-0.1669524E+01  0.2635967E+00
-0.1683803E+01  0.6454921E+00
-0.1688263E+01  0.3651522E+00
-0.1690542E+01  0.1369306E+00
-0.1691407E+01  0.2704992E+00
-0.1690763E+01  0.1431959E+00
-0.1688220E+01  0.1361169E+00
-0.1683083E+01  0.1179696E+00
-0.1673558E+01  0.6710756E-01
-0.1653806E+01  0.9518020E-01
-0.1604308E+01  0.7190902E-01
-0.1471296E+01  0.4807633E-01
-0.1168593E+01  0.3282843E-01
-0.1521163E+01  0.8545421E-01
-0.1436362E+01  0.2940528E+00
-0.1436560E+01  0.4426960E+00
-0.1437293E+01  0.2664421E+00
-0.1436734E+01  0.2774046E+00
-0.1435031E+01  0.3827227E+00
-0.1431868E+01  0.1434910E+00
-0.1426681E+01  0.4159383E+00
-0.1418438E+01  0.2566234E+00
-0.1404468E+01  0.2949206E+00
-0.1376148E+01  0.1313197E+00
-0.1303973E+01  0.5915384E-01
-0.1098760E+01  0.1885978E-01
-0.5909841E+00  0.2041463E-01
-0.1230455E+01  0.6646869E-01
-0.1174185E+01  0.6220839E-01
-0.1177974E+01  0.1803206E+00
-0.1178200E+01  0.3457639E+00
-0.1176689E+01  0.3495434E+00
-0.1173821E+01  0.5332603E+00
-0.1169223E+01  0.3404125E+00
-0.1162148E+01  0.1828298E+00
-0.1151098E+01  0.3921985E-01
-0.1132103E+01  0.1070178E+00
-0.1092147E+01  0.3930585E-01
-0.9836828E+00  0.8467086E-02
-0.6235960E+00  0.1581358E-01
-0.7032652E-01  0.4292452E-01
-0.8843038E+00  0.7324116E-01
-0.9114119E+00  0.2083421E+00
-0.9162007E+00  0.3370832E+00
-0.9163639E+00  0.5031409E+00
-0.9148147E+00  0.3889392E+00
-0.9116358E+00  0.2343428E+00
-0.9062572E+00  0.2560504E+00
-0.8975840E+00  0.6184426E-01
-0.8833062E+00  0.1222577E+00
-0.8571946E+00  0.1309170E+00
-0.7979260E+00  0.7658443E-01
-0.6133155E+00  0.7367387E-02
-0.5164596E-01  0.4787021E-01
 0.3201980E+00  0.8943149E-01
-0.6429844E+00  0.5922450E-01
-0.6534480E+00  0.1148093E+00
-0.6558025E+00  0.1308231E+00
-0.6562565E+00  0.1413316E+00
-0.6551352E+00  0.1982104E+00
-0.6520041E+00  0.3410064E+00
-0.6459323E+00  0.3904894E+00
-0.6351485E+00  0.2375994E+00
-0.6157553E+00  0.1347798E+00
-0.5768159E+00  0.3293795E-01
-0.4766236E+00  0.1179532E-01
-0.1005598E+00  0.1107880E-01
 0.3981485E+00  0.5352562E-01
 0.5013265E+00  0.1784428E+00
-0.3912161E+00  0.5542352E-01
-0.3967002E+00  0.7549215E-01
-0.4001004E+00  0.3935089E-01
-0.4015754E+00  0.9860778E-01
-0.4010260E+00  0.1904785E+00
-0.3977802E+00  0.2235940E+00
-0.3903769E+00  0.9352886E-01
-0.3757693E+00  0.5353926E-01
-0.3466778E+00  0.1081874E+00
-0.2804580E+00  0.7074478E-01
-0.7242873E-01  0.7330556E-01
 0.4113016E+00  0.4780214E-01
 0.6219004E+00  0.1465113E+00
 0.7121558E+00  0.2140384E+00
-0.1502654E+00  0.3694586E-01
-0.1494636E+00  0.2805610E-01
-0.1532872E+00  0.1019707E+00
-0.1555936E+00  0.2228510E+00
-0.1551829E+00  0.3832910E+00
-0.1510443E+00  0.3575120E+00
-0.1408438E+00  0.3721123E+00
-0.1190736E+00  0.2358574E+00
-0.7068104E-01  0.5955496E-01
 0.6104701E-01  0.3006289E-01
 0.4487915E+00  0.1807528E-01
 0.7473535E+00  0.8481552E-01
 0.8514056E+00  0.1840637E+00
 0.8898181E+00  0.2040546E+00
 0.2128606E-01  0.3879465E-01
 0.7450394E-01  0.6535963E-01
 0.7877854E-01  0.9538294E-01
 0.7819609E-01  0.1256451E+00
 0.8009376E-01  0.2480844E+00
 0.8672441E-01  0.2223792E+00
 0.1020696E+00  0.2078326E+00
 0.1366432E+00  0.1549646E+00
 0.2257258E+00  0.9304904E-01
 0.5105166E+00  0.2413064E-01
 0.9056394E+00  0.1308490E+00
 0.9772512E+00  0.1176271E+00
 0.1030299E+01  0.3140526E+00
 0.1042517E+01  0.2127071E+00
 0.1495500E+00  0.1989963E-01
 0.2545194E+00  0.2940102E-01
 0.2827686E+00  0.9330208E-01
 0.2915511E+00  0.1093944E+00
 0.2999727E+00  0.1175561E+00
 0.3125014E+00  0.1642317E+00
 0.3364829E+00  0.1457746E+00
 0.3940593E+00  0.6891775E-01
 0.5800887E+00  0.1925595E-01
 0.9662751E+00  0.2294432E-01
 0.1106997E+01  0.1523093E+00
 0.1161161E+01  0.2586388E+00
 0.1177913E+01  0.3501893E+00
 0.1176612E+01  0.1697557E+00
