 0.5000000E-01 -0.2581914E+00 -0.2877734E+01  0.4374548E+00 -0.2709775E+01  0.7233810E+00 -0.3135370E+01  0.2437218E-01 -0.2740392E+01 -0.5793905E+00 -0.2792245E+01  0.4119586E+00 -0.3041295E+01  0.1569454E+00 -0.2875819E+01 -0.8005055E-01 -0.2962944E+01 -0.1396874E+00 -0.2823174E+01 -0.1054334E+01
-0.2867136E+01
 0.1000000E+00 -0.2576545E+00 -0.2784525E+01  0.4364871E+00 -0.2599650E+01  0.7222493E+00 -0.3068043E+01  0.2444303E-01 -0.2633344E+01 -0.5779987E+00 -0.2690518E+01  0.4112512E+00 -0.2964502E+01  0.1566694E+00 -0.2782385E+01 -0.7993012E-01 -0.2878284E+01 -0.1393226E+00 -0.2724464E+01 -0.1052197E+01
-0.2773073E+01
 0.1500000E+00 -0.2567354E+00 -0.2691341E+01  0.4348050E+00 -0.2489553E+01  0.7204264E+00 -0.3000729E+01  0.2455956E-01 -0.2526318E+01 -0.5755920E+00 -0.2588877E+01  0.4100926E+00 -0.2887717E+01  0.1561996E+00 -0.2688955E+01 -0.7972708E-01 -0.2793635E+01 -0.1386931E+00 -0.2625774E+01 -0.1048536E+01
-0.2679209E+01
 0.2000000E+00 -0.2554329E+00 -0.2598192E+01  0.4324254E+00 -0.2379504E+01  0.7179823E+00 -0.2933435E+01  0.2471987E-01 -0.2419331E+01 -0.5721851E+00 -0.2487325E+01  0.4085104E+00 -0.2810942E+01  0.1555392E+00 -0.2595542E+01 -0.7944022E-01 -0.2708999E+01 -0.1377997E+00 -0.2527116E+01 -0.1043356E+01
-0.2585533E+01
 0.2500000E+00 -0.2537748E+00 -0.2505090E+01  0.4294011E+00 -0.2269525E+01  0.7149854E+00 -0.2866165E+01  0.2492183E-01 -0.2312401E+01 -0.5678597E+00 -0.2385869E+01  0.4065396E+00 -0.2734186E+01  0.1547055E+00 -0.2502159E+01 -0.7907270E-01 -0.2624388E+01 -0.1366621E+00 -0.2428507E+01 -0.1036778E+01
-0.2492027E+01
 0.3000000E+00 -0.2518151E+00 -0.2412046E+01  0.4257998E+00 -0.2159642E+01  0.7115037E+00 -0.2798918E+01  0.2516184E-01 -0.2205549E+01 -0.5627385E+00 -0.2284525E+01  0.4042396E+00 -0.2657456E+01  0.1537292E+00 -0.2408823E+01 -0.7863513E-01 -0.2539814E+01 -0.1353131E+00 -0.2329961E+01 -0.1029020E+01
-0.2398688E+01
 0.3500000E+00 -0.2496231E+00 -0.2319074E+01  0.4216890E+00 -0.2049889E+01  0.7076459E+00 -0.2731684E+01  0.2543231E-01 -0.2098800E+01 -0.5569644E+00 -0.2183309E+01  0.4017167E+00 -0.2580766E+01  0.1526483E+00 -0.2315549E+01 -0.7814446E-01 -0.2455288E+01 -0.1337929E+00 -0.2231495E+01 -0.1020359E+01
-0.2305526E+01
 0.4000000E+00 -0.2472753E+00 -0.2226189E+01  0.4171216E+00 -0.1940307E+01  0.7036166E+00 -0.2664454E+01  0.2572022E-01 -0.1992185E+01 -0.5506872E+00 -0.2082246E+01  0.3991213E+00 -0.2504126E+01  0.1515030E+00 -0.2222354E+01 -0.7762095E-01 -0.2370821E+01 -0.1321462E+00 -0.2133129E+01 -0.1011091E+01
-0.2212559E+01
 0.4500000E+00 -0.2448498E+00 -0.2133411E+01  0.4121125E+00 -0.1830943E+01  0.6997277E+00 -0.2597234E+01  0.2600790E-01 -0.1885736E+01 -0.5440507E+00 -0.1981369E+01  0.3966263E+00 -0.2427552E+01  0.1503330E+00 -0.2129261E+01 -0.7708634E-01 -0.2286426E+01 -0.1304187E+00 -0.2034890E+01 -0.1001521E+01
-0.2119815E+01
 0.5000000E+00 -0.2423968E+00 -0.2040765E+01  0.4065543E+00 -0.1721830E+01  0.6964223E+00 -0.2530086E+01  0.2629089E-01 -0.1779475E+01 -0.5370948E+00 -0.1880720E+01  0.3943466E+00 -0.2351047E+01  0.1491574E+00 -0.2036295E+01 -0.7657433E-01 -0.2202115E+01 -0.1286298E+00 -0.1936808E+01 -0.9918261E+00
-0.2027338E+01
 0.5500000E+00 -0.2399764E+00 -0.1948280E+01  0.4000987E+00 -0.1612967E+01  0.6939802E+00 -0.2463023E+01  0.2654447E-01 -0.1673377E+01 -0.5298353E+00 -0.1780349E+01  0.3924252E+00 -0.2274629E+01  0.1480052E+00 -0.1943485E+01 -0.7610710E-01 -0.2117909E+01 -0.1268032E+00 -0.1838909E+01 -0.9822306E+00
-0.1935185E+01
 0.6000000E+00 -0.2376179E+00 -0.1855984E+01  0.3918313E+00 -0.1504296E+01  0.6926489E+00 -0.2396056E+01  0.2672062E-01 -0.1567312E+01 -0.5220645E+00 -0.1680301E+01  0.3909853E+00 -0.2198314E+01  0.1468877E+00 -0.1850857E+01 -0.7570164E-01 -0.2033831E+01 -0.1249274E+00 -0.1741200E+01 -0.9728283E+00
-0.1843439E+01
 0.6500000E+00 -0.2352825E+00 -0.1763892E+01  0.3801673E+00 -0.1395845E+01  0.6926086E+00 -0.2329201E+01  0.2673189E-01 -0.1461108E+01 -0.5130867E+00 -0.1580611E+01  0.3901094E+00 -0.2122124E+01  0.1457779E+00 -0.1758422E+01 -0.7536370E-01 -0.1949908E+01 -0.1229116E+00 -0.1643627E+01 -0.9634266E+00
-0.1752248E+01
 0.7000000E+00 -0.2327971E+00 -0.1671982E+01  0.3635145E+00 -0.1287922E+01  0.6939250E+00 -0.2262473E+01  0.2646144E-01 -0.1354885E+01 -0.5014115E+00 -0.1481301E+01  0.3898119E+00 -0.2046082E+01  0.1445718E+00 -0.1666142E+01 -0.7507972E-01 -0.1866160E+01 -0.1205138E+00 -0.1546048E+01 -0.9532683E+00
-0.1661866E+01
 0.7500000E+00 -0.2297641E+00 -0.1580161E+01  0.3410024E+00 -0.1180982E+01  0.6965227E+00 -0.2195889E+01  0.2580914E-01 -0.1249150E+01 -0.4849345E+00 -0.1382475E+01  0.3900192E+00 -0.1970215E+01  0.1430196E+00 -0.1573903E+01 -0.7481100E-01 -0.1782600E+01 -0.1173072E+00 -0.1448343E+01 -0.9406509E+00
-0.1572684E+01
 0.8000000E+00 -0.2254895E+00 -0.1488313E+01  0.3124481E+00 -0.1075472E+01  0.7001919E+00 -0.2129471E+01  0.2472260E-01 -0.1144463E+01 -0.4618517E+00 -0.1284386E+01  0.3905639E+00 -0.1894551E+01  0.1406719E+00 -0.1481568E+01 -0.7448763E-01 -0.1699200E+01 -0.1127975E+00 -0.1350694E+01 -0.9226983E+00
-0.1485122E+01
 0.8500000E+00 -0.2190763E+00 -0.1396488E+01  0.2780725E+00 -0.9718359E+00  0.7046088E+00 -0.2063247E+01  0.2318845E-01 -0.1041309E+01 -0.4312696E+00 -0.1187375E+01  0.3911821E+00 -0.1819120E+01  0.1369505E+00 -0.1389205E+01 -0.7399400E-01 -0.1615879E+01 -0.1066336E+00 -0.1253582E+01 -0.8958696E+00
-0.1399352E+01
 0.9000000E+00 -0.2097450E+00 -0.1305027E+01  0.2383345E+00 -0.8705423E+00  0.7093414E+00 -0.1997249E+01  0.2121650E-01 -0.9401497E+00 -0.3930633E+00 -0.1091806E+01  0.3914915E+00 -0.1743939E+01  0.1313675E+00 -0.1297193E+01 -0.7314862E-01 -0.1532504E+01 -0.9867806E-01 -0.1157509E+01 -0.8571902E+00
-0.1315247E+01
 0.9500000E+00 -0.1970730E+00 -0.1214387E+01  0.1938654E+00 -0.7720806E+00  0.7138440E+00 -0.1931516E+01  0.1883133E-01 -0.8414639E+00 -0.3475744E+00 -0.9980619E+00  0.3909453E+00 -0.1669010E+01  0.1236669E+00 -0.1206014E+01 -0.7170755E-01 -0.1449019E+01 -0.8894763E-01 -0.1062918E+01 -0.8050372E+00
-0.1232674E+01
 0.1000000E+01 -0.1809674E+00 -0.1124994E+01  0.1454432E+00 -0.6769333E+00  0.7174603E+00 -0.1866093E+01  0.1606921E-01 -0.7457397E+00 -0.2954342E+00 -0.9065496E+00  0.3887799E+00 -0.1594305E+01  0.1137965E+00 -0.1116105E+01 -0.6942170E-01 -0.1365616E+01 -0.7755124E-01 -0.9702279E+00 -0.7390359E+00
-0.1151666E+01
 0.1050000E+01 -0.1615492E+00 -0.1037238E+01  0.9397822E-01 -0.5855271E+00  0.7194363E+00 -0.1801035E+01  0.1297704E-01 -0.6534454E+00 -0.2374870E+00 -0.8176992E+00  0.3840020E+00 -0.1519788E+01  0.1018341E+00 -0.1027865E+01 -0.6611417E-01 -0.1282695E+01 -0.6465825E-01 -0.8798686E+00 -0.6596643E+00
-0.1072400E+01
 0.1100000E+01 -0.1390753E+00 -0.9515076E+00  0.4049836E-01 -0.4981739E+00  0.7189345E+00 -0.1736403E+01  0.9611657E-02 -0.5649796E+00 -0.1747563E+00 -0.7319443E+00  0.3754916E+00 -0.1445486E+01  0.8793952E-01 -0.9416873E+00 -0.6170814E-01 -0.1200688E+01 -0.5048485E-01 -0.7922806E+00 -0.5679610E+00
-0.9951347E+00
 0.1150000E+01 -0.1139014E+00 -0.8682011E+00 -0.1387038E-01 -0.4150127E+00  0.7150306E+00 -0.1672266E+01  0.6039062E-02 -0.4806140E+00 -0.1084234E+00 -0.6496921E+00  0.3622436E+00 -0.1371560E+01  0.7233324E-01 -0.8579783E+00 -0.5620753E-01 -0.1119978E+01 -0.3528750E-01 -0.7078991E+00 -0.4653707E+00
-0.9201727E+00
 0.1200000E+01 -0.8646408E-01 -0.7877267E+00 -0.6792783E-01 -0.3359690E+00  0.7066889E+00 -0.1608702E+01  0.2333299E-02 -0.4004434E+00 -0.3980544E-01 -0.5712858E+00  0.3435978E+00 -0.1298282E+01  0.5528597E-01 -0.7771504E+00 -0.4967035E-01 -0.1040921E+01 -0.1935798E-01 -0.6271210E+00 -0.3536647E+00
-0.8478411E+00
 0.1250000E+01 -0.5727069E-01 -0.7104825E+00 -0.1204284E+00 -0.2607381E+00  0.6927521E+00 -0.1545790E+01 -0.1425028E-02 -0.3243521E+00  0.2966923E-01 -0.4969658E+00  0.3193015E+00 -0.1225958E+01  0.3711300E-01 -0.6996030E+00 -0.4219163E-01 -0.9638670E+00 -0.3017981E-02 -0.5502667E+00 -0.2348921E+00
-0.7784734E+00
 0.1300000E+01 -0.2688973E-01 -0.6368308E+00 -0.1701134E+00 -0.1887961E+00  0.6720017E+00 -0.1483604E+01 -0.5150589E-02 -0.2520061E+00  0.9849251E-01 -0.4268383E+00  0.2894380E+00 -0.1154884E+01  0.1816847E-01 -0.6256955E+00 -0.3389475E-01 -0.8891733E+00  0.1338738E-01 -0.4775425E+00 -0.1113372E+00
-0.7123941E+00
 0.1350000E+01  0.4059989E-02 -0.5670690E+00 -0.2157457E+00 -0.1194326E+00  0.6433171E+00 -0.1422218E+01 -0.8755451E-02 -0.1828684E+00  0.1651123E+00 -0.3608562E+00  0.2543359E+00 -0.1085349E+01 -0.1161313E-02 -0.5557165E+00 -0.2492691E-01 -0.8172044E+00  0.2949730E-01 -0.4090128E+00  0.1452512E-01
-0.6499013E+00
 0.1400000E+01  0.3492233E-01 -0.5014028E+00 -0.2561452E+00 -0.5179577E-01  0.6058770E+00 -0.1361716E+01 -0.1215140E-01 -0.1162328E+00  0.2279728E+00 -0.2988168E+00  0.2145042E+00 -0.1017641E+01 -0.2046591E-01 -0.4898572E+00 -0.1545594E-01 -0.7483184E+00  0.4494419E-01 -0.3445861E+00  0.1400816E+00
-0.5912504E+00
 0.1450000E+01  0.6501890E-01 -0.4399270E+00 -0.2902240E+00  0.1505652E-01  0.5592968E+00 -0.1302208E+01 -0.1525239E-01 -0.5126670E-01  0.2855566E+00 -0.2403737E+00  0.1705948E+00 -0.9520566E+00 -0.3932024E-01 -0.4281924E+00 -0.5667069E-02 -0.6828504E+00  0.5936334E-01 -0.2840169E+00  0.2626394E+00
-0.5366400E+00
 0.1500000E+01  0.9366601E-01 -0.3826169E+00 -0.3170199E+00  0.8210595E-01  0.5036518E+00 -0.1243829E+01 -0.1797695E-01  0.1294300E-01  0.3364285E+00 -0.1850579E+00  0.1233793E+00 -0.8888973E+00 -0.5729518E-01 -0.3706731E+00  0.4240640E-02 -0.6210933E+00  0.7240310E-01 -0.2269212E+00  0.3794919E+00
-0.4862029E+00
 0.1550000E+01  0.1201928E+00 -0.3293312E+00 -0.3357277E+00  0.1503231E+00  0.4388936E+00 -0.1186791E+01 -0.2025063E-01  0.7734471E-01  0.3792776E+00 -0.1323043E+00  0.7372290E-01 -0.8284738E+00 -0.7396898E-01 -0.3171311E+00  0.1405829E-01 -0.5632805E+00  0.8373503E-01 -0.1728000E+00  0.4879881E+00
-0.4400032E+00
 0.1600000E+01  0.1439599E+00 -0.2798242E+00 -0.3457275E+00  0.2206169E+00  0.3660835E+00 -0.1131266E+01 -0.2200826E-01  0.1428779E+00  0.4129580E+00 -0.8147721E-01  0.2258474E-01 -0.7710816E+00 -0.8893894E-01 -0.2672921E+00  0.2357270E-01 -0.5095719E+00  0.9306380E-01 -0.1210659E+00  0.5856054E+00
-0.3980391E+00
 0.1650000E+01  0.1643782E+00 -0.2337638E+00 -0.3466093E+00  0.2937836E+00  0.2864649E+00 -0.1077439E+01 -0.2319606E-01  0.2104288E+00  0.4365246E+00 -0.3189351E-01 -0.2901429E-01 -0.7170006E+00 -0.1018331E+00 -0.2207952E+00  0.3257129E-01 -0.4600482E+00  0.1001363E+00 -0.7106843E-01  0.6700204E+00
-0.3602503E+00
 0.1700000E+01  0.1809260E+00 -0.1907512E+00 -0.3381940E+00  0.3704582E+00  0.2014465E+00 -0.1025508E+01 -0.2377357E-01  0.2807844E+00  0.4492651E+00  0.1715826E-01 -0.8001269E-01 -0.6664833E+00 -0.1123215E+00 -0.1772131E+00  0.4084762E-01 -0.4147113E+00  0.1047499E+00 -0.2211632E-01  0.7391774E+00
-0.3265293E+00
 0.1750000E+01  0.1931658E+00 -0.1503401E+00 -0.3205496E+00  0.4510736E+00  0.1125807E+00 -0.9756824E+00 -0.2371529E-01  0.3545874E+00  0.4507258E+00  0.6640156E-01 -0.1293322E+00 -0.6197460E+00 -0.1201258E+00 -0.1360716E+00  0.4820716E-01 -0.3734916E+00  0.1067591E+00  0.2650436E-01  0.7913502E+00
-0.2967326E+00
 0.1800000E+01  0.2007576E+00 -0.1120526E+00 -0.2940028E+00  0.5358369E+00  0.2153719E-01 -0.9281774E+00 -0.2301212E-01  0.4322962E+00  0.4407313E+00  0.1165568E+00 -0.1759040E+00 -0.5769622E+00 -0.1250291E+00 -0.9686517E-01  0.5447275E-01 -0.3362601E+00  0.1060818E+00  0.7551435E-01  0.8251962E+00
-0.2706931E+00
 0.1850000E+01  0.2034709E+00 -0.7539071E-01 -0.2591442E+00  0.6247297E+00 -0.6992808E-01 -0.8832138E+00 -0.2167241E-01  0.5141573E+00  0.4193979E+00  0.1683253E+00 -0.2186955E+00 -0.5382598E+00 -0.1268822E+00 -0.5906907E-01  0.5948994E-01 -0.3028426E+00  0.1027023E+00  0.1256265E+00  0.8398000E+00
-0.2482301E+00
 0.1900000E+01  0.2011933E+00 -0.3984565E-01 -0.2168269E+00  0.7175355E+00 -0.1600079E+00 -0.8410111E+00 -0.1972275E-01  0.6001990E+00  0.3871393E+00  0.2223709E+00 -0.2567380E+00 -0.5037222E+00 -0.1256101E+00 -0.2214759E-01  0.6313163E-01 -0.2730343E+00  0.9667474E-01  0.1775297E+00  0.8347049E+00
-0.2291586E+00
 0.1950000E+01  0.1939359E+00 -0.4902600E-02 -0.1681561E+00  0.8138894E+00 -0.2468822E+00 -0.8017830E+00 -0.1720818E-01  0.6902503E+00  0.3446664E+00  0.2792979E+00 -0.2891537E+00 -0.4733928E+00 -0.1212151E+00  0.1444049E-01  0.6530209E-01 -0.2466137E+00  0.8812333E-01  0.2318703E+00  0.8099326E+00
-0.2132968E+00
 0.2000000E+01  0.1818361E+00  0.2995591E-01 -0.1144704E+00  0.9133379E+00 -0.3287594E+00 -0.7657328E+00 -0.1419198E-01  0.7839819E+00  0.2929791E+00  0.3396245E+00 -0.3151804E+00 -0.4472816E+00 -0.1137789E+00  0.5123829E-01  0.6594015E-01 -0.2233542E+00  0.7724170E-01  0.2892298E+00  0.7659876E+00
-0.2004726E+00
 0.2050000E+01  0.1651563E+00  0.6524792E-01 -0.5731143E-01  0.1015396E+01 -0.4039184E+00 -0.7330485E+00 -0.1075480E-01  0.8809620E+00  0.2333513E+00  0.4037562E+00 -0.3341943E+00 -0.4253741E+00 -0.1034617E+00  0.8878798E-01  0.6502138E-01 -0.2030335E+00  0.6429037E-01  0.3500989E+00  0.7038494E+00
-0.1905284E+00
 0.2100000E+01  0.1442803E+00  0.1014901E+00  0.1615724E-02  0.1119592E+01 -0.4707513E+00 -0.7038994E+00 -0.6993080E-02  0.9807128E+00  0.1673088E+00  0.4719603E+00 -0.3457287E+00 -0.4076396E+00 -0.9050060E-01  0.1276273E+00  0.6255929E-01 -0.1854403E+00  0.4959252E-01  0.4148513E+00  0.6249507E+00
-0.1833266E+00
 0.2150000E+01  0.1197059E+00  0.1391951E+00  0.6049223E-01  0.1225499E+01 -0.5278050E+00 -0.6784332E+00 -0.3016809E-02  0.1082758E+01  0.9659897E-01  0.5443493E+00 -0.3494887E+00 -0.3940403E+00 -0.7520490E-01  0.1682848E+00  0.5860553E-01 -0.1703798E+00  0.3352808E-01  0.4837200E+00  0.5311422E+00
-0.1787531E+00
 0.2200000E+01  0.9203479E-01  0.1788664E+00  0.1174435E+00  0.1332749E+01 -0.5738195E+00 -0.6567748E+00  0.1053512E-02  0.1186659E+01  0.2315340E-01  0.6208764E+00 -0.3453612E+00 -0.3845378E+00 -0.5795016E-01  0.2112718E+00  0.5324888E-01 -0.1576767E+00  0.1652601E-01  0.5567834E+00  0.4246470E+00
-0.1767217E+00
 0.2250000E+01  0.6196023E-01  0.2209909E+00  0.1706035E+00  0.1441034E+01 -0.6077627E+00 -0.6390250E+00  0.5090486E-02  0.1292030E+01 -0.5095807E-01  0.7013484E+00 -0.3334196E+00 -0.3790998E+00 -0.3917043E-01  0.2570715E+00  0.4661338E-01 -0.1471771E+00 -0.9452751E-03  0.6339646E+00  0.3080034E+00
-0.1771771E+00
 0.2300000E+01  0.3025143E-01  0.2660279E+00  0.2181820E+00  0.1550109E+01 -0.6288599E+00 -0.6252620E+00  0.8963993E-02  0.1398548E+01 -0.1235809E+00  0.7854524E+00 -0.3139233E+00 -0.3777044E+00 -0.1934885E-01  0.3061236E+00  0.3885534E-01 -0.1387504E+00 -0.1838931E-01  0.7150460E+00  0.1839999E+00
-0.1800982E+00
 0.2350000E+01 -0.2263653E-02  0.3143938E+00  0.2585337E+00  0.1659777E+01 -0.6366161E+00 -0.6155416E+00  0.1254573E-01  0.1505949E+01 -0.1925370E+00  0.8727937E+00 -0.2873112E+00 -0.3803424E+00  0.9931782E-03  0.3588059E+00  0.3015956E-01 -0.1322893E+00 -0.3529475E-01  0.7996997E+00  0.5560301E-01
-0.1854999E+00
 0.2400000E+01 -0.3471774E-01  0.3664438E+00  0.2902232E+00  0.1769888E+01 -0.6308315E+00 -0.6098990E+00  0.1571395E-01  0.1614024E+01 -0.2556913E+00  0.9629363E+00 -0.2541911E+00 -0.3870188E+00  0.2130818E-01  0.4154135E+00  0.2073470E-01 -0.1277100E+00 -0.5115026E-01  0.8875248E+00 -0.7411970E-01
-0.1934347E+00
 0.2450000E+01 -0.6622524E-01  0.4224522E+00  0.3120854E+00  0.1880325E+01 -0.6116089E+00 -0.6083502E+00  0.1835811E-01  0.1722610E+01 -0.3110233E+00  0.1055439E+01 -0.2153237E+00 -0.3977519E+00  0.4103593E-01  0.4761394E+00  0.1080799E-01 -0.1249526E+00 -0.6546054E-01  0.9780877E+00 -0.2020788E+00
-0.2039925E+00
 0.2500000E+01 -0.9590481E-01  0.4825932E+00  0.3232770E+00  0.1991002E+01 -0.5793523E+00 -0.6108931E+00  0.2038339E-01  0.1831581E+01 -0.3566995E+00  0.1149887E+01 -0.1716014E+00 -0.4125704E+00  0.5961793E-01  0.5410592E+00  0.6195105E-03 -0.1239807E+00 -0.7776327E-01  0.1070956E+01 -0.3252426E+00
-0.2172995E+00
 0.2550000E+01 -0.1229030E+00  0.5469265E+00  0.3233168E+00  0.2101853E+01 -0.5347577E+00 -0.6175089E+00  0.2171465E-01  0.1940840E+01 -0.3911441E+00  0.1245904E+01 -0.1240254E+00 -0.4315094E+00  0.7651265E-01  0.6101243E+00 -0.9583976E-02 -0.1247815E+00 -0.8764605E-01  0.1165727E+01 -0.4407153E+00
-0.2335153E+00
 0.2600000E+01 -0.1464186E+00  0.6153919E+00  0.3121125E+00  0.2212832E+01 -0.4787947E+00 -0.6281620E+00  0.2229976E-01  0.2050315E+01 -0.4131055E+00  0.1343168E+01 -0.7367822E-01 -0.4546041E+00  0.9121151E-01  0.6831673E+00 -0.1955533E-01 -0.1273654E+00 -0.9476277E-01  0.1262038E+01 -0.5458105E+00
-0.2528281E+00
 0.2650000E+01 -0.1657278E+00  0.6878141E+00  0.2899735E+00  0.2323904E+01 -0.4126823E+00 -0.6428007E+00  0.2211220E-01  0.2159951E+01 -0.4217132E+00  0.1441409E+01 -0.2169486E-01 -0.4818822E+00  0.1032551E+00  0.7599183E+00 -0.2905334E-01 -0.1317668E+00 -0.9884857E-01  0.1359579E+01 -0.6381184E+00
-0.2754482E+00
 0.2700000E+01 -0.1802081E+00  0.7639195E+00  0.2576067E+00  0.2435045E+01 -0.3378558E+00 -0.6613561E+00  0.2115260E-01  0.2269706E+01 -0.4165237E+00  0.1540411E+01  0.3076677E-01 -0.5133556E+00  0.1122492E+00  0.8400308E+00 -0.3784891E-01 -0.1380431E+00 -0.9973243E-01  0.1458091E+01 -0.7155649E+00
-0.3015990E+00
 0.2750000E+01 -0.1893624E+00  0.8433613E+00  0.2160985E+00  0.2546236E+01 -0.2559308E+00 -0.6837420E+00  0.1944930E-01  0.2379551E+01 -0.3975523E+00  0.1639998E+01  0.8255583E-01 -0.5490108E+00  0.1178802E+00  0.9231128E+00 -0.4573087E-01 -0.1462760E+00 -0.9734697E-01  0.1557362E+01 -0.7764610E+00
-0.3315058E+00
 0.2800000E+01 -0.1928397E+00  0.9257501E+00  0.1668792E+00  0.2657466E+01 -0.1686604E+00 -0.7098540E+00  0.1705786E-01  0.2489462E+01 -0.3652874E+00  0.1740035E+01  0.1325574E+00 -0.5888006E+00  0.1199285E+00  0.1008757E+01 -0.5251128E-01 -0.1565702E+00 -0.9173451E-01  0.1657223E+01 -0.8195398E+00
-0.3653826E+00
 0.2850000E+01 -0.1904537E+00  0.1010682E+01  0.1116753E+00  0.2768724E+01 -0.7789192E-01 -0.7395693E+00  0.1405942E-01  0.2599422E+01 -0.3206877E+00  0.1840419E+01  0.1797192E+00 -0.6326373E+00  0.1182807E+00  0.1096566E+01 -0.5803019E-01 -0.1690545E+00 -0.8304926E-01  0.1757539E+01 -0.8439810E+00
-0.4034167E+00
 0.2900000E+01 -0.1821962E+00  0.1097766E+01  0.5244837E-01  0.2880005E+01  0.1447940E-01 -0.7727465E+00  0.1055806E-01  0.2709418E+01 -0.2651605E+00  0.1941070E+01  0.2230758E+00 -0.6803881E+00  0.1129378E+00  0.1186172E+01 -0.6215952E-01 -0.1838803E+00 -0.7155507E-01  0.1858204E+01 -0.8494223E+00
-0.4457524E+00
 0.2950000E+01 -0.1682457E+00  0.1186636E+01 -0.8675638E-02  0.2991303E+01  0.1065554E+00 -0.8092268E+00  0.6677250E-02  0.2819441E+01 -0.2005220E+00  0.2041927E+01  0.2617692E+00 -0.7318746E+00  0.1040202E+00  0.1277246E+01 -0.6480610E-01 -0.2012210E+00 -0.5761891E-01  0.1959138E+01 -0.8359561E+00
-0.4924751E+00
 0.3000000E+01 -0.1489698E+00  0.1276971E+01 -0.6948468E-01  0.3102613E+01  0.1964788E+00 -0.8488350E+00  0.2555439E-02  0.2929485E+01 -0.1289398E+00  0.2142943E+01  0.2950650E+00 -0.7868758E+00  0.9176883E-01  0.1369507E+01 -0.6591375E-01 -0.2212697E+00 -0.4170003E-01  0.2060277E+01 -0.8041133E+00
-0.5435972E+00
 0.3050000E+01 -0.1249196E+00  0.1368490E+01 -0.1277628E+00  0.3213932E+01  0.2824742E+00 -0.8913825E+00 -0.1658960E-02  0.3039543E+01 -0.5286078E-01  0.2244082E+01  0.3223647E+00 -0.8451349E+00  0.7654117E-01  0.1462715E+01 -0.6546434E-01 -0.2442361E+00 -0.2433521E-01  0.2161572E+01 -0.7548342E+00
-0.5990493E+00
 0.3100000E+01 -0.9681842E-01  0.1460958E+01 -0.1813731E+00  0.3325257E+01  0.3628849E+00 -0.9366702E+00 -0.5813043E-02  0.3149612E+01  0.2507384E-01  0.2345317E+01  0.3432136E+00 -0.9063687E+00  0.5880306E-01  0.1556675E+01 -0.6347776E-01 -0.2703419E+00 -0.6120646E-02  0.2262987E+01 -0.6894289E+00
-0.6586775E+00
 0.3150000E+01 -0.6554240E-01  0.1554179E+01 -0.2283395E+00  0.3436586E+01  0.4362052E+00 -0.9844919E+00 -0.9755111E-02  0.3259690E+01  0.1021230E+00  0.2446624E+01  0.3573033E+00 -0.9702793E+00  0.3911581E-01  0.1651226E+01 -0.6001084E-01 -0.2998137E+00  0.1230903E-01  0.2364492E+01 -0.6095276E+00
-0.7222480E+00
 0.3200000E+01 -0.3209445E-01  0.1647996E+01 -0.2669210E+00  0.3547917E+01  0.5011066E+00 -0.1034638E+01 -0.1334038E-01  0.3369773E+01  0.1755460E+00  0.2547986E+01  0.3644718E+00 -0.1036565E+01  0.1811910E-01  0.1746241E+01 -0.5515527E-01 -0.3328738E+00  0.3030355E-01  0.2466066E+01 -0.5170260E+00
-0.7894605E+00
 0.3250000E+01  0.2427564E-02  0.1742280E+01 -0.2956797E+00  0.3659248E+01  0.5564596E+00 -0.1086901E+01 -0.1643648E-01  0.3479861E+01  0.2427045E+00  0.2649387E+01  0.3646989E+00 -0.1104929E+01 -0.3489792E-02  0.1841617E+01 -0.4903451E-01 -0.3697292E+00  0.4722099E-01  0.2567692E+01 -0.4140250E+00
-0.8599667E+00
 0.3300000E+01  0.3686758E-01  0.1836930E+01 -0.3135360E+00  0.3770578E+01  0.6013484E+00 -0.1141075E+01 -0.1892849E-01  0.3589953E+01  0.3011621E+00  0.2750815E+01  0.3580986E+00 -0.1175092E+01 -0.2497976E-01  0.1937273E+01 -0.4179993E-01 -0.4105577E+00  0.6245175E-01  0.2669359E+01 -0.3027710E+00
-0.9333918E+00
 0.3350000E+01  0.7005173E-01  0.1931864E+01 -0.3198112E+00  0.3881908E+01  0.6350803E+00 -0.1196963E+01 -0.2072339E-01  0.3700047E+01  0.3487783E+00  0.2852261E+01  0.3449099E+00 -0.1246794E+01 -0.4561164E-01  0.2033148E+01 -0.3362613E-01 -0.4554935E+00  0.7544175E-01  0.2771054E+01 -0.1855960E+00
-0.1009356E+01
 0.3400000E+01  0.1008305E+00  0.2027018E+01 -0.3142549E+00  0.3993235E+01  0.6571899E+00 -0.1254376E+01 -0.2175366E-01  0.3810142E+01  0.3837910E+00  0.2953718E+01  0.3254847E+00 -0.1319798E+01 -0.6466509E-01  0.2129191E+01 -0.2470578E-01 -0.5046123E+00  0.8571378E-01  0.2872773E+01 -0.6486176E-01
-0.1087495E+01
 0.3450000E+01  0.1281216E+00  0.2122342E+01 -0.2970564E+00  0.4104562E+01  0.6674383E+00 -0.1313137E+01 -0.2197996E-01  0.3920239E+01  0.4048871E+00  0.3055180E+01  0.3002753E+00 -0.1393898E+01 -0.8146544E-01  0.2225364E+01 -0.1524409E-01 -0.5579195E+00  0.9288623E-01  0.2974508E+01  0.5709206E-01
-0.1167471E+01
 0.3500000E+01  0.1509507E+00  0.2217796E+01 -0.2688387E+00  0.4215887E+01  0.6658068E+00 -0.1373081E+01 -0.2139269E-01  0.4030337E+01  0.4112554E+00  0.3156643E+01  0.2698201E+00 -0.1468909E+01 -0.9540939E-01  0.2321636E+01 -0.5453115E-02 -0.6153422E+00  0.9668828E-01  0.3076256E+01  0.1779935E+00
-0.1248984E+01
 0.3550000E+01  0.1684895E+00  0.2313351E+01 -0.2306374E+00  0.4327211E+01  0.6556533E+00 -0.1434225E+01 -0.2001254E-01  0.4140436E+01  0.4026214E+00  0.3258106E+01  0.2371425E+00 -0.1543940E+01 -0.1059886E+00  0.2417985E+01  0.4454069E-02 -0.6767274E+00  0.9697111E-01  0.3178013E+01  0.2959920E+00
-0.1331545E+01
 0.3600000E+01  0.1800892E+00  0.2408982E+01 -0.1838623E+00  0.4438535E+01  0.6427599E+00 -0.1496978E+01 -0.1788975E-01  0.4250535E+01  0.3792619E+00  0.3359569E+01  0.2058925E+00 -0.1618647E+01 -0.1128100E+00  0.2514393E+01  0.1426849E-01 -0.7418483E+00  0.9371450E-01  0.3279778E+01  0.4105612E+00
-0.1414742E+01
 0.3650000E+01  0.1853070E+00  0.2504671E+01 -0.1302460E+00  0.4549859E+01  0.6377441E+00 -0.1562007E+01 -0.1510238E-01  0.4360634E+01  0.3419984E+00  0.3461029E+01  0.1804757E+00 -0.1692973E+01 -0.1156122E+00  0.2610845E+01  0.2379031E-01 -0.8104157E+00  0.8702858E-01  0.3381548E+01  0.5253204E+00
-0.1498583E+01
 0.3700000E+01  0.1839256E+00  0.2600404E+01 -0.7177956E-01  0.4661183E+01  0.6519439E+00 -0.1629502E+01 -0.1175344E-01  0.4470734E+01  0.2921703E+00  0.3562490E+01  0.1634183E+00 -0.1767108E+01 -0.1142767E+00  0.2707332E+01  0.3283309E-01 -0.8820957E+00  0.7715061E-01  0.3483322E+01  0.6499304E+00
-0.1583964E+01
 0.3750000E+01  0.1759649E+00  0.2696171E+01 -0.1063819E-01  0.4772506E+01  0.6889688E+00 -0.1698884E+01 -0.7967062E-02  0.4580834E+01  0.2315874E+00  0.3663949E+01  0.1538129E+00 -0.1841271E+01 -0.1088345E+00  0.2803844E+01  0.4122760E-01 -0.9565278E+00  0.6443696E-01  0.3585099E+01  0.7934554E+00
-0.1671578E+01
 0.3800000E+01  0.1616834E+00  0.2791964E+01  0.5089988E-01  0.4883830E+01  0.7437171E+00 -0.1769444E+01 -0.3883942E-02  0.4690935E+01  0.1624645E+00  0.3765410E+01  0.1489869E+00 -0.1915585E+01 -0.9946646E-01  0.2900377E+01  0.4882511E-01 -0.1033344E+01  0.4935039E-01  0.3686878E+01  0.9560869E+00
-0.1761048E+01
 0.3850000E+01  0.1415723E+00  0.2887777E+01  0.1105388E+00  0.4995154E+01  0.8082156E+00 -0.1840743E+01  0.3439429E-03  0.4801035E+01  0.8734123E-01  0.3866871E+01  0.1465133E+00 -0.1990086E+01 -0.8649804E-01  0.2996926E+01  0.5549968E-01 -0.1112180E+01  0.3244333E-01  0.3788659E+01  0.1131073E+01
-0.1851716E+01
 0.3900000E+01  0.1163390E+00  0.2983604E+01  0.1660510E+00  0.5106478E+01  0.8754943E+00 -0.1912566E+01  0.4559000E-02  0.4911136E+01  0.8987372E-02  0.3968333E+01  0.1447768E+00 -0.2064764E+01 -0.7038881E-01  0.3093486E+01  0.6114974E-01 -0.1192687E+01  0.1433760E-01  0.3890442E+01  0.1310066E+01
-0.1943180E+01
 0.3950000E+01  0.8688308E-01  0.3079444E+01  0.2153614E+00  0.5217801E+01  0.9403907E+00 -0.1984808E+01  0.8603928E-02  0.5021236E+01 -0.6969934E-01  0.4069796E+01  0.1428112E+00 -0.2139598E+01 -0.5171632E-01  0.3190056E+01  0.6569944E-01 -0.1274524E+01 -0.4298623E-02  0.3992225E+01  0.1485690E+01
-0.2035257E+01
 0.4000000E+01  0.5426453E-01  0.3175294E+01  0.2566247E+00  0.5329125E+01  0.9992415E+00 -0.2057408E+01  0.1232762E-01  0.5131337E+01 -0.1458016E+00  0.4171259E+01  0.1400588E+00 -0.2214563E+01 -0.3115560E-01  0.3286633E+01  0.6909994E-01 -0.1357352E+01 -0.2277559E-01  0.4094010E+01  0.1652015E+01
-0.2127879E+01
 0.4050000E+01  0.1966547E-01  0.3271151E+01  0.2882955E+00  0.5440447E+01  0.1049456E+01 -0.2130329E+01  0.1559083E-01  0.5241437E+01 -0.2164917E+00  0.4272723E+01  0.1362070E+00 -0.2289637E+01 -0.9454607E-02  0.3383215E+01  0.7132999E-01 -0.1440841E+01 -0.4040781E-01  0.4195795E+01  0.1804387E+01
-0.2221023E+01
 0.4100000E+01 -0.1565306E-01  0.3367014E+01  0.3091864E+00  0.5551770E+01  0.1089207E+01 -0.2203541E+01  0.1827144E-01  0.5351538E+01 -0.2791378E+00  0.4374186E+01  0.1310932E+00 -0.2364800E+01  0.1259318E-01  0.3479802E+01  0.7239413E-01 -0.1524714E+01 -0.5653973E-01  0.4297580E+01  0.1939173E+01
-0.2314682E+01
 0.4150000E+01 -0.5039765E-01  0.3462881E+01  0.3185127E+00  0.5663092E+01  0.1117229E+01 -0.2277018E+01  0.2026903E-01  0.5461639E+01 -0.3314030E+00  0.4475648E+01  0.1246521E+00 -0.2440037E+01  0.3417813E-01  0.3576392E+01  0.7231721E-01 -0.1608832E+01 -0.7057037E-01  0.4399366E+01  0.2053568E+01
-0.2408851E+01
 0.4200000E+01 -0.8329062E-01  0.3558752E+01  0.3159223E+00  0.5774414E+01  0.1132708E+01 -0.2350735E+01  0.2150867E-01  0.5571739E+01 -0.3713339E+00  0.4577109E+01  0.1168854E+00 -0.2515334E+01  0.5450465E-01  0.3672985E+01  0.7113730E-01 -0.1693186E+01 -0.8197603E-01  0.4501152E+01  0.2145474E+01
-0.2503519E+01
 0.4250000E+01 -0.1131178E+00  0.3654625E+01  0.3015093E+00  0.5885735E+01  0.1135201E+01 -0.2424669E+01  0.2194377E-01  0.5681840E+01 -0.3974342E+00  0.4678568E+01  0.1078433E+00 -0.2590680E+01  0.7282100E-01  0.3769579E+01  0.6890188E-01 -0.1777802E+01 -0.9033009E-01  0.4602938E+01  0.2213415E+01
-0.2598672E+01
 0.4300000E+01 -0.1387744E+00  0.3750499E+01  0.2758105E+00  0.5997056E+01  0.1124586E+01 -0.2498798E+01  0.2155785E-01  0.5791941E+01 -0.4087223E+00  0.4780026E+01  0.9761256E-01 -0.2666066E+01  0.8844761E-01  0.3866175E+01  0.6566833E-01 -0.1862676E+01 -0.9531917E-01  0.4704725E+01  0.2256491E+01
-0.2694286E+01
 0.4350000E+01 -0.1593067E+00  0.3846375E+01  0.2397860E+00  0.6108377E+01  0.1105029E+01 -0.2572909E+01  0.2036514E-01  0.5902042E+01 -0.4047683E+00  0.4881482E+01  0.8645304E-01 -0.2741807E+01  0.1008028E+00  0.3962772E+01  0.6180191E-01 -0.1947764E+01 -0.9675516E-01  0.4806511E+01  0.2278135E+01
-0.2786854E+01
 0.4400000E+01 -0.1739482E+00  0.3942252E+01  0.1947828E+00  0.6219697E+01  0.1078444E+01 -0.2646730E+01  0.1841013E-01  0.6012142E+01 -0.3857117E+00  0.4982937E+01  0.7447975E-01 -0.2818015E+01  0.1094249E+00  0.4059370E+01  0.5749386E-01 -0.2033039E+01 -0.9458246E-01  0.4908297E+01  0.2277364E+01
-0.2874887E+01
 0.4450000E+01 -0.1821495E+00  0.4038128E+01  0.1424849E+00  0.6331018E+01  0.1047073E+01 -0.2719729E+01  0.1576587E-01  0.6122243E+01 -0.3522566E+00  0.5084390E+01  0.6179753E-01 -0.2894715E+01  0.1139899E+00  0.4155968E+01  0.5299843E-01 -0.2118470E+01 -0.8888024E-01  0.5010083E+01  0.2253111E+01
-0.2958257E+01
 0.4500000E+01 -0.1835990E+00  0.4134005E+01  0.8485015E-01  0.6442338E+01  0.1013104E+01 -0.2791056E+01  0.1253125E-01  0.6232344E+01 -0.3056460E+00  0.5185843E+01  0.4851502E-01 -0.2971838E+01  0.1143243E+00  0.4252566E+01  0.4867373E-01 -0.2204032E+01 -0.7985974E-01  0.5111869E+01  0.2205015E+01
-0.3037708E+01
 0.4550000E+01 -0.1782360E+00  0.4229881E+01  0.2403690E-01  0.6553658E+01  0.9781921E+00 -0.2859764E+01  0.8827317E-02  0.6342444E+01 -0.2476163E+00  0.5287294E+01  0.3475417E-01 -0.3049276E+01  0.1104117E+00  0.4349164E+01  0.4503996E-01 -0.2289709E+01 -0.6785645E-01  0.5213655E+01  0.2133598E+01
-0.3114125E+01
 0.4600000E+01 -0.1662530E+00  0.4325758E+01 -0.3767688E-01  0.6664979E+01  0.9425715E+00 -0.2925410E+01  0.4792750E-02  0.6452545E+01 -0.1803320E+00  0.5388746E+01  0.2064707E-01 -0.3126921E+01  0.1023938E+00  0.4445763E+01  0.4271924E-01 -0.2375508E+01 -0.5331773E-01  0.5315442E+01  0.2040014E+01
-0.3188432E+01
 0.4650000E+01 -0.1480897E+00  0.4421634E+01 -0.9797897E-01  0.6776299E+01  0.9044666E+00 -0.2988586E+01  0.5786436E-03  0.6562646E+01 -0.1063058E+00  0.5490197E+01  0.6341336E-02 -0.3204684E+01  0.9056577E-01  0.4542361E+01  0.4204383E-01 -0.2461477E+01 -0.3678612E-01  0.5417228E+01  0.1925876E+01
-0.3261609E+01
 0.4700000E+01 -0.1244171E+00  0.4517510E+01 -0.1546096E+00  0.6887620E+01  0.8617423E+00 -0.3050351E+01 -0.3657141E-02  0.6672747E+01 -0.2830408E-01  0.5591649E+01 -0.8005216E-02 -0.3282505E+01  0.7536542E-01  0.4638960E+01  0.4295514E-01 -0.2547736E+01 -0.1887909E-01  0.5519014E+01  0.1793501E+01
-0.3334383E+01
 0.4750000E+01 -0.9611240E-01  0.4613387E+01 -0.2054464E+00  0.6998940E+01  0.8130680E+00 -0.3111681E+01 -0.7755899E-02  0.6782847E+01  0.5075644E-01  0.5693100E+01 -0.2225205E-01 -0.3360349E+01  0.5735691E-01  0.4735559E+01  0.4475235E-01 -0.2634409E+01 -0.2659751E-03  0.5620800E+01  0.1646087E+01
-0.3407168E+01
 0.4800000E+01 -0.6422709E-01  0.4709263E+01 -0.2485836E+00  0.7110260E+01  0.7591709E+00 -0.3172969E+01 -0.1156403E-01  0.6892948E+01  0.1279178E+00  0.5794551E+01 -0.3630995E-01 -0.3438201E+01  0.3720999E-01  0.4832157E+01  0.4672369E-01 -0.2721473E+01  0.1835709E-01  0.5722586E+01  0.1487874E+01
-0.3480078E+01
 0.4850000E+01 -0.2994760E-01  0.4805139E+01 -0.2824040E+00  0.7221581E+01  0.7021966E+00 -0.3234303E+01 -0.1493880E-01  0.7003049E+01  0.2002920E+00  0.5896002E+01 -0.5017838E-01 -0.3516057E+01  0.1567505E-01  0.4928756E+01  0.4848064E-01 -0.2808731E+01  0.3629325E-01  0.5824373E+01  0.1324015E+01
-0.3553111E+01
 0.4900000E+01  0.5448846E-02  0.4901016E+01 -0.3056394E+00  0.7332901E+01  0.6450962E+00 -0.3295692E+01 -0.1775371E-01  0.7113150E+01  0.2651690E+00  0.5997454E+01 -0.6399661E-01 -0.3593915E+01 -0.6444885E-02  0.5025355E+01  0.4995819E-01 -0.2895880E+01  0.5287110E-01  0.5926159E+01  0.1160414E+01
-0.3626244E+01
 0.4950000E+01  0.4064196E-01  0.4996892E+01 -0.3174183E+00  0.7444221E+01  0.5913456E+00 -0.3357126E+01 -0.1990321E-01  0.7223250E+01  0.3201186E+00  0.6098904E+01 -0.7810542E-01 -0.3671773E+01 -0.2832419E-01  0.5121954E+01  0.5141826E-01 -0.2982785E+01  0.6746979E-01  0.6027945E+01  0.1003278E+01
-0.3699450E+01
 0.5000000E+01  0.7431783E-01  0.5092769E+01 -0.3172986E+00  0.7555541E+01  0.5443822E+00 -0.3418592E+01 -0.2130671E-01  0.7333351E+01  0.3630816E+00  0.6200355E+01 -0.9307015E-01 -0.3749632E+01 -0.4914554E-01  0.5218553E+01  0.5328017E-01 -0.3069490E+01  0.7954243E-01  0.6129731E+01  0.8579997E+00
-0.3772706E+01
