 0.5000000E-01 -0.3955004E+00  0.8848313E-01 -0.8350814E-01 -0.2581914E+00  0.4374548E+00  0.7233810E+00  0.2437218E-01 -0.5793905E+00  0.4119586E+00  0.1569454E+00 -0.8005055E-01 -0.1396874E+00 -0.1054334E+01 -0.4153571E-01  0.1355545E+00  0.5216779E+00 -0.7449098E-01  0.3118255E+00  0.5506526E+00
 0.3865030E+00
 0.1000000E+00 -0.3947969E+00  0.8846135E-01 -0.8324142E-01 -0.2576545E+00  0.4364871E+00  0.7222493E+00  0.2444303E-01 -0.5779987E+00  0.4112512E+00  0.1566694E+00 -0.7993012E-01 -0.1393226E+00 -0.1052197E+01 -0.4162380E-01  0.1353237E+00  0.5205860E+00 -0.7441375E-01  0.3112572E+00  0.5497464E+00
 0.3858449E+00
 0.1500000E+00 -0.3936116E+00  0.8840319E-01 -0.8278144E-01 -0.2567354E+00  0.4348050E+00  0.7204264E+00  0.2455956E-01 -0.5755920E+00  0.4100926E+00  0.1561996E+00 -0.7972708E-01 -0.1386931E+00 -0.1048536E+01 -0.4177861E-01  0.1349292E+00  0.5186935E+00 -0.7428609E-01  0.3102980E+00  0.5482743E+00
 0.3847815E+00
 0.2000000E+00 -0.3919477E+00  0.8830244E-01 -0.8212951E-01 -0.2554329E+00  0.4324254E+00  0.7179823E+00  0.2471987E-01 -0.5721851E+00  0.4085104E+00  0.1555392E+00 -0.7944022E-01 -0.1377997E+00 -0.1043356E+01 -0.4200596E-01  0.1343741E+00  0.5160141E+00 -0.7410849E-01  0.3089536E+00  0.5462811E+00
 0.3833514E+00
 0.2500000E+00 -0.3898363E+00  0.8815869E-01 -0.8129947E-01 -0.2537748E+00  0.4294011E+00  0.7149854E+00  0.2492183E-01 -0.5678597E+00  0.4065396E+00  0.1547055E+00 -0.7907270E-01 -0.1366621E+00 -0.1036778E+01 -0.4230724E-01  0.1336737E+00  0.5126158E+00 -0.7388190E-01  0.3072543E+00  0.5438156E+00
 0.3815933E+00
 0.3000000E+00 -0.3873488E+00  0.8797094E-01 -0.8031333E-01 -0.2518151E+00  0.4257998E+00  0.7115037E+00  0.2516184E-01 -0.5627385E+00  0.4042396E+00  0.1537292E+00 -0.7863513E-01 -0.1353131E+00 -0.1029020E+01 -0.4268004E-01  0.1328539E+00  0.5085975E+00 -0.7361105E-01  0.3052615E+00  0.5409428E+00
 0.3795463E+00
 0.3500000E+00 -0.3845887E+00  0.8773028E-01 -0.7919864E-01 -0.2496231E+00  0.4216890E+00  0.7076459E+00  0.2543231E-01 -0.5569644E+00  0.4017167E+00  0.1526483E+00 -0.7814446E-01 -0.1337929E+00 -0.1020359E+01 -0.4311919E-01  0.1319452E+00  0.5040691E+00 -0.7330593E-01  0.3030582E+00  0.5377813E+00
 0.3772710E+00
 0.4000000E+00 -0.3816752E+00  0.8741236E-01 -0.7798700E-01 -0.2472753E+00  0.4171216E+00  0.7036166E+00  0.2572022E-01 -0.5506872E+00  0.3991213E+00  0.1515030E+00 -0.7762095E-01 -0.1321462E+00 -0.1011091E+01 -0.4361514E-01  0.1309795E+00  0.4991395E+00 -0.7298041E-01  0.3007376E+00  0.5345228E+00
 0.3748821E+00
 0.4500000E+00 -0.3787332E+00  0.8696421E-01 -0.7671125E-01 -0.2448498E+00  0.4121125E+00  0.6997277E+00  0.2600790E-01 -0.5440507E+00  0.3966263E+00  0.1503330E+00 -0.7708634E-01 -0.1304187E+00 -0.1001521E+01 -0.4415186E-01  0.1299871E+00  0.4939054E+00 -0.7265072E-01  0.2983953E+00  0.5314107E+00
 0.3725587E+00
 0.5000000E+00 -0.3758605E+00  0.8629081E-01 -0.7538124E-01 -0.2423968E+00  0.4065543E+00  0.6964223E+00  0.2629089E-01 -0.5370948E+00  0.3943466E+00  0.1491574E+00 -0.7657433E-01 -0.1286298E+00 -0.9918261E+00 -0.4475628E-01  0.1289826E+00  0.4883896E+00 -0.7235971E-01  0.2960833E+00  0.5286603E+00
 0.3705455E+00
 0.5500000E+00 -0.3731667E+00  0.8514384E-01 -0.7401008E-01 -0.2399764E+00  0.4000987E+00  0.6939802E+00  0.2654447E-01 -0.5298353E+00  0.3924252E+00  0.1480052E+00 -0.7610710E-01 -0.1268032E+00 -0.9822306E+00 -0.4543081E-01  0.1279862E+00  0.4825689E+00 -0.7212706E-01  0.2938798E+00  0.5264736E+00
 0.3689987E+00
 0.6000000E+00 -0.3707336E+00  0.8313442E-01 -0.7258151E-01 -0.2376179E+00  0.3918313E+00  0.6926489E+00  0.2672062E-01 -0.5220645E+00  0.3909853E+00  0.1468877E+00 -0.7570164E-01 -0.1249274E+00 -0.9728283E+00 -0.4617788E-01  0.1269995E+00  0.4761951E+00 -0.7196862E-01  0.2918384E+00  0.5250270E+00
 0.3680570E+00
 0.6500000E+00 -0.3685861E+00  0.7992689E-01 -0.7101362E-01 -0.2352825E+00  0.3801673E+00  0.6926086E+00  0.2673189E-01 -0.5130867E+00  0.3901094E+00  0.1457779E+00 -0.7536370E-01 -0.1229116E+00 -0.9634266E+00 -0.4699914E-01  0.1259835E+00  0.4685369E+00 -0.7189188E-01  0.2899626E+00  0.5244447E+00
 0.3678219E+00
 0.7000000E+00 -0.3666469E+00  0.7536757E-01 -0.6911280E-01 -0.2327971E+00  0.3635145E+00  0.6939250E+00  0.2646144E-01 -0.5014115E+00  0.3898119E+00  0.1445718E+00 -0.7507972E-01 -0.1205138E+00 -0.9532683E+00 -0.4789621E-01  0.1248152E+00  0.4581150E+00 -0.7189072E-01  0.2881611E+00  0.5247623E+00
 0.3683316E+00
 0.7500000E+00 -0.3646815E+00  0.6943577E-01 -0.6659203E-01 -0.2297641E+00  0.3410024E+00  0.6965227E+00  0.2580914E-01 -0.4849345E+00  0.3900192E+00  0.1430196E+00 -0.7481100E-01 -0.1173072E+00 -0.9406509E+00 -0.4886393E-01  0.1232201E+00  0.4429636E+00 -0.7194177E-01  0.2861750E+00  0.5259045E+00
 0.3695490E+00
 0.8000000E+00 -0.3622254E+00  0.6218354E-01 -0.6319347E-01 -0.2254895E+00  0.3124481E+00  0.7001919E+00  0.2472260E-01 -0.4618517E+00  0.3905639E+00  0.1406719E+00 -0.7448763E-01 -0.1127975E+00 -0.9226983E+00 -0.4988355E-01  0.1207449E+00  0.4215203E+00 -0.7200298E-01  0.2834808E+00  0.5276871E+00
 0.3713669E+00
 0.8500000E+00 -0.3584853E+00  0.5370880E-01 -0.5878415E-01 -0.2190763E+00  0.2780725E+00  0.7046088E+00  0.2318845E-01 -0.4312696E+00  0.3911821E+00  0.1369505E+00 -0.7399400E-01 -0.1066336E+00 -0.8958696E+00 -0.5092323E-01  0.1168866E+00  0.3930832E+00 -0.7201002E-01  0.2792211E+00  0.5298269E+00
 0.3736203E+00
 0.9000000E+00 -0.3523012E+00  0.4414618E-01 -0.5334292E-01 -0.2097450E+00  0.2383345E+00  0.7093414E+00  0.2121650E-01 -0.3930633E+00  0.3914915E+00  0.1313675E+00 -0.7314862E-01 -0.9867806E-01 -0.8571902E+00 -0.5194228E-01  0.1112941E+00  0.3576131E+00 -0.7186588E-01  0.2723176E+00  0.5319384E+00
 0.3760880E+00
 0.9500000E+00 -0.3423665E+00  0.3366365E-01 -0.4691700E-01 -0.1970730E+00  0.1938654E+00  0.7138440E+00  0.1883133E-01 -0.3475744E+00  0.3909453E+00  0.1236669E+00 -0.7170755E-01 -0.8894763E-01 -0.8050372E+00 -0.5289278E-01  0.1038253E+00  0.3154627E+00 -0.7142647E-01  0.2618245E+00  0.5335122E+00
 0.3784899E+00
 0.1000000E+01 -0.3276544E+00  0.2246025E-01 -0.3959515E-01 -0.1809674E+00  0.1454432E+00  0.7174603E+00  0.1606921E-01 -0.2954342E+00  0.3887799E+00  0.1137965E+00 -0.6942170E-01 -0.7755124E-01 -0.7390359E+00 -0.5372054E-01  0.9448891E-01  0.2672341E+00 -0.7049345E-01  0.2472041E+00  0.5338906E+00
 0.3804897E+00
 0.1050000E+01 -0.3076474E+00  0.1076316E-01 -0.3149589E-01 -0.1615492E+00  0.9397822E-01  0.7194363E+00  0.1297704E-01 -0.2374870E+00  0.3840020E+00  0.1018341E+00 -0.6611417E-01 -0.6465825E-01 -0.6596643E+00 -0.5436788E-01  0.8338611E-01  0.2137189E+00 -0.6883746E-01  0.2283139E+00  0.5322407E+00
 0.3817035E+00
 0.1100000E+01 -0.2822684E+00 -0.1176482E-02 -0.2276245E-01 -0.1390753E+00  0.4049836E-01  0.7189345E+00  0.9611657E-02 -0.1747563E+00  0.3754916E+00  0.8793952E-01 -0.6170814E-01 -0.5048485E-01 -0.5679610E+00 -0.5477714E-01  0.7067931E-01  0.1558711E+00 -0.6625884E-01  0.2052771E+00  0.5275321E+00
 0.3817110E+00
 0.1150000E+01 -0.2517359E+00 -0.1308898E-01 -0.1355962E-01 -0.1139014E+00 -0.1387038E-01  0.7150306E+00  0.6039062E-02 -0.1084234E+00  0.3622436E+00  0.7233324E-01 -0.5620753E-01 -0.3528750E-01 -0.4653707E+00 -0.5489194E-01  0.5657905E-01  0.9478926E-01 -0.6263936E-01  0.1783882E+00  0.5185564E+00
 0.3800559E+00
 0.1200000E+01 -0.2164662E+00 -0.2469257E-01 -0.4070736E-02 -0.8646408E-01 -0.6792783E-01  0.7066889E+00  0.2333299E-02 -0.3980544E-01  0.3435978E+00  0.5528597E-01 -0.4967035E-01 -0.1935798E-01 -0.3536647E+00 -0.5465533E-01  0.4133750E-01  0.3169646E-01 -0.5794633E-01  0.1480647E+00  0.5040565E+00
 0.3762345E+00
 0.1250000E+01 -0.1770235E+00 -0.3570080E-01  0.5505926E-02 -0.5727069E-01 -0.1204284E+00  0.6927521E+00 -0.1425028E-02  0.2966923E-01  0.3193015E+00  0.3711300E-01 -0.4219163E-01 -0.3017981E-02 -0.2348921E+00 -0.5400604E-01  0.2524375E-01 -0.3208313E-01 -0.5221011E-01  0.1148254E+00  0.4829719E+00
 0.3696801E+00
 0.1300000E+01 -0.1340940E+00 -0.4583032E-01  0.1496146E-01 -0.2688973E-01 -0.1701134E+00  0.6720017E+00 -0.5150589E-02  0.9849251E-01  0.2894380E+00  0.1816847E-01 -0.3389475E-01  0.1338738E-01 -0.1113372E+00 -0.5287416E-01  0.8618667E-02 -0.9515345E-01 -0.4550377E-01  0.7927692E-01  0.4546518E+00
 0.3597729E+00
 0.1350000E+01 -0.8846986E-01 -0.5480903E-01  0.2408138E-01  0.4059989E-02 -0.2157457E+00  0.6433171E+00 -0.8755451E-02  0.1651123E+00  0.2543359E+00 -0.1161313E-02 -0.2492691E-01  0.2949730E-01  0.1452512E-01 -0.5117872E-01 -0.8191399E-02 -0.1560802E+00 -0.3793143E-01  0.4210211E-01  0.4189051E+00
 0.3458982E+00
 0.1400000E+01 -0.4103383E-01 -0.6238413E-01  0.3265117E-01  0.3492233E-01 -0.2561452E+00  0.6058770E+00 -0.1215140E-01  0.2279728E+00  0.2145042E+00 -0.2046591E-01 -0.1545594E-01  0.4494419E-01  0.1400816E+00 -0.4883227E-01 -0.2482221E-01 -0.2134283E+00 -0.2962223E-01  0.4047152E-02  0.3759306E+00
 0.3275498E+00
 0.1450000E+01  0.7258043E-02 -0.6833012E-01  0.4046226E-01  0.6501890E-01 -0.2902240E+00  0.5592968E+00 -0.1525239E-01  0.2855566E+00  0.1705948E+00 -0.3932024E-01 -0.5667069E-02  0.5936334E-01  0.2626394E+00 -0.4575793E-01 -0.4090037E-01 -0.2658012E+00 -0.2072663E-01 -0.3409378E-01  0.3262268E+00
 0.3044279E+00
 0.1500000E+01  0.5539629E-01 -0.7245638E-01  0.4731796E-01  0.9366601E-01 -0.3170199E+00  0.5036518E+00 -0.1797695E-01  0.3364285E+00  0.1233793E+00 -0.5729518E-01  0.4240640E-02  0.7240310E-01  0.3794919E+00 -0.4191407E-01 -0.5605297E-01 -0.3118811E+00 -0.1141326E-01 -0.7149635E-01  0.2705230E+00
 0.2764791E+00
 0.1550000E+01  0.1023408E+00 -0.7461455E-01  0.5303942E-01  0.1201928E+00 -0.3357277E+00  0.4388936E+00 -0.2025063E-01  0.3792776E+00  0.7372290E-01 -0.7396898E-01  0.1405829E-01  0.8373503E-01  0.4879881E+00 -0.3733853E-01 -0.6991773E-01 -0.3504683E+00 -0.1866770E-02 -0.1073262E+00  0.2096822E+00
 0.2435369E+00
 0.1600000E+01  0.1470471E+00 -0.7470523E-01  0.5747112E-01  0.1439599E+00 -0.3457275E+00  0.3660835E+00 -0.2200826E-01  0.4129580E+00  0.2258474E-01 -0.8893894E-01  0.2357270E-01  0.9306380E-01  0.5856054E+00 -0.3210220E-01 -0.8215328E-01 -0.3805177E+00  0.7718462E-02 -0.1407606E+00  0.1447983E+00
 0.2061316E+00
 0.1650000E+01  0.1884928E+00 -0.7268407E-01  0.6048590E-01  0.1643782E+00 -0.3466093E+00  0.2864649E+00 -0.2319606E-01  0.4365246E+00 -0.2901429E-01 -0.1018331E+00  0.3257129E-01  0.1001363E+00  0.6700204E+00 -0.2628990E-01 -0.9244925E-01 -0.4011722E+00  0.1714105E-01 -0.1710106E+00  0.7708075E-01
 0.1648936E+00
 0.1700000E+01  0.2257061E+00 -0.6856678E-01  0.6198929E-01  0.1809260E+00 -0.3381940E+00  0.2014465E+00 -0.2377357E-01  0.4492651E+00 -0.8001269E-01 -0.1123215E+00  0.4084762E-01  0.1047499E+00  0.7391774E+00 -0.1999943E-01 -0.1005356E+00 -0.4117920E+00  0.2619728E-01 -0.1973441E+00  0.7832884E-02
 0.1205456E+00
 0.1750000E+01  0.2577930E+00 -0.6243274E-01  0.6192310E-01  0.1931658E+00 -0.3205496E+00  0.1125807E+00 -0.2371529E-01  0.4507258E+00 -0.1293322E+00 -0.1201258E+00  0.4820716E-01  0.1067591E+00  0.7913502E+00 -0.1334022E-01 -0.1061912E+00 -0.4119782E+00  0.3468621E-01 -0.2191067E+00 -0.6157263E-01
 0.7389197E-01
 0.1800000E+01  0.2839638E+00 -0.5442668E-01  0.6026815E-01  0.2007576E+00 -0.2940028E+00  0.2153719E-01 -0.2301212E-01  0.4407313E+00 -0.1759040E+00 -0.1250291E+00  0.5447275E-01  0.1060818E+00  0.8251962E+00 -0.6431716E-02 -0.1092511E+00 -0.4015910E+00  0.4241494E-01 -0.2357422E+00 -0.1297226E+00
 0.2580565E-01
 0.1850000E+01  0.3035570E+00 -0.4475801E-01  0.5704606E-01  0.2034709E+00 -0.2591442E+00 -0.6992808E-01 -0.2167241E-01  0.4193979E+00 -0.2186955E+00 -0.1268822E+00  0.5948994E-01  0.1027023E+00  0.8398000E+00  0.5985687E-03 -0.1096121E+00 -0.3807620E+00  0.4920392E-01 -0.2468094E+00 -0.1951949E+00
-0.2278762E-01
 0.1900000E+01  0.3160600E+00 -0.3369758E-01  0.5232022E-01  0.2011933E+00 -0.2168269E+00 -0.1600079E+00 -0.1972275E-01  0.3871393E+00 -0.2567380E+00 -0.1256101E+00  0.6313163E-01  0.9667474E-01  0.8347049E+00  0.7617373E-02 -0.1072374E+00 -0.3499001E+00  0.5489207E-01 -0.2519969E+00 -0.2565924E+00
-0.7092756E-01
 0.1950000E+01  0.3211259E+00 -0.2157155E-01  0.4619567E-01  0.1939359E+00 -0.1681561E+00 -0.2468822E+00 -0.1720818E-01  0.3446664E+00 -0.2891537E+00 -0.1212151E+00  0.6530209E-01  0.8812333E-01  0.8099326E+00  0.1448826E-01 -0.1021591E+00 -0.3096914E+00  0.5934150E-01 -0.2511342E+00 -0.3125774E+00
-0.1176395E+00
 0.2000000E+01  0.3185854E+00 -0.8752531E-02  0.3881808E-01  0.1818361E+00 -0.1144704E+00 -0.3287594E+00 -0.1419198E-01  0.2929791E+00 -0.3151804E+00 -0.1137789E+00  0.6594015E-01  0.7724170E-01  0.7659876E+00  0.2107442E-01 -0.9447887E-01 -0.2610919E+00  0.6244171E-01 -0.2441982E+00 -0.3619074E+00
-0.1619565E+00
 0.2050000E+01  0.3084549E+00  0.4351828E-02  0.3037167E-01  0.1651563E+00 -0.5731143E-01 -0.4039184E+00 -0.1075480E-01  0.2333513E+00 -0.3341943E+00 -0.1034617E+00  0.6502138E-01  0.6429037E-01  0.7038494E+00  0.2724172E-01 -0.8436751E-01 -0.2053140E+00  0.6411303E-01 -0.2313172E+00 -0.4034680E+00
-0.2029419E+00
 0.2100000E+01  0.2909380E+00  0.1731237E-01  0.2107597E-01  0.1442803E+00  0.1615724E-02 -0.4707513E+00 -0.6993080E-02  0.1673088E+00 -0.3457287E+00 -0.9050060E-01  0.6255929E-01  0.4959252E-01  0.6249507E+00  0.3286179E-01 -0.7206215E-01 -0.1438053E+00  0.6430925E-01 -0.2127694E+00 -0.4363049E+00
-0.2397130E+00
 0.2150000E+01  0.2664228E+00  0.2969361E-01  0.1118155E-01  0.1197059E+00  0.6049223E-01 -0.5278050E+00 -0.3016809E-02  0.9659897E-01 -0.3494887E+00 -0.7520490E-01  0.5860553E-01  0.3352808E-01  0.5311422E+00  0.3781514E-01 -0.5786217E-01 -0.7821989E-01  0.6301931E-01 -0.1889783E+00 -0.4596505E+00
-0.2714633E+00
 0.2200000E+01  0.2354738E+00  0.4106981E-01  0.9643350E-03  0.9203479E-01  0.1174435E+00 -0.5738195E+00  0.1053512E-02  0.2315340E-01 -0.3453612E+00 -0.5795016E-01  0.5324888E-01  0.1652601E-01  0.4246470E+00  0.4199428E-01 -0.4212344E-01 -0.1038181E-01  0.6026800E-01 -0.1605037E+00 -0.4729479E+00
-0.2974851E+00
 0.2250000E+01  0.1988190E+00  0.5104132E-01 -0.9281168E-02  0.6196023E-01  0.1706035E+00 -0.6077627E+00  0.5090486E-02 -0.5095807E-01 -0.3334196E+00 -0.3917043E-01  0.4661338E-01 -0.9452751E-03  0.3080034E+00  0.4530652E-01 -0.2525104E-01  0.5776006E-01  0.5611558E-01 -0.1280292E+00 -0.4758670E+00
-0.3171882E+00
 0.2300000E+01  0.1573324E+00  0.5925044E-01 -0.1924998E-01  0.3025143E-01  0.2181820E+00 -0.6288599E+00  0.8963993E-02 -0.1235809E+00 -0.3139233E+00 -0.1934885E-01  0.3885534E-01 -0.1838931E-01  0.1839999E+00  0.4767663E-01 -0.7690501E-02  0.1241847E+00  0.5065650E-01 -0.9234681E-01 -0.4683162E+00
-0.3301172E+00
 0.2350000E+01  0.1120127E+00  0.6539606E-01 -0.2863575E-01 -0.2263653E-02  0.2585337E+00 -0.6366161E+00  0.1254573E-01 -0.1925370E+00 -0.2873112E+00  0.9931782E-03  0.3015956E-01 -0.3529475E-01  0.5560301E-01  0.4904898E-01  0.1008239E-01  0.1868590E+00  0.4401706E-01 -0.5433796E-01 -0.4504461E+00
-0.3359652E+00
 0.2400000E+01  0.6395801E-01  0.6924636E-01 -0.3714076E-01 -0.3471774E-01  0.2902232E+00 -0.6308315E+00  0.1571395E-01 -0.2556913E+00 -0.2541911E+00  0.2130818E-01  0.2073470E-01 -0.5115026E-01 -0.7411970E-01  0.4938934E-01  0.2757306E-01  0.2438031E+00  0.3635215E-01 -0.1495261E-01 -0.4226469E+00
-0.3345831E+00
 0.2450000E+01  0.1433899E-01  0.7064909E-01 -0.4448627E-01 -0.6622524E-01  0.3120854E+00 -0.6116089E+00  0.1835811E-01 -0.3110233E+00 -0.2153237E+00  0.4103593E-01  0.1080799E-01 -0.6546054E-01 -0.2020788E+00  0.4868599E-01  0.4428096E-01  0.2931588E+00  0.2784126E-01  0.2481367E-01 -0.3855385E+00
-0.3259851E+00
 0.2500000E+01 -0.3563126E-01  0.6953885E-01 -0.5042305E-01 -0.9590481E-01  0.3232770E+00 -0.5793523E+00  0.2038339E-01 -0.3566995E+00 -0.1716014E+00  0.5961793E-01  0.6195105E-03 -0.7776327E-01 -0.3252426E+00  0.4695040E-01  0.5971344E-01  0.3332593E+00  0.1868374E-01  0.6394405E-01 -0.3399545E+00
-0.3103490E+00
 0.2550000E+01 -0.8472771E-01  0.6594104E-01 -0.5474137E-01 -0.1229030E+00  0.3233168E+00 -0.5347577E+00  0.2171465E-01 -0.3911441E+00 -0.1240254E+00  0.7651265E-01 -0.9583976E-02 -0.8764605E-01 -0.4407153E+00  0.4421709E-01  0.7340052E-01  0.3626951E+00  0.9093552E-02  0.1014255E+00 -0.2869198E+00
-0.2880127E+00
 0.2600000E+01 -0.1317445E+00  0.5997231E-01 -0.5728005E-01 -0.1464186E+00  0.3121125E+00 -0.4787947E+00  0.2229976E-01 -0.4131055E+00 -0.7367822E-01  0.9121151E-01 -0.1955533E-01 -0.9476277E-01 -0.5458105E+00  0.4054300E-01  0.8491016E-01  0.3803744E+00 -0.7064168E-03  0.1362742E+00 -0.2276230E+00
-0.2594657E+00
 0.2650000E+01 -0.1755258E+00  0.5183740E-01 -0.5793412E-01 -0.1657278E+00  0.2899735E+00 -0.4126823E+00  0.2211220E-01 -0.4217132E+00 -0.2169486E-01  0.1032551E+00 -0.2905334E-01 -0.9884857E-01 -0.6381184E+00  0.3600617E-01  0.9386362E-01  0.3855750E+00 -0.1049017E-01  0.1675605E+00 -0.1633846E+00
-0.2253362E+00
 0.2700000E+01 -0.2149947E+00  0.4182247E-01 -0.5666065E-01 -0.1802081E+00  0.2576067E+00 -0.3378558E+00  0.2115260E-01 -0.4165237E+00  0.3076677E-01  0.1122492E+00 -0.3784891E-01 -0.9973243E-01 -0.7155649E+00  0.3070385E-01  0.9995014E-01  0.3779830E+00 -0.2003450E-01  0.1944332E+00 -0.9562177E-01
-0.1863747E+00
 0.2750000E+01 -0.2491813E+00  0.3028518E-01 -0.5348232E-01 -0.1893624E+00  0.2160985E+00 -0.2559308E+00  0.1944930E-01 -0.3975523E+00  0.8255583E-01  0.1178802E+00 -0.4573087E-01 -0.9734697E-01 -0.7764610E+00  0.2475004E-01  0.1029404E+00  0.3577180E+00 -0.2912471E-01  0.2161426E+00 -0.2581179E-01
-0.1434345E+00
 0.2800000E+01 -0.2772468E+00  0.1764189E-01 -0.4848859E-01 -0.1928397E+00  0.1668792E+00 -0.1686604E+00  0.1705786E-01 -0.3652874E+00  0.1325574E+00  0.1199285E+00 -0.5251128E-01 -0.9173451E-01 -0.8195398E+00  0.1827266E-01  0.1026979E+00  0.3253424E+00 -0.3756000E-01  0.2320617E+00  0.4454606E-01
-0.9744909E-01
 0.2850000E+01 -0.2985047E+00  0.4352428E-02 -0.4183427E-01 -0.1904537E+00  0.1116753E+00 -0.7789192E-01  0.1405942E-01 -0.3206877E+00  0.1797192E+00  0.1182807E+00 -0.5803019E-01 -0.8304926E-01 -0.8439810E+00  0.1141030E-01  0.9918786E-01  0.2818526E+00 -0.4515834E-01  0.2417049E+00  0.1139675E+00
-0.4940831E-01
 0.2900000E+01 -0.3124385E+00 -0.9096860E-02 -0.3373549E-01 -0.1821962E+00  0.5244837E-01  0.1447940E-01  0.1055806E-01 -0.2651605E+00  0.2230758E+00  0.1129378E+00 -0.6215952E-01 -0.7155507E-01 -0.8494223E+00  0.4308756E-02  0.9248226E-01  0.2286542E+00 -0.5176063E-01  0.2447452E+00  0.1810184E+00
-0.3333090E-03
 0.2950000E+01 -0.3187139E+00 -0.2221132E-01 -0.2446309E-01 -0.1682457E+00 -0.8675638E-02  0.1065554E+00  0.6677250E-02 -0.2005220E+00  0.2617692E+00  0.1040202E+00 -0.6480610E-01 -0.5761891E-01 -0.8359561E+00 -0.2882557E-02  0.8276179E-01  0.1675193E+00 -0.5723415E-01  0.2410268E+00  0.2443475E+00
 0.4874861E-01
 0.3000000E+01 -0.3171873E+00 -0.3450654E-01 -0.1433378E-01 -0.1489698E+00 -0.6948468E-01  0.1964788E+00  0.2555439E-02 -0.1289398E+00  0.2950650E+00  0.9176883E-01 -0.6591375E-01 -0.4170003E-01 -0.8041133E+00 -0.1001423E-01  0.7031317E-01  0.1005290E+00 -0.6147501E-01  0.2305758E+00  0.3027150E+00
 0.9682842E-01
 0.3050000E+01 -0.3079088E+00 -0.4552670E-01 -0.3699180E-02 -0.1249196E+00 -0.1277628E+00  0.2824742E+00 -0.1658960E-02 -0.5286078E-01  0.3223647E+00  0.7654117E-01 -0.6546434E-01 -0.2433521E-01 -0.7548342E+00 -0.1694038E-01  0.5552248E-01  0.3000210E-01 -0.6440973E-01  0.2136062E+00  0.3550164E+00
 0.1429383E+00
 0.3100000E+01 -0.2911199E+00 -0.5486181E-01  0.7066569E-02 -0.9681842E-01 -0.1813731E+00  0.3628849E+00 -0.5813043E-02  0.2507384E-01  0.3432136E+00  0.5880306E-01 -0.6347776E-01 -0.6120646E-02 -0.6894289E+00 -0.2352190E-01  0.3886431E-01 -0.4158641E-01 -0.6599577E-01  0.1905216E+00  0.4003020E+00
 0.1861727E+00
 0.3150000E+01 -0.2672468E+00 -0.6216340E-01  0.1758046E-01 -0.6554240E-01 -0.2283395E+00  0.4362052E+00 -0.9755111E-02  0.1021230E+00  0.3573033E+00  0.3911581E-01 -0.6001084E-01  0.1230903E-01 -0.6095276E+00 -0.2962953E-01  0.2088704E-01 -0.1116954E+00 -0.6622127E-01  0.1619117E+00  0.4377910E+00
 0.2257063E+00
 0.3200000E+01 -0.2368882E+00 -0.6715782E-01  0.2746474E-01 -0.3209445E-01 -0.2669210E+00  0.5011066E+00 -0.1334038E-01  0.1755460E+00  0.3644718E+00  0.1811910E-01 -0.5515527E-01  0.3030355E-01 -0.5170260E+00 -0.3514642E-01  0.2194873E-02 -0.1778112E+00 -0.6510378E-01  0.1285438E+00  0.4668802E+00
 0.2608094E+00
 0.3250000E+01 -0.2007992E+00 -0.6965684E-01  0.3636116E-01  0.2427564E-02 -0.2956797E+00  0.5564596E+00 -0.1643648E-01  0.2427045E+00  0.3646989E+00 -0.3489792E-02 -0.4903451E-01  0.4722099E-01 -0.4140250E+00 -0.3997033E-01 -0.1657301E-01 -0.2375414E+00 -0.6268838E-01  0.9134765E-01  0.4871481E+00
 0.2908600E+00
 0.3300000E+01 -0.1598707E+00 -0.6956494E-01  0.4394452E-01  0.3686758E-01 -0.3135360E+00  0.6013484E+00 -0.1892849E-01  0.3011621E+00  0.3580986E+00 -0.2497976E-01 -0.4179993E-01  0.6245175E-01 -0.3027710E+00 -0.4401535E-01 -0.3476509E-01 -0.2887065E+00 -0.5904516E-01  0.5139443E-01  0.4983547E+00
 0.3153521E+00
 0.3350000E+01 -0.1151054E+00 -0.6688316E-01  0.4993525E-01  0.7005173E-01 -0.3198112E+00  0.6350803E+00 -0.2072339E-01  0.3487783E+00  0.3449099E+00 -0.4561164E-01 -0.3362613E-01  0.7544175E-01 -0.1855960E+00 -0.4721314E-01 -0.5174130E-01 -0.3294230E+00 -0.5426628E-01  0.9869355E-02  0.5004370E+00
 0.3339018E+00
 0.3400000E+01 -0.6759083E-01 -0.6170933E-01  0.5411031E-01  0.1008305E+00 -0.3142549E+00  0.6571899E+00 -0.2175366E-01  0.3837910E+00  0.3254847E+00 -0.6466509E-01 -0.2470578E-01  0.8571378E-01 -0.6486176E-01 -0.4951362E-01 -0.6689687E-01 -0.3581771E+00 -0.4846275E-01 -0.3196151E-01  0.4935012E+00
 0.3462487E+00
 0.3450000E+01 -0.1847072E-01 -0.5423457E-01  0.5631205E-01  0.1281216E+00 -0.2970564E+00  0.6674383E+00 -0.2197996E-01  0.4048871E+00  0.3002753E+00 -0.8146544E-01 -0.1524409E-01  0.9288623E-01  0.5709206E-01 -0.5088532E-01 -0.7968529E-01 -0.3738849E+00 -0.4176101E-01 -0.7278951E-01  0.4778122E+00
 0.3522561E+00
 0.3500000E+01  0.3108543E-01 -0.4473629E-01  0.5645466E-01  0.1509507E+00 -0.2688387E+00  0.6658068E+00 -0.2139269E-01  0.4112554E+00  0.2698201E+00 -0.9540939E-01 -0.5453115E-02  0.9668828E-01  0.1779935E+00 -0.5131517E-01 -0.8963953E-01 -0.3759364E+00 -0.3429955E-01 -0.1113056E+00  0.4537804E+00
 0.3519074E+00
 0.3550000E+01  0.7991286E-01 -0.3356793E-01  0.5452789E-01  0.1684895E+00 -0.2306374E+00  0.6556533E+00 -0.2001254E-01  0.4026214E+00  0.2371425E+00 -0.1059886E+00  0.4454069E-02  0.9697111E-01  0.2959920E+00 -0.5084188E-01 -0.9639050E-01 -0.3642223E+00 -0.2628440E-01 -0.1462449E+00  0.4259559E+00
 0.3463788E+00
 0.3600000E+01  0.1268816E+00 -0.2114578E-01  0.5059795E-01  0.1800892E+00 -0.1838623E+00  0.6427599E+00 -0.1788975E-01  0.3792619E+00  0.2058925E+00 -0.1128100E+00  0.1426849E-01  0.9371450E-01  0.4105612E+00 -0.4958825E-01 -0.9968209E-01 -0.3391409E+00 -0.1800477E-01 -0.1764319E+00  0.4004272E+00
 0.3378883E+00
 0.3650000E+01  0.1709251E+00 -0.7933469E-02  0.4480551E-01  0.1853070E+00 -0.1302460E+00  0.6377441E+00 -0.1510238E-01  0.3419984E+00  0.1804757E+00 -0.1156122E+00  0.2379031E-01  0.8702858E-01  0.5253204E+00 -0.4785489E-01 -0.9938205E-01 -0.3015871E+00 -0.9842269E-02 -0.2008250E+00  0.3857672E+00
 0.3308336E+00
 0.3700000E+01  0.2110664E+00  0.5575413E-02  0.3736080E-01  0.1839256E+00 -0.7177956E-01  0.6519439E+00 -0.1175344E-01  0.2921703E+00  0.1634183E+00 -0.1142767E+00  0.3283309E-01  0.7715061E-01  0.6499304E+00 -0.4611701E-01 -0.9548825E-01 -0.2529212E+00 -0.2020528E-02 -0.2185571E+00  0.3884674E+00
 0.3304104E+00
 0.3750000E+01  0.2464413E+00  0.1887580E-01  0.2853612E-01  0.1759649E+00 -0.1063819E-01  0.6889688E+00 -0.7967062E-02  0.2315874E+00  0.1538129E+00 -0.1088345E+00  0.4122760E-01  0.6443696E-01  0.7934554E+00 -0.4475345E-01 -0.8813015E-01 -0.1949205E+00  0.5608780E-02 -0.2289717E+00  0.4084465E+00
 0.3388234E+00
 0.3800000E+01  0.2763173E+00  0.3147009E-01  0.1865584E-01  0.1616834E+00  0.5089988E-01  0.7437171E+00 -0.3883942E-02  0.1624645E+00  0.1489869E+00 -0.9946646E-01  0.4882511E-01  0.4935039E-01  0.9560869E+00 -0.4381352E-01 -0.7756508E-01 -0.1297147E+00  0.1329730E-01 -0.2316527E+00  0.4407399E+00
 0.3543323E+00
 0.3850000E+01  0.3001084E+00  0.4288685E-01  0.8084551E-02  0.1415723E+00  0.1105388E+00  0.8082156E+00  0.3439429E-03  0.8734123E-01  0.1465133E+00 -0.8649804E-01  0.5549968E-01  0.3244333E-01  0.1131073E+01 -0.4312272E-01 -0.6416976E-01 -0.5970736E-01  0.2112917E-01 -0.2264450E+00  0.4796505E+00
 0.3736653E+00
 0.3900000E+01  0.3173844E+00  0.5269848E-01 -0.2786560E-02  0.1163390E+00  0.1660510E+00  0.8754943E+00  0.4559000E-02  0.8987372E-02  0.1447768E+00 -0.7038881E-01  0.6114974E-01  0.1433760E-01  0.1310066E+01 -0.4246826E-01 -0.4842713E-01  0.1251287E-01  0.2903134E-01 -0.2134667E+00  0.5206587E+00
 0.3938598E+00
 0.3950000E+01  0.3278758E+00  0.6053734E-01 -0.1355422E-01  0.8688308E-01  0.2153614E+00  0.9403907E+00  0.8603928E-02 -0.6969934E-01  0.1428112E+00 -0.5171632E-01  0.6569944E-01 -0.4298623E-02  0.1485690E+01 -0.4168058E-01 -0.3090901E-01  0.8426882E-01  0.3686214E-01 -0.1931112E+00  0.5605506E+00
 0.4127254E+00
 0.4000000E+01  0.3314730E+00  0.6610953E-01 -0.2381817E-01  0.5426453E-01  0.2566247E+00  0.9992415E+00  0.1232762E-01 -0.1458016E+00  0.1400588E+00 -0.3115560E-01  0.6909994E-01 -0.2277559E-01  0.1652015E+01 -0.4064472E-01 -0.1225533E-01  0.1528948E+00  0.4446585E-01 -0.1660376E+00  0.5970815E+00
 0.4287445E+00
 0.4050000E+01  0.3282212E+00  0.6920599E-01 -0.3319621E-01  0.1966547E-01  0.2882955E+00  0.1049456E+01  0.1559083E-01 -0.2164917E+00  0.1362070E+00 -0.9454607E-02  0.7132999E-01 -0.4040781E-01  0.1804387E+01 -0.3929047E-01  0.6849441E-02  0.2158366E+00  0.5169506E-01 -0.1331524E+00  0.6286688E+00
 0.4408882E+00
 0.4100000E+01  0.3183108E+00  0.6971035E-01 -0.4133852E-01 -0.1565306E-01  0.3091864E+00  0.1089207E+01  0.1827144E-01 -0.2791378E+00  0.1310932E+00  0.1259318E-01  0.7239413E-01 -0.5653973E-01  0.1939173E+01 -0.3757995E-01  0.2570167E-01  0.2707475E+00  0.5841811E-01 -0.9558031E-01  0.6541881E+00
 0.4484730E+00
 0.4150000E+01  0.3020653E+00  0.6760339E-01 -0.4794090E-01 -0.5039765E-01  0.3185127E+00  0.1117229E+01  0.2026903E-01 -0.3314030E+00  0.1246521E+00  0.3417813E-01  0.7231721E-01 -0.7057037E-01  0.2053568E+01 -0.3549812E-01  0.4360477E-01  0.3155767E+00  0.6452130E-01 -0.5462615E-01  0.6728523E+00
 0.4510697E+00
 0.4200000E+01  0.2799257E+00  0.6296370E-01 -0.5275624E-01 -0.8329062E-01  0.3159223E+00  0.1132708E+01  0.2150867E-01 -0.3713339E+00  0.1168854E+00  0.5450465E-01  0.7113730E-01 -0.8197603E-01  0.2145474E+01 -0.3304706E-01  0.5989532E-01  0.3486469E+00  0.6990936E-01 -0.1172976E-01  0.6841388E+00
 0.4484451E+00
 0.4250000E+01  0.2524345E+00  0.5596488E-01 -0.5560386E-01 -0.1131178E+00  0.3015093E+00  0.1135201E+01  0.2194377E-01 -0.3974342E+00  0.1078433E+00  0.7282100E-01  0.6890188E-01 -0.9033009E-01  0.2213415E+01 -0.3024272E-01  0.7396803E-01  0.3687178E+00  0.7450540E-01  0.3158554E-01  0.6877462E+00
 0.4405250E+00
 0.4300000E+01  0.2202187E+00  0.4686894E-01 -0.5637647E-01 -0.1387744E+00  0.2758105E+00  0.1124586E+01  0.2155785E-01 -0.4087223E+00  0.9761256E-01  0.8844761E-01  0.6566833E-01 -0.9531917E-01  0.2256491E+01 -0.2711245E-01  0.8529860E-01  0.3750333E+00  0.7825090E-01  0.7376820E-01  0.6835648E+00
 0.4273687E+00
 0.4350000E+01  0.1840134E+00  0.3601658E-01 -0.5504423E-01 -0.1593067E+00  0.2397860E+00  0.1105029E+01  0.2036514E-01 -0.4047683E+00  0.8645304E-01  0.1008028E+00  0.6180191E-01 -0.9675516E-01  0.2278135E+01 -0.2380224E-01  0.9346362E-01  0.3673508E+00  0.8132087E-01  0.1132956E+00  0.6735228E+00
 0.4108213E+00
 0.4400000E+01  0.1446360E+00  0.2381440E-01 -0.5165597E-01 -0.1739482E+00  0.1947828E+00  0.1078444E+01  0.1841013E-01 -0.3857117E+00  0.7447975E-01  0.1094249E+00  0.5749386E-01 -0.9458246E-01  0.2277364E+01 -0.2040381E-01  0.9815673E-01  0.3459508E+00  0.8378730E-01  0.1487308E+00  0.6582019E+00
 0.3919064E+00
 0.4450000E+01  0.1030387E+00  0.1071964E-01 -0.4633752E-01 -0.1821495E+00  0.1424849E+00  0.1047073E+01  0.1576587E-01 -0.3522566E+00  0.6179753E-01  0.1139899E+00  0.5299843E-01 -0.8888024E-01  0.2253111E+01 -0.1702834E-01  0.9920040E-01  0.3116270E+00  0.8573704E-01  0.1787768E+00  0.6380767E+00
 0.3720567E+00
 0.4500000E+01  0.6034995E-01 -0.2776911E-02 -0.3928700E-01 -0.1835990E+00  0.8485015E-01  0.1013104E+01  0.1253125E-01 -0.3056460E+00  0.4851502E-01  0.1143243E+00  0.4867373E-01 -0.7985974E-01  0.2205015E+01 -0.1381340E-01  0.9655288E-01  0.2656574E+00  0.8723428E-01  0.2023260E+00  0.6134501E+00
 0.3532639E+00
 0.4550000E+01  0.1774558E-01 -0.1616937E-01 -0.3076747E-01 -0.1782360E+00  0.2403690E-01  0.9781921E+00  0.8827317E-02 -0.2476163E+00  0.3475417E-01  0.1104117E+00  0.4503996E-01 -0.6785645E-01  0.2133598E+01 -0.1093573E-01  0.9031008E-01  0.2097566E+00  0.8828495E-01  0.2185028E+00  0.5845016E+00
 0.3381634E+00
 0.4600000E+01 -0.2421002E-01 -0.2895571E-01 -0.2109718E-01 -0.1662530E+00 -0.3767688E-01  0.9425715E+00  0.4792750E-02 -0.1803320E+00  0.2064707E-01  0.1023938E+00  0.4271924E-01 -0.5331773E-01  0.2040014E+01 -0.8614494E-02  0.8070227E-01  0.1460119E+00  0.8880500E-01  0.2266984E+00  0.5512359E+00
 0.3291966E+00
 0.4650000E+01 -0.6655406E-01 -0.4065655E-01 -0.1063761E-01 -0.1480897E+00 -0.9797897E-01  0.9044666E+00  0.5786436E-03 -0.1063058E+00  0.6341336E-02  0.9056577E-01  0.4204383E-01 -0.3678612E-01  0.1925876E+01 -0.7049844E-02  0.6808564E-01  0.7680565E-01  0.8865762E-01  0.2265945E+00  0.5135009E+00
 0.3263822E+00
 0.4700000E+01 -0.1114370E+00 -0.5083322E-01  0.2200318E-03 -0.1244171E+00 -0.1546096E+00  0.8617423E+00 -0.3657141E-02 -0.2830408E-01 -0.8005216E-02  0.7536542E-01  0.4295514E-01 -0.1887909E-01  0.1793501E+01 -0.6241118E-02  0.5292921E-01  0.4725757E-02  0.8777173E-01  0.2181780E+00  0.4713996E+00
 0.3272342E+00
 0.4750000E+01 -0.1593731E+00 -0.5910412E-01  0.1106943E-01 -0.9611240E-01 -0.2054464E+00  0.8130680E+00 -0.7755899E-02  0.5075644E-01 -0.2225205E-01  0.5735691E-01  0.4475235E-01 -0.2659751E-03  0.1646087E+01 -0.5889900E-02  0.3579739E-01 -0.6753099E-01  0.8617321E-01  0.2017424E+00  0.4254581E+00
 0.3280978E+00
 0.4800000E+01 -0.2087651E+00 -0.6515913E-01  0.2150445E-01 -0.6422709E-01 -0.2485836E+00  0.7591709E+00 -0.1156403E-01  0.1279178E+00 -0.3630995E-01  0.3720999E-01  0.4672369E-01  0.1835709E-01  0.1487874E+01 -0.5731276E-02  0.1732897E-01 -0.1372600E+00  0.8400931E-01  0.1778790E+00  0.3767087E+00
 0.3273766E+00
 0.4850000E+01 -0.2578716E+00 -0.6877115E-01  0.3113430E-01 -0.2994760E-01 -0.2824040E+00  0.7021966E+00 -0.1493880E-01  0.2002920E+00 -0.5017838E-01  0.1567505E-01  0.4848064E-01  0.3629325E-01  0.1324015E+01 -0.5722700E-02 -0.1786737E-02 -0.2018505E+00  0.8152747E-01  0.1474560E+00  0.3264936E+00
 0.3253063E+00
 0.4900000E+01 -0.3049870E+00 -0.6980472E-01  0.3959825E-01  0.5448846E-02 -0.3056394E+00  0.6450962E+00 -0.1775371E-01  0.2651690E+00 -0.6399661E-01 -0.6444885E-02  0.4995819E-01  0.5287110E-01  0.1160414E+01 -0.5864729E-02 -0.2083568E-01 -0.2588830E+00  0.7907140E-01  0.1115874E+00  0.2763129E+00
 0.3230127E+00
 0.4950000E+01 -0.3487702E+00 -0.6822102E-01  0.4657914E-01  0.4064196E-01 -0.3174183E+00  0.5913456E+00 -0.1990321E-01  0.3201186E+00 -0.7810542E-01 -0.2832419E-01  0.5141826E-01  0.6746979E-01  0.1003278E+01 -0.6149533E-02 -0.3910581E-01 -0.3062206E+00  0.7707680E-01  0.7159248E-01  0.2276580E+00
 0.3222348E+00
 0.5000000E+01 -0.3882698E+00 -0.6407940E-01  0.5181530E-01  0.7431783E-01 -0.3172986E+00  0.5443822E+00 -0.2130671E-01  0.3630816E+00 -0.9307015E-01 -0.4914554E-01  0.5328017E-01  0.7954243E-01  0.8579997E+00 -0.6566650E-02 -0.5591376E-01 -0.3420892E+00  0.7602309E-01  0.2894689E-01  0.1816957E+00
 0.3250349E+00
