 0.2500000E-01 -0.3956692E+00  0.8848442E-01 -0.8356990E-01 -0.2583182E+00  0.4376812E+00  0.7236610E+00  0.2435567E-01 -0.5797161E+00  0.4121320E+00  0.1570120E+00 -0.8007914E-01 -0.1397724E+00 -0.1054840E+01 -0.4151596E-01  0.1356102E+00  0.5219346E+00 -0.7450969E-01  0.3119626E+00  0.5508756E+00
 0.3866653E+00
 0.5000000E-01 -0.3954825E+00  0.8848442E-01 -0.8350055E-01 -0.2581787E+00  0.4374733E+00  0.7233409E+00  0.2437819E-01 -0.5793814E+00  0.4119382E+00  0.1569466E+00 -0.8004538E-01 -0.1396786E+00 -0.1054301E+01 -0.4154191E-01  0.1355573E+00  0.5216840E+00 -0.7448795E-01  0.3118188E+00  0.5506232E+00
 0.3864784E+00
 0.7500000E-01 -0.3951657E+00  0.8848169E-01 -0.8338344E-01 -0.2579421E+00  0.4371162E+00  0.7228020E+00  0.2441498E-01 -0.5788120E+00  0.4116111E+00  0.1568350E+00 -0.7998801E-01 -0.1395197E+00 -0.1053384E+01 -0.4158465E-01  0.1354667E+00  0.5212558E+00 -0.7445078E-01  0.3115744E+00  0.5501977E+00
 0.3861642E+00
 0.1000000E+00 -0.3947165E+00  0.8847431E-01 -0.8321788E-01 -0.2576063E+00  0.4366034E+00  0.7220442E+00  0.2446546E-01 -0.5780018E+00  0.4111494E+00  0.1566759E+00 -0.7990657E-01 -0.1392946E+00 -0.1052082E+01 -0.4164382E-01  0.1353371E+00  0.5206437E+00 -0.7439777E-01  0.3112273E+00  0.5495982E+00
 0.3857229E+00
 0.1250000E+00 -0.3941338E+00  0.8846046E-01 -0.8300351E-01 -0.2571702E+00  0.4359295E+00  0.7210702E+00  0.2452903E-01 -0.5769467E+00  0.4105538E+00  0.1564684E+00 -0.7980087E-01 -0.1390026E+00 -0.1050389E+01 -0.4171914E-01  0.1351678E+00  0.5198434E+00 -0.7432874E-01  0.3107766E+00  0.5488261E+00
 0.3851562E+00
 0.1500000E+00 -0.3934184E+00  0.8843847E-01 -0.8274033E-01 -0.2566340E+00  0.4350907E+00  0.7198857E+00  0.2460506E-01 -0.5756447E+00  0.4098264E+00  0.1562123E+00 -0.7967101E-01 -0.1386435E+00 -0.1048304E+01 -0.4181038E-01  0.1349584E+00  0.5188525E+00 -0.7424381E-01  0.3102223E+00  0.5478849E+00
 0.3844674E+00
 0.1750000E+00 -0.3925722E+00  0.8840679E-01 -0.8242869E-01 -0.2559984E+00  0.4340844E+00  0.7184997E+00  0.2469296E-01 -0.5740959E+00  0.4089712E+00  0.1559079E+00 -0.7951740E-01 -0.1382177E+00 -0.1045830E+01 -0.4191740E-01  0.1347090E+00  0.5176699E+00 -0.7414333E-01  0.3095659E+00  0.5467808E+00
 0.3836618E+00
 0.2000000E+00 -0.3915989E+00  0.8836404E-01 -0.8206930E-01 -0.2552655E+00  0.4329094E+00  0.7169242E+00  0.2479211E-01 -0.5723024E+00  0.4079938E+00  0.1555560E+00 -0.7934077E-01 -0.1377262E+00 -0.1042974E+01 -0.4204014E-01  0.1344202E+00  0.5162967E+00 -0.7402795E-01  0.3088099E+00  0.5455219E+00
 0.3827462E+00
 0.2250000E+00 -0.3905037E+00  0.8830896E-01 -0.8166323E-01 -0.2544380E+00  0.4315659E+00  0.7151745E+00  0.2490188E-01 -0.5702686E+00  0.4069016E+00  0.1551581E+00 -0.7914214E-01 -0.1371705E+00 -0.1039748E+01 -0.4217864E-01  0.1340931E+00  0.5147356E+00 -0.7389859E-01  0.3079580E+00  0.5441190E+00
 0.3817292E+00
 0.2500000E+00 -0.3892933E+00  0.8824044E-01 -0.8121187E-01 -0.2535200E+00  0.4300551E+00  0.7132687E+00  0.2502168E-01 -0.5680009E+00  0.4057037E+00  0.1547163E+00 -0.7892283E-01 -0.1365526E+00 -0.1036166E+01 -0.4233303E-01  0.1337291E+00  0.5129910E+00 -0.7375643E-01  0.3070151E+00  0.5425852E+00
 0.3806209E+00
 0.2750000E+00 -0.3879759E+00  0.8815752E-01 -0.8071696E-01 -0.2525163E+00  0.4283800E+00  0.7112284E+00  0.2515088E-01 -0.5655077E+00  0.4044108E+00  0.1542329E+00 -0.7868448E-01 -0.1358753E+00 -0.1032247E+01 -0.4250355E-01  0.1333303E+00  0.5110690E+00 -0.7360293E-01  0.3059872E+00  0.5409355E+00
 0.3794335E+00
 0.3000000E+00 -0.3865611E+00  0.8805932E-01 -0.8018057E-01 -0.2514327E+00  0.4265443E+00  0.7090779E+00  0.2528888E-01 -0.5627992E+00  0.4030352E+00  0.1537111E+00 -0.7842900E-01 -0.1351415E+00 -0.1028013E+01 -0.4269056E-01  0.1328990E+00  0.5089774E+00 -0.7343983E-01  0.3048815E+00  0.5391877E+00
 0.3781804E+00
 0.3250000E+00 -0.3850599E+00  0.8794510E-01 -0.7960507E-01 -0.2502758E+00  0.4245530E+00  0.7068443E+00  0.2543505E-01 -0.5598876E+00  0.4015909E+00  0.1531544E+00 -0.7815859E-01 -0.1343548E+00 -0.1023490E+01 -0.4289449E-01  0.1324380E+00  0.5067255E+00 -0.7326909E-01  0.3037062E+00  0.5373612E+00
 0.3768768E+00
 0.3500000E+00 -0.3834845E+00  0.8781419E-01 -0.7899312E-01 -0.2490530E+00  0.4224123E+00  0.7045579E+00  0.2558875E-01 -0.5567868E+00  0.4000934E+00  0.1525667E+00 -0.7787570E-01 -0.1335192E+00 -0.1018707E+01 -0.4311588E-01  0.1319507E+00  0.5043238E+00 -0.7309294E-01  0.3024703E+00  0.5354778E+00
 0.3755393E+00
 0.3750000E+00 -0.3818486E+00  0.8766595E-01 -0.7834764E-01 -0.2477725E+00  0.4201291E+00  0.7022510E+00  0.2574933E-01 -0.5535119E+00  0.3985592E+00  0.1519525E+00 -0.7758304E-01 -0.1326393E+00 -0.1013696E+01 -0.4335536E-01  0.1314403E+00  0.5017842E+00 -0.7291379E-01  0.3011840E+00  0.5335611E+00
 0.3741861E+00
 0.4000000E+00 -0.3801664E+00  0.8749980E-01 -0.7767180E-01 -0.2464433E+00  0.4177109E+00  0.6999587E+00  0.2591608E-01 -0.5500798E+00  0.3970066E+00  0.1513165E+00 -0.7728351E-01 -0.1317197E+00 -0.1008492E+01 -0.4361365E-01  0.1309108E+00  0.4991198E+00 -0.7273429E-01  0.2998581E+00  0.5316362E+00
 0.3728364E+00
 0.4250000E+00 -0.3784536E+00  0.8731512E-01 -0.7696896E-01 -0.2450747E+00  0.4151662E+00  0.6977181E+00  0.2608829E-01 -0.5465080E+00  0.3954544E+00  0.1506637E+00 -0.7698021E-01 -0.1307655E+00 -0.1003132E+01 -0.4389151E-01  0.1303663E+00  0.4963442E+00 -0.7255724E-01  0.2985041E+00  0.5297300E+00
 0.3715108E+00
 0.4500000E+00 -0.3767262E+00  0.8711127E-01 -0.7624267E-01 -0.2436766E+00  0.4125034E+00  0.6955682E+00  0.2626516E-01 -0.5428154E+00  0.3939229E+00  0.1499995E+00 -0.7667641E-01 -0.1297822E+00 -0.9976543E+00 -0.4418980E-01  0.1298110E+00  0.4934721E+00 -0.7238558E-01  0.2971340E+00  0.5278708E+00
 0.3702309E+00
 0.4750000E+00 -0.3750009E+00  0.8688749E-01 -0.7549659E-01 -0.2422592E+00  0.4097315E+00  0.6935493E+00  0.2644586E-01 -0.5390210E+00  0.3924327E+00  0.1493292E+00 -0.7637545E-01 -0.1287752E+00 -0.9920990E+00 -0.4450939E-01  0.1292491E+00  0.4905181E+00 -0.7222238E-01  0.2957602E+00  0.5260876E+00
 0.3690191E+00
 0.5000000E+00 -0.3732949E+00  0.8664289E-01 -0.7473447E-01 -0.2408329E+00  0.4068592E+00  0.6917033E+00  0.2662944E-01 -0.5351441E+00  0.3910052E+00  0.1486584E+00 -0.7608080E-01 -0.1277501E+00 -0.9865067E+00 -0.4485118E-01  0.1286852E+00  0.4874972E+00 -0.7207074E-01  0.2943955E+00  0.5244106E+00
 0.3678985E+00
 0.5250000E+00 -0.3716252E+00  0.8637640E-01 -0.7396009E-01 -0.2394080E+00  0.4038948E+00  0.6900725E+00  0.2681489E-01 -0.5312042E+00  0.3896619E+00  0.1479925E+00 -0.7579592E-01 -0.1267127E+00 -0.9809179E+00 -0.4521610E-01  0.1281235E+00  0.4844241E+00 -0.7193382E-01  0.2930524E+00  0.5228703E+00
 0.3668924E+00
 0.5500000E+00 -0.3700088E+00  0.8608670E-01 -0.7317721E-01 -0.2379949E+00  0.4008462E+00  0.6886997E+00  0.2700107E-01 -0.5272200E+00  0.3884244E+00  0.1473368E+00 -0.7552425E-01 -0.1256685E+00 -0.9753725E+00 -0.4560504E-01  0.1275683E+00  0.4813128E+00 -0.7181476E-01  0.2917435E+00  0.5214972E+00
 0.3660248E+00
 0.5750000E+00 -0.3684623E+00  0.8577220E-01 -0.7238951E-01 -0.2366033E+00  0.3977205E+00  0.6876278E+00  0.2718673E-01 -0.5232094E+00  0.3873141E+00  0.1466964E+00 -0.7526916E-01 -0.1246229E+00 -0.9699092E+00 -0.4601885E-01  0.1270235E+00  0.4781766E+00 -0.7171661E-01  0.2904808E+00  0.5203218E+00
 0.3653193E+00
 0.6000000E+00 -0.3670016E+00  0.8543096E-01 -0.7160053E-01 -0.2352428E+00  0.3945232E+00  0.6868986E+00  0.2737046E-01 -0.5191890E+00  0.3863518E+00  0.1460761E+00 -0.7503387E-01 -0.1235810E+00 -0.9645642E+00 -0.4645832E-01  0.1264928E+00  0.4750274E+00 -0.7164231E-01  0.2892759E+00  0.5193740E+00
 0.3647993E+00
 0.6250000E+00 -0.3656414E+00  0.8506065E-01 -0.7081361E-01 -0.2339221E+00  0.3912589E+00  0.6865531E+00  0.2755072E-01 -0.5151738E+00  0.3855574E+00  0.1454800E+00 -0.7482143E-01 -0.1225477E+00 -0.9593711E+00 -0.4692416E-01  0.1259795E+00  0.4718753E+00 -0.7159464E-01  0.2881394E+00  0.5186824E+00
 0.3644875E+00
 0.6500000E+00 -0.3643952E+00  0.8465852E-01 -0.7003183E-01 -0.2326488E+00  0.3879302E+00  0.6866307E+00  0.2772578E-01 -0.5111765E+00  0.3849498E+00  0.1449119E+00 -0.7463460E-01 -0.1215270E+00 -0.9543596E+00 -0.4741694E-01  0.1254861E+00  0.4687287E+00 -0.7157611E-01  0.2870807E+00  0.5182746E+00
 0.3644059E+00
 0.6750000E+00 -0.3632750E+00  0.8422139E-01 -0.6925795E-01 -0.2314299E+00  0.3845376E+00  0.6871681E+00  0.2789376E-01 -0.5072075E+00  0.3845462E+00  0.1443747E+00 -0.7447585E-01 -0.1205229E+00 -0.9495549E+00 -0.4793713E-01  0.1250149E+00  0.4655934E+00 -0.7158897E-01  0.2861081E+00  0.5181759E+00
 0.3645753E+00
 0.7000000E+00 -0.3622907E+00  0.8374556E-01 -0.6849432E-01 -0.2302707E+00  0.3810797E+00  0.6881998E+00  0.2805256E-01 -0.5032741E+00  0.3843620E+00  0.1438705E+00 -0.7434726E-01 -0.1195383E+00 -0.9449771E+00 -0.4848497E-01  0.1245672E+00  0.4624725E+00 -0.7163514E-01  0.2852283E+00  0.5184096E+00
 0.3650150E+00
 0.7250000E+00 -0.3614502E+00  0.8322684E-01 -0.6774290E-01 -0.2291751E+00  0.3775526E+00  0.6897565E+00  0.2819991E-01 -0.4993805E+00  0.3844107E+00  0.1434005E+00 -0.7425049E-01 -0.1185754E+00 -0.9406402E+00 -0.4906057E-01  0.1241435E+00  0.4593662E+00 -0.7171611E-01  0.2844461E+00  0.5189962E+00
 0.3657424E+00
 0.7500000E+00 -0.3607587E+00  0.8266058E-01 -0.6700513E-01 -0.2281457E+00  0.3739499E+00  0.6918655E+00  0.2833337E-01 -0.4955272E+00  0.3847033E+00  0.1429649E+00 -0.7418670E-01 -0.1176358E+00 -0.9365519E+00 -0.4966379E-01  0.1237435E+00  0.4562715E+00 -0.7183295E-01  0.2837644E+00  0.5199531E+00
 0.3667732E+00
 0.7750000E+00 -0.3602191E+00  0.8204161E-01 -0.6628195E-01 -0.2271830E+00  0.3702624E+00  0.6945494E+00  0.2845029E-01 -0.4917112E+00  0.3852482E+00  0.1425630E+00 -0.7415653E-01 -0.1167199E+00 -0.9327126E+00 -0.5029428E-01  0.1233660E+00  0.4531819E+00 -0.7198626E-01  0.2831840E+00  0.5212946E+00
 0.3681206E+00
 0.8000000E+00 -0.3598312E+00  0.8136434E-01 -0.6557374E-01 -0.2262859E+00  0.3664785E+00  0.6978266E+00  0.2854787E-01 -0.4879254E+00  0.3860508E+00  0.1421926E+00 -0.7416008E-01 -0.1158273E+00 -0.9291156E+00 -0.5095142E-01  0.1230088E+00  0.4500874E+00 -0.7217611E-01  0.2827036E+00  0.5230309E+00
 0.3697953E+00
 0.8250000E+00 -0.3595920E+00  0.8062276E-01 -0.6488030E-01 -0.2254514E+00  0.3625840E+00  0.7017101E+00  0.2862316E-01 -0.4841590E+00  0.3871136E+00  0.1418506E+00 -0.7419683E-01 -0.1149565E+00 -0.9257464E+00 -0.5163436E-01  0.1226686E+00  0.4469747E+00 -0.7240203E-01  0.2823192E+00  0.5251685E+00
 0.3718054E+00
 0.8500000E+00 -0.3594954E+00  0.7981054E-01 -0.6420086E-01 -0.2246744E+00  0.3585623E+00  0.7062080E+00  0.2867307E-01 -0.4803969E+00  0.3884360E+00  0.1415328E+00 -0.7426567E-01 -0.1141052E+00 -0.9225827E+00 -0.5234199E-01  0.1223412E+00  0.4438266E+00 -0.7266298E-01  0.2820248E+00  0.5277096E+00
 0.3741562E+00
 0.8750000E+00 -0.3595323E+00  0.7892106E-01 -0.6353407E-01 -0.2239481E+00  0.3543944E+00  0.7113227E+00  0.2869443E-01 -0.4766207E+00  0.3900141E+00  0.1412334E+00 -0.7436488E-01 -0.1132700E+00 -0.9195947E+00 -0.5307294E-01  0.1220215E+00  0.4406230E+00 -0.7295739E-01  0.2818119E+00  0.5306523E+00
 0.3768502E+00
 0.9000000E+00 -0.3596905E+00  0.7794754E-01 -0.6287802E-01 -0.2232637E+00  0.3500594E+00  0.7170512E+00  0.2868400E-01 -0.4728078E+00  0.3918407E+00  0.1409461E+00 -0.7449212E-01 -0.1124466E+00 -0.9167450E+00 -0.5382559E-01  0.1217033E+00  0.4373405E+00 -0.7328308E-01  0.2816695E+00  0.5339904E+00
 0.3798866E+00
 0.9250000E+00 -0.3599552E+00  0.7688309E-01 -0.6223027E-01 -0.2226108E+00  0.3455348E+00  0.7233850E+00  0.2863853E-01 -0.4689329E+00  0.3939056E+00  0.1406631E+00 -0.7464447E-01 -0.1116297E+00 -0.9139894E+00 -0.5459810E-01  0.1213796E+00  0.4339528E+00 -0.7363737E-01  0.2815845E+00  0.5377135E+00
 0.3832621E+00
 0.9500000E+00 -0.3603085E+00  0.7572087E-01 -0.6158787E-01 -0.2219771E+00  0.3407967E+00  0.7303105E+00  0.2855476E-01 -0.4649674E+00  0.3961953E+00  0.1403759E+00 -0.7481847E-01 -0.1108132E+00 -0.9112772E+00 -0.5538840E-01  0.1210427E+00  0.4304315E+00 -0.7401703E-01  0.2815420E+00  0.5418068E+00
 0.3869700E+00
 0.9750000E+00 -0.3607302E+00  0.7445412E-01 -0.6094744E-01 -0.2213491E+00  0.3358204E+00  0.7378085E+00  0.2842954E-01 -0.4608804E+00  0.3986935E+00  0.1400751E+00 -0.7501010E-01 -0.1099906E+00 -0.9085519E+00 -0.5619424E-01  0.1206842E+00  0.4267460E+00 -0.7441837E-01  0.2815247E+00  0.5462518E+00
 0.3910013E+00
 0.1000000E+01 -0.3611979E+00  0.7307633E-01 -0.6030523E-01 -0.2207118E+00  0.3305808E+00  0.7458554E+00  0.2825980E-01 -0.4566391E+00  0.4013811E+00  0.1397505E+00 -0.7521492E-01 -0.1091543E+00 -0.9057524E+00 -0.5701322E-01  0.1202950E+00  0.4228645E+00 -0.7483723E-01  0.2815141E+00  0.5510263E+00
 0.3953440E+00
 0.1025000E+01 -0.3616872E+00  0.7158132E-01 -0.5965716E-01 -0.2200494E+00  0.3250526E+00  0.7544230E+00  0.2804265E-01 -0.4522091E+00  0.4042368E+00  0.1393916E+00 -0.7542804E-01 -0.1082965E+00 -0.9028133E+00 -0.5784279E-01  0.1198659E+00  0.4187540E+00 -0.7526908E-01  0.2814901E+00  0.5561047E+00
 0.3999838E+00
 0.1050000E+01 -0.3621722E+00  0.6996335E-01 -0.5899888E-01 -0.2193450E+00  0.3192112E+00  0.7634790E+00  0.2777537E-01 -0.4475556E+00  0.4072367E+00  0.1389873E+00 -0.7564427E-01 -0.1074090E+00 -0.8996667E+00 -0.5868035E-01  0.1193873E+00  0.4143815E+00 -0.7570908E-01  0.2814317E+00  0.5614584E+00
 0.4049043E+00
 0.1075000E+01 -0.3626256E+00  0.6821719E-01 -0.5832589E-01 -0.2185814E+00  0.3130328E+00  0.7729877E+00  0.2745552E-01 -0.4426432E+00  0.4103555E+00  0.1385264E+00 -0.7585811E-01 -0.1064833E+00 -0.8962427E+00 -0.5952324E-01  0.1188493E+00  0.4097139E+00 -0.7615211E-01  0.2813170E+00  0.5670562E+00
 0.4100870E+00
 0.1100000E+01 -0.3630196E+00  0.6633826E-01 -0.5763359E-01 -0.2177410E+00  0.3064948E+00  0.7829107E+00  0.2708092E-01 -0.4374372E+00  0.4135664E+00  0.1379978E+00 -0.7606390E-01 -0.1055110E+00 -0.8924707E+00 -0.6036878E-01  0.1182425E+00  0.4047190E+00 -0.7659286E-01  0.2811238E+00  0.5728648E+00
 0.4155118E+00
 0.1125000E+01 -0.3633259E+00  0.6432268E-01 -0.5691734E-01 -0.2168064E+00  0.2995765E+00  0.7932070E+00  0.2664969E-01 -0.4319036E+00  0.4168412E+00  0.1373904E+00 -0.7625586E-01 -0.1044834E+00 -0.8882806E+00 -0.6121437E-01  0.1175573E+00  0.3993659E+00 -0.7702590E-01  0.2808299E+00  0.5788493E+00
 0.4211574E+00
 0.1150000E+01 -0.3635162E+00  0.6216739E-01 -0.5617255E-01 -0.2157600E+00  0.2922590E+00  0.8038343E+00  0.2616032E-01 -0.4260100E+00  0.4201515E+00  0.1366935E+00 -0.7642815E-01 -0.1033924E+00 -0.8836038E+00 -0.6205749E-01  0.1167846E+00  0.3936256E+00 -0.7744578E-01  0.2804132E+00  0.5849736E+00
 0.4270013E+00
 0.1175000E+01 -0.3635627E+00  0.5987018E-01 -0.5539473E-01 -0.2145852E+00  0.2845261E+00  0.8147489E+00  0.2561163E-01 -0.4197258E+00  0.4234684E+00  0.1358969E+00 -0.7657503E-01 -0.1022298E+00 -0.8783741E+00 -0.6289574E-01  0.1159160E+00  0.3874709E+00 -0.7784706E-01  0.2798522E+00  0.5912012E+00
 0.4330205E+00
 0.1200000E+01 -0.3634384E+00  0.5742980E-01 -0.5457957E-01 -0.2132659E+00  0.2763637E+00  0.8259070E+00  0.2500285E-01 -0.4130231E+00  0.4267630E+00  0.1349910E+00 -0.7669084E-01 -0.1009880E+00 -0.8725289E+00 -0.6372692E-01  0.1149434E+00  0.3808774E+00 -0.7822441E-01  0.2791264E+00  0.5974951E+00
 0.4391917E+00
 0.1225000E+01 -0.3631174E+00  0.5484599E-01 -0.5372297E-01 -0.2117869E+00  0.2677610E+00  0.8372650E+00  0.2433359E-01 -0.4058763E+00  0.4300073E+00  0.1339669E+00 -0.7677014E-01 -0.9965984E-01 -0.8660096E+00 -0.6454903E-01  0.1138596E+00  0.3738237E+00 -0.7857269E-01  0.2782164E+00  0.6038192E+00
 0.4454915E+00
 0.1250000E+01 -0.3625756E+00  0.5211956E-01 -0.5282109E-01 -0.2101342E+00  0.2587100E+00  0.8487802E+00  0.2360387E-01 -0.3982630E+00  0.4331739E+00  0.1328167E+00 -0.7680776E-01 -0.9823879E-01 -0.8587630E+00 -0.6536035E-01  0.1126581E+00  0.3662913E+00 -0.7888698E-01  0.2771042E+00  0.6101378E+00
 0.4518970E+00
 0.1275000E+01 -0.3617904E+00  0.4925244E-01 -0.5187042E-01 -0.2082951E+00  0.2492058E+00  0.8604114E+00  0.2281412E-01 -0.3901639E+00  0.4362367E+00  0.1315334E+00 -0.7679885E-01 -0.9671889E-01 -0.8507409E+00 -0.6615941E-01  0.1113334E+00  0.3582649E+00 -0.7916268E-01  0.2757734E+00  0.6164170E+00
 0.4583859E+00
 0.1300000E+01 -0.3607412E+00  0.4624769E-01 -0.5086773E-01 -0.2062582E+00  0.2392468E+00  0.8721194E+00  0.2196519E-01 -0.3815633E+00  0.4391710E+00  0.1301110E+00 -0.7673894E-01 -0.9509489E-01 -0.8419017E+00 -0.6694511E-01  0.1098807E+00  0.3497329E+00 -0.7939553E-01  0.2742094E+00  0.6226242E+00
 0.4649368E+00
 0.1325000E+01 -0.3594099E+00  0.4310955E-01 -0.4981018E-01 -0.2040137E+00  0.2288345E+00  0.8838672E+00  0.2105834E-01 -0.3724485E+00  0.4419541E+00  0.1285444E+00 -0.7662401E-01 -0.9336224E-01 -0.8322096E+00 -0.6771666E-01  0.1082964E+00  0.3406869E+00 -0.7958170E-01  0.2723995E+00  0.6287291E+00
 0.4715295E+00
 0.1350000E+01 -0.3577805E+00  0.3984342E-01 -0.4869525E-01 -0.2015532E+00  0.2179739E+00  0.8956211E+00  0.2009525E-01 -0.3628106E+00  0.4445653E+00  0.1268299E+00 -0.7645048E-01 -0.9151713E-01 -0.8216354E+00 -0.6847362E-01  0.1065777E+00  0.3311219E+00 -0.7971776E-01  0.2703329E+00  0.6347039E+00
 0.4781452E+00
 0.1375000E+01 -0.3558397E+00  0.3645592E-01 -0.4752078E-01 -0.1988698E+00  0.2066729E+00  0.9073502E+00  0.1907799E-01 -0.3526437E+00  0.4469858E+00  0.1249645E+00 -0.7621527E-01 -0.8955644E-01 -0.8101565E+00 -0.6921595E-01  0.1047227E+00  0.3210364E+00 -0.7980078E-01  0.2680009E+00  0.6405232E+00
 0.4847667E+00
 0.1400000E+01 -0.3535762E+00  0.3295482E-01 -0.4628496E-01 -0.1959581E+00  0.1949429E+00  0.9190273E+00  0.1800904E-01 -0.3419455E+00  0.4491993E+00  0.1229464E+00 -0.7591580E-01 -0.8747780E-01 -0.7977562E+00 -0.6994394E-01  0.1027304E+00  0.3104320E+00 -0.7982830E-01  0.2653966E+00  0.6461646E+00
 0.4913785E+00
 0.1425000E+01 -0.3509046E+00  0.4334947E-01 -0.4502583E-01 -0.1927914E+00  0.1885290E+00  0.9304074E+00  0.1712833E-01 -0.3311269E+00  0.4510843E+00  0.1207647E+00 -0.7553272E-01 -0.8531069E-01 -0.7843170E+00 -0.7064252E-01  0.1006018E+00  0.2998505E+00 -0.7977976E-01  0.2624641E+00  0.6514531E+00
 0.4978481E+00
 0.1450000E+01 -0.3477665E+00  0.5376997E-01 -0.4368738E-01 -0.1893200E+00  0.1816753E+00  0.9413480E+00  0.1619678E-01 -0.3196618E+00  0.4525697E+00  0.1183839E+00 -0.7505439E-01 -0.8299264E-01 -0.7696528E+00 -0.7130188E-01  0.9829848E-01  0.2886531E+00 -0.7964319E-01  0.2591536E+00  0.6562869E+00
 0.5040988E+00
 0.1475000E+01 -0.3441152E+00  0.6401014E-01 -0.4226439E-01 -0.1855202E+00  0.1743259E+00  0.9517096E+00  0.1521185E-01 -0.3075177E+00  0.4535881E+00  0.1157901E+00 -0.7447060E-01 -0.8051400E-01 -0.7536720E+00 -0.7191345E-01  0.9580932E-01  0.2768120E+00 -0.7940760E-01  0.2554313E+00  0.6605673E+00
 0.5100545E+00
 0.1500000E+01 -0.3399189E+00  0.7397873E-01 -0.4075295E-01 -0.1813769E+00  0.1664688E+00  0.9613859E+00  0.1417577E-01 -0.2946797E+00  0.4540900E+00  0.1129756E+00 -0.7377424E-01 -0.7786857E-01 -0.7363188E+00 -0.7247223E-01  0.9312883E-01  0.2643189E+00 -0.7906542E-01  0.2512759E+00  0.6642204E+00
 0.5156566E+00
 0.1525000E+01 -0.3351610E+00  0.8358062E-01 -0.3915073E-01 -0.1768833E+00  0.1581023E+00  0.9703067E+00  0.1309262E-01 -0.2811489E+00  0.4540442E+00  0.1099383E+00 -0.7296140E-01 -0.7505366E-01 -0.7175718E+00 -0.7297639E-01  0.9025633E-01  0.2511810E+00 -0.7861245E-01  0.2466772E+00  0.6671982E+00
 0.5208656E+00
 0.1550000E+01 -0.3298352E+00  0.9270604E-01 -0.3745691E-01 -0.1720385E+00  0.1492265E+00  0.9784273E+00  0.1196704E-01 -0.2669366E+00  0.4534326E+00  0.1066796E+00 -0.7203046E-01 -0.7206937E-01 -0.6974336E+00 -0.7342590E-01  0.8719418E-01  0.2374152E+00 -0.7804691E-01  0.2416332E+00  0.6694709E+00
 0.5256554E+00
 0.1575000E+01 -0.3239413E+00  0.1012376E+00 -0.3567175E-01 -0.1668450E+00  0.1398374E+00  0.9857169E+00  0.1080362E-01 -0.2520611E+00  0.4522441E+00  0.1032032E+00 -0.7098114E-01 -0.6891754E-01 -0.6759203E+00 -0.7382139E-01  0.8394634E-01  0.2230439E+00 -0.7736828E-01  0.2361459E+00  0.6710192E+00
 0.5300073E+00
 0.1600000E+01 -0.3174819E+00  0.1090626E+00 -0.3379593E-01 -0.1613071E+00  0.1299219E+00  0.9921499E+00  0.9606903E-02 -0.2365440E+00  0.4504710E+00  0.9951327E-01 -0.6981372E-01 -0.6560087E-01 -0.6530544E+00 -0.7416372E-01  0.8051763E-01  0.2080927E+00 -0.7657664E-01  0.2302194E+00  0.6718276E+00
 0.5339057E+00
 0.1625000E+01 -0.3104603E+00  0.1160816E+00 -0.3182996E-01 -0.1554296E+00  0.1194560E+00  0.9977011E+00  0.8381651E-02 -0.2204080E+00  0.4481063E+00  0.9561513E-01 -0.6852868E-01 -0.6212219E-01 -0.6288614E+00 -0.7445393E-01  0.7691360E-01  0.1925888E+00 -0.7567229E-01  0.2238590E+00  0.6718818E+00
 0.5373347E+00
 0.1650000E+01 -0.3028803E+00  0.1222104E+00 -0.2977395E-01 -0.1492174E+00  0.1084093E+00  0.1002343E+01  0.7132697E-02 -0.2036766E+00  0.4451429E+00  0.9151445E-01 -0.6712647E-01 -0.5848414E-01 -0.6033676E+00 -0.7469320E-01  0.7314042E-01  0.1765609E+00 -0.7465556E-01  0.2170701E+00  0.6711666E+00
 0.5402773E+00
 0.1675000E+01 -0.2947454E+00  0.1273791E+00 -0.2762757E-01 -0.1426755E+00  0.9675717E-01  0.1006047E+01  0.5864516E-02 -0.1863734E+00  0.4415732E+00  0.8721752E-01 -0.6560754E-01 -0.5468924E-01 -0.5766009E+00 -0.7488277E-01  0.6920489E-01  0.1600383E+00 -0.7352683E-01  0.2098587E+00  0.6696657E+00
 0.5427148E+00
 0.1700000E+01 -0.2860597E+00  0.1315308E+00 -0.2539022E-01 -0.1358095E+00  0.8449652E-01  0.1008781E+01  0.4580781E-02 -0.1685218E+00  0.4373891E+00  0.8273115E-01 -0.6397235E-01 -0.5074001E-01 -0.5485908E+00 -0.7502378E-01  0.6511438E-01  0.1430499E+00 -0.7228653E-01  0.2022314E+00  0.6673620E+00
 0.5446276E+00
 0.1725000E+01 -0.2768280E+00  0.1346196E+00 -0.2306128E-01 -0.1286254E+00  0.7165522E-01  0.1010512E+01  0.3284453E-02 -0.1501448E+00  0.4325830E+00  0.7806270E-01 -0.6222153E-01 -0.4663924E-01 -0.5193697E+00 -0.7511717E-01  0.6087678E-01  0.1256232E+00 -0.7093519E-01  0.1941953E+00  0.6642385E+00
 0.5459955E+00
 0.1750000E+01 -0.2670557E+00  0.1366108E+00 -0.2064029E-01 -0.1211305E+00  0.5829115E-01  0.1011208E+01  0.1978630E-02 -0.1312647E+00  0.4271477E+00  0.7322004E-01 -0.6035589E-01 -0.4239008E-01 -0.4889731E+00 -0.7516363E-01  0.5650045E-01  0.1077834E+00 -0.6947347E-01  0.1857584E+00  0.6602786E+00
 0.5467981E+00
 0.1775000E+01 -0.2567498E+00  0.1374799E+00 -0.1812711E-01 -0.1133327E+00  0.4448522E-01  0.1010838E+01  0.6676396E-03 -0.1119034E+00  0.4210767E+00  0.6821168E-01 -0.5837647E-01 -0.3799603E-01 -0.4574408E+00 -0.7516357E-01  0.5199424E-01  0.8955382E-01 -0.6790223E-01  0.1769298E+00  0.6554664E+00
 0.5470155E+00
 0.1800000E+01 -0.2459186E+00  0.1372133E+00 -0.1552241E-01 -0.1052417E+00  0.3033392E-01  0.1009371E+01 -0.6424163E-03 -0.9208407E-01  0.4143651E+00  0.6304687E-01 -0.5628458E-01 -0.3346093E-01 -0.4248171E+00 -0.7511728E-01  0.4736756E-01  0.7095982E-01 -0.6622251E-01  0.1677198E+00  0.6497881E+00
 0.5466287E+00
 0.1825000E+01 -0.2345721E+00  0.1358077E+00 -0.1282854E-01 -0.9686799E-01  0.1594369E-01  0.1006780E+01 -0.1943805E-02 -0.7183677E-01  0.4070094E+00  0.5773561E-01 -0.5408186E-01 -0.2878909E-01 -0.3911518E+00 -0.7502500E-01  0.4263035E-01  0.5203633E-01 -0.6443566E-01  0.1581405E+00  0.6432319E+00
 0.5456202E+00
 0.1850000E+01 -0.2227224E+00  0.1332712E+00 -0.1005110E-01 -0.8822384E-01  0.1427104E-02  0.1003043E+01 -0.3227643E-02 -0.5120805E-01  0.3990084E+00  0.5228867E-01 -0.5177033E-01 -0.2398584E-01 -0.3565001E+00 -0.7488693E-01  0.3779289E-01  0.3283831E-01 -0.6254332E-01  0.1482054E+00  0.6357888E+00
 0.5439747E+00
 0.1875000E+01 -0.2103837E+00  0.1296225E+00 -0.7200410E-02 -0.7932274E-01 -0.1309979E-01  0.9981381E+00 -0.4484376E-02 -0.3027126E-01  0.3903628E+00  0.4671732E-01 -0.4935236E-01 -0.1905891E-01 -0.3209229E+00 -0.7470325E-01  0.3286558E-01  0.1344845E-01 -0.6054747E-01  0.1379299E+00  0.6274531E+00
 0.5416790E+00
 0.1900000E+01 -0.1975725E+00  0.1248923E+00 -0.4291987E-02 -0.7017962E-01 -0.2751956E-01  0.9920521E+00 -0.5704171E-02 -0.9131395E-02  0.3810758E+00  0.4103329E-01 -0.4683078E-01 -0.1402033E-01 -0.2844868E+00 -0.7447411E-01  0.2785872E-01 -0.6023001E-02 -0.5845039E-01  0.1273312E+00  0.6182221E+00
 0.5387225E+00
 0.1925000E+01 -0.1843071E+00  0.1191225E+00 -0.1345559E-02 -0.6081065E-01 -0.4171537E-01  0.9847748E+00 -0.6877231E-02  0.1207895E-01  0.3711529E+00  0.3524866E-01 -0.4420874E-01 -0.8888699E-02 -0.2472638E+00 -0.7419971E-01  0.2278249E-01 -0.2544548E-01 -0.5625464E-01  0.1164282E+00  0.6080967E+00
 0.5350973E+00
 0.1950000E+01 -0.1706083E+00  0.1123678E+00  0.1616651E-02 -0.5123324E-01 -0.5557330E-01  0.9763010E+00 -0.7994059E-02  0.3320981E-01  0.3606017E+00  0.2937581E-01 -0.4148971E-01 -0.3690280E-02 -0.2093312E+00 -0.7388037E-01  0.1764717E-01 -0.4467789E-01 -0.5396305E-01  0.1052417E+00  0.5970810E+00
 0.5307982E+00
 0.1975000E+01 -0.1564988E+00  0.1046953E+00  0.4571666E-02 -0.4146635E-01 -0.6898514E-01  0.9666297E+00 -0.9045722E-02  0.5410530E-01  0.3494322E+00  0.2342755E-01 -0.3867743E-01  0.1541915E-02 -0.1707717E+00 -0.7351652E-01  0.1246392E-01 -0.6357776E-01 -0.5157864E-01  0.9379433E-01  0.5851821E+00
 0.5258224E+00
 0.2000000E+01 -0.1420030E+00  0.9618674E-01  0.7497237E-02 -0.3153162E-01 -0.8185268E-01  0.9557638E+00 -0.1002418E-01  0.7461433E-01  0.3376561E+00  0.1741753E-01 -0.3577581E-01  0.6771004E-02 -0.1316743E+00 -0.7310867E-01  0.7246054E-02 -0.8200972E-01 -0.4910453E-01  0.8211037E-01  0.5724096E+00
 0.5201689E+00
 0.2025000E+01 -0.1271473E+00  0.8694012E-01  0.1037337E-01 -0.2145560E-01 -0.9409446E-01  0.9437089E+00 -0.1092278E-01  0.9460222E-01  0.3252866E+00  0.1136113E-01 -0.3278891E-01  0.1196009E-01 -0.9213660E-01 -0.7265743E-01  0.2010502E-02 -0.9985553E-01 -0.4654398E-01  0.7021609E-01  0.5587753E+00
 0.5138388E+00
 0.2050000E+01 -0.1119601E+00  0.7707384E-01  0.1318462E-01 -0.1127281E-01 -0.1056579E+00  0.9304744E+00 -0.1173704E-01  0.1139678E+00  0.3123388E+00  0.5276676E-02 -0.2972104E-01  0.1707693E-01 -0.5226989E-01 -0.7216342E-01 -0.3222067E-02 -0.1170298E+00 -0.4390030E-01  0.5813993E-01  0.5442934E+00
 0.5068349E+00
 0.2075000E+01 -0.9647272E-01  0.6673355E-01  0.1592429E-01 -0.1027548E-02 -0.1165425E+00  0.9160730E+00 -0.1246627E-01  0.1326751E+00  0.2988294E+00 -0.8147593E-03 -0.2657678E-01  0.2210096E-01 -0.1220362E-01 -0.7162736E-01 -0.8430734E-02 -0.1335099E+00 -0.4117693E-01  0.4591362E-01  0.5289802E+00
 0.4991620E+00
 0.2100000E+01 -0.8072032E-01  0.5610447E-01  0.1860347E-01  0.9231752E-02 -0.1268484E+00  0.9005212E+00 -0.1311682E-01  0.1508182E+00  0.2847772E+00 -0.6894532E-02 -0.2336119E-01  0.2703686E-01  0.2791948E-01 -0.7105001E-01 -0.1360429E-01 -0.1493970E+00 -0.3837748E-01  0.3357412E-01  0.5128548E+00
 0.4908273E+00
 0.2125000E+01 -0.6474528E-01  0.4543210E-01  0.2127065E-01  0.1947765E-01 -0.1368807E+00  0.8838388E+00 -0.1370921E-01  0.1687650E+00  0.2702023E+00 -0.1296447E-01 -0.2008011E-01  0.3194429E-01  0.6799465E-01 -0.7043212E-01 -0.1876388E-01 -0.1650512E+00 -0.3550567E-01  0.2116678E-01  0.4959384E+00
 0.4818397E+00
 0.2150000E+01 -0.4860414E-01  0.3505227E-01  0.2405599E-01  0.2977354E-01 -0.1473792E+00  0.8660480E+00 -0.1429406E-01  0.1874768E+00  0.2551267E+00 -0.1909393E-01 -0.1674105E-01  0.3700538E-01  0.1081531E+00 -0.6977437E-01 -0.2401419E-01 -0.1813899E+00 -0.3256544E-01  0.8744812E-02  0.4782537E+00
 0.4722097E+00
 0.2175000E+01 -0.3238043E-01  0.2541206E-01  0.2726198E-01  0.4043844E-01 -0.1599814E+00  0.8471725E+00 -0.1498460E-01  0.2091637E+00  0.2395735E+00 -0.2552766E-01 -0.1335514E-01  0.4266674E-01  0.1493254E+00 -0.6907727E-01 -0.2965451E-01 -0.2004989E+00 -0.2956105E-01 -0.3659196E-02  0.4598247E+00
 0.4619487E+00
 0.2200000E+01 -0.1619004E-01  0.1699324E-01  0.3149042E-01  0.5233317E-01 -0.1778459E+00  0.8272371E+00 -0.1600199E-01  0.2381980E+00  0.2235672E+00 -0.3286610E-01 -0.9940296E-02  0.4984593E-01  0.1943436E+00 -0.6834117E-01 -0.3635318E-01 -0.2264751E+00 -0.2649736E-01 -0.1615892E-01  0.4406765E+00
 0.4510690E+00
 0.2225000E+01 -0.1184654E-03  0.9994235E-02  0.3758068E-01  0.6692381E-01 -0.2052695E+00  0.8062678E+00 -0.1765254E-01  0.2806609E+00  0.2071342E+00 -0.4208483E-01 -0.6520155E-02  0.5985832E-01  0.2484082E+00 -0.6756625E-01 -0.4513202E-01 -0.2649857E+00 -0.2337985E-01 -0.2923562E-01  0.4208352E+00
 0.4395836E+00
 0.2250000E+01  0.1591045E-01  0.4039923E-02  0.4600497E-01  0.8530836E-01 -0.2445673E+00  0.7842925E+00 -0.2011005E-01  0.3399704E+00  0.1903015E+00 -0.5388056E-01 -0.3109315E-02  0.7348286E-01  0.3157357E+00 -0.6675262E-01 -0.5666460E-01 -0.3191875E+00 -0.2021349E-01 -0.4357761E-01  0.4003282E+00
 0.4275068E+00
 0.2275000E+01  0.3207347E-01 -0.1452196E-02  0.5641562E-01  0.1071688E+00 -0.2938620E+00  0.7613402E+00 -0.2325313E-01  0.4136177E+00  0.1730965E+00 -0.6800979E-01  0.2963563E-03  0.9021759E-01  0.3955139E+00 -0.6590024E-01 -0.7063629E-01 -0.3867162E+00 -0.1700175E-01 -0.5940974E-01  0.3791838E+00
 0.4148538E+00
 0.2300000E+01  0.4845147E-01 -0.6824432E-02  0.6807955E-01  0.1313384E+00 -0.3493755E+00  0.7374407E+00 -0.2682157E-01  0.4963089E+00  0.1555479E+00 -0.8368640E-01  0.3706480E-02  0.1089320E+00  0.4837042E+00 -0.6500893E-01 -0.8619997E-01 -0.4626328E+00 -0.1374748E-01 -0.7640182E-01  0.3574314E+00
 0.4016401E+00
 0.2325000E+01  0.6498789E-01 -0.1218229E-01  0.8033615E-01  0.1566575E+00 -0.4077473E+00  0.7126241E+00 -0.3058144E-01  0.5832756E+00  0.1376858E+00 -0.1001416E+00  0.7124462E-02  0.1285916E+00  0.5761610E+00 -0.6407840E-01 -0.1025514E+00 -0.5425003E+00 -0.1045377E-01 -0.9404517E-01  0.3351012E+00
 0.3878820E+00
 0.2350000E+01  0.8153870E-01 -0.1751981E-01  0.9269905E-01  0.1822301E+00 -0.4665238E+00  0.6869208E+00 -0.3436191E-01  0.6710103E+00  0.1195422E+00 -0.1167855E+00  0.1054504E-01  0.1484289E+00  0.6696397E+00 -0.6310824E-01 -0.1190820E+00 -0.6230610E+00 -0.7124151E-02 -0.1118698E+00  0.3122239E+00
 0.3735957E+00
 0.2375000E+01  0.9791856E-01 -0.2279155E-01  0.1048183E+00  0.2073919E+00 -0.5239536E+00  0.6603607E+00 -0.3804171E-01  0.7569929E+00  0.1011509E+00 -0.1331820E+00  0.1395455E-01  0.1678891E+00  0.7617204E+00 -0.6209791E-01 -0.1353464E+00 -0.7019779E+00 -0.3762534E-02 -0.1294896E+00  0.2888315E+00
 0.3587979E+00
 0.2400000E+01  0.1139293E+00 -0.2794107E-01  0.1164330E+00  0.2316371E+00 -0.5787409E+00  0.6329740E+00 -0.4153200E-01  0.8393476E+00  0.8254782E-01 -0.1489995E+00  0.1733150E-01  0.1865570E+00  0.8505552E+00 -0.6104682E-01 -0.1510078E+00 -0.7775142E+00 -0.3732519E-03 -0.1465908E+00  0.2649566E+00
 0.3435053E+00
 0.2425000E+01  0.1293762E+00 -0.3291105E-01  0.1273390E+00  0.2545637E+00 -0.6298827E+00  0.6047911E+00 -0.4476480E-01  0.9166117E+00  0.6377077E-01 -0.1639749E+00  0.2064770E-01  0.2041073E+00  0.9346749E+00 -0.5995430E-01 -0.1658006E+00 -0.8483181E+00  0.3038850E-02 -0.1629135E+00  0.2406331E+00
 0.3277349E+00
 0.2450000E+01  0.1440761E+00 -0.3764669E-01  0.1373711E+00  0.2758406E+00 -0.6765732E+00  0.5758425E+00 -0.4768623E-01  0.9876014E+00  0.4485992E-01 -0.1778913E+00  0.2387042E-01  0.2202754E+00  0.1012869E+01 -0.5881960E-01 -0.1795067E+00 -0.9132970E+00  0.6468219E-02 -0.1782378E+00  0.2158963E+00
 0.3115043E+00
 0.2475000E+01  0.1578612E+00 -0.4209693E-01  0.1463917E+00  0.2951891E+00 -0.7181507E+00  0.5461584E+00 -0.5025265E-01  0.1051335E+01  0.2585794E-01 -0.1905660E+00  0.2696498E-01  0.2348412E+00  0.1084118E+01 -0.5764191E-01 -0.1919435E+00 -0.9715475E+00  0.9908333E-02 -0.1923740E+00  0.1907825E+00
 0.2948311E+00
 0.2500000E+01  0.1705798E+00 -0.4621486E-01  0.1542856E+00  0.3123715E+00 -0.7540676E+00  0.5157691E+00 -0.5242851E-01  0.1106993E+01  0.6810243E-02 -0.2018434E+00  0.2989716E-01  0.2476195E+00  0.1147551E+01 -0.5642035E-01 -0.2029560E+00 -0.1022315E+01  0.1335133E-01 -0.2051575E+00  0.1653297E+00
 0.2777330E+00
 0.2525000E+01  0.1820963E+00 -0.4995803E-01  0.1609565E+00  0.3271859E+00 -0.7838740E+00  0.4847040E+00 -0.5418514E-01  0.1153891E+01 -0.1223450E-01 -0.2115911E+00  0.3263478E-01  0.2584552E+00  0.1202426E+01 -0.5515406E-01 -0.2124131E+00 -0.1064974E+01  0.1678744E-01 -0.2164457E+00  0.1395776E+00
 0.2602280E+00
 0.2550000E+01  0.1922911E+00 -0.5328861E-01  0.1663256E+00  0.3394628E+00 -0.8072084E+00  0.4529930E+00 -0.5550002E-01  0.1191471E+01 -0.3122397E-01 -0.2196977E+00  0.3514853E-01  0.2672206E+00  0.1248120E+01 -0.5384232E-01 -0.2202055E+00 -0.1099014E+01  0.2020403E-01 -0.2261157E+00  0.1135680E+00
 0.2423342E+00
 0.2575000E+01  0.2010604E+00 -0.5617363E-01  0.1703303E+00  0.3490637E+00 -0.8237927E+00  0.4206663E+00 -0.5635644E-01  0.1219293E+01 -0.5010186E-01 -0.2260723E+00  0.3741230E-01  0.2738139E+00  0.1284120E+01 -0.5248462E-01 -0.2262446E+00 -0.1124033E+01  0.2358426E-01 -0.2340644E+00  0.8734525E-01
 0.2240704E+00
 0.2600000E+01  0.2083162E+00 -0.5858520E-01  0.1729242E+00  0.3558809E+00 -0.8334296E+00  0.3877555E+00 -0.5674324E-01  0.1237031E+01 -0.6880776E-01 -0.2306438E+00  0.3940328E-01  0.2781588E+00  0.1310026E+01 -0.5108079E-01 -0.2304620E+00 -0.1139738E+01  0.2690571E-01 -0.2402074E+00  0.6095656E-01
 0.2054566E+00
 0.2625000E+01  0.2139866E+00 -0.6050075E-01  0.1740765E+00  0.3598371E+00 -0.8360015E+00  0.3542945E+00 -0.5665475E-01  0.1244473E+01 -0.8727717E-01 -0.2333609E+00  0.4110199E-01  0.2802042E+00  0.1325544E+01 -0.4963104E-01 -0.2328097E+00 -0.1145940E+01  0.3013950E-01 -0.2444802E+00  0.3445237E-01
 0.1865142E+00
 0.2650000E+01  0.2180165E+00 -0.6190325E-01  0.1737727E+00  0.3608861E+00 -0.8314699E+00  0.3203198E+00 -0.5609068E-01  0.1241523E+01 -0.1054418E+00 -0.2341926E+00  0.4249234E-01  0.2799243E+00  0.1330494E+01 -0.4813592E-01 -0.2332601E+00 -0.1142556E+01  0.3325101E-01 -0.2468378E+00  0.7886277E-02
 0.1672664E+00
 0.2675000E+01  0.2203681E+00 -0.6278151E-01  0.1720139E+00  0.3590131E+00 -0.8198753E+00  0.2858707E+00 -0.5505615E-01  0.1228198E+01 -0.1232297E+00 -0.2331284E+00  0.4356176E-01  0.2773188E+00  0.1324812E+01 -0.4659636E-01 -0.2318065E+00 -0.1129610E+01  0.3620215E-01 -0.2472557E+00 -0.1868509E-01
 0.1477384E+00
 0.2700000E+01  0.2210219E+00 -0.6313048E-01  0.1688176E+00  0.3542356E+00 -0.8013377E+00  0.2509894E+00 -0.5356168E-01  0.1204631E+01 -0.1405659E+00 -0.2301787E+00  0.4430135E-01  0.2724132E+00  0.1308546E+01 -0.4501352E-01 -0.2284631E+00 -0.1107232E+01  0.3895485E-01 -0.2457307E+00 -0.4520235E-01
 0.1279572E+00
 0.2725000E+01  0.2199776E+00 -0.6295153E-01  0.1642176E+00  0.3466043E+00 -0.7760567E+00  0.2157210E+00 -0.5162319E-01  0.1171072E+01 -0.1573724E+00 -0.2253756E+00  0.4470613E-01  0.2652596E+00  0.1281870E+01 -0.4338869E-01 -0.2232662E+00 -0.1075660E+01  0.4147445E-01 -0.2422814E+00 -0.7160368E-01
 0.1079517E+00
 0.2750000E+01  0.2172557E+00 -0.6225298E-01  0.1582645E+00  0.3362043E+00 -0.7443131E+00  0.1801127E+00 -0.4926215E-01  0.1127892E+01 -0.1735676E+00 -0.2187739E+00  0.4477539E-01  0.2559365E+00  0.1245079E+01 -0.4172322E-01 -0.2162742E+00 -0.1035243E+01  0.4373213E-01 -0.2369500E+00 -0.9782505E-01
 0.8775236E-01
 0.2775000E+01  0.2128996E+00 -0.6105062E-01  0.1510261E+00  0.3231569E+00 -0.7064702E+00  0.1442136E+00 -0.4650569E-01  0.1075586E+01 -0.1890668E+00 -0.2104517E+00  0.4451318E-01  0.2445509E+00  0.1198603E+01 -0.4001845E-01 -0.2075694E+00 -0.9864441E+00  0.4570645E-01 -0.2298034E+00 -0.1238004E+00
 0.6739101E-01
 0.2800000E+01  0.2069776E+00 -0.5936862E-01  0.1425883E+00  0.3076221E+00 -0.6629782E+00  0.1080747E+00 -0.4338691E-01  0.1014778E+01 -0.2037820E+00 -0.2005129E+00  0.4392901E-01  0.2312389E+00  0.1143014E+01 -0.3827571E-01 -0.1972593E+00 -0.9298476E+00  0.4738442E-01 -0.2209362E+00 -0.1494617E+00
 0.4690084E-01
 0.2825000E+01  0.1995879E+00 -0.5724087E-01  0.1330565E+00  0.2898030E+00 -0.6143793E+00  0.7174845E-01 -0.3994533E-01  0.9462351E+00 -0.2176245E+00 -0.1890895E+00  0.4303893E-01  0.2161687E+00  0.1079045E+01 -0.3649638E-01 -0.1854790E+00 -0.8661664E+00  0.4876275E-01 -0.2104738E+00 -0.1747391E+00
 0.2631613E-01
 0.2850000E+01  0.1908645E+00 -0.5471312E-01  0.1225581E+00  0.2699521E+00 -0.5613183E+00  0.3528833E-01 -0.3622778E-01  0.8708804E+00 -0.2305126E+00 -0.1763464E+00  0.4186721E-01  0.1995445E+00  0.1007613E+01 -0.3468193E-01 -0.1723959E+00 -0.7962591E+00  0.4985009E-01 -0.1985785E+00 -0.1995608E+00
 0.5672155E-02
 0.2875000E+01  0.1809879E+00 -0.5184648E-01  0.1112458E+00  0.2483819E+00 -0.5045585E+00 -0.1251262E-02 -0.3228967E-01  0.7898246E+00 -0.2423910E+00 -0.1624884E+00  0.4044908E-01  0.1816133E+00  0.9298606E+00 -0.3283401E-01 -0.1582162E+00 -0.7211561E+00  0.5067119E-01 -0.1854588E+00 -0.2238534E+00
-0.1499501E-01
 0.2900000E+01  0.1702022E+00 -0.4872323E-01  0.9930382E-01  0.2254821E+00 -0.4450072E+00 -0.3781538E-01 -0.2819710E-01  0.7044080E+00 -0.2532726E+00 -0.1477722E+00  0.3883537E-01  0.1626747E+00  0.8472251E+00 -0.3095449E-01 -0.1431958E+00 -0.6420985E+00  0.5127442E-01 -0.1713845E+00 -0.2475418E+00
-0.3564869E-01
 0.2925000E+01  0.1588429E+00 -0.4545634E-01  0.8695592E-01  0.2017453E+00 -0.3837511E+00 -0.7434882E-01 -0.2402988E-01  0.6162651E+00 -0.2633168E+00 -0.1325235E+00  0.3710023E-01  0.1430967E+00  0.7615390E+00 -0.2904546E-01 -0.1276565E+00 -0.5605981E+00  0.5174535E-01 -0.1567110E+00 -0.2705501E+00
-0.5625178E-01
 0.2950000E+01  0.1473826E+00 -0.4220482E-01  0.7447662E-01  0.1778047E+00 -0.3220986E+00 -0.1107964E+00 -0.1988539E-01  0.5274082E+00 -0.2729701E+00 -0.1171639E+00  0.3535395E-01  0.1233359E+00  0.6751828E+00 -0.2710921E-01 -0.1120101E+00 -0.4785123E+00  0.5223059E-01 -0.1419158E+00 -0.2928011E+00
-0.7676697E-01
 0.2975000E+01  0.1364944E+00 -0.3919573E-01  0.6219925E-01  0.1544772E+00 -0.2616017E+00 -0.1471028E+00 -0.1588126E-01  0.4402948E+00 -0.2831974E+00 -0.1022409E+00  0.3376263E-01  0.1039556E+00  0.5912641E+00 -0.2514813E-01 -0.9678449E-01 -0.3981052E+00  0.5297712E-01 -0.1276470E+00 -0.3142172E+00
-0.9715680E-01
 0.3000000E+01  0.1271179E+00 -0.3674648E-01  0.5050460E-01  0.1327767E+00 -0.2039688E+00 -0.1832130E+00 -0.1215066E-01  0.3577554E+00 -0.2958111E+00 -0.8843971E-01  0.3257125E-01  0.8561437E-01  0.5136999E+00 -0.2316465E-01 -0.8262897E-01 -0.3219751E+00  0.5438613E-01 -0.1147610E+00 -0.3347203E+00
-0.1173836E+00
 0.3025000E+01  0.1204370E+00 -0.3525763E-01  0.3975104E-01  0.1137982E+00 -0.1506927E+00 -0.2190711E+00 -0.8815849E-02  0.2824898E+00 -0.3137327E+00 -0.7650925E-01  0.3210828E-01  0.6895785E-01  0.4468143E+00 -0.2116118E-01 -0.7023524E-01 -0.2525844E+00  0.5704654E-01 -0.1042662E+00 -0.3542312E+00
-0.1374094E+00
 0.3050000E+01  0.1175870E+00 -0.3511267E-01  0.3011616E-01  0.9834013E-01 -0.1022968E+00 -0.2546198E+00 -0.5930146E-02  0.2158956E+00 -0.3406016E+00 -0.6700827E-01  0.3271614E-01  0.5435233E-01  0.3939068E+00 -0.1914003E-01 -0.6009072E-01 -0.1911763E+00  0.6163912E-01 -0.9702990E-01 -0.3726694E+00
-0.1571953E+00
 0.3075000E+01  0.1190549E+00 -0.3647301E-01  0.2145232E-01  0.8640321E-01 -0.5777017E-01 -0.2897999E+00 -0.3427361E-02  0.1569549E+00 -0.3791161E+00 -0.5995815E-01  0.3457993E-01  0.4161297E-01  0.3552375E+00 -0.1710340E-01 -0.5216384E-01 -0.1367631E+00  0.6861588E-01 -0.9328774E-01 -0.3899518E+00
-0.1767012E+00
 0.3100000E+01  0.1243295E+00 -0.3915768E-01  0.1337758E-01  0.7716272E-01 -0.1519440E-01 -0.3245492E+00 -0.1158868E-02  0.1028396E+00 -0.4292420E+00 -0.5480769E-01  0.3759795E-01  0.3011139E-01  0.3277416E+00 -0.1505340E-01 -0.4590503E-01 -0.8671203E-01  0.7788999E-01 -0.9246064E-01 -0.4059926E+00
-0.1958854E+00
 0.3125000E+01  0.1322776E+00 -0.4277157E-01  0.5536401E-02  0.6954050E-01  0.2697577E-01 -0.3588037E+00  0.1010023E-02  0.5082781E-01 -0.4884472E+00 -0.5081397E-01  0.4146077E-01  0.1920500E-01  0.3071606E+00 -0.1299220E-01 -0.4062396E-01 -0.3852257E-01  0.8891772E-01 -0.9356543E-01 -0.4207045E+00
-0.2147058E+00
 0.3150000E+01  0.1417352E+00 -0.4690789E-01 -0.2264991E-02  0.6268837E-01  0.6939452E-01 -0.3924994E+00  0.3152843E-02 -0.6495426E-03 -0.5533402E+00 -0.4737830E-01  0.4582135E-01  0.8494309E-02  0.2899939E+00 -0.1092208E-01 -0.3579270E-01  0.9223652E-02  0.1010195E+00 -0.9569535E-01 -0.4340022E+00
-0.2331202E+00
 0.3175000E+01  0.1517840E+00 -0.5124339E-01 -0.1008158E-01  0.5608412E-01  0.1120523E+00 -0.4255731E+00  0.5292471E-02 -0.5213594E-01 -0.6208260E+00 -0.4412080E-01  0.5038935E-01 -0.2187749E-02  0.2739729E+00 -0.8845473E-02 -0.3109651E-01  0.5699676E-01  0.1135910E+00 -0.9819326E-01 -0.4458035E+00
-0.2510873E+00
 0.3200000E+01  0.1617660E+00 -0.5554393E-01 -0.1789017E-01  0.4944680E-01  0.1546113E+00 -0.4579633E+00  0.7424066E-02 -0.1035812E+00 -0.6884327E+00 -0.4082741E-01  0.5494622E-01 -0.1286664E-01  0.2577840E+00 -0.6765026E-02 -0.2637383E-01  0.1047242E+00  0.1261556E+00 -0.1006250E+00 -0.4560306E+00
-0.2685674E+00
 0.3225000E+01  0.1712185E+00 -0.5964232E-01 -0.2563167E-01  0.4264197E-01  0.1966107E+00 -0.4896106E+00  0.9530512E-02 -0.1546525E+00 -0.7542516E+00 -0.3738653E-01  0.5933103E-01 -0.2349617E-01  0.2407138E+00 -0.4683538E-02 -0.2155390E-01  0.1520788E+00  0.1383483E+00 -0.1027098E+00 -0.4646096E+00
-0.2855218E+00
 0.3250000E+01  0.1798106E+00 -0.6341697E-01 -0.3323304E-01  0.3561898E-01  0.2375629E+00 -0.5204563E+00  0.1159022E-01 -0.2048993E+00 -0.8167970E+00 -0.3374622E-01  0.6342362E-01 -0.3399729E-01  0.2224035E+00 -0.2603954E-02 -0.1661668E-01  0.1986301E+00  0.1498868E+00 -0.1042644E+00 -0.4714704E+00
-0.3019134E+00
 0.3275000E+01  0.1873002E+00 -0.6677714E-01 -0.4061754E-01  0.2837501E-01  0.2769932E+00 -0.5504426E+00  0.1358064E-01 -0.2538324E+00 -0.8748871E+00 -0.2988931E-01  0.6713212E-01 -0.4427746E-01  0.2027041E+00 -0.5293417E-03 -0.1157036E-01  0.2439156E+00  0.1605474E+00 -0.1051682E+00 -0.4765466E+00
-0.3177054E+00
 0.3300000E+01  0.1935068E+00 -0.6965370E-01 -0.4770945E-01  0.2093519E-01  0.3144545E+00 -0.5795115E+00  0.1547987E-01 -0.3009608E+00 -0.9275629E+00 -0.2581951E-01  0.7038484E-01 -0.5424015E-01  0.1815946E+00  0.1537129E-02 -0.6439113E-02  0.2874747E+00  0.1701501E+00 -0.1053416E+00 -0.4797757E+00
-0.3328620E+00
 0.3325000E+01  0.1982951E+00 -0.7199352E-01 -0.5443638E-01  0.1334144E-01  0.3495342E+00 -0.6076050E+00  0.1726725E-01 -0.3458104E+00 -0.9740360E+00 -0.2155366E-01  0.7312523E-01 -0.6378975E-01  0.1591362E+00  0.3592185E-02 -0.1256364E-02  0.3288645E+00  0.1785475E+00 -0.1047341E+00 -0.4810997E+00
-0.3473477E+00
 0.3350000E+01  0.2015650E+00 -0.7375618E-01 -0.6073043E-01  0.5646010E-02  0.3818564E+00 -0.6346646E+00  0.1892378E-01 -0.3879332E+00 -0.1013656E+01 -0.1711708E-01  0.7530890E-01 -0.7283422E-01  0.1354445E+00  0.5632455E-02  0.3939124E-02  0.3676680E+00  0.1856197E+00 -0.1033169E+00 -0.4804661E+00
-0.3611275E+00
 0.3375000E+01  0.2032455E+00 -0.7491191E-01 -0.6652903E-01 -0.2092525E-02  0.4110834E+00 -0.6606319E+00  0.2043227E-01 -0.4269137E+00 -0.1045894E+01 -0.1254085E-01  0.7690171E-01 -0.8128680E-01  0.1106731E+00  0.7654477E-02  0.9105641E-02  0.4035000E+00  0.1912700E+00 -0.1010781E+00 -0.4778284E+00
-0.3741672E+00
 0.3400000E+01  0.2032913E+00 -0.7544034E-01 -0.7177548E-01 -0.9811942E-02  0.4369178E+00 -0.6854486E+00  0.2177746E-01 -0.4623734E+00 -0.1070327E+01 -0.7859956E-02  0.7787868E-01 -0.8906722E-01  0.8500265E-01  0.9654707E-02  0.1420013E-01  0.4360108E+00  0.1954228E+00 -0.9801994E-01 -0.4731478E+00
-0.3864336E+00
 0.3425000E+01  0.2016799E+00 -0.7532970E-01 -0.7641950E-01 -0.1744826E-01  0.4591038E+00 -0.7090569E+00  0.2294615E-01 -0.4939747E+00 -0.1086635E+01 -0.3111956E-02  0.7822330E-01 -0.9610267E-01  0.5863311E-01  0.1162954E-01  0.1917932E-01  0.4648894E+00  0.1980226E+00 -0.9415712E-01 -0.4663941E+00
-0.3978944E+00
 0.3450000E+01  0.1984104E+00 -0.7457630E-01 -0.8041767E-01 -0.2493723E-01  0.4774286E+00 -0.7313998E+00  0.2392735E-01 -0.5214241E+00 -0.1094597E+01  0.1664001E-02  0.7792706E-01 -0.1023287E+00  0.3177781E-01  0.1357530E-01  0.2400070E-01  0.4898671E+00  0.1990329E+00 -0.8951513E-01 -0.4575463E+00
-0.4085188E+00
 0.3475000E+01  0.1935021E+00 -0.7318414E-01 -0.8373395E-01 -0.3221563E-01  0.4917251E+00 -0.7524214E+00  0.2471232E-01 -0.5444758E+00 -0.1094089E+01  0.6428024E-02  0.7698922E-01 -0.1076899E+00  0.4658644E-02  0.1548831E-01  0.2862325E-01  0.5107199E+00  0.1984363E+00 -0.8412931E-01 -0.4465941E+00
-0.4182774E+00
 0.3500000E+01  0.1869940E+00 -0.7116462E-01 -0.8634016E-01 -0.3922239E-01  0.5018732E+00 -0.7720669E+00  0.2529480E-01 -0.5629351E+00 -0.1085086E+01  0.1114025E-01  0.7541657E-01 -0.1121408E+00 -0.2249833E-01  0.1736485E-01  0.3300820E-01  0.5272722E+00  0.1962340E+00 -0.7804395E-01 -0.4335383E+00
-0.4271423E+00
 0.3525000E+01  0.1789437E+00 -0.6853630E-01 -0.8821647E-01 -0.4589980E-01  0.5078028E+00 -0.7902832E+00  0.2567109E-01 -0.5766623E+00 -0.1067660E+01  0.1576159E-01  0.7322338E-01 -0.1156471E+00 -0.4946711E-01  0.1920117E-01  0.3711979E-01  0.5393999E+00  0.1924460E+00 -0.7131152E-01 -0.4183915E+00
-0.4350874E+00
 0.3550000E+01  0.1694270E+00 -0.6532466E-01 -0.8935207E-01 -0.5219467E-01  0.5094964E+00 -0.8070193E+00  0.2584030E-01 -0.5855768E+00 -0.1041985E+01  0.2025452E-01  0.7043128E-01 -0.1181857E+00 -0.7602622E-01  0.2099353E-01  0.4092605E-01  0.5470347E+00  0.1871113E+00 -0.6399185E-01 -0.4011793E+00
-0.4420886E+00
 0.3575000E+01  0.1585375E+00 -0.6156193E-01 -0.8974582E-01 -0.5805975E-01  0.5069926E+00 -0.8222261E+00  0.2580456E-01 -0.5896626E+00 -0.1008340E+01  0.2458400E-01  0.6706927E-01 -0.1197470E+00 -0.1019636E+00  0.2273821E-01  0.4439973E-01  0.5501686E+00  0.1802882E+00 -0.5615140E-01 -0.3819408E+00
-0.4481237E+00
 0.3600000E+01  0.1463863E+00 -0.5728689E-01 -0.8940730E-01 -0.6345547E-01  0.5003915E+00 -0.8358576E+00  0.2556939E-01 -0.5889750E+00 -0.9671137E+00  0.2871854E-01  0.6317381E-01 -0.1203356E+00 -0.1270826E+00  0.2443147E-01  0.4751945E-01  0.5488607E+00  0.1720552E+00 -0.4786236E-01 -0.3607305E+00
-0.4531728E+00
 0.3625000E+01  0.1331016E+00 -0.5254470E-01 -0.8835817E-01 -0.6835222E-01  0.4898618E+00 -0.8478705E+00  0.2514424E-01 -0.5836509E+00 -0.9188133E+00  0.3263170E-01  0.5878897E-01 -0.1199726E+00 -0.1512102E+00  0.2606963E-01  0.5027130E-01  0.5432464E+00  0.1625119E+00 -0.3920165E-01 -0.3376200E+00
-0.4572185E+00
 0.3650000E+01  0.1188290E+00 -0.4738678E-01 -0.8663428E-01 -0.7273371E-01  0.4756518E+00 -0.8582254E+00  0.2454325E-01 -0.5739239E+00 -0.8640791E+00  0.3630418E-01  0.5396684E-01 -0.1186994E+00 -0.1742076E+00  0.2764905E-01  0.5265114E-01  0.5335516E+00  0.1517808E+00 -0.3024957E-01 -0.3127025E+00
-0.4602461E+00
 0.3675000E+01  0.1037310E+00 -0.4187057E-01 -0.8428895E-01 -0.7660218E-01  0.4581078E+00 -0.8668864E+00  0.2378657E-01 -0.5601478E+00 -0.8037062E+00  0.3972708E-01  0.4876816E-01 -0.1165820E+00 -0.1959887E+00  0.2916618E-01  0.5466816E-01  0.5201148E+00  0.1400108E+00 -0.2108788E-01 -0.2860994E+00
-0.4622435E+00
 0.3700000E+01  0.8798821E-01 -0.3605927E-01 -0.8139841E-01 -0.7998682E-01  0.4377028E+00 -0.8738224E+00  0.2290239E-01 -0.5428357E+00 -0.7386802E+00  0.4290722E-01  0.4326331E-01 -0.1137199E+00 -0.2165476E+00  0.3061758E-01  0.5635074E-01  0.5034239E+00  0.1273819E+00 -0.1179651E-01 -0.2579720E+00
-0.4632017E+00
 0.3725000E+01  0.7179780E-01 -0.3002100E-01 -0.7807074E-01 -0.8295828E-01  0.4150846E+00 -0.8790063E+00  0.2193050E-01 -0.5227244E+00 -0.6702337E+00  0.4587618E-01  0.3753371E-01 -0.1102594E+00 -0.2360080E+00  0.3199990E-01  0.5775632E-01  0.4841762E+00  0.1141127E+00 -0.2447791E-02 -0.2285427E+00
-0.4631149E+00
 0.3750000E+01  0.5537102E-01 -0.2382665E-01 -0.7446083E-01 -0.8565394E-01  0.3911557E+00 -0.8824162E+00  0.2092800E-01 -0.5008827E+00 -0.5999333E+00  0.4870635E-01  0.3167342E-01 -0.1064176E+00 -0.2547105E+00  0.3330995E-01  0.5898864E-01  0.4633795E+00  0.1004717E+00  0.6904917E-02 -0.1981271E+00
-0.4619801E+00
 0.3775000E+01  0.3892165E-01 -0.1754409E-01 -0.7079479E-01 -0.8832202E-01  0.3671994E+00 -0.8840356E+00  0.1997877E-01 -0.4788882E+00 -0.5298032E+00  0.5153900E-01  0.2578961E-01 -0.1025202E+00 -0.2733667E+00  0.3454468E-01  0.6022728E-01  0.4425177E+00  0.8679137E-01  0.1624974E-01 -0.1671818E+00
-0.4597980E+00
 0.3800000E+01  0.2263429E-01 -0.1122414E-01 -0.6740590E-01 -0.9139435E-01  0.3450623E+00 -0.8838534E+00  0.1920731E-01 -0.4590909E+00 -0.4624635E+00  0.5463141E-01  0.1999851E-01 -0.9906057E-01 -0.2933224E+00  0.3570123E-01  0.6177576E-01  0.4237951E+00  0.7347954E-01  0.2565991E-01 -0.1363536E+00
-0.4565725E+00
 0.3825000E+01  0.6589733E-02 -0.4870789E-02 -0.6477368E-01 -0.9558499E-01  0.3273359E+00 -0.8818646E+00  0.1879371E-01 -0.4449049E+00 -0.4011634E+00  0.5842222E-01  0.1440773E-01 -0.9676622E-01 -0.3169308E+00  0.3677694E-01  0.6412482E-01  0.4104061E+00  0.6100518E-01  0.3536824E-01 -0.1064823E+00
-0.4523110E+00
 0.3850000E+01 -0.9364309E-02  0.1605768E-02 -0.6351952E-01 -0.1019475E+00  0.3172835E+00 -0.8780701E+00  0.1897177E-01 -0.4407963E+00 -0.3493796E+00  0.6357359E-01  0.9073514E-02 -0.9660459E-01 -0.3478169E+00  0.3776938E-01  0.6798409E-01  0.4065172E+00  0.4981125E-01  0.4585245E-01 -0.7843977E-01
-0.4470246E+00
 0.3875000E+01 -0.2571297E-01  0.8415553E-02 -0.6425695E-01 -0.1116874E+00  0.3179969E+00 -0.8724771E+00  0.1997092E-01 -0.4512217E+00 -0.3095730E+00  0.7085909E-01  0.3942422E-02 -0.9956191E-01 -0.3903017E+00  0.3867635E-01  0.7414767E-01  0.4162673E+00  0.4011875E-01  0.5781171E-01 -0.5270756E-01
-0.4407276E+00
 0.3900000E+01 -0.4311076E-01  0.1580797E-01 -0.6727117E-01 -0.1255746E+00  0.3307333E+00 -0.8650986E+00  0.2189289E-01 -0.4783011E+00 -0.2816213E+00  0.8078852E-01 -0.1150426E-02 -0.1061351E+00 -0.4473336E+00  0.3949593E-01  0.8310090E-01  0.4415980E+00  0.3175138E-01  0.7186053E-01 -0.2897599E-01
-0.4334380E+00
 0.3925000E+01 -0.6194662E-01  0.2390002E-01 -0.7231962E-01 -0.1434128E+00  0.3540091E+00 -0.8559539E+00  0.2463557E-01 -0.5203209E+00 -0.2628078E+00  0.9325494E-01 -0.6373913E-02 -0.1159846E+00 -0.5184614E+00  0.4022645E-01  0.9468211E-01  0.4808762E+00  0.2424181E-01  0.8811186E-01 -0.6369733E-02
-0.4251769E+00
 0.3950000E+01 -0.8212090E-01  0.3260712E-01 -0.7881305E-01 -0.1642152E+00  0.3846592E+00 -0.8450678E+00  0.2796351E-01 -0.5730030E+00 -0.2496214E+00  0.1076335E+00 -0.1179718E-01 -0.1281915E+00 -0.6003031E+00  0.4086654E-01  0.1082164E+00  0.5300926E+00  0.1713454E-01  0.1061357E+00  0.1589851E-01
-0.4159684E+00
 0.3975000E+01 -0.1032083E+00  0.4172297E-01 -0.8612120E-01 -0.1867690E+00  0.4194214E+00 -0.8324708E+00  0.3162583E-01 -0.6317258E+00 -0.2392322E+00  0.1231419E+00 -0.1739017E-01 -0.1417434E+00 -0.6885347E+00  0.4141514E-01  0.1228931E+00  0.5849340E+00  0.1014883E-01  0.1252561E+00  0.3821144E-01
-0.4058398E+00
 0.4000000E+01 -0.1246902E+00  0.5101474E-01 -0.9372699E-01 -0.2099943E+00  0.4556778E+00 -0.8181986E+00  0.3541542E-01 -0.6926673E+00 -0.2298008E+00  0.1390765E+00 -0.2307297E-01 -0.1557933E+00 -0.7792281E+00  0.4187146E-01  0.1379978E+00  0.6418405E+00  0.3163521E-02  0.1448025E+00  0.6062025E-01
-0.3948208E+00
 0.4025000E+01 -0.1460775E+00  0.6026896E-01 -0.1012450E+00 -0.2330338E+00  0.4915078E+00 -0.8022915E+00  0.3917592E-01 -0.7529560E+00 -0.2202413E+00  0.1548739E+00 -0.2875246E-01 -0.1696994E+00 -0.8692211E+00  0.4223504E-01  0.1529675E+00  0.6981404E+00 -0.3845827E-02  0.1642049E+00  0.8299909E-01
-0.3829437E+00
 0.4050000E+01 -0.1669448E+00  0.6930249E-01 -0.1083934E+00 -0.2552257E+00  0.5255239E+00 -0.7847946E+00  0.4279083E-01 -0.8104746E+00 -0.2099421E+00  0.1700966E+00 -0.3433847E-01 -0.1829851E+00 -0.9560453E+00  0.4250571E-01  0.1673694E+00  0.7518649E+00 -0.1085407E-01  0.1829999E+00  0.1051479E+00
-0.3702429E+00
 0.4075000E+01 -0.1869303E+00  0.7796023E-01 -0.1149636E+00 -0.2760555E+00  0.5567085E+00 -0.7657569E+00  0.4617186E-01 -0.8636413E+00 -0.1985740E+00  0.1844021E+00 -0.3974881E-01 -0.1952925E+00 -0.1037763E+01  0.4268361E-01  0.1808682E+00  0.8015430E+00 -0.1781263E-01  0.2008120E+00  0.1268436E+00
-0.3567547E+00
 0.4100000E+01 -0.2057255E+00  0.8611028E-01 -0.1207980E+00 -0.2951158E+00  0.5842989E+00 -0.7452315E+00  0.4925045E-01 -0.9112496E+00 -0.1859774E+00  0.1975178E+00 -0.4490986E-01 -0.2063470E+00 -0.1112827E+01  0.4276918E-01  0.1931990E+00  0.8460525E+00 -0.2466271E-01  0.2173334E+00  0.1478627E+00
-0.3425174E+00
 0.4125000E+01 -0.2230665E+00  0.9363965E-01 -0.1257755E+00 -0.3120797E+00  0.6077134E+00 -0.7232747E+00  0.5197234E-01 -0.9523639E+00 -0.1720979E+00  0.2092236E+00 -0.4975607E-01 -0.2159349E+00 -0.1179986E+01  0.4276315E-01  0.2041496E+00  0.8845230E+00 -0.3134190E-01  0.2323090E+00  0.1679905E+00
-0.3275705E+00
 0.4150000E+01 -0.2387271E+00  0.1004513E+00 -0.1298030E+00 -0.3266829E+00  0.6265071E+00 -0.6999458E+00  0.5429421E-01 -0.9862557E+00 -0.1569495E+00  0.2193411E+00 -0.5422929E-01 -0.2238888E+00 -0.1238222E+01  0.4266652E-01  0.2135491E+00  0.9162758E+00 -0.3778756E-01  0.2455269E+00  0.1870251E+00
-0.3119548E+00
 0.4175000E+01 -0.2525143E+00  0.1064624E+00 -0.1328099E+00 -0.3387134E+00  0.6403441E+00 -0.6753070E+00  0.5618165E-01 -0.1012363E+01 -0.1405928E+00  0.2277260E+00 -0.5827828E-01 -0.2300791E+00 -0.1286709E+01  0.4248056E-01  0.2212606E+00  0.9407875E+00 -0.4393876E-01  0.2568116E+00  0.2047794E+00
-0.2957121E+00
 0.4200000E+01 -0.2642658E+00  0.1116028E+00 -0.1347443E+00 -0.3480047E+00  0.6489807E+00 -0.6494227E+00  0.5760796E-01 -0.1030268E+01 -0.1231223E+00  0.2342647E+00 -0.6185840E-01 -0.2344085E+00 -0.1324794E+01  0.4220678E-01  0.2271769E+00  0.9576671E+00 -0.4973751E-01  0.2660204E+00  0.2210823E+00
-0.2788848E+00
 0.4225000E+01 -0.2738486E+00  0.1158149E+00 -0.1355716E+00 -0.3544319E+00  0.6522551E+00 -0.6223590E+00  0.5855336E-01 -0.1039678E+01 -0.1046572E+00  0.2388711E+00 -0.6493154E-01 -0.2368085E+00 -0.1351979E+01  0.4184697E-01  0.2312181E+00  0.9666421E+00 -0.5512962E-01  0.2730412E+00  0.2357798E+00
-0.2615159E+00
 0.4250000E+01 -0.2811581E+00  0.1190533E+00 -0.1352723E+00 -0.3579093E+00  0.6500802E+00 -0.5941839E+00  0.5900460E-01 -0.1040421E+01 -0.8533521E-01  0.2414853E+00 -0.6746609E-01 -0.2372376E+00 -0.1367917E+01  0.4140314E-01  0.2333295E+00  0.9675500E+00 -0.6006541E-01  0.2777911E+00  0.2487358E+00
-0.2436489E+00
 0.4275000E+01 -0.2861180E+00  0.1212841E+00 -0.1338420E+00 -0.3583885E+00  0.6424400E+00 -0.5649660E+00  0.5895458E-01 -0.1032436E+01 -0.6530853E-01  0.2420727E+00 -0.6943705E-01 -0.2356797E+00 -0.1372399E+01  0.4087753E-01  0.2334812E+00  0.9603318E+00 -0.6450036E-01  0.2802158E+00  0.2598337E+00
-0.2253270E+00
 0.4300000E+01 -0.2886804E+00  0.1224859E+00 -0.1312901E+00 -0.3558583E+00  0.6293855E+00 -0.5347746E+00  0.5840228E-01 -0.1015770E+01 -0.4473947E-01  0.2406234E+00 -0.7082619E-01 -0.2321432E+00 -0.1365360E+01  0.4027260E-01  0.2316672E+00  0.9450290E+00 -0.6839571E-01  0.2802891E+00  0.2689778E+00
-0.2065932E+00
 0.4325000E+01 -0.2888263E+00  0.1226492E+00 -0.1276399E+00 -0.3503436E+00  0.6110331E+00 -0.5036793E+00  0.5735253E-01 -0.9905732E+00 -0.2379730E-01  0.2371522E+00 -0.7162225E-01 -0.2266607E+00 -0.1346873E+01  0.3959103E-01  0.2279051E+00  0.9217804E+00 -0.7171906E-01  0.2780135E+00  0.2760945E+00
-0.1874903E+00
 0.4350000E+01 -0.2865662E+00  0.1217771E+00 -0.1229279E+00 -0.3419056E+00  0.5875627E+00 -0.4717491E+00  0.5581600E-01 -0.9571013E+00 -0.2654818E-02  0.2316982E+00 -0.7182123E-01 -0.2192882E+00 -0.1317150E+01  0.3883565E-01  0.2222361E+00  0.8908205E+00 -0.7444509E-01  0.2734197E+00  0.2811350E+00
-0.1680601E+00
 0.4375000E+01 -0.2819411E+00  0.1198854E+00 -0.1172038E+00 -0.3306422E+00  0.5592167E+00 -0.4390527E+00  0.5380917E-01 -0.9157109E+00  0.1851513E-01  0.2243253E+00 -0.7142671E-01 -0.2101053E+00 -0.1276542E+01  0.3800949E-01  0.2147250E+00  0.8524788E+00 -0.7655629E-01  0.2665677E+00  0.2840771E+00
-0.1483438E+00
 0.4400000E+01 -0.2750239E+00  0.1170033E+00 -0.1105307E+00 -0.3166881E+00  0.5262991E+00 -0.4056573E+00  0.5135425E-01 -0.8668609E+00  0.3954373E-01  0.2151223E+00 -0.7045039E-01 -0.1992151E+00 -0.1225545E+01  0.3711567E-01  0.2054607E+00  0.8071795E+00 -0.7804395E-01  0.2575479E+00  0.2849287E+00
-0.1283815E+00
 0.4425000E+01 -0.2659218E+00  0.1131740E+00 -0.1029848E+00 -0.3002167E+00  0.4891759E+00 -0.3716291E+00  0.4847937E-01 -0.8111140E+00  0.6027129E-01  0.2042044E+00 -0.6891274E-01 -0.1867448E+00 -0.1164805E+01  0.3615740E-01  0.1945567E+00  0.7554429E+00 -0.7890944E-01  0.2464820E+00  0.2837324E+00
-0.1082118E+00
 0.4450000E+01 -0.2547796E+00  0.1084563E+00 -0.9465626E-01 -0.2814427E+00  0.4482758E+00 -0.3370323E+00  0.4521864E-01 -0.7491404E+00  0.8055407E-01  0.1917147E+00 -0.6684411E-01 -0.1728466E+00 -0.1095126E+01  0.3513799E-01  0.1821531E+00  0.6978890E+00 -0.7916612E-01  0.2335264E+00  0.2805724E+00
-0.8787230E-01
 0.4475000E+01 -0.2417858E+00  0.1029265E+00 -0.8564988E-01 -0.2606256E+00  0.4040933E+00 -0.3019294E+00  0.4161251E-01 -0.6817251E+00  0.1002745E+00  0.1778269E+00 -0.6428640E-01 -0.1576997E+00 -0.1017490E+01  0.3406075E-01  0.1684188E+00  0.6352436E+00 -0.7884210E-01  0.2188765E+00  0.2755842E+00
-0.6739899E-01
 0.4500000E+01 -0.2271810E+00  0.9668172E-01 -0.7608675E-01 -0.2380773E+00  0.3571931E+00 -0.2663805E+00  0.3770829E-01 -0.6097801E+00  0.1193571E+00  0.1627503E+00 -0.6129571E-01 -0.1415135E+00 -0.9330847E+00  0.3292899E-01  0.1535557E+00  0.5683495E+00 -0.7798486E-01  0.2027736E+00  0.2689719E+00
-0.4682648E-01
 0.4525000E+01 -0.2112737E+00  0.8984516E-01 -0.6610651E-01 -0.2141728E+00  0.3082163E+00 -0.2304438E+00  0.3356094E-01 -0.5343630E+00  0.1377959E+00  0.1467374E+00 -0.5794679E-01 -0.1245324E+00 -0.8433493E+00  0.3174600E-01  0.1378055E+00  0.4981831E+00 -0.7666867E-01  0.1855169E+00  0.2610351E+00
-0.2618790E-01
 0.4550000E+01 -0.1944632E+00  0.8257492E-01 -0.5587044E-01 -0.1893667E+00  0.2578882E+00 -0.1941753E+00  0.2923404E-01 -0.4567021E+00  0.1557016E+00  0.1300954E+00 -0.5434005E-01 -0.1070430E+00 -0.7500425E+00  0.3051502E-01  0.1214595E+00  0.4258763E+00 -0.7500709E-01  0.1674815E+00  0.2522145E+00
-0.5515057E-02
 0.4575000E+01 -0.1772768E+00  0.7507690E-01 -0.4556438E-01 -0.1642158E+00  0.2070185E+00 -0.1576289E+00  0.2480066E-01 -0.3782225E+00  0.1733869E+00  0.1132024E+00 -0.5061296E-01 -0.8938132E-01 -0.6553409E+00  0.2923923E-01  0.1048722E+00  0.3527389E+00 -0.7317401E-01  0.1491455E+00  0.2431674E+00
 0.1516152E-01
 0.4600000E+01 -0.1604208E+00  0.6762264E-01 -0.3539762E-01 -0.1394025E+00  0.1564755E+00 -0.1208568E+00  0.2034249E-01 -0.3005447E+00  0.1915167E+00  0.9652442E-01 -0.4695653E-01 -0.7193651E-01 -0.5619473E+00  0.2792173E-01  0.8847406E-01  0.2802544E+00 -0.7143718E-01  0.1311251E+00  0.2348874E+00
 0.3581240E-01
 0.4625000E+01 -0.1448319E+00  0.6056574E-01 -0.2558752E-01 -0.1157355E+00  0.1070825E+00 -0.8390958E-01  0.1594340E-01 -0.2253804E+00  0.2113469E+00  0.8061899E-01 -0.4363425E-01 -0.5513127E-01 -0.4731226E+00  0.2656549E-01  0.7276938E-01  0.2099798E+00 -0.7020432E-01  0.1142005E+00  0.2288656E+00
 0.5640906E-01
 0.4650000E+01 -0.1316637E+00  0.5433282E-01 -0.1630944E-01 -0.9406374E-01  0.5935258E-01 -0.4683647E-01  0.1166985E-01 -0.1541706E+00  0.2349999E+00  0.6608076E-01 -0.4098623E-01 -0.3934360E-01 -0.3923918E+00  0.2517341E-01  0.5827810E-01  0.1432066E+00 -0.7005833E-01  0.9927740E-01  0.2272042E+00
 0.7692368E-01
 0.4675000E+01 -0.1220648E+00  0.4933683E-01 -0.7599563E-02 -0.7501300E-01  0.1305337E-01 -0.9685922E-02  0.7534538E-02 -0.8735548E-01  0.2654438E+00  0.5336539E-01 -0.3937387E-01 -0.2473681E-01 -0.3225316E+00  0.2374824E-01  0.4536790E-01  0.8029055E-01 -0.7169940E-01  0.8717562E-01  0.2323902E+00
 0.9732887E-01
 0.4700000E+01 -0.1166612E+00  0.4578864E-01  0.7245570E-03 -0.5860547E-01 -0.3301715E-01  0.2749409E-01  0.3468914E-02 -0.2373245E-01  0.3055378E+00  0.4252465E-01 -0.3902735E-01 -0.1108969E-01 -0.2639936E+00  0.2229266E-01  0.3402306E-01  0.2007871E-01 -0.7568363E-01  0.7822345E-01  0.2463482E+00
 0.1175974E+00
 0.4725000E+01 -0.1151257E+00  0.4355387E-01  0.8979380E-02 -0.4418299E-01 -0.8040419E-01  0.6465565E-01 -0.6406069E-03  0.3899285E-01  0.3563011E+00  0.3313482E-01 -0.3989379E-01  0.2112283E-02 -0.2143916E+00  0.2080924E-01  0.2381584E-01 -0.3955021E-01 -0.8207472E-01  0.7201003E-01  0.2692226E+00
 0.1377021E+00
 0.4750000E+01 -0.1164080E+00  0.4225218E-01  0.1740261E-01 -0.3085753E-01 -0.1299406E+00  0.1017504E+00 -0.4871168E-02  0.1026444E+00  0.4162355E+00  0.2458925E-01 -0.4167581E-01  0.1532818E-01 -0.1701421E+00  0.1930050E-01  0.1420168E-01 -0.1002362E+00 -0.9040599E-01  0.6767003E-01  0.2992886E+00
 0.1576152E+00
 0.4775000E+01 -0.1193415E+00  0.4147902E-01  0.2605287E-01 -0.1796864E-01 -0.1814468E+00  0.1387293E+00 -0.9228660E-02  0.1677721E+00  0.4824028E+00  0.1641618E-01 -0.4400951E-01  0.2875158E-01 -0.1283516E+00  0.1776889E-01  0.4798104E-02 -0.1624193E+00 -0.9998133E-01  0.6436339E-01  0.3340432E+00
 0.1773090E+00
 0.4800000E+01 -0.1230001E+00  0.4092607E-01  0.3485866E-01 -0.5180851E-02 -0.2341361E+00  0.1755420E+00 -0.1366951E-01  0.2339557E+00  0.5517287E+00  0.8359002E-02 -0.4658683E-01  0.4235342E-01 -0.8735453E-01  0.1621681E-01 -0.4568637E-02 -0.2256444E+00 -0.1101456E+00  0.6149345E-01  0.3711546E+00
 0.1967547E+00
 0.4825000E+01 -0.1267444E+00  0.4039051E-01  0.4369322E-01  0.7612919E-02 -0.2870366E+00  0.2121369E+00 -0.1813042E-01  0.3003383E+00  0.6215959E+00  0.3187103E-03 -0.4918250E-01  0.5599331E-01 -0.4641760E-01  0.1464662E-01 -0.1393217E-01 -0.2890636E+00 -0.1203786E+00  0.5869417E-01  0.4087801E+00
 0.2159231E+00
 0.4850000E+01 -0.1301518E+00  0.3974664E-01  0.5241856E-01  0.2039534E-01 -0.3392017E+00  0.2484608E+00 -0.2254518E-01  0.3659530E+00  0.6899241E+00 -0.7714532E-02 -0.5163905E-01  0.6949376E-01 -0.5351510E-02  0.1306070E-01 -0.2325330E-01 -0.3517380E+00 -0.1302893E+00  0.5575617E-01  0.4455353E+00
 0.2347843E+00
 0.4875000E+01 -0.1329437E+00  0.3891857E-01  0.6090329E-01  0.3308891E-01 -0.3897775E+00  0.2844589E+00 -0.2685123E-01  0.4298609E+00  0.7550759E+00 -0.1570537E-01 -0.5384633E-01  0.8267426E-01  0.3574681E-01  0.1146140E-01 -0.3245982E-01 -0.4127629E+00 -0.1395844E+00  0.5256556E-01  0.4803785E+00
 0.2533073E+00
 0.4900000E+01 -0.1349346E+00  0.3786184E-01  0.6902787E-01  0.4558938E-01 -0.4380113E+00  0.3200745E+00 -0.3099140E-01  0.4911965E+00  0.8157469E+00 -0.2359691E-01 -0.5572602E-01  0.9536416E-01  0.7663626E-01  0.9851117E-02 -0.4146664E-01 -0.4713080E+00 -0.1480403E+00  0.4906549E-01  0.5125107E+00
 0.2714607E+00
 0.4925000E+01 -0.1360002E+00  0.3655219E-01  0.7668530E-01  0.5778240E-01 -0.4832427E+00  0.3552496E+00 -0.3491404E-01  0.5491772E+00  0.8708828E+00 -0.3132276E-01 -0.5722164E-01  0.1074066E+00  0.1170059E+00  0.8232322E-02 -0.5018538E-01 -0.5266242E+00 -0.1554836E+00  0.4523394E-01  0.5413057E+00
 0.2892121E+00
 0.4950000E+01 -0.1360590E+00  0.3497892E-01  0.8378056E-01  0.6955191E-01 -0.5248944E+00  0.3899241E+00 -0.3857278E-01  0.6031019E+00  0.9196226E+00 -0.3881339E-01 -0.5829242E-01  0.1186595E+00  0.1565139E+00  0.6607541E-02 -0.5852912E-01 -0.5780412E+00 -0.1617787E+00  0.4107100E-01  0.5662660E+00
 0.3065287E+00
 0.4975000E+01 -0.1350606E+00  0.3314093E-01  0.9022987E-01  0.8078457E-01 -0.5624631E+00  0.4240371E+00 -0.4192621E-01  0.6523474E+00  0.9612634E+00 -0.4599944E-01 -0.5890956E-01  0.1289951E+00  0.1948097E+00  0.4979396E-02 -0.6641481E-01 -0.6249642E+00 -0.1668199E+00  0.3659148E-01  0.5869959E+00
 0.3233769E+00
 0.5000000E+01 -0.1329793E+00  0.3104426E-01  0.9596023E-01  0.9137245E-01 -0.5955151E+00  0.4575260E+00 -0.4493776E-01  0.6963668E+00  0.9952385E+00 -0.5281387E-01 -0.5905393E-01  0.1383006E+00  0.2315463E+00  0.3350600E-02 -0.7376476E-01 -0.6668714E+00 -0.1705265E+00  0.3182043E-01  0.6031843E+00
 0.3397232E+00
