 0.2500000E-01 -0.2583182E+00 -0.2914349E+01  0.4376807E+00 -0.2754843E+01  0.7236620E+00 -0.3159037E+01  0.2435563E-01 -0.2783920E+01 -0.5797158E+00 -0.2833139E+01  0.4121323E+00 -0.3069694E+01  0.1570119E+00 -0.2912537E+01 -0.8007921E-01 -0.2995279E+01 -0.1397724E+00 -0.2862535E+01 -0.1054840E+01
-0.2904236E+01
 0.5000000E-01 -0.2581788E+00 -0.2857738E+01  0.4374712E+00 -0.2689781E+01  0.7233451E+00 -0.3115368E+01  0.2437804E-01 -0.2720399E+01 -0.5793799E+00 -0.2772243E+01  0.4119396E+00 -0.3021294E+01  0.1569464E+00 -0.2855821E+01 -0.8004566E-01 -0.2942946E+01 -0.1396785E+00 -0.2803178E+01 -0.1054300E+01
-0.2847129E+01
 0.7500000E-01 -0.2579421E+00 -0.2801135E+01  0.4371112E+00 -0.2624725E+01  0.7228119E+00 -0.3071699E+01  0.2441464E-01 -0.2656884E+01 -0.5788085E+00 -0.2711365E+01  0.4116143E+00 -0.2972895E+01  0.1568344E+00 -0.2799108E+01 -0.7998865E-01 -0.2890618E+01 -0.1395194E+00 -0.2743829E+01 -0.1053383E+01
-0.2790058E+01
 0.1000000E+00 -0.2576063E+00 -0.2744541E+01  0.4365941E+00 -0.2559675E+01  0.7220625E+00 -0.3028033E+01  0.2446485E-01 -0.2593377E+01 -0.5779953E+00 -0.2650506E+01  0.4111554E+00 -0.2924498E+01  0.1566748E+00 -0.2742399E+01 -0.7990773E-01 -0.2838295E+01 -0.1392941E+00 -0.2684487E+01 -0.1052079E+01
-0.2733022E+01
 0.1250000E+00 -0.2571703E+00 -0.2687957E+01  0.4359146E+00 -0.2494635E+01  0.7210996E+00 -0.2984369E+01  0.2452805E-01 -0.2529878E+01 -0.5769362E+00 -0.2589667E+01  0.4105634E+00 -0.2876102E+01  0.1564666E+00 -0.2685695E+01 -0.7980269E-01 -0.2785978E+01 -0.1390016E+00 -0.2625154E+01 -0.1050383E+01
-0.2676025E+01
 0.1500000E+00 -0.2566339E+00 -0.2631384E+01  0.4350686E+00 -0.2429607E+01  0.7199291E+00 -0.2940709E+01  0.2460363E-01 -0.2466390E+01 -0.5756291E+00 -0.2528850E+01  0.4098406E+00 -0.2827710E+01  0.1562097E+00 -0.2628997E+01 -0.7967363E-01 -0.2733666E+01 -0.1386419E+00 -0.2565830E+01 -0.1048296E+01
-0.2619066E+01
 0.1750000E+00 -0.2559982E+00 -0.2574823E+01  0.4340537E+00 -0.2364594E+01  0.7185601E+00 -0.2897055E+01  0.2469099E-01 -0.2402914E+01 -0.5740740E+00 -0.2468057E+01  0.4089909E+00 -0.2779322E+01  0.1559043E+00 -0.2572306E+01 -0.7952094E-01 -0.2681362E+01 -0.1382154E+00 -0.2506519E+01 -0.1045818E+01
-0.2562148E+01
 0.2000000E+00 -0.2552649E+00 -0.2518275E+01  0.4328687E+00 -0.2299599E+01  0.7170043E+00 -0.2853407E+01  0.2478951E-01 -0.2339454E+01 -0.5722731E+00 -0.2407289E+01  0.4080200E+00 -0.2730938E+01  0.1555514E+00 -0.2515624E+01 -0.7934532E-01 -0.2629066E+01 -0.1377229E+00 -0.2447220E+01 -0.1042959E+01
-0.2505272E+01
 0.2250000E+00 -0.2544372E+00 -0.2461741E+01  0.4315134E+00 -0.2234626E+01  0.7152778E+00 -0.2809766E+01  0.2489847E-01 -0.2276012E+01 -0.5702308E+00 -0.2346548E+01  0.4069354E+00 -0.2682561E+01  0.1551522E+00 -0.2458953E+01 -0.7914788E-01 -0.2576778E+01 -0.1371663E+00 -0.2387937E+01 -0.1039728E+01
-0.2448440E+01
 0.2500000E+00 -0.2535190E+00 -0.2405224E+01  0.4299892E+00 -0.2169680E+01  0.7133984E+00 -0.2766134E+01  0.2501727E-01 -0.2212591E+01 -0.5679536E+00 -0.2285838E+01  0.4057461E+00 -0.2634191E+01  0.1547088E+00 -0.2402294E+01 -0.7892993E-01 -0.2524501E+01 -0.1365475E+00 -0.2328671E+01 -0.1036141E+01
-0.2391655E+01
 0.2750000E+00 -0.2525151E+00 -0.2348725E+01  0.4282991E+00 -0.2104764E+01  0.7113872E+00 -0.2722512E+01  0.2514530E-01 -0.2149196E+01 -0.5654499E+00 -0.2225161E+01  0.4044628E+00 -0.2585830E+01  0.1542237E+00 -0.2345650E+01 -0.7869307E-01 -0.2472236E+01 -0.1358691E+00 -0.2269425E+01 -0.1032216E+01
-0.2334919E+01
 0.3000000E+00 -0.2514313E+00 -0.2292248E+01  0.4264473E+00 -0.2039886E+01  0.7092679E+00 -0.2678902E+01  0.2528195E-01 -0.2085831E+01 -0.5627303E+00 -0.2164522E+01  0.4030977E+00 -0.2537480E+01  0.1537000E+00 -0.2289024E+01 -0.7843917E-01 -0.2419984E+01 -0.1351342E+00 -0.2210203E+01 -0.1027976E+01
-0.2278235E+01
 0.3250000E+00 -0.2502742E+00 -0.2235794E+01  0.4244393E+00 -0.1975053E+01  0.7070668E+00 -0.2635304E+01  0.2542663E-01 -0.2022503E+01 -0.5598074E+00 -0.2103925E+01  0.4016643E+00 -0.2489141E+01  0.1531412E+00 -0.2232419E+01 -0.7817037E-01 -0.2367747E+01 -0.1343466E+00 -0.2151008E+01 -0.1023446E+01
-0.2221607E+01
 0.3500000E+00 -0.2490514E+00 -0.2179368E+01  0.4222818E+00 -0.1910273E+01  0.7048128E+00 -0.2591721E+01  0.2557871E-01 -0.1959218E+01 -0.5566953E+00 -0.2043375E+01  0.4001778E+00 -0.2440816E+01  0.1525514E+00 -0.2175838E+01 -0.7788906E-01 -0.2315528E+01 -0.1335102E+00 -0.2091846E+01 -0.1018658E+01
-0.2165039E+01
 0.3750000E+00 -0.2477712E+00 -0.2122973E+01  0.4199823E+00 -0.1845556E+01  0.7025369E+00 -0.2548154E+01  0.2573757E-01 -0.1895985E+01 -0.5534100E+00 -0.1982879E+01  0.3986543E+00 -0.2392507E+01  0.1519351E+00 -0.2119286E+01 -0.7759786E-01 -0.2263330E+01 -0.1326297E+00 -0.2032720E+01 -0.1013642E+01
-0.2108534E+01
 0.4000000E+00 -0.2464423E+00 -0.2066614E+01  0.4175495E+00 -0.1780913E+01  0.7002732E+00 -0.2504605E+01  0.2590271E-01 -0.1832812E+01 -0.5499686E+00 -0.1922443E+01  0.3971114E+00 -0.2344217E+01  0.1512969E+00 -0.2062767E+01 -0.7729985E-01 -0.2211154E+01 -0.1317098E+00 -0.1973637E+01 -0.1008434E+01
-0.2052098E+01
 0.4250000E+00 -0.2450745E+00 -0.2010297E+01  0.4149926E+00 -0.1716357E+01  0.6980567E+00 -0.2461075E+01  0.2607345E-01 -0.1769711E+01 -0.5463897E+00 -0.1862076E+01  0.3955674E+00 -0.2295947E+01  0.1506420E+00 -0.2006288E+01 -0.7699803E-01 -0.2159005E+01 -0.1307557E+00 -0.1914606E+01 -0.1003070E+01
-0.1995738E+01
 0.4500000E+00 -0.2436778E+00 -0.1954027E+01  0.4123220E+00 -0.1651905E+01  0.6959236E+00 -0.2417568E+01  0.2624891E-01 -0.1706695E+01 -0.5426933E+00 -0.1801788E+01  0.3940414E+00 -0.2247700E+01  0.1499756E+00 -0.1949854E+01 -0.7669563E-01 -0.2106887E+01 -0.1297734E+00 -0.1855633E+01 -0.9975921E+00
-0.1939459E+01
 0.4750000E+00 -0.2422627E+00 -0.1897813E+01  0.4095484E+00 -0.1587575E+01  0.6939110E+00 -0.2374084E+01  0.2642833E-01 -0.1643780E+01 -0.5389002E+00 -0.1741591E+01  0.3925531E+00 -0.2199481E+01  0.1493032E+00 -0.1893474E+01 -0.7639587E-01 -0.2054805E+01 -0.1287686E+00 -0.1796730E+01 -0.9920393E+00
-0.1883269E+01
 0.5000000E+00 -0.2408397E+00 -0.1841662E+01  0.4066827E+00 -0.1523388E+01  0.6920562E+00 -0.2330627E+01  0.2661090E-01 -0.1580984E+01 -0.5350318E+00 -0.1681498E+01  0.3911224E+00 -0.2151293E+01  0.1486305E+00 -0.1837156E+01 -0.7610204E-01 -0.2002763E+01 -0.1277473E+00 -0.1737907E+01 -0.9864541E+00
-0.1827177E+01
 0.5250000E+00 -0.2394195E+00 -0.1785584E+01  0.4037362E+00 -0.1459369E+01  0.6903968E+00 -0.2287199E+01  0.2679573E-01 -0.1518327E+01 -0.5311093E+00 -0.1621524E+01  0.3897692E+00 -0.2103139E+01  0.1479633E+00 -0.1780911E+01 -0.7581745E-01 -0.1950767E+01 -0.1267155E+00 -0.1679177E+01 -0.9808785E+00
-0.1771193E+01
 0.5500000E+00 -0.2380129E+00 -0.1729590E+01  0.4007198E+00 -0.1395547E+01  0.6889697E+00 -0.2243803E+01  0.2698186E-01 -0.1455835E+01 -0.5271545E+00 -0.1561687E+01  0.3885135E+00 -0.2055024E+01  0.1473072E+00 -0.1724749E+01 -0.7554535E-01 -0.1898825E+01 -0.1256793E+00 -0.1620558E+01 -0.9753545E+00
-0.1715329E+01
 0.5750000E+00 -0.2366302E+00 -0.1673694E+01  0.3976442E+00 -0.1331955E+01  0.6878108E+00 -0.2200441E+01  0.2716822E-01 -0.1393535E+01 -0.5231884E+00 -0.1502010E+01  0.3873745E+00 -0.2006954E+01  0.1466677E+00 -0.1668685E+01 -0.7528891E-01 -0.1846945E+01 -0.1246446E+00 -0.1562065E+01 -0.9699233E+00
-0.1659597E+01
 0.6000000E+00 -0.2352814E+00 -0.1617911E+01  0.3945193E+00 -0.1268632E+01  0.6869543E+00 -0.2157118E+01  0.2735363E-01 -0.1331459E+01 -0.5192313E+00 -0.1442514E+01  0.3863709E+00 -0.1958934E+01  0.1460500E+00 -0.1612734E+01 -0.7505113E-01 -0.1795136E+01 -0.1236173E+00 -0.1503721E+01 -0.9646244E+00
-0.1604013E+01
 0.6250000E+00 -0.2339761E+00 -0.1562258E+01  0.3913541E+00 -0.1205621E+01  0.6864324E+00 -0.2113836E+01  0.2753678E-01 -0.1269646E+01 -0.5153024E+00 -0.1383229E+01  0.3855199E+00 -0.1910971E+01  0.1454592E+00 -0.1556913E+01 -0.7483483E-01 -0.1743408E+01 -0.1226029E+00 -0.1445548E+01 -0.9594950E+00
-0.1548594E+01
 0.6500000E+00 -0.2327232E+00 -0.1506754E+01  0.3881563E+00 -0.1142971E+01  0.6862744E+00 -0.2070600E+01  0.2771623E-01 -0.1208137E+01 -0.5114194E+00 -0.1324185E+01  0.3848379E+00 -0.1863072E+01  0.1448995E+00 -0.1501243E+01 -0.7464258E-01 -0.1691773E+01 -0.1216067E+00 -0.1387573E+01 -0.9545695E+00
-0.1493360E+01
 0.6750000E+00 -0.2315302E+00 -0.1451422E+01  0.3849371E+00 -0.1080736E+01  0.6865026E+00 -0.2027414E+01  0.2789028E-01 -0.1146980E+01 -0.5076006E+00 -0.1265419E+01  0.3843369E+00 -0.1815246E+01  0.1443743E+00 -0.1445747E+01 -0.7447637E-01 -0.1640244E+01 -0.1206340E+00 -0.1329828E+01 -0.9498772E+00
-0.1438332E+01
 0.7000000E+00 -0.2304042E+00 -0.1396287E+01  0.3817028E+00 -0.1018977E+01  0.6871379E+00 -0.1984284E+01  0.2805726E-01 -0.1086227E+01 -0.5038604E+00 -0.1206969E+01  0.3840287E+00 -0.1767502E+01  0.1438865E+00 -0.1390450E+01 -0.7433799E-01 -0.1588838E+01 -0.1196893E+00 -0.1272348E+01 -0.9454445E+00
-0.1383536E+01
 0.7250000E+00 -0.2293507E+00 -0.1341379E+01  0.3784580E+00 -0.9577587E+00  0.6881966E+00 -0.1941214E+01  0.2821534E-01 -0.1025938E+01 -0.5002110E+00 -0.1148883E+01  0.3839227E+00 -0.1719851E+01  0.1434385E+00 -0.1335383E+01 -0.7422885E-01 -0.1537570E+01 -0.1187765E+00 -0.1215171E+01 -0.9412925E+00
-0.1328999E+01
 0.7500000E+00 -0.2283741E+00 -0.1286729E+01  0.3752059E+00 -0.8971517E+00  0.6896899E+00 -0.1898210E+01  0.2836259E-01 -0.9661757E+00 -0.4966619E+00 -0.1091208E+01  0.3840256E+00 -0.1672304E+01  0.1430319E+00 -0.1280579E+01 -0.7414988E-01 -0.1486462E+01 -0.1178987E+00 -0.1158342E+01 -0.9374373E+00
-0.1274754E+01
 0.7750000E+00 -0.2274773E+00 -0.1232375E+01  0.3719474E+00 -0.8372284E+00  0.6916237E+00 -0.1855280E+01  0.2849690E-01 -0.9070073E+00 -0.4932198E+00 -0.1034000E+01  0.3843414E+00 -0.1624874E+01  0.1426674E+00 -0.1226074E+01 -0.7410155E-01 -0.1435534E+01 -0.1170584E+00 -0.1101909E+01 -0.9338894E+00
-0.1220838E+01
 0.8000000E+00 -0.2266618E+00 -0.1178356E+01  0.3686816E+00 -0.7780632E+00  0.6939981E+00 -0.1812430E+01  0.2861607E-01 -0.8485037E+00 -0.4898887E+00 -0.9773175E+00  0.3848713E+00 -0.1577577E+01  0.1423447E+00 -0.1171910E+01 -0.7408379E-01 -0.1384812E+01 -0.1162575E+00 -0.1045925E+01 -0.9306529E+00
-0.1167288E+01
 0.8250000E+00 -0.2259253E+00 -0.1124717E+01  0.3654030E+00 -0.7197289E+00  0.6968185E+00 -0.1769671E+01  0.2871809E-01 -0.7907372E+00 -0.4866638E+00 -0.9212241E+00  0.3856126E+00 -0.1530429E+01  0.1420612E+00 -0.1118132E+01 -0.7409613E-01 -0.1334322E+01 -0.1154954E+00 -0.9904470E+00 -0.9277168E+00
-0.1114150E+01
 0.8500000E+00 -0.2252662E+00 -0.1071506E+01  0.3621067E+00 -0.6622943E+00  0.7000724E+00 -0.1727010E+01  0.2880051E-01 -0.7337793E+00 -0.4835431E+00 -0.8657856E+00  0.3865602E+00 -0.1483448E+01  0.1418151E+00 -0.1064789E+01 -0.7413744E-01 -0.1284097E+01 -0.1147725E+00 -0.9355366E+00 -0.9250733E+00
-0.1061472E+01
 0.8750000E+00 -0.2246816E+00 -0.1018776E+01  0.3587855E+00 -0.6058207E+00  0.7037415E+00 -0.1684460E+01  0.2886083E-01 -0.6776983E+00 -0.4805213E+00 -0.8110695E+00  0.3877058E+00 -0.1436656E+01  0.1416032E+00 -0.1011936E+01 -0.7420607E-01 -0.1234168E+01 -0.1140883E+00 -0.8812580E+00 -0.9227085E+00
-0.1009304E+01
 0.9000000E+00 -0.2241670E+00 -0.9665838E+00  0.3554304E+00 -0.5503577E+00  0.7078017E+00 -0.1642029E+01  0.2889645E-01 -0.6225559E+00 -0.4775902E+00 -0.7571433E+00  0.3890387E+00 -0.1390073E+01  0.1414220E+00 -0.9596280E+00 -0.7429991E-01 -0.1184575E+01 -0.1134415E+00 -0.8276773E+00 -0.9206030E+00
-0.9577025E+00
 0.9250000E+00 -0.2237159E+00 -0.9149883E+00  0.3520487E+00 -0.4959403E+00  0.7122131E+00 -0.1599731E+01  0.2890535E-01 -0.5684054E+00 -0.4747474E+00 -0.7040720E+00  0.3905384E+00 -0.1343727E+01  0.1412659E+00 -0.9079266E+00 -0.7441540E-01 -0.1135357E+01 -0.1128315E+00 -0.7748618E+00 -0.9187281E+00
-0.9067218E+00
 0.9500000E+00 -0.2233213E+00 -0.8640513E+00  0.3486324E+00 -0.4425843E+00  0.7169383E+00 -0.1557579E+01  0.2888516E-01 -0.5152857E+00 -0.4719821E+00 -0.6519163E+00  0.3921873E+00 -0.1297644E+01  0.1411297E+00 -0.8568939E+00 -0.7454938E-01 -0.1086560E+01 -0.1122562E+00 -0.7228767E+00 -0.9170543E+00
-0.8564216E+00
 0.9750000E+00 -0.2229754E+00 -0.8138356E+00  0.3451726E+00 -0.3902839E+00  0.7219356E+00 -0.1515589E+01  0.2883360E-01 -0.4632191E+00 -0.4692815E+00 -0.6007294E+00  0.3939656E+00 -0.1251854E+01  0.1410075E+00 -0.8065929E+00 -0.7469835E-01 -0.1038230E+01 -0.1117128E+00 -0.6717837E+00 -0.9155479E+00
-0.8068621E+00
 0.1000000E+01 -0.2226693E+00 -0.7644036E+00  0.3416597E+00 -0.3390093E+00  0.7271587E+00 -0.1473777E+01  0.2874853E-01 -0.4122083E+00 -0.4666314E+00 -0.5505547E+00  0.3958512E+00 -0.1206392E+01  0.1408931E+00 -0.7570865E+00 -0.7485850E-01 -0.9904182E+00 -0.1111982E+00 -0.6216382E+00 -0.9141719E+00
-0.7581029E+00
 0.1025000E+01 -0.2223936E+00 -0.7158161E+00  0.3380834E+00 -0.2887055E+00  0.7325581E+00 -0.1432160E+01  0.2862791E-01 -0.3622343E+00 -0.4640162E+00 -0.5014225E+00  0.3978205E+00 -0.1161292E+01  0.1407801E+00 -0.7084352E+00 -0.7502579E-01 -0.9431782E+00 -0.1107088E+00 -0.5724872E+00 -0.9128869E+00
-0.7102018E+00
 0.1050000E+01 -0.2221383E+00 -0.6681299E+00  0.3344335E+00 -0.2392928E+00  0.7380813E+00 -0.1390759E+01  0.2846991E-01 -0.3132552E+00 -0.4614200E+00 -0.4533478E+00  0.3998488E+00 -0.1116594E+01  0.1406617E+00 -0.6606955E+00 -0.7519604E-01 -0.8965650E+00 -0.1102407E+00 -0.5243662E+00 -0.9116517E+00
-0.6632125E+00
 0.1075000E+01 -0.2218935E+00 -0.6213962E+00  0.3306998E+00 -0.1906675E+00  0.7436741E+00 -0.1349595E+01  0.2827294E-01 -0.2652052E+00 -0.4588260E+00 -0.4063283E+00  0.4019105E+00 -0.1072338E+01  0.1405312E+00 -0.6139178E+00 -0.7536499E-01 -0.8506354E+00 -0.1097900E+00 -0.4772977E+00 -0.9104247E+00
-0.6171828E+00
 0.1100000E+01 -0.2216490E+00 -0.5756583E+00  0.3268726E+00 -0.1427041E+00  0.7492811E+00 -0.1308693E+01  0.2803562E-01 -0.2179963E+00 -0.4562180E+00 -0.3603426E+00  0.4039796E+00 -0.1028569E+01  0.1403821E+00 -0.5681442E+00 -0.7552840E-01 -0.8054465E+00 -0.1093524E+00 -0.4312880E+00 -0.9091643E+00
-0.5721530E+00
 0.1125000E+01 -0.2213950E+00 -0.5309497E+00  0.3229428E+00 -0.9525922E-01  0.7548466E+00 -0.1268078E+01  0.2775687E-01 -0.1715190E+00 -0.4535801E+00 -0.3153500E+00  0.4060302E+00 -0.9853341E+00  0.1402082E+00 -0.5234068E+00 -0.7568212E-01 -0.7610547E+00 -0.1089240E+00 -0.3863268E+00 -0.9078304E+00
-0.5281535E+00
 0.1150000E+01 -0.2211222E+00 -0.4872925E+00  0.3189021E+00 -0.4817467E-01  0.7603156E+00 -0.1227777E+01  0.2743590E-01 -0.1256452E+00 -0.4508973E+00 -0.2712899E+00  0.4080373E+00 -0.9426803E+00  0.1400037E+00 -0.4797254E+00 -0.7582215E-01 -0.7175145E+00 -0.1085008E+00 -0.3423855E+00 -0.9063848E+00
-0.4852033E+00
 0.1175000E+01 -0.2208218E+00 -0.4446952E+00  0.3147437E+00 -0.1282538E-02  0.7656343E+00 -0.1187820E+01  0.2707225E-01 -0.8023142E-01 -0.4481560E+00 -0.2280831E+00  0.4099765E+00 -0.9006578E+00  0.1397634E+00 -0.4371064E+00 -0.7594477E-01 -0.6748769E+00 -0.1080791E+00 -0.2994172E+00 -0.9047926E+00
-0.4433088E+00
 0.1200000E+01 -0.2204870E+00 -0.4031530E+00  0.3105055E+00  0.4558912E-01  0.7707348E+00 -0.1148241E+01  0.2666759E-01 -0.3512544E-01 -0.4453684E+00 -0.1856314E+00  0.4118145E+00 -0.8593173E+00  0.1394828E+00 -0.3955426E+00 -0.7604507E-01 -0.6331887E+00 -0.1076594E+00 -0.2573587E+00 -0.9030251E+00
-0.4024567E+00
 0.1225000E+01 -0.2201116E+00 -0.3626455E+00  0.3061925E+00  0.9261325E-01  0.7755647E+00 -0.1109073E+01  0.2622262E-01  0.9835222E-02 -0.4425308E+00 -0.1438223E+00  0.4135284E+00 -0.8187098E+00  0.1391589E+00 -0.3550107E+00 -0.7611986E-01 -0.5924900E+00 -0.1072398E+00 -0.2161283E+00 -0.9010587E+00
-0.3626238E+00
 0.1250000E+01 -0.2196858E+00 -0.3231371E+00  0.3018094E+00  0.1399578E+00  0.7800868E+00 -0.1070354E+01  0.2573893E-01  0.5481619E-01 -0.4396332E+00 -0.1025297E+00  0.4150902E+00 -0.7788852E+00  0.1387864E+00 -0.3154721E+00 -0.7616514E-01 -0.5528136E+00 -0.1068162E+00 -0.1756290E+00 -0.8988543E+00
-0.3237722E+00
 0.1275000E+01 -0.2192069E+00 -0.2845774E+00  0.2973679E+00  0.1877811E+00  0.7842530E+00 -0.1032124E+01  0.2521806E-01  0.9998230E-01 -0.4366798E+00 -0.6161707E-01  0.4164813E+00 -0.7398924E+00  0.1383647E+00 -0.2768731E+00 -0.7617870E-01 -0.5141836E+00 -0.1063883E+00 -0.1357502E+00 -0.8964027E+00
-0.2858492E+00
 0.1300000E+01 -0.2186740E+00 -0.2469015E+00  0.2928831E+00  0.2362275E+00  0.7880202E+00 -0.9944203E+00  0.2466202E-01  0.1454930E+00 -0.4336786E+00 -0.2094015E-01  0.4176858E+00 -0.7017778E+00  0.1378943E+00 -0.2391460E+00 -0.7615885E-01 -0.4766144E+00 -0.1059567E+00 -0.9636952E-01 -0.8937016E+00
-0.2487886E+00
 0.1325000E+01 -0.2180880E+00 -0.2100315E+00  0.2883736E+00  0.2854230E+00  0.7913499E+00 -0.9572843E+00  0.2407321E-01  0.1914984E+00 -0.4306420E+00  0.1965002E-01  0.4186909E+00 -0.6645846E+00  0.1373769E+00 -0.2022096E+00 -0.7610452E-01 -0.4401101E+00 -0.1055228E+00 -0.5735574E-01 -0.8907565E+00
-0.2125112E+00
 0.1350000E+01 -0.2174517E+00 -0.1738775E+00  0.2838615E+00  0.3354725E+00  0.7942092E+00 -0.9207572E+00  0.2345451E-01  0.2381350E+00 -0.4275866E+00  0.6030397E-01  0.4194870E+00 -0.6283513E+00  0.1368157E+00 -0.1659714E+00 -0.7601523E-01 -0.4046642E+00 -0.1050889E+00 -0.1857110E-01 -0.8875807E+00
-0.1769262E+00
 0.1375000E+01 -0.2167700E+00 -0.1383394E+00  0.2793723E+00  0.3864575E+00  0.7965708E+00 -0.8848813E+00  0.2280923E-01  0.2855226E+00 -0.4245334E+00  0.1011706E+00  0.4200675E+00 -0.5931114E+00  0.1362151E+00 -0.1303285E+00 -0.7589114E-01 -0.3702588E+00 -0.1046585E+00  0.2012600E-01 -0.8841955E+00
-0.1419326E+00
 0.1400000E+01 -0.2160496E+00 -0.1033081E+00  0.2749350E+00  0.4384344E+00  0.7984132E+00 -0.8496988E+00  0.2214110E-01  0.3337614E+00 -0.4215082E+00  0.1423943E+00  0.4204292E+00 -0.5588925E+00  0.1355807E+00 -0.9516945E-01 -0.7573305E-01 -0.3368656E+00 -0.1042359E+00  0.5887839E-01 -0.8806305E+00
-0.1074211E+00
 0.1425000E+01 -0.2153013E+00 -0.6866840E-01  0.2706501E+00  0.4914332E+00  0.7997084E+00 -0.8152520E+00  0.2145715E-01  0.3829261E+00 -0.4185734E+00  0.1841132E+00  0.4205645E+00 -0.5257150E+00  0.1349209E+00 -0.6037709E-01 -0.7554130E-01 -0.3044457E+00 -0.1038317E+00  0.9782605E-01 -0.8769306E+00
-0.7326948E-01
 0.1450000E+01 -0.2145362E+00 -0.3429920E-01  0.2665690E+00  0.5454616E+00  0.8004436E+00 -0.7815823E+00  0.2076272E-01  0.4330713E+00 -0.4157712E+00  0.2264535E+00  0.4204747E+00 -0.4935927E+00  0.1342444E+00 -0.2582873E-01 -0.7531770E-01 -0.2729504E+00 -0.1034536E+00  0.1371060E+00 -0.8731429E+00
-0.3935487E-01
 0.1475000E+01 -0.2137671E+00 -0.7619029E-04  0.2627475E+00  0.6005054E+00  0.8006112E+00 -0.7487293E+00  0.2006363E-01  0.4842288E+00 -0.4131487E+00  0.2695285E+00  0.4201638E+00 -0.4625314E+00  0.1335607E+00  0.8601342E-02 -0.7506451E-01 -0.2423223E+00 -0.1031100E+00  0.1768486E+00 -0.8693209E+00
-0.5550628E-02
 0.1500000E+01 -0.2130079E+00  0.3412667E-01  0.2592461E+00  0.6565317E+00  0.8002078E+00 -0.7167309E+00  0.1936618E-01  0.5364076E+00 -0.4107575E+00  0.3134359E+00  0.4196377E+00 -0.4325297E+00  0.1328806E+00  0.4304011E-01 -0.7478435E-01 -0.2124956E+00 -0.1028106E+00  0.2171749E+00 -0.8655236E+00
 0.2827198E-01
 0.1525000E+01 -0.2122740E+00  0.6843536E-01  0.2561285E+00  0.7134925E+00  0.7992338E+00 -0.6856227E+00  0.1867708E-01  0.5895965E+00 -0.4086533E+00  0.3582558E+00  0.4189038E+00 -0.4035784E+00  0.1322152E+00  0.7761403E-01 -0.7448014E-01 -0.1833975E+00 -0.1025654E+00  0.2581948E+00 -0.8618142E+00
 0.6224205E-01
 0.1550000E+01 -0.2115810E+00  0.1029741E+00  0.2534616E+00  0.7713279E+00  0.7976929E+00 -0.6554370E+00  0.1800341E-01  0.6437659E+00 -0.4068946E+00  0.4040498E+00  0.4179706E+00 -0.3756611E+00  0.1315764E+00  0.1124473E+00 -0.7415498E-01 -0.1549490E+00 -0.1023854E+00  0.3000041E+00 -0.8582589E+00
 0.9648735E-01
 0.1575000E+01 -0.2109451E+00  0.1378636E+00  0.2513135E+00  0.8299706E+00  0.7955907E+00 -0.6262030E+00  0.1735251E-01  0.6988713E+00 -0.4055419E+00  0.4508598E+00  0.4168468E+00 -0.3487546E+00  0.1309761E+00  0.1476601E+00 -0.7381197E-01 -0.1270659E+00 -0.1022816E+00  0.3426835E+00 -0.8549246E+00
 0.1311326E+00
 0.1600000E+01 -0.2103821E+00  0.1732193E+00  0.2497523E+00  0.8893489E+00  0.7929346E+00 -0.5979461E+00  0.1673191E-01  0.7548566E+00 -0.4046565E+00  0.4987081E+00  0.4155408E+00 -0.3228290E+00  0.1304259E+00  0.1833669E+00 -0.7345414E-01 -0.9965970E-01 -0.1022653E+00  0.3862968E+00 -0.8518773E+00
 0.1662975E+00
 0.1625000E+01 -0.2099070E+00  0.2091498E+00  0.2488443E+00  0.9493895E+00  0.7897321E+00 -0.5706877E+00  0.1614919E-01  0.8116576E+00 -0.4042983E+00  0.5475984E+00  0.4140600E+00 -0.2978486E+00  0.1299372E+00  0.2196745E+00 -0.7308425E-01 -0.7263853E-01 -0.1023472E+00  0.4308903E+00 -0.8491798E+00
 0.2020953E+00
 0.1650000E+01 -0.2095334E+00  0.2457551E+00  0.2486518E+00  0.1010021E+01  0.7859904E+00 -0.5444451E+00  0.1561184E-01  0.8692052E+00 -0.4045243E+00  0.5975169E+00  0.4124102E+00 -0.2737727E+00  0.1295202E+00  0.2566809E+00 -0.7270469E-01 -0.4590785E-01 -0.1025375E+00  0.4764921E+00 -0.8468888E+00
 0.2386305E+00
 0.1675000E+01 -0.2092737E+00  0.2831252E+00  0.2493881E+00  0.1071171E+01  0.7817048E+00 -0.5192317E+00  0.1513433E-01  0.9274224E+00 -0.4054383E+00  0.6484372E+00  0.4105874E+00 -0.2505556E+00  0.1291850E+00  0.2944728E+00 -0.7231593E-01 -0.1937099E-01 -0.1028516E+00  0.5231119E+00 -0.8450563E+00
 0.2760025E+00
 0.1700000E+01 -0.2091351E+00  0.3213382E+00  0.2511284E+00  0.1132777E+01  0.7768760E+00 -0.4950563E+00  0.1472466E-01  0.9862376E+00 -0.4070904E+00  0.7003174E+00  0.4085897E+00 -0.2281480E+00  0.1289378E+00  0.3331252E+00 -0.7191855E-01  0.7069727E-02 -0.1032971E+00  0.5707434E+00 -0.8437136E+00
 0.3142941E+00
 0.1725000E+01 -0.2091202E+00  0.3604596E+00  0.2539354E+00  0.1194777E+01  0.7715014E+00 -0.4719239E+00  0.1439016E-01  0.1045582E+01 -0.4095174E+00  0.7531057E+00  0.4064113E+00 -0.2064972E+00  0.1287821E+00  0.3726997E+00 -0.7151209E-01  0.3351254E-01 -0.1038784E+00  0.6193655E+00 -0.8428737E+00
 0.3535741E+00
 0.1750000E+01 -0.2092200E+00  0.4005406E+00  0.2578536E+00  0.1257119E+01  0.7655823E+00 -0.4498390E+00  0.1413760E-01  0.1105390E+01 -0.4127318E+00  0.8067422E+00  0.4040324E+00 -0.1855475E+00  0.1287146E+00  0.4132435E+00 -0.7109338E-01  0.6005577E-01 -0.1045935E+00  0.6689435E+00 -0.8425041E+00
 0.3938969E+00
 0.1775000E+01 -0.2094266E+00  0.4416182E+00  0.2629088E+00  0.1319754E+01  0.7591092E+00 -0.4287988E+00  0.1397197E-01  0.1165602E+01 -0.4167351E+00  0.8611627E+00  0.4014400E+00 -0.1652414E+00  0.1287320E+00  0.4547894E+00 -0.7066000E-01  0.8679678E-01 -0.1054397E+00  0.7194325E+00 -0.8425765E+00
 0.4353001E+00
 0.1800000E+01 -0.2097264E+00  0.4837146E+00  0.2691024E+00  0.1382640E+01  0.7520713E+00 -0.4087970E+00  0.1389670E-01  0.1226162E+01 -0.4215070E+00  0.9163000E+00  0.3986185E+00 -0.1455196E+00  0.1288271E+00  0.4973551E+00 -0.7020857E-01  0.1138315E+00 -0.1064094E+00  0.7707791E+00 -0.8430391E+00
 0.4778052E+00
 0.1825000E+01 -0.2100999E+00  0.5268375E+00  0.2764087E+00  0.1445742E+01  0.7444579E+00 -0.3898247E+00  0.1391352E-01  0.1287023E+01 -0.4270034E+00  0.9720867E+00  0.3955506E+00 -0.1263215E+00  0.1289890E+00  0.5409442E+00 -0.6973498E-01  0.1412539E+00 -0.1074907E+00  0.8229243E+00 -0.8438169E+00
 0.5214170E+00
 0.1850000E+01 -0.2105223E+00  0.5709806E+00  0.2847733E+00  0.1509026E+01  0.7362613E+00 -0.3718699E+00  0.1402233E-01  0.1348142E+01 -0.4331560E+00  0.1028457E+01  0.3922185E+00 -0.1075852E+00  0.1292033E+00  0.5855462E+00 -0.6923458E-01  0.1691548E+00 -0.1086667E+00  0.8758057E+00 -0.8448141E+00
 0.5661246E+00
 0.1875000E+01 -0.2109577E+00  0.6161251E+00  0.2942196E+00  0.1572467E+01  0.7274716E+00 -0.3549189E+00  0.1422735E-01  0.1409477E+01 -0.4398770E+00  0.1085349E+01  0.3886004E+00 -0.8924836E-01  0.1294490E+00  0.6311390E+00 -0.6870093E-01  0.1976219E+00 -0.1099136E+00  0.9293595E+00 -0.8458900E+00
 0.6119023E+00
 0.1900000E+01 -0.2113710E+00  0.6622407E+00  0.3046360E+00  0.1636040E+01  0.7180923E+00 -0.3389557E+00  0.1452474E-01  0.1470995E+01 -0.4470468E+00  0.1142702E+01  0.3846822E+00 -0.7124775E-01  0.1297047E+00  0.6776889E+00 -0.6812903E-01  0.2267379E+00 -0.1112047E+00  0.9835224E+00 -0.8469078E+00
 0.6587111E+00
 0.1925000E+01 -0.2117251E+00  0.7092872E+00  0.3158806E+00  0.1699726E+01  0.7081370E+00 -0.3239624E+00  0.1490872E-01  0.1532670E+01 -0.4545263E+00  0.1200461E+01  0.3804548E+00 -0.5351982E-01  0.1299474E+00  0.7251535E+00 -0.6751432E-01  0.2565802E+00 -0.1125104E+00  0.1038233E+01 -0.8477211E+00
 0.7065008E+00
 0.1950000E+01 -0.2119823E+00  0.7572168E+00  0.3277860E+00  0.1763508E+01  0.6976321E+00 -0.3099201E+00  0.1537176E-01  0.1594478E+01 -0.4621615E+00  0.1258575E+01  0.3759157E+00 -0.3600067E-01  0.1301534E+00  0.7734832E+00 -0.6685315E-01  0.2872198E+00 -0.1137985E+00  0.1093434E+01 -0.8481802E+00
 0.7552124E+00
 0.1975000E+01 -0.2121055E+00  0.8059760E+00  0.3401645E+00  0.1827372E+01  0.6866195E+00 -0.2968086E+00  0.1590495E-01  0.1656398E+01 -0.4697897E+00  0.1316996E+01  0.3710709E+00 -0.1862617E-01  0.1302993E+00  0.8226231E+00 -0.6614308E-01  0.3187203E+00 -0.1150363E+00  0.1149070E+01 -0.8481391E+00
 0.8047803E+00
 0.2000000E+01 -0.2120607E+00  0.8555074E+00  0.3528155E+00  0.1891304E+01  0.6751579E+00 -0.2846074E+00  0.1649829E-01  0.1718415E+01 -0.4772451E+00  0.1375683E+01  0.3659360E+00 -0.1332008E-02  0.1303629E+00  0.8725152E+00 -0.6538319E-01  0.3511371E+00 -0.1161911E+00  0.1205092E+01 -0.8474614E+00
 0.8551353E+00
 0.2025000E+01 -0.2118176E+00  0.9057515E+00  0.3655310E+00  0.1955294E+01  0.6633245E+00 -0.2732953E+00  0.1714110E-01  0.1780514E+01 -0.4843644E+00  0.1434597E+01  0.3605373E+00  0.1594623E-01  0.1303246E+00  0.9231002E+00 -0.6457433E-01  0.3845164E+00 -0.1172317E+00  0.1261454E+01 -0.8460262E+00
 0.9062057E+00
 0.2050000E+01 -0.2113511E+00  0.9566484E+00  0.3781024E+00  0.2019333E+01  0.6512159E+00 -0.2628513E+00  0.1782229E-01  0.1842684E+01 -0.4909918E+00  0.1493707E+01  0.3549122E+00  0.3327299E-01  0.1301673E+00  0.9743186E+00 -0.6371923E-01  0.4188949E+00 -0.1181293E+00  0.1318114E+01 -0.8437326E+00
 0.9579200E+00
 0.2075000E+01 -0.2106421E+00  0.1008139E+01  0.3903256E+00  0.2083413E+01  0.6389488E+00 -0.2532546E+00  0.1853070E-01  0.1904917E+01 -0.4969832E+00  0.1552981E+01  0.3491096E+00  0.5071273E-01  0.1298778E+00  0.1026112E+01 -0.6282269E-01  0.4542985E+00 -0.1188583E+00  0.1375036E+01 -0.8405031E+00
 0.1010208E+01
 0.2100000E+01 -0.2096784E+00  0.1060167E+01  0.4020061E+00  0.2147527E+01  0.6266595E+00 -0.2444850E+00  0.1925533E-01  0.1967204E+01 -0.5022096E+00  0.1612395E+01  0.3431903E+00  0.6832981E-01  0.1294468E+00  0.1078425E+01 -0.6189154E-01  0.4907430E+00 -0.1193969E+00  0.1432189E+01 -0.8362865E+00
 0.1063003E+01
 0.2125000E+01 -0.2084514E+00  0.1112678E+01  0.4129696E+00  0.2211669E+01  0.6145019E+00 -0.2365229E+00  0.1998843E-01  0.2029538E+01 -0.5065427E+00  0.1671925E+01  0.3372248E+00  0.8618841E-01  0.1288665E+00  0.1131205E+01 -0.6093462E-01  0.5282332E+00 -0.1197240E+00  0.1489542E+01 -0.8310450E+00
 0.1116240E+01
 0.2150000E+01 -0.2069634E+00  0.1165621E+01  0.4230500E+00  0.2275834E+01  0.6026497E+00 -0.2293498E+00  0.2071994E-01  0.2091914E+01 -0.5098913E+00  0.1731551E+01  0.3312958E+00  0.1043525E+00  0.1281362E+00  0.1184403E+01 -0.5996291E-01  0.5667635E+00 -0.1198269E+00  0.1547071E+01 -0.8247849E+00
 0.1169860E+01
 0.2175000E+01 -0.2052244E+00  0.1218949E+01  0.4321009E+00  0.2340017E+01  0.5912917E+00 -0.2229483E+00  0.2144046E-01  0.2154329E+01 -0.5121861E+00  0.1791257E+01  0.3254959E+00  0.1228855E+00  0.1272599E+00  0.1237973E+01 -0.5898925E-01  0.6063183E+00 -0.1196981E+00  0.1604755E+01 -0.8175420E+00
 0.1223808E+01
 0.2200000E+01 -0.2032516E+00  0.1272620E+01  0.4399966E+00  0.2404214E+01  0.5806297E+00 -0.2173023E+00  0.2214146E-01  0.2216778E+01 -0.5133803E+00  0.1851027E+01  0.3199258E+00  0.1418503E+00  0.1262460E+00  0.1291874E+01 -0.5802818E-01  0.6468728E+00 -0.1193348E+00  0.1662575E+01 -0.8093812E+00
 0.1278033E+01
 0.2225000E+01 -0.2010694E+00  0.1326594E+01  0.4466342E+00  0.2468423E+01  0.5708740E+00 -0.2123968E+00  0.2281530E-01  0.2279258E+01 -0.5134502E+00  0.1910849E+01  0.3146922E+00  0.1613090E+00  0.1251072E+00  0.1346069E+01 -0.5709568E-01  0.6883938E+00 -0.1187395E+00  0.1720513E+01 -0.8003945E+00
 0.1332492E+01
 0.2250000E+01 -0.1987082E+00  0.1380836E+01  0.4519347E+00  0.2532638E+01  0.5622379E+00 -0.2082188E+00  0.2345532E-01  0.2341769E+01 -0.5123948E+00  0.1970712E+01  0.3099060E+00  0.1813227E+00  0.1238598E+00  0.1400523E+01 -0.5620886E-01  0.7308413E+00 -0.1179196E+00  0.1778557E+01 -0.7906990E+00
 0.1387144E+01
 0.2275000E+01 -0.1962043E+00  0.1435314E+01  0.4558431E+00  0.2596858E+01  0.5549305E+00 -0.2047564E+00  0.2405592E-01  0.2404307E+01 -0.5102353E+00  0.2030606E+01  0.3056783E+00  0.2019507E+00  0.1225240E+00  0.1455207E+01 -0.5538556E-01  0.7741694E+00 -0.1168871E+00  0.1836694E+01 -0.7804341E+00
 0.1441954E+01
 0.2300000E+01 -0.1935988E+00  0.1490001E+01  0.4583295E+00  0.2661081E+01  0.5491491E+00 -0.2019996E+00  0.2461256E-01  0.2466872E+01 -0.5070146E+00  0.2090524E+01  0.3021170E+00  0.2232508E+00  0.1211226E+00  0.1510094E+01 -0.5464385E-01  0.8183276E+00 -0.1156583E+00  0.1894914E+01 -0.7697577E+00
 0.1496890E+01
 0.2325000E+01 -0.1909362E+00  0.1544871E+01  0.4593885E+00  0.2725304E+01  0.5450693E+00 -0.1999399E+00  0.2512180E-01  0.2529461E+01 -0.5027952E+00  0.2150459E+01  0.2993227E+00  0.2452784E+00  0.1196807E+00  0.1565159E+01 -0.5400155E-01  0.8632625E+00 -0.1142533E+00  0.1953207E+01 -0.7588421E+00
 0.1551926E+01
 0.2350000E+01 -0.1882640E+00  0.1599903E+01  0.4590418E+00  0.2789527E+01  0.5428351E+00 -0.1985704E+00  0.2558389E-01  0.2592075E+01 -0.4976550E+00  0.2210405E+01  0.2973836E+00  0.2680861E+00  0.1182240E+00  0.1620383E+01 -0.5347615E-01  0.9089186E+00 -0.1126957E+00  0.2011567E+01 -0.7478683E+00
 0.1607039E+01
 0.2375000E+01 -0.1856307E+00  0.1655076E+01  0.4573337E+00  0.2853747E+01  0.5425490E+00 -0.1978861E+00  0.2599783E-01  0.2654713E+01 -0.4916925E+00  0.2270359E+01  0.2963721E+00  0.2917233E+00  0.1167803E+00  0.1675745E+01 -0.5308333E-01  0.9552399E+00 -0.1110122E+00  0.2069985E+01 -0.7370245E+00
 0.1662210E+01
 0.2400000E+01 -0.1830853E+00  0.1710374E+01  0.4543317E+00  0.2917964E+01  0.5442634E+00 -0.1978835E+00  0.2636369E-01  0.2717372E+01 -0.4850209E+00  0.2330316E+01  0.2963399E+00  0.3162352E+00  0.1153775E+00  0.1731230E+01 -0.5283694E-01  0.1002171E+01 -0.1092317E+00  0.2128457E+01 -0.7264998E+00
 0.1717424E+01
 0.2425000E+01 -0.1806757E+00  0.1765781E+01  0.4501260E+00  0.2982177E+01  0.5479737E+00 -0.1985609E+00  0.2668262E-01  0.2780054E+01 -0.4777662E+00  0.2390274E+01  0.2973151E+00  0.3416629E+00  0.1140436E+00  0.1786823E+01 -0.5274848E-01  0.1049656E+01 -0.1073851E+00  0.2186977E+01 -0.7164800E+00
 0.1772670E+01
 0.2450000E+01 -0.1784480E+00  0.1821283E+01  0.4448275E+00  0.3046386E+01  0.5536144E+00 -0.1999184E+00  0.2695676E-01  0.2842756E+01 -0.4700650E+00  0.2450231E+01  0.2992999E+00  0.3680420E+00  0.1128051E+00  0.1842510E+01 -0.5282677E-01  0.1097642E+01 -0.1055045E+00  0.2245540E+01 -0.7071440E+00
 0.1827936E+01
 0.2475000E+01 -0.1764456E+00  0.1876868E+01  0.4385672E+00  0.3110589E+01  0.5610596E+00 -0.2019580E+00  0.2718917E-01  0.2905478E+01 -0.4620622E+00  0.2510185E+01  0.3022694E+00  0.3954028E+00  0.1116876E+00  0.1898279E+01 -0.5307768E-01  0.1146080E+01 -0.1036226E+00  0.2304142E+01 -0.6986599E+00
 0.1883218E+01
 0.2500000E+01 -0.1747084E+00  0.1932525E+01  0.4314937E+00  0.3174788E+01  0.5701264E+00 -0.2046836E+00  0.2738383E-01  0.2968218E+01 -0.4539088E+00  0.2570138E+01  0.3061725E+00  0.4237690E+00  0.1107146E+00  0.1954119E+01 -0.5350396E-01  0.1194921E+01 -0.1017726E+00  0.2362778E+01 -0.6911830E+00
 0.1938511E+01
 0.2525000E+01 -0.1732724E+00  0.1988244E+01  0.4237714E+00  0.3238981E+01  0.5805818E+00 -0.2081013E+00  0.2754544E-01  0.3030976E+01 -0.4457593E+00  0.2630087E+01  0.3109330E+00  0.4531582E+00  0.1099076E+00  0.2010021E+01 -0.5410517E-01  0.1244120E+01 -0.9998713E-01  0.2421444E+01 -0.6848523E+00
 0.1993812E+01
 0.2550000E+01 -0.1721688E+00  0.2044015E+01  0.4155780E+00  0.3303170E+01  0.5921521E+00 -0.2122192E+00  0.2767938E-01  0.3093750E+01 -0.4377693E+00  0.2690033E+01  0.3164522E+00  0.4835805E+00  0.1092854E+00  0.2065976E+01 -0.5487766E-01  0.1293636E+01 -0.9829814E-01  0.2480137E+01 -0.6797890E+00
 0.2049121E+01
 0.2575000E+01 -0.1714236E+00  0.2099832E+01  0.4071013E+00  0.3367355E+01  0.6045340E+00 -0.2170476E+00  0.2779153E-01  0.3156539E+01 -0.4300925E+00  0.2749977E+01  0.3226121E+00  0.5150391E+00  0.1088638E+00  0.2121974E+01 -0.5581457E-01  0.1343431E+01 -0.9673616E-01  0.2538853E+01 -0.6760936E+00
 0.2104438E+01
 0.2600000E+01 -0.1710580E+00  0.2155684E+01  0.3985416E+00  0.3431536E+01  0.6174060E+00 -0.2225990E+00  0.2789174E-01  0.3219340E+01 -0.4228767E+00  0.2809919E+01  0.3292785E+00  0.5475297E+00  0.1086539E+00  0.2178009E+01 -0.5690660E-01  0.1393470E+01 -0.9533074E-01  0.2597587E+01 -0.6738440E+00
 0.2159767E+01
 0.2625000E+01 -0.1710856E+00  0.2211568E+01  0.3900957E+00  0.3495714E+01  0.6304387E+00 -0.2288880E+00  0.2798676E-01  0.3282152E+01 -0.4162617E+00  0.2869860E+01  0.3363048E+00  0.5810409E+00  0.1086642E+00  0.2234073E+01 -0.5814071E-01  0.1443720E+01 -0.9410769E-01  0.2656337E+01 -0.6730919E+00
 0.2215110E+01
 0.2650000E+01 -0.1715127E+00  0.2267474E+01  0.3819577E+00  0.3559890E+01  0.6433056E+00 -0.2359312E+00  0.2808318E-01  0.3344971E+01 -0.4103753E+00  0.2929800E+01  0.3435358E+00  0.6155542E+00  0.1088994E+00  0.2290159E+01 -0.5950092E-01  0.1494154E+01 -0.9308952E-01  0.2715097E+01 -0.6738605E+00
 0.2270471E+01
 0.2675000E+01 -0.1723377E+00  0.2323399E+01  0.3743140E+00  0.3624063E+01  0.6556905E+00 -0.2437472E+00  0.2818719E-01  0.3407796E+01 -0.4053297E+00  0.2989741E+01  0.3508106E+00  0.6510446E+00  0.1093592E+00  0.2346262E+01 -0.6096840E-01  0.1544746E+01 -0.9229471E-01  0.2773865E+01 -0.6761426E+00
 0.2325854E+01
 0.2700000E+01 -0.1735504E+00  0.2379337E+01  0.3673374E+00  0.3688235E+01  0.6672951E+00 -0.2523562E+00  0.2830422E-01  0.3470624E+01 -0.4012180E+00  0.3049684E+01  0.3579661E+00  0.6874810E+00  0.1100385E+00  0.2402376E+01 -0.6252167E-01  0.1595474E+01 -0.9173711E-01  0.2832638E+01 -0.6798977E+00
 0.2381265E+01
 0.2725000E+01 -0.1751320E+00  0.2435284E+01  0.3611815E+00  0.3752404E+01  0.6778439E+00 -0.2617798E+00  0.2843871E-01  0.3533452E+01 -0.3981104E+00  0.3109629E+01  0.3648398E+00  0.7248269E+00  0.1109270E+00  0.2458496E+01 -0.6413688E-01  0.1646317E+01 -0.9142532E-01  0.2891411E+01 -0.6850512E+00
 0.2436708E+01
 0.2750000E+01 -0.1770544E+00  0.2491235E+01  0.3559746E+00  0.3816572E+01  0.6870888E+00 -0.2720407E+00  0.2859380E-01  0.3596277E+01 -0.3960517E+00  0.3169577E+01  0.3712732E+00  0.7630415E+00  0.1120086E+00  0.2514618E+01 -0.6578816E-01  0.1697258E+01 -0.9136218E-01  0.2950181E+01 -0.6914934E+00
 0.2492189E+01
 0.2775000E+01 -0.1792805E+00  0.2547187E+01  0.3518149E+00  0.3880739E+01  0.6948110E+00 -0.2831626E+00  0.2877109E-01  0.3659097E+01 -0.3950587E+00  0.3229530E+01  0.3771138E+00  0.8020802E+00  0.1132620E+00  0.2570739E+01 -0.6744802E-01  0.1748281E+01 -0.9154449E-01  0.3008946E+01 -0.6990801E+00
 0.2547711E+01
 0.2800000E+01 -0.1817649E+00  0.2603138E+01  0.3487662E+00  0.3944904E+01  0.7008237E+00 -0.2951695E+00  0.2897051E-01  0.3721909E+01 -0.3951189E+00  0.3289487E+01  0.3822183E+00  0.8418958E+00  0.1146606E+00  0.2626854E+01 -0.6908788E-01  0.1799375E+01 -0.9196288E-01  0.3067704E+01 -0.7076346E+00
 0.2603280E+01
 0.2825000E+01 -0.1844527E+00  0.2659086E+01  0.3468452E+00  0.4009067E+01  0.7049726E+00 -0.3080857E+00  0.2919311E-01  0.3784712E+01 -0.3961703E+00  0.3349450E+01  0.3864542E+00  0.8824393E+00  0.1161695E+00  0.2682962E+01 -0.7067902E-01  0.1850526E+01 -0.9259957E-01  0.3126451E+01 -0.7169403E+00
 0.2658898E+01
 0.2850000E+01 -0.1872833E+00  0.2715028E+01  0.3460399E+00  0.4073230E+01  0.7071367E+00 -0.3219352E+00  0.2943509E-01  0.3847503E+01 -0.3981376E+00  0.3409418E+01  0.3897032E+00  0.9236608E+00  0.1177533E+00  0.2739061E+01 -0.7219233E-01  0.1901727E+01 -0.9343229E-01  0.3185188E+01 -0.7267643E+00
 0.2714567E+01
 0.2875000E+01 -0.1901915E+00  0.2770963E+01  0.3463020E+00  0.4137392E+01  0.7072282E+00 -0.3367414E+00  0.2969082E-01  0.3910283E+01 -0.4009202E+00  0.3469392E+01  0.3918622E+00  0.9655104E+00  0.1193732E+00  0.2795150E+01 -0.7359954E-01  0.1952968E+01 -0.9443375E-01  0.3243913E+01 -0.7368562E+00
 0.2770290E+01
 0.2900000E+01 -0.1931091E+00  0.2826891E+01  0.3475510E+00  0.4201552E+01  0.7051921E+00 -0.3525267E+00  0.2995306E-01  0.3973048E+01 -0.4043963E+00  0.3529373E+01  0.3928458E+00  0.1007939E+01  0.1209892E+00  0.2851226E+01 -0.7487377E-01  0.2004242E+01 -0.9557268E-01  0.3302624E+01 -0.7469557E+00
 0.2826067E+01
 0.2925000E+01 -0.1959672E+00  0.2882811E+01  0.3496785E+00  0.4265711E+01  0.7010061E+00 -0.3693120E+00  0.3021329E-01  0.4035800E+01 -0.4084278E+00  0.3589359E+01  0.3925878E+00  0.1050898E+01  0.1225604E+00  0.2907291E+01 -0.7599030E-01  0.2055544E+01 -0.9681494E-01  0.3361323E+01 -0.7568004E+00
 0.2881898E+01
 0.2950000E+01 -0.1986991E+00  0.2938722E+01  0.3525498E+00  0.4329870E+01  0.6946801E+00 -0.3871164E+00  0.3046309E-01  0.4098539E+01 -0.4128617E+00  0.3649352E+01  0.3910420E+00  0.1094342E+01  0.1240450E+00  0.2963343E+01 -0.7692755E-01  0.2106869E+01 -0.9812579E-01  0.3420008E+01 -0.7661329E+00
 0.2937780E+01
 0.2975000E+01 -0.2012404E+00  0.2994626E+01  0.3560172E+00  0.4394028E+01  0.6862554E+00 -0.4059567E+00  0.3069270E-01  0.4161265E+01 -0.4175426E+00  0.3709351E+01  0.3881846E+00  0.1138227E+01  0.1254055E+00  0.3019384E+01 -0.7766671E-01  0.2158212E+01 -0.9946864E-01  0.3478680E+01 -0.7747107E+00
 0.2993713E+01
 0.3000000E+01 -0.2035325E+00  0.3050521E+01  0.3599240E+00  0.4458186E+01  0.6758047E+00 -0.4258469E+00  0.3089224E-01  0.4223978E+01 -0.4223167E+00  0.3769355E+01  0.3840146E+00  0.1182512E+01  0.1266078E+00  0.3075412E+01 -0.7819279E-01  0.2209572E+01 -0.1008079E+00  0.3537341E+01 -0.7823139E+00
 0.3049693E+01
 0.3025000E+01 -0.2055239E+00  0.3106409E+01  0.3641115E+00  0.4522343E+01  0.6634319E+00 -0.4467978E+00  0.3105214E-01  0.4286680E+01 -0.4270363E+00  0.3829365E+01  0.3785553E+00  0.1227156E+01  0.1276224E+00  0.3131430E+01 -0.7849498E-01  0.2260944E+01 -0.1021101E+00  0.3595990E+01 -0.7887513E+00
 0.3105718E+01
 0.3050000E+01 -0.2071721E+00  0.3162290E+01  0.3684237E+00  0.4586500E+01  0.6492715E+00 -0.4688168E+00  0.3116353E-01  0.4349372E+01 -0.4315651E+00  0.3889380E+01  0.3718549E+00  0.1272126E+01  0.1284255E+00  0.3187437E+01 -0.7856712E-01  0.2312327E+01 -0.1033449E+00  0.3654629E+01 -0.7938664E+00
 0.3161783E+01
 0.3075000E+01 -0.2084448E+00  0.3218165E+01  0.3727125E+00  0.4650657E+01  0.6334894E+00 -0.4919073E+00  0.3121847E-01  0.4412056E+01 -0.4357816E+00  0.3949399E+01  0.3639876E+00  0.1317386E+01  0.1289994E+00  0.3243434E+01 -0.7840794E-01  0.2363720E+01 -0.1044858E+00  0.3713258E+01 -0.7975420E+00
 0.3217883E+01
 0.3100000E+01 -0.2093207E+00  0.3274035E+01  0.3768410E+00  0.4714813E+01  0.6162825E+00 -0.5160684E+00  0.3121027E-01  0.4474732E+01 -0.4395822E+00  0.4009423E+01  0.3550544E+00  0.1362908E+01  0.1293335E+00  0.3299424E+01 -0.7802140E-01  0.2415121E+01 -0.1055109E+00  0.3771880E+01 -0.7997043E+00
 0.3274016E+01
 0.3125000E+01 -0.2097907E+00  0.3329899E+01  0.3806866E+00  0.4778970E+01  0.5978798E+00 -0.5412947E+00  0.3113364E-01  0.4537402E+01 -0.4428839E+00  0.4069451E+01  0.3451840E+00  0.1408663E+01  0.1294247E+00  0.3355406E+01 -0.7741680E-01  0.2466530E+01 -0.1064037E+00  0.3830495E+01 -0.8003255E+00
 0.3330175E+01
 0.3150000E+01 -0.2098583E+00  0.3385761E+01  0.3841431E+00  0.4843127E+01  0.5785649E+00 -0.5675753E+00  0.3098483E-01  0.4600068E+01 -0.4456257E+00  0.4129481E+01  0.3345368E+00  0.1454626E+01  0.1292777E+00  0.3411382E+01 -0.7660908E-01  0.2517946E+01 -0.1071531E+00  0.3889105E+01 -0.7994262E+00
 0.3386357E+01
 0.3175000E+01 -0.2095398E+00  0.3441619E+01  0.3871224E+00  0.4907283E+01  0.5586348E+00 -0.5948955E+00  0.3076171E-01  0.4662731E+01 -0.4477699E+00  0.4189514E+01  0.3232988E+00  0.1500776E+01  0.1289051E+00  0.3467354E+01 -0.7561869E-01  0.2569369E+01 -0.1077539E+00  0.3947711E+01 -0.7970758E+00
 0.3442554E+01
 0.3200000E+01 -0.2088643E+00  0.3497476E+01  0.3895547E+00  0.4971440E+01  0.5384198E+00 -0.6232359E+00  0.3046378E-01  0.4725394E+01 -0.4493023E+00  0.4249549E+01  0.3116848E+00  0.1547091E+01  0.1283276E+00  0.3523322E+01 -0.7447171E-01  0.2620801E+01 -0.1082066E+00  0.4006315E+01 -0.7933929E+00
 0.3498763E+01
 0.3225000E+01 -0.2078739E+00  0.3553333E+01  0.3913899E+00  0.5035597E+01  0.5182822E+00 -0.6525724E+00  0.3009217E-01  0.4788057E+01 -0.4502324E+00  0.4309585E+01  0.2999384E+00  0.1593554E+01  0.1275735E+00  0.3579289E+01 -0.7319962E-01  0.2672241E+01 -0.1085179E+00  0.4064918E+01 -0.7885443E+00
 0.3554976E+01
 0.3250000E+01 -0.2066226E+00  0.3609191E+01  0.3925964E+00  0.5099754E+01  0.4986138E+00 -0.6828768E+00  0.2964959E-01  0.4850722E+01 -0.4505923E+00  0.4369622E+01  0.2883301E+00  0.1640150E+01  0.1266789E+00  0.3635256E+01 -0.7183902E-01  0.2723690E+01 -0.1087001E+00  0.4123522E+01 -0.7827420E+00
 0.3611189E+01
 0.3275000E+01 -0.2051754E+00  0.3665051E+01  0.3931612E+00  0.5163911E+01  0.4798301E+00 -0.7141169E+00  0.2914021E-01  0.4913391E+01 -0.4504352E+00  0.4429658E+01  0.2771545E+00  0.1686863E+01  0.1256865E+00  0.3691224E+01 -0.7043104E-01  0.2775151E+01 -0.1087708E+00  0.4182129E+01 -0.7762393E+00
 0.3667393E+01
 0.3300000E+01 -0.2036063E+00  0.3720914E+01  0.3930884E+00  0.5228069E+01  0.4623605E+00 -0.7462570E+00  0.2856956E-01  0.4976066E+01 -0.4498328E+00  0.4489693E+01  0.2667245E+00  0.1733682E+01  0.1246444E+00  0.3747195E+01 -0.6902036E-01  0.2826623E+01 -0.1087520E+00  0.4240740E+01 -0.7693232E+00
 0.3723583E+01
 0.3325000E+01 -0.2019962E+00  0.3776782E+01  0.3923976E+00  0.5292226E+01  0.4466327E+00 -0.7792587E+00  0.2794431E-01  0.5038747E+01 -0.4488721E+00  0.4549726E+01  0.2573629E+00  0.1780595E+01  0.1236050E+00  0.3803171E+01 -0.6765383E-01  0.2878110E+01 -0.1086697E+00  0.4299356E+01 -0.7623054E+00
 0.3779751E+01
 0.3350000E+01 -0.2004292E+00  0.3832655E+01  0.3911222E+00  0.5356383E+01  0.4330515E+00 -0.8130811E+00  0.2727209E-01  0.5101435E+01 -0.4476507E+00  0.4609756E+01  0.2493891E+00  0.1827594E+01  0.1226226E+00  0.3859153E+01 -0.6637855E-01  0.2929612E+01 -0.1085523E+00  0.4357979E+01 -0.7555087E+00
 0.3835892E+01
 0.3375000E+01 -0.1989880E+00  0.3888535E+01  0.3893063E+00  0.5420541E+01  0.4220126E+00 -0.8476834E+00  0.2656121E-01  0.5164133E+01 -0.4462713E+00  0.4669783E+01  0.2430775E+00  0.1874670E+01  0.1217505E+00  0.3915142E+01 -0.6523885E-01  0.2981132E+01 -0.1084287E+00  0.4416610E+01 -0.7492500E+00
 0.3892000E+01
 0.3400000E+01 -0.1977501E+00  0.3944423E+01  0.3870031E+00  0.5484698E+01  0.4137933E+00 -0.8830222E+00  0.2582046E-01  0.5226840E+01 -0.4448359E+00  0.4729804E+01  0.2386877E+00  0.1921815E+01  0.1210383E+00  0.3971140E+01 -0.6427463E-01  0.3032669E+01 -0.1083274E+00  0.4475251E+01 -0.7438251E+00
 0.3948069E+01
 0.3425000E+01 -0.1967822E+00  0.4000318E+01  0.3842710E+00  0.5548856E+01  0.4085616E+00 -0.9190536E+00  0.2505878E-01  0.5289558E+01 -0.4434395E+00  0.4789821E+01  0.2364184E+00  0.1969022E+01  0.1205292E+00  0.4027148E+01 -0.6351793E-01  0.3084226E+01 -0.1082740E+00  0.4533901E+01 -0.7394875E+00
 0.4004097E+01
 0.3450000E+01 -0.1961335E+00  0.4056222E+01  0.3811716E+00  0.5613013E+01  0.4066332E+00 -0.9557333E+00  0.2428504E-01  0.5352286E+01 -0.4421630E+00  0.4849832E+01  0.2362588E+00  0.2016284E+01  0.1202547E+00  0.4083165E+01 -0.6298640E-01  0.3135801E+01 -0.1082893E+00  0.4592561E+01 -0.7364232E+00
 0.4060081E+01
 0.3475000E+01 -0.1958366E+00  0.4112134E+01  0.3777680E+00  0.5677171E+01  0.4079009E+00 -0.9930181E+00  0.2350791E-01  0.5415024E+01 -0.4410708E+00  0.4909838E+01  0.2382464E+00  0.2063594E+01  0.1202359E+00  0.4139192E+01 -0.6269009E-01  0.3187394E+01 -0.1083888E+00  0.4651232E+01 -0.7347556E+00
 0.4116023E+01
 0.3500000E+01 -0.1959025E+00  0.4168054E+01  0.3741223E+00  0.5741330E+01  0.4121246E+00 -0.1030872E+01  0.2273561E-01  0.5477773E+01 -0.4402066E+00  0.4969838E+01  0.2422108E+00  0.2110945E+01  0.1204798E+00  0.4195229E+01 -0.6262455E-01  0.3239003E+01 -0.1085812E+00  0.4709912E+01 -0.7345235E+00
 0.4171924E+01
 0.3525000E+01 -0.1963234E+00  0.4223981E+01  0.3702954E+00  0.5805490E+01  0.4189781E+00 -0.1069252E+01  0.2197594E-01  0.5540531E+01 -0.4395940E+00  0.5029832E+01  0.2480309E+00  0.2158331E+01  0.1209816E+00  0.4251274E+01 -0.6277639E-01  0.3290628E+01 -0.1088685E+00  0.4768602E+01 -0.7356954E+00
 0.4227787E+01
 0.3550000E+01 -0.1970727E+00  0.4279914E+01  0.3663462E+00  0.5869650E+01  0.4280657E+00 -0.1108120E+01  0.2123619E-01  0.5603296E+01 -0.4392368E+00  0.5089821E+01  0.2555150E+00  0.2205748E+01  0.1217242E+00  0.4307326E+01 -0.6312220E-01  0.3342265E+01 -0.1092465E+00  0.4827300E+01 -0.7381685E+00
 0.4283618E+01
 0.3575000E+01 -0.1981079E+00  0.4335851E+01  0.3623312E+00  0.5933812E+01  0.4389579E+00 -0.1147435E+01  0.2052310E-01  0.5666069E+01 -0.4391223E+00  0.5149806E+01  0.2644152E+00  0.2253190E+01  0.1226805E+00  0.4363384E+01 -0.6363059E-01  0.3393913E+01 -0.1097054E+00  0.4886004E+01 -0.7417796E+00
 0.4339423E+01
 0.3600000E+01 -0.1993743E+00  0.4391792E+01  0.3583046E+00  0.5997976E+01  0.4512211E+00 -0.1187163E+01  0.1984285E-01  0.5728847E+01 -0.4392247E+00  0.5209787E+01  0.2744447E+00  0.2300654E+01  0.1238151E+00  0.4419447E+01 -0.6426469E-01  0.3445569E+01 -0.1102310E+00  0.4944714E+01 -0.7463193E+00
 0.4395209E+01
 0.3625000E+01 -0.2008094E+00  0.4447735E+01  0.3543179E+00  0.6062141E+01  0.4644580E+00 -0.1227268E+01  0.1920106E-01  0.5791629E+01 -0.4395108E+00  0.5269765E+01  0.2853155E+00  0.2348136E+01  0.1250878E+00  0.4475512E+01 -0.6498459E-01  0.3497230E+01 -0.1108064E+00  0.5003426E+01 -0.7515483E+00
 0.4450983E+01
 0.3650000E+01 -0.2023463E+00  0.4503678E+01  0.3504198E+00  0.6126307E+01  0.4782768E+00 -0.1267720E+01  0.1860271E-01  0.5854413E+01 -0.4399433E+00  0.5329741E+01  0.2967068E+00  0.2395633E+01  0.1264548E+00  0.4531577E+01 -0.6574919E-01  0.3548895E+01 -0.1114131E+00  0.5062140E+01 -0.7572111E+00
 0.4506751E+01
 0.3675000E+01 -0.2039176E+00  0.4559620E+01  0.3466558E+00  0.6190476E+01  0.4923259E+00 -0.1308489E+01  0.1805214E-01  0.5917198E+01 -0.4404859E+00  0.5389715E+01  0.3083023E+00  0.2443143E+01  0.1278720E+00  0.4587642E+01 -0.6651817E-01  0.3600560E+01 -0.1120327E+00  0.5120854E+01 -0.7630501E+00
 0.4562523E+01
 0.3700000E+01 -0.2054583E+00  0.4615560E+01  0.3430670E+00  0.6254645E+01  0.5062953E+00 -0.1349546E+01  0.1755292E-01  0.5979982E+01 -0.4411059E+00  0.5449689E+01  0.3197995E+00  0.2490662E+01  0.1292966E+00  0.4643704E+01 -0.6725338E-01  0.3652224E+01 -0.1126480E+00  0.5179565E+01 -0.7688172E+00
 0.4618303E+01
 0.3725000E+01 -0.2069076E+00  0.4671495E+01  0.3396898E+00  0.6318816E+01  0.5200545E+00 -0.1390867E+01  0.1710788E-01  0.6042764E+01 -0.4417762E+00  0.5509664E+01  0.3308438E+00  0.2538187E+01  0.1306884E+00  0.4699761E+01 -0.6791769E-01  0.3703884E+01 -0.1132432E+00  0.5238271E+01 -0.7742803E+00
 0.4674099E+01
 0.3750000E+01 -0.2082127E+00  0.4727425E+01  0.3365555E+00  0.6382988E+01  0.5333509E+00 -0.1432428E+01  0.1671898E-01  0.6105544E+01 -0.4424774E+00  0.5569639E+01  0.3411916E+00  0.2585718E+01  0.1320120E+00  0.4755812E+01 -0.6848052E-01  0.3755539E+01 -0.1138059E+00  0.5296972E+01 -0.7792371E+00
 0.4729918E+01
 0.3775000E+01 -0.2093288E+00  0.4783349E+01  0.3336895E+00  0.6447161E+01  0.5459696E+00 -0.1474206E+01  0.1638732E-01  0.6168321E+01 -0.4431979E+00  0.5629615E+01  0.3506252E+00  0.2633252E+01  0.1332370E+00  0.4811856E+01 -0.6891553E-01  0.3807188E+01 -0.1143264E+00  0.5355666E+01 -0.7835159E+00
 0.4785763E+01
 0.3800000E+01 -0.2102202E+00  0.4839265E+01  0.3311116E+00  0.6511335E+01  0.5577286E+00 -0.1516183E+01  0.1611314E-01  0.6231093E+01 -0.4439337E+00  0.5689594E+01  0.3589545E+00  0.2680789E+01  0.1343385E+00  0.4867891E+01 -0.6920097E-01  0.3858828E+01 -0.1147982E+00  0.5414351E+01 -0.7869787E+00
 0.4841640E+01
 0.3825000E+01 -0.2108602E+00  0.4895173E+01  0.3288359E+00  0.6575509E+01  0.5684756E+00 -0.1558340E+01  0.1589582E-01  0.6293861E+01 -0.4446874E+00  0.5749575E+01  0.3660188E+00  0.2728327E+01  0.1352978E+00  0.4923916E+01 -0.6931980E-01  0.3910460E+01 -0.1152180E+00  0.5473027E+01 -0.7895230E+00
 0.4897553E+01
 0.3850000E+01 -0.2112319E+00  0.4951072E+01  0.3268715E+00  0.6639684E+01  0.5780841E+00 -0.1600662E+01  0.1573397E-01  0.6356625E+01 -0.4454679E+00  0.5809559E+01  0.3716871E+00  0.2775866E+01  0.1361018E+00  0.4979931E+01 -0.6925974E-01  0.3962083E+01 -0.1155857E+00  0.5531693E+01 -0.7910818E+00
 0.4953506E+01
 0.3875000E+01 -0.2113278E+00  0.5006961E+01  0.3252236E+00  0.6703858E+01  0.5864891E+00 -0.1643129E+01  0.1562547E-01  0.6419385E+01 -0.4462897E+00  0.5869545E+01  0.3758431E+00  0.2823404E+01  0.1367436E+00  0.5035935E+01 -0.6901326E-01  0.4013695E+01 -0.1159040E+00  0.5590348E+01 -0.7916234E+00
 0.5009501E+01
 0.3900000E+01 -0.2111494E+00  0.5062840E+01  0.3238936E+00  0.6768033E+01  0.5936074E+00 -0.1685729E+01  0.1556755E-01  0.6482141E+01 -0.4471719E+00  0.5929534E+01  0.3784193E+00  0.2870941E+01  0.1372218E+00  0.5091928E+01 -0.6857766E-01  0.4065297E+01 -0.1161784E+00  0.5648993E+01 -0.7911509E+00
 0.5065541E+01
 0.3925000E+01 -0.2107073E+00  0.5118710E+01  0.3228808E+00  0.6832208E+01  0.5993743E+00 -0.1728449E+01  0.1555692E-01  0.6544893E+01 -0.4481378E+00  0.5989526E+01  0.3793800E+00  0.2918477E+01  0.1375409E+00  0.5147909E+01 -0.6795495E-01  0.4116887E+01 -0.1164166E+00  0.5707628E+01 -0.7897006E+00
 0.5121625E+01
 0.3950000E+01 -0.2100203E+00  0.5174569E+01  0.3221829E+00  0.6896383E+01  0.6037424E+00 -0.1771278E+01  0.1558983E-01  0.6607641E+01 -0.4492145E+00  0.6049521E+01  0.3787212E+00  0.2966010E+01  0.1377105E+00  0.5203878E+01 -0.6715177E-01  0.4168467E+01 -0.1166287E+00  0.5766253E+01 -0.7873396E+00
 0.5177754E+01
 0.3975000E+01 -0.2091148E+00  0.5230418E+01  0.3217968E+00  0.6960558E+01  0.6066797E+00 -0.1814206E+01  0.1566213E-01  0.6670387E+01 -0.4504324E+00  0.6109519E+01  0.3764716E+00  0.3013540E+01  0.1377448E+00  0.5259836E+01 -0.6617925E-01  0.4220035E+01 -0.1168268E+00  0.5824868E+01 -0.7841634E+00
 0.5233927E+01
 0.4000000E+01 -0.2080241E+00  0.5286258E+01  0.3217192E+00  0.7024733E+01  0.6081684E+00 -0.1857222E+01  0.1576942E-01  0.6733129E+01 -0.4518245E+00  0.6169519E+01  0.3726928E+00  0.3061068E+01  0.1376625E+00  0.5315783E+01 -0.6505289E-01  0.4271592E+01 -0.1170245E+00  0.5883475E+01 -0.7802932E+00
 0.5290142E+01
 0.4025000E+01 -0.2067879E+00  0.5342088E+01  0.3219468E+00  0.7088908E+01  0.6081923E+00 -0.1900322E+01  0.1590703E-01  0.6795870E+01 -0.4534261E+00  0.6229521E+01  0.3674836E+00  0.3108593E+01  0.1374860E+00  0.5371720E+01 -0.6379236E-01  0.4323138E+01 -0.1172367E+00  0.5942075E+01 -0.7758726E+00
 0.5346397E+01
 0.4050000E+01 -0.2054505E+00  0.5397911E+01  0.3224766E+00  0.7153082E+01  0.6067597E+00 -0.1943497E+01  0.1607012E-01  0.6858608E+01 -0.4552738E+00  0.6289526E+01  0.3609732E+00  0.3156114E+01  0.1372409E+00  0.5427647E+01 -0.6242136E-01  0.4374674E+01 -0.1174794E+00  0.6000668E+01 -0.7710638E+00
 0.5402687E+01
 0.4075000E+01 -0.2040598E+00  0.5453727E+01  0.3233050E+00  0.7217257E+01  0.6040079E+00 -0.1986740E+01  0.1625372E-01  0.6921345E+01 -0.4574042E+00  0.6349533E+01  0.3532346E+00  0.3203631E+01  0.1369548E+00  0.5483567E+01 -0.6096534E-01  0.4426200E+01 -0.1177689E+00  0.6059255E+01 -0.7660407E+00
 0.5459008E+01
 0.4100000E+01 -0.2026672E+00  0.5509536E+01  0.3244281E+00  0.7281431E+01  0.5999731E+00 -0.2030045E+01  0.1645272E-01  0.6984081E+01 -0.4598533E+00  0.6409541E+01  0.3444623E+00  0.3251142E+01  0.1366576E+00  0.5539480E+01 -0.5945524E-01  0.4477718E+01 -0.1181218E+00  0.6117838E+01 -0.7609899E+00
 0.5515355E+01
 0.4125000E+01 -0.2013256E+00  0.5565341E+01  0.3258402E+00  0.7345605E+01  0.5947026E+00 -0.2073406E+01  0.1666191E-01  0.7046816E+01 -0.4626545E+00  0.6469550E+01  0.3348861E+00  0.3298648E+01  0.1363798E+00  0.5595388E+01 -0.5792517E-01  0.4529228E+01 -0.1185543E+00  0.6176418E+01 -0.7561032E+00
 0.5571720E+01
 0.4150000E+01 -0.2000879E+00  0.5621143E+01  0.3275331E+00  0.7409779E+01  0.5882546E+00 -0.2116818E+01  0.1687597E-01  0.7109550E+01 -0.4658365E+00  0.6529560E+01  0.3247721E+00  0.3346148E+01  0.1361522E+00  0.5651293E+01 -0.5641188E-01  0.4580733E+01 -0.1190815E+00  0.6234996E+01 -0.7515713E+00
 0.5628097E+01
 0.4175000E+01 -0.1990049E+00  0.5676944E+01  0.3294944E+00  0.7473952E+01  0.5806975E+00 -0.2160277E+01  0.1708948E-01  0.7172284E+01 -0.4694209E+00  0.6589571E+01  0.3144216E+00  0.3393642E+01  0.1360041E+00  0.5707197E+01 -0.5495420E-01  0.4632235E+01 -0.1197166E+00  0.6293573E+01 -0.7475773E+00
 0.5684478E+01
 0.4200000E+01 -0.1981238E+00  0.5732744E+01  0.3317067E+00  0.7538125E+01  0.5721093E+00 -0.2203778E+01  0.1729693E-01  0.7235019E+01 -0.4734198E+00  0.6649582E+01  0.3041704E+00  0.3441130E+01  0.1359626E+00  0.5763101E+01 -0.5359214E-01  0.4683736E+01 -0.1204702E+00  0.6352150E+01 -0.7442895E+00
 0.5740855E+01
 0.4225000E+01 -0.1974855E+00  0.5788546E+01  0.3341454E+00  0.7602298E+01  0.5625776E+00 -0.2247317E+01  0.1749267E-01  0.7297753E+01 -0.4778331E+00  0.6709592E+01  0.2943845E+00  0.3488613E+01  0.1360507E+00  0.5819008E+01 -0.5236586E-01  0.4735240E+01 -0.1213493E+00  0.6410729E+01 -0.7418532E+00
 0.5797219E+01
 0.4250000E+01 -0.1971228E+00  0.5844352E+01  0.3367782E+00  0.7666471E+01  0.5521982E+00 -0.2290891E+01  0.1767098E-01  0.7360488E+01 -0.4826457E+00  0.6769601E+01  0.2854546E+00  0.3536092E+01  0.1362865E+00  0.5874920E+01 -0.5131423E-01  0.4786751E+01 -0.1223568E+00  0.6469310E+01 -0.7403827E+00
 0.5853563E+01
 0.4275000E+01 -0.1970572E+00  0.5900162E+01  0.3395633E+00  0.7730643E+01  0.5411031E+00 -0.2334494E+01  0.1782606E-01  0.7423224E+01 -0.4878251E+00  0.6829609E+01  0.2777644E+00  0.3583565E+01  0.1366809E+00  0.5930837E+01 -0.5047293E-01  0.4838271E+01 -0.1234902E+00  0.6527893E+01 -0.7399514E+00
 0.5909879E+01
 0.4300000E+01 -0.1972974E+00  0.5955978E+01  0.3424496E+00  0.7794814E+01  0.5294030E+00 -0.2378122E+01  0.1795207E-01  0.7485960E+01 -0.4933201E+00  0.6889615E+01  0.2717179E+00  0.3631033E+01  0.1372372E+00  0.5986762E+01 -0.4987276E-01  0.4889804E+01 -0.1247412E+00  0.6586480E+01 -0.7405857E+00
 0.5966160E+01
 0.4325000E+01 -0.1978373E+00  0.6011800E+01  0.3453759E+00  0.7858985E+01  0.5172152E+00 -0.2421773E+01  0.1804320E-01  0.7548697E+01 -0.4990596E+00  0.6949619E+01  0.2676982E+00  0.3678499E+01  0.1379489E+00  0.6042695E+01 -0.4953711E-01  0.4941354E+01 -0.1260956E+00  0.6645070E+01 -0.7422569E+00
 0.6022400E+01
 0.4350000E+01 -0.1986542E+00  0.6067630E+01  0.3482721E+00  0.7923156E+01  0.5046627E+00 -0.2465446E+01  0.1809376E-01  0.7611435E+01 -0.5049527E+00  0.7009620E+01  0.2660402E+00  0.3725963E+01  0.1387996E+00  0.6098638E+01 -0.4947970E-01  0.4992925E+01 -0.1275325E+00  0.6703664E+01 -0.7448773E+00
 0.6078596E+01
 0.4375000E+01 -0.1997089E+00  0.6123468E+01  0.3510604E+00  0.7987325E+01  0.4918735E+00 -0.2509137E+01  0.1809826E-01  0.7674173E+01 -0.5108906E+00  0.7069619E+01  0.2670012E+00  0.3773426E+01  0.1397627E+00  0.6154589E+01 -0.4970255E-01  0.5044517E+01 -0.1290252E+00  0.6762262E+01 -0.7482994E+00
 0.6134746E+01
 0.4400000E+01 -0.2009402E+00  0.6179312E+01  0.3536567E+00  0.8051494E+01  0.4793481E+00 -0.2552847E+01  0.1805150E-01  0.7736912E+01 -0.5167465E+00  0.7129616E+01  0.2699819E+00  0.3820884E+01  0.1407980E+00  0.6210550E+01 -0.5018047E-01  0.5096131E+01 -0.1305402E+00  0.6820864E+01 -0.7522974E+00
 0.6190851E+01
 0.4425000E+01 -0.2022829E+00  0.6235164E+01  0.3559750E+00  0.8115663E+01  0.4672204E+00 -0.2596574E+01  0.1794879E-01  0.7799652E+01 -0.5223874E+00  0.7189611E+01  0.2750181E+00  0.3868338E+01  0.1418627E+00  0.6266518E+01 -0.5089251E-01  0.5147767E+01 -0.1320422E+00  0.6879469E+01 -0.7566308E+00
 0.6246915E+01
 0.4450000E+01 -0.2036645E+00  0.6291022E+01  0.3579292E+00  0.8179830E+01  0.4556146E+00 -0.2640318E+01  0.1778605E-01  0.7862392E+01 -0.5276758E+00  0.7249604E+01  0.2820633E+00  0.3915790E+01  0.1429096E+00  0.6322495E+01 -0.5180886E-01  0.5199425E+01 -0.1334935E+00  0.6938076E+01 -0.7610347E+00
 0.6302941E+01
 0.4475000E+01 -0.2050095E+00  0.6346885E+01  0.3594371E+00  0.8243997E+01  0.4446416E+00 -0.2684076E+01  0.1755990E-01  0.7925133E+01 -0.5324758E+00  0.7309595E+01  0.2909911E+00  0.3963242E+01  0.1438901E+00  0.6378478E+01 -0.5289268E-01  0.5251103E+01 -0.1348564E+00  0.6996687E+01 -0.7652336E+00
 0.6358934E+01
 0.4500000E+01 -0.2062428E+00  0.6402754E+01  0.3604223E+00  0.8308163E+01  0.4343958E+00 -0.2727850E+01  0.1726776E-01  0.7987874E+01 -0.5366580E+00  0.7369586E+01  0.3016036E+00  0.4010693E+01  0.1447563E+00  0.6434467E+01 -0.5410243E-01  0.5302801E+01 -0.1360943E+00  0.7055300E+01 -0.7689564E+00
 0.6414899E+01
 0.4525000E+01 -0.2072942E+00  0.6458626E+01  0.3608173E+00  0.8372329E+01  0.4249517E+00 -0.2771637E+01  0.1690796E-01  0.8050616E+01 -0.5401043E+00  0.7429576E+01  0.3136453E+00  0.4058145E+01  0.1454633E+00  0.6490460E+01 -0.5539425E-01  0.5354516E+01 -0.1371734E+00  0.7113914E+01 -0.7719491E+00
 0.6470842E+01
 0.4550000E+01 -0.2081006E+00  0.6514503E+01  0.3605658E+00  0.8436494E+01  0.4163625E+00 -0.2815437E+01  0.1647975E-01  0.8113357E+01 -0.5427126E+00  0.7489566E+01  0.3268177E+00  0.4105597E+01  0.1459717E+00  0.6546457E+01 -0.5672433E-01  0.5406245E+01 -0.1380636E+00  0.7172531E+01 -0.7739859E+00
 0.6526769E+01
 0.4575000E+01 -0.2086087E+00  0.6570381E+01  0.3596245E+00  0.8500658E+01  0.4086586E+00 -0.2859249E+01  0.1598333E-01  0.8176099E+01 -0.5443997E+00  0.7549557E+01  0.3407965E+00  0.4153049E+01  0.1462486E+00  0.6602456E+01 -0.5805089E-01  0.5457985E+01 -0.1387402E+00  0.7231148E+01 -0.7748772E+00
 0.6582683E+01
 0.4600000E+01 -0.2087763E+00  0.6626262E+01  0.3579642E+00  0.8564821E+01  0.4018480E+00 -0.2903074E+01  0.1541989E-01  0.8238841E+01 -0.5451043E+00  0.7609548E+01  0.3552454E+00  0.4200502E+01  0.1462687E+00  0.6658457E+01 -0.5933576E-01  0.5509734E+01 -0.1391839E+00  0.7289766E+01 -0.7744752E+00
 0.6638590E+01
 0.4625000E+01 -0.2085734E+00  0.6682144E+01  0.3555714E+00  0.8628984E+01  0.3959180E+00 -0.2946911E+01  0.1479155E-01  0.8301583E+01 -0.5447890E+00  0.7669539E+01  0.3698295E+00  0.4247955E+01  0.1460151E+00  0.6714460E+01 -0.6054550E-01  0.5561489E+01 -0.1393818E+00  0.7348385E+01 -0.7726767E+00
 0.6694493E+01
 0.4650000E+01 -0.2079821E+00  0.6738027E+01  0.3524486E+00  0.8693147E+01  0.3909233E+00 -0.2990753E+01  0.1410134E-01  0.8364325E+01 -0.5434413E+00  0.7729531E+01  0.3841915E+00  0.4295408E+01  0.1454793E+00  0.6770462E+01 -0.6165178E-01  0.5613247E+01 -0.1393277E+00  0.7407004E+01 -0.7694240E+00
 0.6750395E+01
 0.4675000E+01 -0.2069974E+00  0.6793910E+01  0.3486147E+00  0.8757309E+01  0.3868178E+00 -0.3034601E+01  0.1335317E-01  0.8427067E+01 -0.5410744E+00  0.7789524E+01  0.3980332E+00  0.4342859E+01  0.1446616E+00  0.6826464E+01 -0.6263264E-01  0.5665004E+01 -0.1390219E+00  0.7465624E+01 -0.7647062E+00
 0.6806298E+01
 0.4700000E+01 -0.2056263E+00  0.6849794E+01  0.3441050E+00  0.8821470E+01  0.3835397E+00 -0.3078454E+01  0.1255174E-01  0.8489809E+01 -0.5377280E+00  0.7849518E+01  0.4110835E+00  0.4390311E+01  0.1435709E+00  0.6882466E+01 -0.6347222E-01  0.5716759E+01 -0.1384720E+00  0.7524243E+01 -0.7585574E+00
 0.6862204E+01
 0.4725000E+01 -0.2038877E+00  0.6905676E+01  0.3389709E+00  0.8885630E+01  0.3810156E+00 -0.3122311E+01  0.1170244E-01  0.8552551E+01 -0.5334672E+00  0.7909513E+01  0.4231027E+00  0.4437761E+01  0.1422242E+00  0.6938466E+01 -0.6416070E-01  0.5768510E+01 -0.1376920E+00  0.7582863E+01 -0.7510549E+00
 0.6918113E+01
 0.4750000E+01 -0.2018106E+00  0.6961558E+01  0.3332791E+00  0.8949790E+01  0.3793515E+00 -0.3166172E+01  0.1081132E-01  0.8615293E+01 -0.5283820E+00  0.7969509E+01  0.4336844E+00  0.4485213E+01  0.1406454E+00  0.6994465E+01 -0.6469202E-01  0.5820253E+01 -0.1367025E+00  0.7641482E+01 -0.7423133E+00
 0.6974027E+01
 0.4775000E+01 -0.1994354E+00  0.7017439E+01  0.3271111E+00  0.9013950E+01  0.3784080E+00 -0.3210040E+01  0.9884923E-02  0.8678034E+01 -0.5225873E+00  0.8029506E+01  0.4426946E+00  0.4532667E+01  0.1388670E+00  0.7050462E+01 -0.6506846E-01  0.5871988E+01 -0.1355307E+00  0.7700101E+01 -0.7324896E+00
 0.7029946E+01
 0.4800000E+01 -0.1968121E+00  0.7073319E+01  0.3205617E+00  0.9078109E+01  0.3780866E+00 -0.3253914E+01  0.8930221E-02  0.8740776E+01 -0.5162204E+00  0.8089504E+01  0.4500211E+00  0.4580123E+01  0.1369280E+00  0.7106458E+01 -0.6529745E-01  0.5923713E+01 -0.1342097E+00  0.7758720E+01 -0.7217752E+00
 0.7085871E+01
 0.4825000E+01 -0.1939991E+00  0.7129198E+01  0.3137379E+00  0.9142268E+01  0.3782896E+00 -0.3297794E+01  0.7954468E-02  0.8803517E+01 -0.5094393E+00  0.8149503E+01  0.4555905E+00  0.4627582E+01  0.1348735E+00  0.7162452E+01 -0.6539135E-01  0.5975427E+01 -0.1327780E+00  0.7817339E+01 -0.7103922E+00
 0.7141800E+01
 0.4850000E+01 -0.1910619E+00  0.7185075E+01  0.3067563E+00  0.9206426E+01  0.3789216E+00 -0.3341677E+01  0.6965072E-02  0.8866259E+01 -0.5024199E+00  0.8209502E+01  0.4593690E+00  0.4675045E+01  0.1327537E+00  0.7218445E+01 -0.6536695E-01  0.6027129E+01 -0.1312787E+00  0.7875957E+01 -0.6985889E+00
 0.7197735E+01
 0.4875000E+01 -0.1880717E+00  0.7240952E+01  0.2997411E+00  0.9270584E+01  0.3798903E+00 -0.3385565E+01  0.5969457E-02  0.8929000E+01 -0.4953524E+00  0.8269502E+01  0.4613627E+00  0.4722512E+01  0.1306231E+00  0.7274435E+01 -0.6524489E-01  0.6078819E+01 -0.1297590E+00  0.7934575E+01 -0.6866339E+00
 0.7253674E+01
 0.4900000E+01 -0.1851035E+00  0.7296827E+01  0.2928212E+00  0.9334741E+01  0.3811080E+00 -0.3429457E+01  0.4974921E-02  0.8991742E+01 -0.4884371E+00  0.8329503E+01  0.4616164E+00  0.4769986E+01  0.1285392E+00  0.7330424E+01 -0.6504905E-01  0.6130496E+01 -0.1282687E+00  0.7993193E+01 -0.6748095E+00
 0.7309618E+01
 0.4925000E+01 -0.1822343E+00  0.7352701E+01  0.2861268E+00  0.9398898E+01  0.3824915E+00 -0.3473352E+01  0.3988493E-02  0.9054483E+01 -0.4818795E+00  0.8389505E+01  0.4602115E+00  0.4817467E+01  0.1265609E+00  0.7386411E+01 -0.6480572E-01  0.6182161E+01 -0.1268589E+00  0.8051811E+01 -0.6634048E+00
 0.7365566E+01
 0.4950000E+01 -0.1795407E+00  0.7408573E+01  0.2797861E+00  0.9463055E+01  0.3839632E+00 -0.3517249E+01  0.3016800E-02  0.9117224E+01 -0.4758841E+00  0.8449507E+01  0.4572631E+00  0.4864956E+01  0.1247470E+00  0.7442397E+01 -0.6454271E-01  0.6233813E+01 -0.1255810E+00  0.8110428E+01 -0.6527064E+00
 0.7421518E+01
 0.4975000E+01 -0.1770961E+00  0.7464445E+01  0.2739206E+00  0.9527212E+01  0.3854506E+00 -0.3561149E+01  0.2065940E-02  0.9179965E+01 -0.4706482E+00  0.8509510E+01  0.4529153E+00  0.4912453E+01  0.1231543E+00  0.7498381E+01 -0.6428834E-01  0.6285453E+01 -0.1244841E+00  0.8169045E+01 -0.6429893E+00
 0.7477473E+01
 0.5000000E+01 -0.1749684E+00  0.7520315E+01  0.2686413E+00  0.9591368E+01  0.3868874E+00 -0.3605050E+01  0.1141380E-02  0.9242706E+01 -0.4663542E+00  0.8569513E+01  0.4473354E+00  0.4959959E+01  0.1218357E+00  0.7554363E+01 -0.6407031E-01  0.6337081E+01 -0.1236141E+00  0.8227662E+01 -0.6345066E+00
 0.7533431E+01
