 0.1140565E+01 -0.1823604E+00  0.2568457E-02
 0.1286497E+01 -0.3472080E-01  0.4206177E-01
 0.1333460E+01 -0.4032533E+00 -0.3330617E+00
 0.1431778E+01 -0.3258414E+00  0.1279150E+00
 0.1600782E+01 -0.2937000E+00 -0.5357956E-02
 0.1747421E+01 -0.7142448E-01 -0.2721224E-01
 0.1897544E+01 -0.4572405E-01 -0.5179362E-02
 0.1998497E+01 -0.9003445E-02 -0.7094084E-02
 0.2120572E+01  0.7856079E-02  0.3268038E-01
 0.2362553E+01 -0.6330084E-02 -0.1398750E-01
 0.4124872E+01 -0.2505389E-02 -0.1812261E-02
 0.4575802E+01 -0.1342414E-02  0.3542557E-02
 0.7967443E+01  0.3220636E-02  0.3856268E-02
 0.1132686E+02 -0.2496010E-02  0.7310143E-03
 0.1489186E+02 -0.3065064E-03 -0.6003383E-03
 0.1919120E+02  0.1846142E-03  0.9820737E-05
