 0.1427022E+02  0.3315044E-03  0.3647048E-03
 0.7662820E+01 -0.9514311E-04  0.3055012E-02
 0.9084666E+00  0.7357049E-01  0.1134356E+00
 0.1750166E+01  0.5493098E+00 -0.6357720E-01
 0.1653804E+01 -0.1488870E+01  0.9806631E+00
 0.1524840E+01  0.1776041E+01 -0.8637524E+01
 0.1430237E+01  0.1461263E+02  0.6569526E+01
 0.1362988E+01 -0.1370002E+02  0.1163259E+02
 0.1351547E+01  0.3889702E+01 -0.1141645E+02
 0.1514308E+01 -0.5234969E+01  0.2399254E+01
 0.1926709E+01 -0.6794703E-02  0.1312475E-01
 0.4000544E+01 -0.5702945E-02  0.3919923E-02
 0.1225562E+02  0.2260483E-03  0.5333203E-03
 0.1933753E+02 -0.1242595E-02  0.1882668E-03
 0.2628564E+02 -0.3243261E-03 -0.8013706E-03
 0.3319164E+02  0.7276505E-03 -0.1300777E-02
