 0.1000000E-01  0.8050065E+00
 0.2000000E-01  0.7975714E+00
 0.3000000E-01  0.7901986E+00
 0.4000000E-01  0.7828917E+00
 0.5000000E-01  0.7756547E+00
 0.6000000E-01  0.7684912E+00
 0.7000000E-01  0.7614050E+00
 0.8000000E-01  0.7543995E+00
 0.9000000E-01  0.7474786E+00
 0.1000000E+00  0.7406455E+00
 0.1100000E+00  0.7339039E+00
 0.1200000E+00  0.7272572E+00
 0.1300000E+00  0.7207086E+00
 0.1400000E+00  0.7142616E+00
 0.1500000E+00  0.7079192E+00
 0.1600000E+00  0.7016848E+00
 0.1700000E+00  0.6955614E+00
 0.1800000E+00  0.6895520E+00
 0.1900000E+00  0.6836598E+00
 0.2000000E+00  0.6778877E+00
 0.2100000E+00  0.6722389E+00
 0.2200000E+00  0.6667173E+00
 0.2300000E+00  0.6613276E+00
 0.2400000E+00  0.6560780E+00
 0.2500000E+00  0.6509836E+00
 0.2600000E+00  0.6460778E+00
 0.2700000E+00  0.6414330E+00
 0.2800000E+00  0.6372152E+00
 0.2900000E+00  0.6338015E+00
 0.3000000E+00  0.6320440E+00
 0.3100000E+00  0.6338437E+00
 0.3200000E+00  0.6434043E+00
 0.3300000E+00  0.6699168E+00
 0.3400000E+00  0.7332230E+00
 0.3500000E+00  0.8756551E+00
 0.3600000E+00  0.1186408E+01
 0.3700000E+00  0.1851086E+01
 0.3800000E+00  0.3251034E+01
 0.3900000E+00  0.6159927E+01
 0.4000000E+00  0.1212763E+02
 0.4100000E+00  0.2421974E+02
 0.4200000E+00  0.4842359E+02
 0.4300000E+00  0.9628653E+02
 0.4400000E+00  0.1898011E+03
 0.4500000E+00  0.3703342E+03
 0.4600000E+00  0.7147397E+03
 0.4700000E+00  0.1364062E+04
 0.4800000E+00  0.2574035E+04
 0.4900000E+00  0.4802816E+04
 0.5000000E+00  0.8861582E+04
 0.5100000E+00  0.1616989E+05
 0.5200000E+00  0.2918360E+05
 0.5300000E+00  0.5210371E+05
 0.5400000E+00  0.9203712E+05
 0.5500000E+00  0.1608762E+06
 0.5600000E+00  0.2783091E+06
 0.5700000E+00  0.4765902E+06
 0.5800000E+00  0.8080193E+06
 0.5900000E+00  0.1356550E+07
 0.6000000E+00  0.2255625E+07
 0.6100000E+00  0.3715317E+07
 0.6200000E+00  0.6063230E+07
 0.6300000E+00  0.9805584E+07
 0.6400000E+00  0.1571760E+08
 0.6500000E+00  0.2497613E+08
 0.6600000E+00  0.3935250E+08
 0.6700000E+00  0.6149077E+08
 0.6800000E+00  0.9530594E+08
 0.6900000E+00  0.1465493E+09
 0.7000000E+00  0.2236054E+09
 0.7100000E+00  0.3386069E+09
 0.7200000E+00  0.5089832E+09
 0.7300000E+00  0.7595983E+09
 0.7400000E+00  0.1125680E+10
 0.7500000E+00  0.1656812E+10
 0.7600000E+00  0.2422335E+10
 0.7700000E+00  0.3518621E+10
 0.7800000E+00  0.5078804E+10
 0.7900000E+00  0.7285734E+10
 0.8000000E+00  0.1038913E+11
 0.8100000E+00  0.1472816E+11
 0.8200000E+00  0.2076109E+11
 0.8300000E+00  0.2910391E+11
 0.8400000E+00  0.4058054E+11
 0.8500000E+00  0.5628783E+11
 0.8600000E+00  0.7767920E+11
 0.8700000E+00  0.1066721E+12
 0.8800000E+00  0.1457851E+12
 0.8900000E+00  0.1983132E+12
 0.9000000E+00  0.2685495E+12
 0.9100000E+00  0.3620666E+12
 0.9200000E+00  0.4860710E+12
 0.9300000E+00  0.6498493E+12
 0.9400000E+00  0.8653275E+12
 0.9500000E+00  0.1147771E+13
 0.9600000E+00  0.1516660E+13
 0.9700000E+00  0.1996772E+13
 0.9800000E+00  0.2619540E+13
 0.9900000E+00  0.3424722E+13
 0.1000000E+01  0.4462471E+13
 0.1010000E+01  0.5795897E+13
 0.1020000E+01  0.7504214E+13
 0.1030000E+01  0.9686616E+13
 0.1040000E+01  0.1246704E+14
 0.1050000E+01  0.1600000E+14
 0.1060000E+01  0.2047775E+14
 0.1070000E+01  0.2613901E+14
 0.1080000E+01  0.3327964E+14
 0.1090000E+01  0.4226570E+14
 0.1100000E+01  0.5354929E+14
 0.1110000E+01  0.6768789E+14
 0.1120000E+01  0.8536788E+14
 0.1130000E+01  0.1074330E+15
 0.1140000E+01  0.1349193E+15
 0.1150000E+01  0.1690967E+15
 0.1160000E+01  0.2115206E+15
 0.1170000E+01  0.2640929E+15
 0.1180000E+01  0.3291376E+15
 0.1190000E+01  0.4094906E+15
 0.1200000E+01  0.5086096E+15
 0.1210000E+01  0.6307059E+15
 0.1220000E+01  0.7809050E+15
 0.1230000E+01  0.9654388E+15
 0.1240000E+01  0.1191880E+16
 0.1250000E+01  0.1469421E+16
 0.1260000E+01  0.1809219E+16
 0.1270000E+01  0.2224799E+16
 0.1280000E+01  0.2732555E+16
 0.1290000E+01  0.3352342E+16
 0.1300000E+01  0.4108200E+16
 0.1310000E+01  0.5029220E+16
 0.1320000E+01  0.6150592E+16
 0.1330000E+01  0.7514869E+16
 0.1340000E+01  0.9173496E+16
 0.1350000E+01  0.1118864E+17
 0.1360000E+01  0.1363543E+17
 0.1370000E+01  0.1660460E+17
 0.1380000E+01  0.2020577E+17
 0.1390000E+01  0.2457133E+17
 0.1400000E+01  0.2986113E+17
 0.1410000E+01  0.3626824E+17
 0.1420000E+01  0.4402581E+17
 0.1430000E+01  0.5341537E+17
 0.1440000E+01  0.6477697E+17
 0.1450000E+01  0.7852133E+17
 0.1460000E+01  0.9514463E+17
 0.1470000E+01  0.1152464E+18
 0.1480000E+01  0.1395512E+18
 0.1490000E+01  0.1689349E+18
 0.1500000E+01  0.2044567E+18
 0.1510000E+01  0.2473977E+18
 0.1520000E+01  0.2993084E+18
 0.1530000E+01  0.3620655E+18
 0.1540000E+01  0.4379421E+18
 0.1550000E+01  0.5296926E+18
 0.1560000E+01  0.6406562E+18
 0.1570000E+01  0.7748837E+18
 0.1580000E+01  0.9372916E+18
 0.1590000E+01  0.1133852E+19
 0.1600000E+01  0.1371822E+19
 0.1610000E+01  0.1660031E+19
 0.1620000E+01  0.2009224E+19
 0.1630000E+01  0.2432494E+19
 0.1640000E+01  0.2945801E+19
 0.1650000E+01  0.3568628E+19
 0.1660000E+01  0.4324771E+19
 0.1670000E+01  0.5243328E+19
 0.1680000E+01  0.6359919E+19
 0.1690000E+01  0.7718192E+19
 0.1700000E+01  0.9371695E+19
 0.1710000E+01  0.1138620E+20
 0.1720000E+01  0.1384258E+20
 0.1730000E+01  0.1684045E+20
 0.1740000E+01  0.2050260E+20
 0.1750000E+01  0.2498067E+20
 0.1760000E+01  0.3046216E+20
 0.1770000E+01  0.3717924E+20
 0.1780000E+01  0.4541990E+20
 0.1790000E+01  0.5554188E+20
 0.1800000E+01  0.6799031E+20
 0.1810000E+01  0.8332006E+20
 0.1820000E+01  0.1022239E+21
 0.1830000E+01  0.1255686E+21
 0.1840000E+01  0.1544401E+21
 0.1850000E+01  0.1902025E+21
 0.1860000E+01  0.2345718E+21
 0.1870000E+01  0.2897115E+21
 0.1880000E+01  0.3583552E+21
 0.1890000E+01  0.4439642E+21
 0.1900000E+01  0.5509307E+21
 0.1910000E+01  0.6848414E+21
 0.1920000E+01  0.8528188E+21
 0.1930000E+01  0.1063965E+22
 0.1940000E+01  0.1329942E+22
 0.1950000E+01  0.1665727E+22
 0.1960000E+01  0.2090606E+22
 0.1970000E+01  0.2629481E+22
 0.1980000E+01  0.3314591E+22
 0.1990000E+01  0.4187788E+22
 0.2000000E+01  0.5303564E+22
 0.2010000E+01  0.6733065E+22
 0.2020000E+01  0.8569467E+22
 0.2030000E+01  0.1093516E+23
 0.2040000E+01  0.1399141E+23
 0.2050000E+01  0.1795138E+23
 0.2060000E+01  0.2309772E+23
 0.2070000E+01  0.2980650E+23
 0.2080000E+01  0.3857971E+23
 0.2090000E+01  0.5008974E+23
 0.2100000E+01  0.6524039E+23
 0.2110000E+01  0.8525075E+23
 0.2120000E+01  0.1117712E+24
 0.2130000E+01  0.1470444E+24
 0.2140000E+01  0.1941287E+24
 0.2150000E+01  0.2572116E+24
 0.2160000E+01  0.3420483E+24
 0.2170000E+01  0.4565804E+24
 0.2180000E+01  0.6118104E+24
 0.2190000E+01  0.8230443E+24
 0.2200000E+01  0.1111664E+25
 0.2210000E+01  0.1507665E+25
 0.2220000E+01  0.2053311E+25
 0.2230000E+01  0.2808415E+25
 0.2240000E+01  0.3858001E+25
 0.2250000E+01  0.5323489E+25
 0.2260000E+01  0.7379076E+25
 0.2270000E+01  0.1027587E+26
 0.2280000E+01  0.1437759E+26
 0.2290000E+01  0.2021365E+26
 0.2300000E+01  0.2855854E+26
 0.2310000E+01  0.4055101E+26
 0.2320000E+01  0.5787415E+26
 0.2330000E+01  0.8302883E+26
 0.2340000E+01  0.1197511E+27
 0.2350000E+01  0.1736534E+27
 0.2360000E+01  0.2532138E+27
 0.2370000E+01  0.3713141E+27
 0.2380000E+01  0.5476417E+27
 0.2390000E+01  0.8124662E+27
 0.2400000E+01  0.1212614E+28
 0.2410000E+01  0.1820982E+28
 0.2420000E+01  0.2751777E+28
 0.2430000E+01  0.4185113E+28
 0.2440000E+01  0.6406953E+28
 0.2450000E+01  0.9874452E+28
 0.2460000E+01  0.1532363E+29
 0.2470000E+01  0.2394802E+29
 0.2480000E+01  0.3769751E+29
 0.2490000E+01  0.5978185E+29
 0.2500000E+01  0.9552594E+29
 0.2510000E+01  0.1538343E+30
 0.2520000E+01  0.2497207E+30
 0.2530000E+01  0.4087097E+30
 0.2540000E+01  0.6745735E+30
 0.2550000E+01  0.1123040E+31
 0.2560000E+01  0.1886323E+31
 0.2570000E+01  0.3197363E+31
 0.2580000E+01  0.5470524E+31
 0.2590000E+01  0.9449994E+31
 0.2600000E+01  0.1648553E+32
 0.2610000E+01  0.2905090E+32
 0.2620000E+01  0.5172440E+32
 0.2630000E+01  0.9307904E+32
 0.2640000E+01  0.1693145E+33
 0.2650000E+01  0.3114669E+33
 0.2660000E+01  0.5794131E+33
 0.2670000E+01  0.1090439E+34
 0.2680000E+01  0.2076126E+34
 0.2690000E+01  0.4001667E+34
 0.2700000E+01  0.7808291E+34
 0.2710000E+01  0.1541792E+35
 0.2720000E+01  0.3083150E+35
 0.2730000E+01  0.6240603E+35
 0.2740000E+01  0.1278899E+36
 0.2750000E+01  0.2655451E+36
 0.2760000E+01  0.5578686E+36
 0.2770000E+01  0.1188076E+37
 0.2780000E+01  0.2561093E+37
 0.2790000E+01  0.5582221E+37
 0.2800000E+01  0.1233025E+38
 0.2810000E+01  0.2753722E+38
 0.2820000E+01  0.6244784E+38
 0.2830000E+01  0.1429662E+39
 0.2840000E+01  0.3307140E+39
 0.2850000E+01  0.7734445E+39
 0.2860000E+01  0.1826872E+40
 0.2870000E+01  0.4361208E+40
 0.2880000E+01  0.1050774E+41
 0.2890000E+01  0.2555764E+41
 0.2900000E+01  0.6243823E+41
 0.2910000E+01  0.1537355E+42
 0.2920000E+01  0.3818869E+42
 0.2930000E+01  0.9526962E+42
 0.2940000E+01  0.2391012E+43
 0.2950000E+01  0.6030078E+43
 0.2960000E+01  0.1524874E+44
 0.2970000E+01  0.3873240E+44
 0.2980000E+01  0.9863984E+44
 0.2990000E+01  0.2512800E+45
 0.3000000E+01  0.6395976E+45
 0.3010000E+01  0.1628920E+46
 0.3020000E+01  0.4143869E+46
 0.3030000E+01  0.1051986E+47
 0.3040000E+01  0.2663773E+47
 0.3050000E+01  0.6721682E+47
 0.3060000E+01  0.1689409E+48
 0.3070000E+01  0.4224873E+48
 0.3080000E+01  0.1050870E+49
 0.3090000E+01  0.2598152E+49
 0.3100000E+01  0.6380702E+49
 0.3110000E+01  0.1555635E+50
 0.3120000E+01  0.3763661E+50
 0.3130000E+01  0.9030546E+50
 0.3140000E+01  0.2147989E+51
 0.3150000E+01  0.5062840E+51
 0.3160000E+01  0.1182081E+52
 0.3170000E+01  0.2732830E+52
 0.3180000E+01  0.6253934E+52
 0.3190000E+01  0.1416259E+53
 0.3200000E+01  0.3173067E+53
 0.3210000E+01  0.7031674E+53
 0.3220000E+01  0.1540991E+54
 0.3230000E+01  0.3339102E+54
 0.3240000E+01  0.7153007E+54
 0.3250000E+01  0.1514709E+55
 0.3260000E+01  0.3170407E+55
 0.3270000E+01  0.6558736E+55
 0.3280000E+01  0.1341002E+56
 0.3290000E+01  0.2709790E+56
 0.3300000E+01  0.5411798E+56
 0.3310000E+01  0.1068214E+57
 0.3320000E+01  0.2084034E+57
 0.3330000E+01  0.4018893E+57
 0.3340000E+01  0.7661196E+57
 0.3350000E+01  0.1443823E+58
 0.3360000E+01  0.2690314E+58
 0.3370000E+01  0.4956943E+58
 0.3380000E+01  0.9032363E+58
 0.3390000E+01  0.1627887E+59
 0.3400000E+01  0.2902321E+59
 0.3410000E+01  0.5119543E+59
 0.3420000E+01  0.8936161E+59
 0.3430000E+01  0.1543749E+60
 0.3440000E+01  0.2639874E+60
 0.3450000E+01  0.4469371E+60
 0.3460000E+01  0.7492811E+60
 0.3470000E+01  0.1244107E+61
 0.3480000E+01  0.2046285E+61
 0.3490000E+01  0.3334659E+61
 0.3500000E+01  0.5385126E+61
 0.3510000E+01  0.8619502E+61
 0.3520000E+01  0.1367708E+62
 0.3530000E+01  0.2151850E+62
 0.3540000E+01  0.3357542E+62
 0.3550000E+01  0.5196416E+62
 0.3560000E+01  0.7978873E+62
 0.3570000E+01  0.1215671E+63
 0.3580000E+01  0.1838266E+63
 0.3590000E+01  0.2759297E+63
 0.3600000E+01  0.4112121E+63
 0.3610000E+01  0.6085396E+63
 0.3620000E+01  0.8944267E+63
 0.3630000E+01  0.1305900E+64
 0.3640000E+01  0.1894346E+64
 0.3650000E+01  0.2730658E+64
 0.3660000E+01  0.3912068E+64
 0.3670000E+01  0.5571191E+64
 0.3680000E+01  0.7887924E+64
 0.3690000E+01  0.1110502E+65
 0.3700000E+01  0.1554839E+65
 0.3710000E+01  0.2165346E+65
 0.3720000E+01  0.2999924E+65
 0.3730000E+01  0.4135211E+65
 0.3740000E+01  0.5672207E+65
 0.3750000E+01  0.7743449E+65
 0.3760000E+01  0.1052215E+66
 0.3770000E+01  0.1423379E+66
 0.3780000E+01  0.1917079E+66
 0.3790000E+01  0.2571097E+66
 0.3800000E+01  0.3434080E+66
 0.3810000E+01  0.4568455E+66
 0.3820000E+01  0.6054068E+66
 0.3830000E+01  0.7992727E+66
 0.3840000E+01  0.1051386E+67
 0.3850000E+01  0.1378153E+67
 0.3860000E+01  0.1800313E+67
 0.3870000E+01  0.2344013E+67
 0.3880000E+01  0.3042136E+67
 0.3890000E+01  0.3935935E+67
 0.3900000E+01  0.5077041E+67
 0.3910000E+01  0.6529935E+67
 0.3920000E+01  0.8374972E+67
 0.3930000E+01  0.1071209E+68
 0.3940000E+01  0.1366532E+68
 0.3950000E+01  0.1738835E+68
 0.3960000E+01  0.2207126E+68
 0.3970000E+01  0.2794873E+68
 0.3980000E+01  0.3531004E+68
 0.3990000E+01  0.4451128E+68
 0.4000000E+01  0.5599009E+68
 0.4010000E+01  0.7028361E+68
 0.4020000E+01  0.8805027E+68
 0.4030000E+01  0.1100962E+69
 0.4040000E+01  0.1374070E+69
 0.4050000E+01  0.1711869E+69
 0.4060000E+01  0.2129049E+69
 0.4070000E+01  0.2643520E+69
 0.4080000E+01  0.3277095E+69
 0.4090000E+01  0.4056315E+69
 0.4100000E+01  0.5013450E+69
 0.4110000E+01  0.6187707E+69
 0.4120000E+01  0.7626683E+69
 0.4130000E+01  0.9388129E+69
 0.4140000E+01  0.1154207E+70
 0.4150000E+01  0.1417335E+70
 0.4160000E+01  0.1738477E+70
 0.4170000E+01  0.2130074E+70
 0.4180000E+01  0.2607185E+70
 0.4190000E+01  0.3188023E+70
 0.4200000E+01  0.3894615E+70
 0.4210000E+01  0.4753587E+70
 0.4220000E+01  0.5797121E+70
 0.4230000E+01  0.7064098E+70
 0.4240000E+01  0.8601493E+70
 0.4250000E+01  0.1046605E+71
 0.4260000E+01  0.1272629E+71
 0.4270000E+01  0.1546498E+71
 0.4280000E+01  0.1878208E+71
 0.4290000E+01  0.2279828E+71
 0.4300000E+01  0.2765937E+71
 0.4310000E+01  0.3354142E+71
 0.4320000E+01  0.4065713E+71
 0.4330000E+01  0.4926346E+71
 0.4340000E+01  0.5967092E+71
 0.4350000E+01  0.7225481E+71
 0.4360000E+01  0.8746886E+71
 0.4370000E+01  0.1058618E+72
 0.4380000E+01  0.1280974E+72
 0.4390000E+01  0.1549791E+72
 0.4400000E+01  0.1874794E+72
 0.4410000E+01  0.2267765E+72
 0.4420000E+01  0.2742982E+72
 0.4430000E+01  0.3317756E+72
 0.4440000E+01  0.4013089E+72
 0.4450000E+01  0.4854478E+72
 0.4460000E+01  0.5872894E+72
 0.4470000E+01  0.7105988E+72
 0.4480000E+01  0.8599559E+72
 0.4490000E+01  0.1040937E+73
 0.4500000E+01  0.1260336E+73
 0.4510000E+01  0.1526438E+73
 0.4520000E+01  0.1849357E+73
 0.4530000E+01  0.2241451E+73
 0.4540000E+01  0.2717833E+73
 0.4550000E+01  0.3297006E+73
 0.4560000E+01  0.4001649E+73
 0.4570000E+01  0.4859593E+73
 0.4580000E+01  0.5905026E+73
 0.4590000E+01  0.7180007E+73
 0.4600000E+01  0.8736335E+73
 0.4610000E+01  0.1063790E+74
 0.4620000E+01  0.1296361E+74
 0.4630000E+01  0.1581105E+74
 0.4640000E+01  0.1930113E+74
 0.4650000E+01  0.2358384E+74
 0.4660000E+01  0.2884556E+74
 0.4670000E+01  0.3531829E+74
 0.4680000E+01  0.4329131E+74
 0.4690000E+01  0.5312594E+74
 0.4700000E+01  0.6527436E+74
 0.4710000E+01  0.8030346E+74
 0.4720000E+01  0.9892537E+74
 0.4730000E+01  0.1220365E+75
 0.4740000E+01  0.1507674E+75
 0.4750000E+01  0.1865471E+75
 0.4760000E+01  0.2311860E+75
 0.4770000E+01  0.2869823E+75
 0.4780000E+01  0.3568607E+75
 0.4790000E+01  0.4445516E+75
 0.4800000E+01  0.5548248E+75
 0.4810000E+01  0.6937941E+75
 0.4820000E+01  0.8693162E+75
 0.4830000E+01  0.1091514E+76
 0.4840000E+01  0.1373463E+76
 0.4850000E+01  0.1732105E+76
 0.4860000E+01  0.2189442E+76
 0.4870000E+01  0.2774140E+76
 0.4880000E+01  0.3523651E+76
 0.4890000E+01  0.4487052E+76
 0.4900000E+01  0.5728851E+76
 0.4910000E+01  0.7334101E+76
 0.4920000E+01  0.9415303E+76
 0.4930000E+01  0.1212174E+77
 0.4940000E+01  0.1565217E+77
 0.4950000E+01  0.2027209E+77
 0.4960000E+01  0.2633740E+77
 0.4970000E+01  0.3432683E+77
 0.4980000E+01  0.4488664E+77
 0.4990000E+01  0.5889240E+77
 0.5000000E+01  0.7753480E+77
 0.5010000E+01  0.1024391E+78
 0.5020000E+01  0.1358323E+78
 0.5030000E+01  0.1807780E+78
 0.5040000E+01  0.2415070E+78
 0.5050000E+01  0.3238862E+78
 0.5060000E+01  0.4360848E+78
 0.5070000E+01  0.5895249E+78
 0.5080000E+01  0.8002461E+78
 0.5090000E+01  0.1090869E+79
 0.5100000E+01  0.1493439E+79
 0.5110000E+01  0.2053552E+79
 0.5120000E+01  0.2836391E+79
 0.5130000E+01  0.3935567E+79
 0.5140000E+01  0.5486166E+79
 0.5150000E+01  0.7684062E+79
 0.5160000E+01  0.1081468E+80
 0.5170000E+01  0.1529602E+80
 0.5180000E+01  0.2174340E+80
 0.5190000E+01  0.3106733E+80
 0.5200000E+01  0.4462229E+80
 0.5210000E+01  0.6443424E+80
 0.5220000E+01  0.9355029E+80
 0.5230000E+01  0.1365794E+81
 0.5240000E+01  0.2005332E+81
 0.5250000E+01  0.2961422E+81
 0.5260000E+01  0.4399264E+81
 0.5270000E+01  0.6574775E+81
 0.5280000E+01  0.9886902E+81
 0.5290000E+01  0.1496159E+82
 0.5300000E+01  0.2278743E+82
 0.5310000E+01  0.3493639E+82
 0.5320000E+01  0.5392536E+82
 0.5330000E+01  0.8381287E+82
 0.5340000E+01  0.1311910E+83
 0.5350000E+01  0.2068472E+83
 0.5360000E+01  0.3285687E+83
 0.5370000E+01  0.5259163E+83
 0.5380000E+01  0.8484127E+83
 0.5390000E+01  0.1379702E+84
 0.5400000E+01  0.2262265E+84
 0.5410000E+01  0.3740913E+84
 0.5420000E+01  0.6240038E+84
 0.5430000E+01  0.1050205E+85
 0.5440000E+01  0.1783754E+85
 0.5450000E+01  0.3058281E+85
 0.5460000E+01  0.5294296E+85
 0.5470000E+01  0.9256204E+85
 0.5480000E+01  0.1634819E+86
 0.5490000E+01  0.2917569E+86
 0.5500000E+01  0.5262462E+86
 0.5510000E+01  0.9596401E+86
 0.5520000E+01  0.1769584E+87
 0.5530000E+01  0.3300281E+87
 0.5540000E+01  0.6226683E+87
 0.5550000E+01  0.1188763E+88
 0.5560000E+01  0.2296555E+88
 0.5570000E+01  0.4491552E+88
 0.5580000E+01  0.8896491E+88
 0.5590000E+01  0.1783371E+89
 0.5600000E+01  0.3619658E+89
 0.5610000E+01  0.7445911E+89
 0.5620000E+01  0.1550420E+90
 0.5630000E+01  0.3270233E+90
 0.5640000E+01  0.6987566E+90
 0.5650000E+01  0.1512633E+91
 0.5660000E+01  0.3310710E+91
 0.5670000E+01  0.7334325E+91
 0.5680000E+01  0.1646457E+92
 0.5690000E+01  0.3740226E+92
 0.5700000E+01  0.8574880E+92
 0.5710000E+01  0.1991457E+93
 0.5720000E+01  0.4666253E+93
 0.5730000E+01  0.1104172E+94
 0.5740000E+01  0.2637799E+94
 0.5750000E+01  0.6362640E+94
 0.5760000E+01  0.1548924E+95
 0.5770000E+01  0.3801027E+95
 0.5780000E+01  0.9365442E+95
 0.5790000E+01  0.2329715E+96
 0.5800000E+01  0.5830028E+96
 0.5810000E+01  0.1466553E+97
 0.5820000E+01  0.3705790E+97
 0.5830000E+01  0.9395617E+97
 0.5840000E+01  0.2383241E+98
 0.5850000E+01  0.6066399E+98
 0.5860000E+01  0.1544455E+99
 0.5870000E+01  0.3934722E+99
 0.5880000E+01  0.1001714+100
 0.5890000E+01  0.2547587+100
 0.5900000E+01  0.6464644+100
 0.5910000E+01  0.1635540+101
 0.5920000E+01  0.4123761+101
 0.5930000E+01  0.1035056+102
 0.5940000E+01  0.2585491+102
 0.5950000E+01  0.6422029+102
 0.5960000E+01  0.1585158+103
 0.5970000E+01  0.3886694+103
 0.5980000E+01  0.9460746+103
 0.5990000E+01  0.2284729+104
 0.6000000E+01  0.5472007+104
 0.6010000E+01  0.1299028+105
 0.6020000E+01  0.3055558+105
 0.6030000E+01  0.7118868+105
 0.6040000E+01  0.1642135+106
 0.6050000E+01  0.3749314+106
 0.6060000E+01  0.8470927+106
 0.6070000E+01  0.1893330+107
 0.6080000E+01  0.4185491+107
 0.6090000E+01  0.9149751+107
 0.6100000E+01  0.1977646+108
 0.6110000E+01  0.4225770+108
 0.6120000E+01  0.8925571+108
 0.6130000E+01  0.1863395+109
 0.6140000E+01  0.3844933+109
 0.6150000E+01  0.7841039+109
 0.6160000E+01  0.1580360+110
 0.6170000E+01  0.3148035+110
 0.6180000E+01  0.6197798+110
 0.6190000E+01  0.1206063+111
 0.6200000E+01  0.2319874+111
 0.6210000E+01  0.4411184+111
 0.6220000E+01  0.8292446+111
 0.6230000E+01  0.1541319+112
 0.6240000E+01  0.2832931+112
 0.6250000E+01  0.5149543+112
 0.6260000E+01  0.9258707+112
 0.6270000E+01  0.1646815+113
 0.6280000E+01  0.2898136+113
 0.6290000E+01  0.5047108+113
 0.6300000E+01  0.8699388+113
 0.6310000E+01  0.1484335+114
 0.6320000E+01  0.2507550+114
 0.6330000E+01  0.4194880+114
 0.6340000E+01  0.6950596+114
 0.6350000E+01  0.1140874+115
 0.6360000E+01  0.1855448+115
 0.6370000E+01  0.2990453+115
 0.6380000E+01  0.4777332+115
 0.6390000E+01  0.7566186+115
 0.6400000E+01  0.1188214+116
 0.6410000E+01  0.1850636+116
 0.6420000E+01  0.2859161+116
 0.6430000E+01  0.4382578+116
 0.6440000E+01  0.6666155+116
 0.6450000E+01  0.1006368+117
 0.6460000E+01  0.1508181+117
 0.6470000E+01  0.2244113+117
 0.6480000E+01  0.3315956+117
 0.6490000E+01  0.4866567+117
 0.6500000E+01  0.7095165+117
 0.6510000E+01  0.1027787+118
 0.6520000E+01  0.1479511+118
 0.6530000E+01  0.2116802+118
 0.6540000E+01  0.3010653+118
 0.6550000E+01  0.4257251+118
 0.6560000E+01  0.5986249+118
 0.6570000E+01  0.8371524+118
 0.6580000E+01  0.1164514+119
 0.6590000E+01  0.1611535+119
 0.6600000E+01  0.2218979+119
 0.6610000E+01  0.3040515+119
 0.6620000E+01  0.4146506+119
 0.6630000E+01  0.5628829+119
 0.6640000E+01  0.7606986+119
 0.6650000E+01  0.1023582+120
 0.6660000E+01  0.1371526+120
 0.6670000E+01  0.1830252+120
 0.6680000E+01  0.2432741+120
 0.6690000E+01  0.3221153+120
 0.6700000E+01  0.4249204+120
 0.6710000E+01  0.5585140+120
 0.6720000E+01  0.7315416+120
 0.6730000E+01  0.9549256+120
 0.6740000E+01  0.1242429+121
 0.6750000E+01  0.1611350+121
 0.6760000E+01  0.2083379+121
 0.6770000E+01  0.2685652+121
 0.6780000E+01  0.3452037+121
 0.6790000E+01  0.4424725+121
 0.6800000E+01  0.5656164+121
 0.6810000E+01  0.7211426+121
 0.6820000E+01  0.9171101+121
 0.6830000E+01  0.1163482+122
 0.6840000E+01  0.1472557+122
 0.6850000E+01  0.1859487+122
 0.6860000E+01  0.2342920+122
 0.6870000E+01  0.2945766+122
 0.6880000E+01  0.3696135+122
 0.6890000E+01  0.4628477+122
 0.6900000E+01  0.5784955+122
 0.6910000E+01  0.7217115+122
 0.6920000E+01  0.8987903+122
 0.6930000E+01  0.1117411+123
 0.6940000E+01  0.1386934+123
 0.6950000E+01  0.1718754+123
 0.6960000E+01  0.2126737+123
 0.6970000E+01  0.2627736+123
 0.6980000E+01  0.3242227+123
 0.6990000E+01  0.3995060+123
 0.7000000E+01  0.4916385+123
 0.7010000E+01  0.6042754+123
 0.7020000E+01  0.7418453+123
 0.7030000E+01  0.9097122+123
 0.7040000E+01  0.1114369+124
 0.7050000E+01  0.1363672+124
 0.7060000E+01  0.1667125+124
 0.7070000E+01  0.2036218+124
 0.7080000E+01  0.2484842+124
 0.7090000E+01  0.3029783+124
 0.7100000E+01  0.3691322+124
 0.7110000E+01  0.4493962+124
 0.7120000E+01  0.5467296+124
 0.7130000E+01  0.6647069+124
 0.7140000E+01  0.8076446+124
 0.7150000E+01  0.9807557+124
 0.7160000E+01  0.1190336+125
 0.7170000E+01  0.1443989+125
 0.7180000E+01  0.1750898+125
 0.7190000E+01  0.2122157+125
 0.7200000E+01  0.2571171+125
 0.7210000E+01  0.3114137+125
 0.7220000E+01  0.3770633+125
 0.7230000E+01  0.4564332+125
 0.7240000E+01  0.5523860+125
 0.7250000E+01  0.6683857+125
 0.7260000E+01  0.8086242+125
 0.7270000E+01  0.9781777+125
 0.7280000E+01  0.1183195+126
 0.7290000E+01  0.1431130+126
 0.7300000E+01  0.1731018+126
 0.7310000E+01  0.2093827+126
 0.7320000E+01  0.2532871+126
 0.7330000E+01  0.3064326+126
 0.7340000E+01  0.3707858+126
 0.7350000E+01  0.4487397+126
 0.7360000E+01  0.5432078+126
 0.7370000E+01  0.6577412+126
 0.7380000E+01  0.7966712+126
 0.7390000E+01  0.9652858+126
 0.7400000E+01  0.1170047+127
 0.7410000E+01  0.1418861+127
 0.7420000E+01  0.1721409+127
 0.7430000E+01  0.2089560+127
 0.7440000E+01  0.2537882+127
 0.7450000E+01  0.3084277+127
 0.7460000E+01  0.3750774+127
 0.7470000E+01  0.4564513+127
 0.7480000E+01  0.5558975+127
 0.7490000E+01  0.6775527+127
 0.7500000E+01  0.8265350+127
 0.7510000E+01  0.1009187+128
 0.7520000E+01  0.1233378+128
 0.7530000E+01  0.1508895+128
 0.7540000E+01  0.1847921+128
 0.7550000E+01  0.2265653+128
 0.7560000E+01  0.2781082+128
 0.7570000E+01  0.3417983+128
 0.7580000E+01  0.4206174+128
 0.7590000E+01  0.5183131+128
 0.7600000E+01  0.6396047+128
 0.7610000E+01  0.7904473+128
 0.7620000E+01  0.9783716+128
 0.7630000E+01  0.1212922+129
 0.7640000E+01  0.1506222+129
 0.7650000E+01  0.1873706+129
 0.7660000E+01  0.2335074+129
 0.7670000E+01  0.2915524+129
 0.7680000E+01  0.3647377+129
 0.7690000E+01  0.4572186+129
 0.7700000E+01  0.5743525+129
 0.7710000E+01  0.7230640+129
 0.7720000E+01  0.9123287+129
 0.7730000E+01  0.1153813+130
 0.7740000E+01  0.1462725+130
 0.7750000E+01  0.1858947+130
 0.7760000E+01  0.2368550+130
 0.7770000E+01  0.3025826+130
 0.7780000E+01  0.3876019+130
 0.7790000E+01  0.4979018+130
 0.7800000E+01  0.6414348+130
 0.7810000E+01  0.8287966+130
 0.7820000E+01  0.1074152+131
 0.7830000E+01  0.1396503+131
 0.7840000E+01  0.1821429+131
 0.7850000E+01  0.2383489+131
 0.7860000E+01  0.3129543+131
 0.7870000E+01  0.4123366+131
 0.7880000E+01  0.5452084+131
 0.7890000E+01  0.7235184+131
 0.7900000E+01  0.9637173+131
 0.7910000E+01  0.1288545+132
 0.7920000E+01  0.1729562+132
 0.7930000E+01  0.2330756+132
 0.7940000E+01  0.3153684+132
 0.7950000E+01  0.4284874+132
 0.7960000E+01  0.5846474+132
 0.7970000E+01  0.8011683+132
 0.7980000E+01  0.1102721+133
 0.7990000E+01  0.1524607+133
 0.8000000E+01  0.2117580+133
