 0.10000E-02  0.10001E+01 -0.27387E-17
 0.20000E-02  0.10001E+01  0.70298E-17
 0.30000E-02  0.10002E+01  0.84728E-17
 0.40000E-02  0.10002E+01 -0.25583E-17
 0.50000E-02  0.10003E+01 -0.40260E-17
 0.60000E-02  0.10003E+01  0.35830E-17
 0.70000E-02  0.10004E+01  0.27669E-17
 0.80000E-02  0.10005E+01  0.67918E-17
 0.90000E-02  0.10005E+01  0.35298E-17
 0.10000E-01  0.10006E+01 -0.21501E-17
 0.11000E-01  0.10006E+01  0.26485E-17
 0.12000E-01  0.10007E+01 -0.15613E-17
 0.13000E-01  0.10007E+01  0.17294E-17
 0.14000E-01  0.10008E+01 -0.12339E-16
 0.15000E-01  0.10008E+01  0.93273E-17
 0.16000E-01  0.10009E+01 -0.23716E-17
 0.17000E-01  0.10010E+01  0.62023E-17
 0.18000E-01  0.10010E+01 -0.38502E-17
 0.19000E-01  0.10011E+01 -0.37657E-17
 0.20000E-01  0.10011E+01 -0.49390E-17
 0.21000E-01  0.10012E+01 -0.10783E-16
 0.22000E-01  0.10012E+01 -0.10559E-16
 0.23000E-01  0.10013E+01 -0.32966E-17
 0.24000E-01  0.10014E+01  0.96139E-17
 0.25000E-01  0.10014E+01 -0.45646E-17
 0.26000E-01  0.10015E+01 -0.95614E-17
 0.27000E-01  0.10015E+01  0.95607E-18
 0.28000E-01  0.10016E+01  0.46941E-17
 0.29000E-01  0.10016E+01 -0.44604E-17
 0.30000E-01  0.10017E+01  0.19503E-17
 0.31000E-01  0.10017E+01 -0.81640E-17
 0.32000E-01  0.10018E+01  0.41861E-17
 0.33000E-01  0.10019E+01  0.69345E-17
 0.34000E-01  0.10019E+01 -0.20208E-17
 0.35000E-01  0.10020E+01  0.44874E-17
 0.36000E-01  0.10020E+01  0.14667E-17
 0.37000E-01  0.10021E+01  0.10107E-17
 0.38000E-01  0.10021E+01  0.41335E-17
 0.39000E-01  0.10022E+01  0.44176E-17
 0.40000E-01  0.10023E+01 -0.72974E-17
 0.41000E-01  0.10023E+01 -0.36728E-17
 0.42000E-01  0.10024E+01 -0.72995E-17
 0.43000E-01  0.10024E+01  0.96882E-18
 0.44000E-01  0.10025E+01 -0.65224E-17
 0.45000E-01  0.10025E+01  0.33433E-17
 0.46000E-01  0.10026E+01  0.26368E-17
 0.47000E-01  0.10027E+01 -0.36772E-17
 0.48000E-01  0.10027E+01  0.34124E-18
 0.49000E-01  0.10028E+01  0.48066E-17
 0.50000E-01  0.10028E+01 -0.67671E-18
 0.51000E-01  0.10029E+01 -0.29674E-17
 0.52000E-01  0.10029E+01 -0.48645E-17
 0.53000E-01  0.10030E+01  0.66029E-17
 0.54000E-01  0.10030E+01 -0.77988E-17
 0.55000E-01  0.10031E+01 -0.15308E-17
 0.56000E-01  0.10032E+01  0.29366E-17
 0.57000E-01  0.10032E+01  0.33578E-17
 0.58000E-01  0.10033E+01  0.13315E-16
 0.59000E-01  0.10033E+01  0.13662E-17
 0.60000E-01  0.10034E+01  0.25745E-17
 0.61000E-01  0.10034E+01  0.67805E-18
 0.62000E-01  0.10035E+01 -0.30932E-17
 0.63000E-01  0.10036E+01 -0.64741E-17
 0.64000E-01  0.10036E+01  0.90539E-17
 0.65000E-01  0.10037E+01 -0.14063E-16
 0.66000E-01  0.10037E+01  0.11312E-16
 0.67000E-01  0.10038E+01 -0.70515E-17
 0.68000E-01  0.10038E+01 -0.30010E-17
 0.69000E-01  0.10039E+01  0.20410E-17
 0.70000E-01  0.10040E+01 -0.38891E-17
 0.71000E-01  0.10040E+01  0.76921E-17
 0.72000E-01  0.10041E+01  0.56450E-17
 0.73000E-01  0.10041E+01 -0.13133E-16
 0.74000E-01  0.10042E+01 -0.14340E-17
 0.75000E-01  0.10042E+01  0.68797E-17
 0.76000E-01  0.10043E+01 -0.56811E-17
 0.77000E-01  0.10044E+01 -0.47317E-17
 0.78000E-01  0.10044E+01 -0.33352E-17
 0.79000E-01  0.10045E+01  0.58370E-17
 0.80000E-01  0.10045E+01 -0.53473E-17
 0.81000E-01  0.10046E+01 -0.12894E-16
 0.82000E-01  0.10046E+01 -0.28507E-17
 0.83000E-01  0.10047E+01  0.57332E-17
 0.84000E-01  0.10048E+01 -0.51116E-17
 0.85000E-01  0.10048E+01  0.37285E-17
 0.86000E-01  0.10049E+01  0.10214E-16
 0.87000E-01  0.10049E+01  0.54345E-17
 0.88000E-01  0.10050E+01  0.98951E-17
 0.89000E-01  0.10050E+01  0.10140E-16
 0.90000E-01  0.10051E+01 -0.13076E-17
 0.91000E-01  0.10052E+01 -0.14643E-17
 0.92000E-01  0.10052E+01 -0.48410E-17
 0.93000E-01  0.10053E+01 -0.53672E-17
 0.94000E-01  0.10053E+01  0.84983E-17
 0.95000E-01  0.10054E+01 -0.13143E-17
 0.96000E-01  0.10055E+01 -0.25326E-18
 0.97000E-01  0.10055E+01 -0.17720E-17
 0.98000E-01  0.10056E+01 -0.10301E-17
 0.99000E-01  0.10056E+01  0.12199E-16
 0.10000E+00  0.10057E+01 -0.23896E-17
 0.10100E+00  0.10057E+01  0.40531E-17
 0.10200E+00  0.10058E+01  0.33864E-17
 0.10300E+00  0.10059E+01  0.58923E-17
 0.10400E+00  0.10059E+01  0.57475E-18
 0.10500E+00  0.10060E+01  0.60314E-17
 0.10600E+00  0.10060E+01 -0.89812E-18
 0.10700E+00  0.10061E+01 -0.39250E-18
 0.10800E+00  0.10061E+01  0.93619E-17
 0.10900E+00  0.10062E+01  0.51485E-17
 0.11000E+00  0.10063E+01  0.34975E-17
 0.11100E+00  0.10063E+01 -0.57879E-17
 0.11200E+00  0.10064E+01  0.29805E-17
 0.11300E+00  0.10064E+01  0.18859E-17
 0.11400E+00  0.10065E+01 -0.16509E-17
 0.11500E+00  0.10066E+01 -0.48179E-17
 0.11600E+00  0.10066E+01  0.78146E-17
 0.11700E+00  0.10067E+01 -0.26408E-17
 0.11800E+00  0.10067E+01  0.82645E-17
 0.11900E+00  0.10068E+01 -0.46042E-17
 0.12000E+00  0.10068E+01 -0.25740E-17
 0.12100E+00  0.10069E+01  0.20552E-17
 0.12200E+00  0.10070E+01 -0.58844E-17
 0.12300E+00  0.10070E+01  0.67806E-18
 0.12400E+00  0.10071E+01 -0.86977E-17
 0.12500E+00  0.10071E+01 -0.10527E-16
 0.12600E+00  0.10072E+01  0.21123E-17
 0.12700E+00  0.10073E+01  0.32945E-17
 0.12800E+00  0.10073E+01  0.23372E-17
 0.12900E+00  0.10074E+01 -0.80069E-17
 0.13000E+00  0.10074E+01  0.49361E-17
 0.13100E+00  0.10075E+01 -0.10442E-16
 0.13200E+00  0.10075E+01 -0.82869E-17
 0.13300E+00  0.10076E+01  0.19926E-17
 0.13400E+00  0.10077E+01  0.24970E-17
 0.13500E+00  0.10077E+01  0.56433E-17
 0.13600E+00  0.10078E+01  0.82755E-18
 0.13700E+00  0.10078E+01  0.10231E-16
 0.13800E+00  0.10079E+01 -0.11101E-16
 0.13900E+00  0.10080E+01 -0.39230E-17
 0.14000E+00  0.10080E+01 -0.41801E-17
 0.14100E+00  0.10081E+01 -0.77451E-17
 0.14200E+00  0.10081E+01 -0.10634E-16
 0.14300E+00  0.10082E+01 -0.46858E-17
 0.14400E+00  0.10083E+01  0.14778E-17
 0.14500E+00  0.10083E+01 -0.21209E-17
 0.14600E+00  0.10084E+01  0.28687E-17
 0.14700E+00  0.10084E+01  0.36212E-17
 0.14800E+00  0.10085E+01  0.44830E-17
 0.14900E+00  0.10085E+01 -0.51832E-17
 0.15000E+00  0.10086E+01 -0.16316E-16
 0.15100E+00  0.10087E+01  0.10481E-16
 0.15200E+00  0.10087E+01 -0.30282E-17
 0.15300E+00  0.10088E+01 -0.76110E-17
 0.15400E+00  0.10088E+01 -0.57539E-17
 0.15500E+00  0.10089E+01 -0.60836E-17
 0.15600E+00  0.10090E+01  0.97154E-18
 0.15700E+00  0.10090E+01 -0.10207E-16
 0.15800E+00  0.10091E+01 -0.84181E-17
 0.15900E+00  0.10091E+01 -0.14576E-17
 0.16000E+00  0.10092E+01 -0.11595E-16
 0.16100E+00  0.10093E+01  0.52646E-17
 0.16200E+00  0.10093E+01 -0.88296E-19
 0.16300E+00  0.10094E+01 -0.32033E-18
 0.16400E+00  0.10094E+01  0.99171E-19
 0.16500E+00  0.10095E+01 -0.58336E-17
 0.16600E+00  0.10096E+01 -0.54875E-18
 0.16700E+00  0.10096E+01 -0.19035E-18
 0.16800E+00  0.10097E+01  0.72862E-17
 0.16900E+00  0.10097E+01 -0.70350E-17
 0.17000E+00  0.10098E+01  0.77382E-17
 0.17100E+00  0.10099E+01 -0.13195E-18
 0.17200E+00  0.10099E+01 -0.62728E-17
 0.17300E+00  0.10100E+01  0.53109E-17
 0.17400E+00  0.10100E+01  0.10702E-17
 0.17500E+00  0.10101E+01 -0.88444E-17
 0.17600E+00  0.10102E+01 -0.71562E-19
 0.17700E+00  0.10102E+01  0.64335E-17
 0.17800E+00  0.10103E+01  0.17514E-17
 0.17900E+00  0.10103E+01  0.95364E-18
 0.18000E+00  0.10104E+01 -0.49217E-17
 0.18100E+00  0.10105E+01  0.69420E-17
 0.18200E+00  0.10105E+01 -0.75964E-17
 0.18300E+00  0.10106E+01  0.76250E-17
 0.18400E+00  0.10106E+01  0.21112E-17
 0.18500E+00  0.10107E+01  0.24107E-17
 0.18600E+00  0.10108E+01  0.72607E-17
 0.18700E+00  0.10108E+01  0.13914E-17
 0.18800E+00  0.10109E+01  0.70227E-17
 0.18900E+00  0.10109E+01  0.10612E-16
 0.19000E+00  0.10110E+01  0.56887E-17
 0.19100E+00  0.10111E+01  0.25517E-17
 0.19200E+00  0.10111E+01 -0.65937E-17
 0.19300E+00  0.10112E+01  0.70867E-17
 0.19400E+00  0.10112E+01  0.17021E-17
 0.19500E+00  0.10113E+01 -0.86275E-17
 0.19600E+00  0.10114E+01 -0.35378E-17
 0.19700E+00  0.10114E+01 -0.86153E-17
 0.19800E+00  0.10115E+01  0.94242E-17
 0.19900E+00  0.10116E+01 -0.42648E-17
 0.20000E+00  0.10116E+01 -0.89482E-17
 0.20100E+00  0.10117E+01  0.11712E-17
 0.20200E+00  0.10117E+01  0.22284E-18
 0.20300E+00  0.10118E+01  0.32909E-17
 0.20400E+00  0.10119E+01 -0.55196E-17
 0.20500E+00  0.10119E+01 -0.44164E-17
 0.20600E+00  0.10120E+01  0.28776E-18
 0.20700E+00  0.10120E+01  0.36538E-17
 0.20800E+00  0.10121E+01  0.55325E-17
 0.20900E+00  0.10122E+01  0.77398E-17
 0.21000E+00  0.10122E+01 -0.65949E-18
 0.21100E+00  0.10123E+01 -0.12098E-16
 0.21200E+00  0.10124E+01  0.21005E-17
 0.21300E+00  0.10124E+01  0.45837E-17
 0.21400E+00  0.10125E+01  0.21238E-17
 0.21500E+00  0.10125E+01 -0.55763E-17
 0.21600E+00  0.10126E+01 -0.17056E-17
 0.21700E+00  0.10127E+01 -0.41997E-17
 0.21800E+00  0.10127E+01  0.59297E-17
 0.21900E+00  0.10128E+01  0.29686E-17
 0.22000E+00  0.10128E+01 -0.14192E-16
 0.22100E+00  0.10129E+01 -0.19511E-18
 0.22200E+00  0.10130E+01  0.69874E-18
 0.22300E+00  0.10130E+01  0.24144E-17
 0.22400E+00  0.10131E+01 -0.72912E-17
 0.22500E+00  0.10132E+01  0.22446E-17
 0.22600E+00  0.10132E+01  0.79071E-17
 0.22700E+00  0.10133E+01 -0.27173E-17
 0.22800E+00  0.10133E+01  0.20898E-17
 0.22900E+00  0.10134E+01  0.37489E-17
 0.23000E+00  0.10135E+01 -0.15411E-17
 0.23100E+00  0.10135E+01 -0.89219E-17
 0.23200E+00  0.10136E+01  0.45033E-17
 0.23300E+00  0.10137E+01  0.88639E-17
 0.23400E+00  0.10137E+01  0.42097E-17
 0.23500E+00  0.10138E+01  0.70935E-17
 0.23600E+00  0.10138E+01 -0.12045E-16
 0.23700E+00  0.10139E+01 -0.29190E-17
 0.23800E+00  0.10140E+01  0.69834E-17
 0.23900E+00  0.10140E+01 -0.83961E-17
 0.24000E+00  0.10141E+01 -0.13888E-17
 0.24100E+00  0.10142E+01  0.27678E-17
 0.24200E+00  0.10142E+01  0.11310E-16
 0.24300E+00  0.10143E+01 -0.26386E-17
 0.24400E+00  0.10143E+01  0.35622E-17
 0.24500E+00  0.10144E+01 -0.12061E-16
 0.24600E+00  0.10145E+01 -0.43316E-17
 0.24700E+00  0.10145E+01  0.10613E-16
 0.24800E+00  0.10146E+01  0.90432E-17
 0.24900E+00  0.10147E+01 -0.18213E-17
 0.25000E+00  0.10147E+01  0.89618E-17
 0.25100E+00  0.10148E+01 -0.23243E-17
 0.25200E+00  0.10149E+01  0.50919E-17
 0.25300E+00  0.10149E+01 -0.14592E-17
 0.25400E+00  0.10150E+01  0.10312E-16
 0.25500E+00  0.10150E+01 -0.28307E-17
 0.25600E+00  0.10151E+01 -0.63913E-17
 0.25700E+00  0.10152E+01 -0.25888E-17
 0.25800E+00  0.10152E+01 -0.47625E-17
 0.25900E+00  0.10153E+01  0.14551E-16
 0.26000E+00  0.10154E+01  0.13396E-16
 0.26100E+00  0.10154E+01  0.74765E-17
 0.26200E+00  0.10155E+01  0.11218E-16
 0.26300E+00  0.10155E+01  0.18868E-17
 0.26400E+00  0.10156E+01  0.49578E-17
 0.26500E+00  0.10157E+01  0.37110E-17
 0.26600E+00  0.10157E+01 -0.60116E-17
 0.26700E+00  0.10158E+01  0.12978E-16
 0.26800E+00  0.10159E+01  0.11190E-16
 0.26900E+00  0.10159E+01  0.16345E-17
 0.27000E+00  0.10160E+01  0.45121E-17
 0.27100E+00  0.10161E+01  0.31821E-17
 0.27200E+00  0.10161E+01  0.11420E-16
 0.27300E+00  0.10162E+01  0.22814E-17
 0.27400E+00  0.10163E+01 -0.63819E-17
 0.27500E+00  0.10163E+01  0.25018E-17
 0.27600E+00  0.10164E+01 -0.37706E-17
 0.27700E+00  0.10164E+01  0.26754E-17
 0.27800E+00  0.10165E+01 -0.93124E-17
 0.27900E+00  0.10166E+01  0.42308E-17
 0.28000E+00  0.10166E+01 -0.68058E-18
 0.28100E+00  0.10167E+01 -0.33868E-18
 0.28200E+00  0.10168E+01 -0.48502E-17
 0.28300E+00  0.10168E+01 -0.12318E-18
 0.28400E+00  0.10169E+01  0.73280E-17
 0.28500E+00  0.10170E+01  0.97080E-17
 0.28600E+00  0.10170E+01 -0.45145E-17
 0.28700E+00  0.10171E+01 -0.43976E-17
 0.28800E+00  0.10172E+01 -0.25935E-17
 0.28900E+00  0.10172E+01  0.61152E-17
 0.29000E+00  0.10173E+01 -0.93040E-17
 0.29100E+00  0.10173E+01  0.80698E-17
 0.29200E+00  0.10174E+01  0.15320E-17
 0.29300E+00  0.10175E+01 -0.26431E-17
 0.29400E+00  0.10175E+01  0.69947E-17
 0.29500E+00  0.10176E+01  0.44697E-17
 0.29600E+00  0.10177E+01  0.64012E-17
 0.29700E+00  0.10177E+01  0.34977E-18
 0.29800E+00  0.10178E+01 -0.67871E-17
 0.29900E+00  0.10179E+01  0.47046E-17
 0.30000E+00  0.10179E+01 -0.13614E-17
 0.30100E+00  0.10180E+01  0.64769E-17
 0.30200E+00  0.10181E+01  0.17613E-17
 0.30300E+00  0.10181E+01 -0.63402E-17
 0.30400E+00  0.10182E+01  0.51669E-17
 0.30500E+00  0.10183E+01 -0.82481E-17
 0.30600E+00  0.10183E+01 -0.76203E-17
 0.30700E+00  0.10184E+01  0.86447E-19
 0.30800E+00  0.10185E+01  0.15526E-17
 0.30900E+00  0.10185E+01  0.14231E-16
 0.31000E+00  0.10186E+01 -0.45471E-17
 0.31100E+00  0.10187E+01  0.68094E-17
 0.31200E+00  0.10187E+01 -0.81529E-17
 0.31300E+00  0.10188E+01  0.54729E-17
 0.31400E+00  0.10189E+01  0.30234E-17
 0.31500E+00  0.10189E+01 -0.35986E-17
 0.31600E+00  0.10190E+01 -0.54965E-18
 0.31700E+00  0.10190E+01 -0.35523E-17
 0.31800E+00  0.10191E+01 -0.94327E-18
 0.31900E+00  0.10192E+01  0.38353E-17
 0.32000E+00  0.10192E+01  0.75070E-17
 0.32100E+00  0.10193E+01 -0.15003E-17
 0.32200E+00  0.10194E+01 -0.32086E-17
 0.32300E+00  0.10194E+01  0.11626E-16
 0.32400E+00  0.10195E+01 -0.21105E-17
 0.32500E+00  0.10196E+01  0.91481E-17
 0.32600E+00  0.10196E+01 -0.15171E-18
 0.32700E+00  0.10197E+01 -0.74663E-17
 0.32800E+00  0.10198E+01 -0.22260E-17
 0.32900E+00  0.10198E+01 -0.43833E-17
 0.33000E+00  0.10199E+01  0.43081E-17
 0.33100E+00  0.10200E+01  0.17172E-17
 0.33200E+00  0.10200E+01 -0.42358E-18
 0.33300E+00  0.10201E+01 -0.13476E-18
 0.33400E+00  0.10202E+01  0.77141E-18
 0.33500E+00  0.10202E+01  0.15523E-17
 0.33600E+00  0.10203E+01 -0.23751E-18
 0.33700E+00  0.10204E+01 -0.27691E-18
 0.33800E+00  0.10204E+01  0.70599E-18
 0.33900E+00  0.10205E+01 -0.92309E-17
 0.34000E+00  0.10206E+01  0.44049E-17
 0.34100E+00  0.10206E+01 -0.23623E-17
 0.34200E+00  0.10207E+01  0.40757E-17
 0.34300E+00  0.10208E+01 -0.68089E-17
 0.34400E+00  0.10208E+01 -0.17786E-17
 0.34500E+00  0.10209E+01  0.12541E-17
 0.34600E+00  0.10210E+01 -0.52452E-17
 0.34700E+00  0.10210E+01 -0.26894E-17
 0.34800E+00  0.10211E+01  0.44066E-18
 0.34900E+00  0.10212E+01 -0.20286E-17
 0.35000E+00  0.10212E+01  0.34888E-17
 0.35100E+00  0.10213E+01  0.36243E-17
 0.35200E+00  0.10214E+01  0.28607E-17
 0.35300E+00  0.10214E+01 -0.26556E-17
 0.35400E+00  0.10215E+01 -0.16145E-17
 0.35500E+00  0.10216E+01 -0.81693E-17
 0.35600E+00  0.10216E+01 -0.11741E-16
 0.35700E+00  0.10217E+01 -0.22366E-17
 0.35800E+00  0.10218E+01 -0.15664E-17
 0.35900E+00  0.10218E+01  0.44181E-17
 0.36000E+00  0.10219E+01 -0.29814E-17
 0.36100E+00  0.10220E+01  0.56529E-17
 0.36200E+00  0.10220E+01  0.57488E-17
 0.36300E+00  0.10221E+01 -0.35569E-17
 0.36400E+00  0.10222E+01 -0.10259E-16
 0.36500E+00  0.10223E+01 -0.10420E-17
 0.36600E+00  0.10223E+01 -0.12538E-16
 0.36700E+00  0.10224E+01  0.77213E-17
 0.36800E+00  0.10225E+01 -0.91920E-17
 0.36900E+00  0.10225E+01 -0.58533E-17
 0.37000E+00  0.10226E+01 -0.31505E-17
 0.37100E+00  0.10227E+01  0.65019E-17
 0.37200E+00  0.10227E+01 -0.14255E-17
 0.37300E+00  0.10228E+01  0.10517E-16
 0.37400E+00  0.10229E+01 -0.30743E-17
 0.37500E+00  0.10229E+01 -0.18462E-17
 0.37600E+00  0.10230E+01 -0.63338E-17
 0.37700E+00  0.10231E+01  0.26537E-17
 0.37800E+00  0.10231E+01 -0.58671E-17
 0.37900E+00  0.10232E+01 -0.24300E-17
 0.38000E+00  0.10233E+01  0.37978E-17
 0.38100E+00  0.10233E+01  0.26283E-17
 0.38200E+00  0.10234E+01  0.71973E-18
 0.38300E+00  0.10235E+01 -0.26986E-17
 0.38400E+00  0.10235E+01 -0.64961E-17
 0.38500E+00  0.10236E+01 -0.23187E-18
 0.38600E+00  0.10237E+01 -0.25205E-17
 0.38700E+00  0.10237E+01  0.59976E-17
 0.38800E+00  0.10238E+01  0.38858E-18
 0.38900E+00  0.10239E+01  0.35777E-17
 0.39000E+00  0.10239E+01  0.36271E-17
 0.39100E+00  0.10240E+01 -0.37261E-17
 0.39200E+00  0.10241E+01  0.54216E-17
 0.39300E+00  0.10241E+01 -0.13008E-17
 0.39400E+00  0.10242E+01 -0.11914E-16
 0.39500E+00  0.10243E+01  0.36736E-17
 0.39600E+00  0.10244E+01 -0.32383E-17
 0.39700E+00  0.10244E+01  0.18099E-17
 0.39800E+00  0.10245E+01  0.69557E-17
 0.39900E+00  0.10246E+01 -0.63344E-17
 0.40000E+00  0.10246E+01 -0.91954E-18
 0.40100E+00  0.10247E+01 -0.56513E-18
 0.40200E+00  0.10248E+01 -0.24205E-17
 0.40300E+00  0.10248E+01  0.80524E-17
 0.40400E+00  0.10249E+01 -0.34049E-17
 0.40500E+00  0.10250E+01  0.74658E-17
 0.40600E+00  0.10250E+01  0.31133E-17
 0.40700E+00  0.10251E+01  0.46681E-17
 0.40800E+00  0.10252E+01  0.29051E-17
 0.40900E+00  0.10252E+01 -0.68362E-17
 0.41000E+00  0.10253E+01 -0.53558E-17
 0.41100E+00  0.10254E+01  0.77344E-17
 0.41200E+00  0.10254E+01  0.41695E-17
 0.41300E+00  0.10255E+01  0.12095E-16
 0.41400E+00  0.10256E+01  0.12074E-16
 0.41500E+00  0.10256E+01 -0.44591E-17
 0.41600E+00  0.10257E+01 -0.78942E-17
 0.41700E+00  0.10258E+01  0.74223E-17
 0.41800E+00  0.10259E+01 -0.91359E-18
 0.41900E+00  0.10259E+01 -0.83681E-17
 0.42000E+00  0.10260E+01  0.45312E-17
 0.42100E+00  0.10261E+01 -0.72930E-17
 0.42200E+00  0.10261E+01  0.29564E-17
 0.42300E+00  0.10262E+01  0.84588E-18
 0.42400E+00  0.10263E+01  0.14435E-17
 0.42500E+00  0.10263E+01  0.23390E-16
 0.42600E+00  0.10264E+01  0.27827E-17
 0.42700E+00  0.10265E+01 -0.21746E-17
 0.42800E+00  0.10265E+01  0.46574E-18
 0.42900E+00  0.10266E+01 -0.52492E-17
 0.43000E+00  0.10267E+01 -0.56300E-17
 0.43100E+00  0.10267E+01 -0.69556E-17
 0.43200E+00  0.10268E+01 -0.74045E-18
 0.43300E+00  0.10269E+01 -0.33869E-17
 0.43400E+00  0.10269E+01 -0.18903E-17
 0.43500E+00  0.10270E+01  0.26609E-17
 0.43600E+00  0.10271E+01 -0.57589E-17
 0.43700E+00  0.10272E+01 -0.27809E-18
 0.43800E+00  0.10272E+01  0.57127E-17
 0.43900E+00  0.10273E+01  0.78724E-17
 0.44000E+00  0.10274E+01 -0.42015E-17
 0.44100E+00  0.10274E+01 -0.76295E-18
 0.44200E+00  0.10275E+01  0.37815E-17
 0.44300E+00  0.10276E+01 -0.55996E-18
 0.44400E+00  0.10276E+01 -0.37909E-17
 0.44500E+00  0.10277E+01 -0.72046E-17
 0.44600E+00  0.10278E+01 -0.27681E-17
 0.44700E+00  0.10278E+01 -0.16650E-17
 0.44800E+00  0.10279E+01 -0.43602E-17
 0.44900E+00  0.10280E+01  0.35453E-17
 0.45000E+00  0.10280E+01 -0.25050E-17
 0.45100E+00  0.10281E+01 -0.66820E-17
 0.45200E+00  0.10282E+01 -0.79439E-17
 0.45300E+00  0.10282E+01 -0.14262E-16
 0.45400E+00  0.10283E+01 -0.18449E-16
 0.45500E+00  0.10284E+01 -0.58591E-17
 0.45600E+00  0.10285E+01 -0.54802E-17
 0.45700E+00  0.10285E+01  0.15562E-17
 0.45800E+00  0.10286E+01  0.80888E-19
 0.45900E+00  0.10287E+01 -0.14238E-16
 0.46000E+00  0.10287E+01 -0.52621E-17
 0.46100E+00  0.10288E+01  0.13641E-16
 0.46200E+00  0.10289E+01 -0.37712E-17
 0.46300E+00  0.10289E+01 -0.59987E-17
 0.46400E+00  0.10290E+01  0.10082E-16
 0.46500E+00  0.10291E+01 -0.42797E-17
 0.46600E+00  0.10291E+01  0.12171E-16
 0.46700E+00  0.10292E+01 -0.78991E-17
 0.46800E+00  0.10293E+01  0.16940E-16
 0.46900E+00  0.10293E+01 -0.11092E-16
 0.47000E+00  0.10294E+01  0.99422E-17
 0.47100E+00  0.10295E+01 -0.10660E-16
 0.47200E+00  0.10295E+01  0.40024E-18
 0.47300E+00  0.10296E+01 -0.45927E-17
 0.47400E+00  0.10297E+01  0.46507E-17
 0.47500E+00  0.10297E+01 -0.45400E-17
 0.47600E+00  0.10298E+01 -0.60693E-17
 0.47700E+00  0.10299E+01 -0.31371E-17
 0.47800E+00  0.10299E+01 -0.12494E-16
 0.47900E+00  0.10300E+01  0.15724E-16
 0.48000E+00  0.10301E+01  0.77385E-17
 0.48100E+00  0.10302E+01  0.39875E-17
 0.48200E+00  0.10302E+01  0.10926E-16
 0.48300E+00  0.10303E+01 -0.42188E-17
 0.48400E+00  0.10304E+01  0.53672E-18
 0.48500E+00  0.10304E+01 -0.14987E-16
 0.48600E+00  0.10305E+01  0.41708E-17
 0.48700E+00  0.10306E+01 -0.12042E-16
 0.48800E+00  0.10306E+01  0.10429E-16
 0.48900E+00  0.10307E+01  0.36071E-17
 0.49000E+00  0.10308E+01  0.12348E-18
 0.49100E+00  0.10308E+01 -0.12738E-16
 0.49200E+00  0.10309E+01 -0.91565E-17
 0.49300E+00  0.10310E+01 -0.80772E-17
 0.49400E+00  0.10310E+01 -0.19388E-17
 0.49500E+00  0.10311E+01  0.56210E-17
 0.49600E+00  0.10312E+01 -0.14337E-17
 0.49700E+00  0.10312E+01  0.33504E-17
 0.49800E+00  0.10313E+01  0.65854E-18
 0.49900E+00  0.10314E+01 -0.73374E-17
 0.50000E+00  0.10314E+01 -0.28819E-17
 0.50100E+00  0.10315E+01 -0.91970E-18
 0.50200E+00  0.10316E+01 -0.36029E-17
 0.50300E+00  0.10316E+01 -0.16599E-17
 0.50400E+00  0.10317E+01  0.59343E-18
 0.50500E+00  0.10318E+01 -0.23588E-17
 0.50600E+00  0.10318E+01  0.88738E-17
 0.50700E+00  0.10319E+01 -0.51124E-17
 0.50800E+00  0.10320E+01 -0.31692E-17
 0.50900E+00  0.10320E+01 -0.43080E-17
 0.51000E+00  0.10321E+01  0.35045E-18
 0.51100E+00  0.10322E+01 -0.33450E-17
 0.51200E+00  0.10322E+01 -0.31029E-17
 0.51300E+00  0.10323E+01 -0.52267E-17
 0.51400E+00  0.10324E+01  0.10472E-16
 0.51500E+00  0.10324E+01 -0.49427E-18
 0.51600E+00  0.10325E+01 -0.29495E-17
 0.51700E+00  0.10326E+01 -0.20099E-17
 0.51800E+00  0.10326E+01  0.13567E-18
 0.51900E+00  0.10327E+01 -0.26129E-17
 0.52000E+00  0.10328E+01  0.11030E-17
 0.52100E+00  0.10328E+01 -0.10297E-17
 0.52200E+00  0.10329E+01  0.18206E-17
 0.52300E+00  0.10330E+01 -0.48647E-17
 0.52400E+00  0.10330E+01  0.77608E-18
 0.52500E+00  0.10331E+01  0.99667E-18
 0.52600E+00  0.10331E+01  0.22155E-17
 0.52700E+00  0.10332E+01 -0.61966E-18
 0.52800E+00  0.10333E+01  0.13651E-17
 0.52900E+00  0.10333E+01  0.16986E-17
 0.53000E+00  0.10334E+01  0.23210E-18
 0.53100E+00  0.10335E+01  0.10549E-17
 0.53200E+00  0.10335E+01  0.22223E-17
 0.53300E+00  0.10336E+01  0.30725E-18
 0.53400E+00  0.10337E+01  0.30684E-17
 0.53500E+00  0.10337E+01  0.27161E-17
 0.53600E+00  0.10338E+01  0.93984E-19
 0.53700E+00  0.10339E+01 -0.36670E-17
 0.53800E+00  0.10339E+01 -0.33450E-17
 0.53900E+00  0.10340E+01 -0.29356E-17
 0.54000E+00  0.10341E+01  0.25009E-17
 0.54100E+00  0.10341E+01  0.85328E-17
 0.54200E+00  0.10342E+01  0.52849E-18
 0.54300E+00  0.10342E+01 -0.36508E-17
 0.54400E+00  0.10343E+01 -0.32746E-18
 0.54500E+00  0.10344E+01 -0.25129E-17
 0.54600E+00  0.10344E+01 -0.23575E-17
 0.54700E+00  0.10345E+01 -0.14437E-17
 0.54800E+00  0.10346E+01  0.69677E-18
 0.54900E+00  0.10346E+01  0.59758E-17
 0.55000E+00  0.10347E+01  0.22327E-17
 0.55100E+00  0.10348E+01  0.20475E-17
 0.55200E+00  0.10348E+01  0.49639E-17
 0.55300E+00  0.10349E+01 -0.54365E-17
 0.55400E+00  0.10349E+01  0.12394E-17
 0.55500E+00  0.10350E+01 -0.32093E-17
 0.55600E+00  0.10351E+01  0.28175E-17
 0.55700E+00  0.10351E+01 -0.37861E-17
 0.55800E+00  0.10352E+01  0.29752E-17
 0.55900E+00  0.10353E+01 -0.50729E-17
 0.56000E+00  0.10353E+01  0.23533E-17
 0.56100E+00  0.10354E+01 -0.73270E-17
 0.56200E+00  0.10354E+01  0.14388E-17
 0.56300E+00  0.10355E+01 -0.20277E-17
 0.56400E+00  0.10356E+01 -0.52823E-18
 0.56500E+00  0.10356E+01  0.18164E-17
 0.56600E+00  0.10357E+01 -0.51739E-17
 0.56700E+00  0.10358E+01 -0.43644E-18
 0.56800E+00  0.10358E+01 -0.45477E-17
 0.56900E+00  0.10359E+01 -0.32158E-17
 0.57000E+00  0.10359E+01  0.33805E-17
 0.57100E+00  0.10360E+01  0.53984E-17
 0.57200E+00  0.10361E+01 -0.52832E-18
 0.57300E+00  0.10361E+01  0.50661E-18
 0.57400E+00  0.10362E+01 -0.89928E-18
 0.57500E+00  0.10362E+01  0.95685E-17
 0.57600E+00  0.10363E+01  0.71174E-17
 0.57700E+00  0.10364E+01  0.56940E-18
 0.57800E+00  0.10364E+01  0.52425E-17
 0.57900E+00  0.10365E+01 -0.69334E-17
 0.58000E+00  0.10365E+01 -0.16862E-17
 0.58100E+00  0.10366E+01 -0.57784E-17
 0.58200E+00  0.10367E+01  0.57440E-17
 0.58300E+00  0.10367E+01  0.83281E-17
 0.58400E+00  0.10368E+01 -0.11423E-16
 0.58500E+00  0.10368E+01  0.24678E-17
 0.58600E+00  0.10369E+01  0.83166E-17
 0.58700E+00  0.10370E+01 -0.36270E-17
 0.58800E+00  0.10370E+01  0.11172E-18
 0.58900E+00  0.10371E+01 -0.26818E-17
 0.59000E+00  0.10371E+01 -0.45291E-17
 0.59100E+00  0.10372E+01  0.74577E-17
 0.59200E+00  0.10373E+01  0.14878E-17
 0.59300E+00  0.10373E+01  0.43432E-18
 0.59400E+00  0.10374E+01  0.24337E-17
 0.59500E+00  0.10374E+01 -0.32032E-17
 0.59600E+00  0.10375E+01  0.91929E-18
 0.59700E+00  0.10375E+01 -0.34376E-18
 0.59800E+00  0.10376E+01  0.71955E-17
 0.59900E+00  0.10377E+01 -0.52316E-17
 0.60000E+00  0.10377E+01 -0.11136E-16
 0.60100E+00  0.10378E+01  0.79830E-17
 0.60200E+00  0.10378E+01  0.59161E-17
 0.60300E+00  0.10379E+01  0.89925E-17
 0.60400E+00  0.10379E+01 -0.37586E-17
 0.60500E+00  0.10380E+01  0.21465E-17
 0.60600E+00  0.10381E+01 -0.11407E-16
 0.60700E+00  0.10381E+01 -0.43365E-17
 0.60800E+00  0.10382E+01  0.86982E-17
 0.60900E+00  0.10382E+01  0.84804E-18
 0.61000E+00  0.10383E+01  0.12388E-16
 0.61100E+00  0.10383E+01 -0.13066E-16
 0.61200E+00  0.10384E+01 -0.71818E-18
 0.61300E+00  0.10385E+01  0.56494E-17
 0.61400E+00  0.10385E+01 -0.44350E-17
 0.61500E+00  0.10386E+01 -0.61040E-17
 0.61600E+00  0.10386E+01  0.11811E-16
 0.61700E+00  0.10387E+01  0.49263E-17
 0.61800E+00  0.10387E+01  0.28969E-17
 0.61900E+00  0.10388E+01 -0.20070E-17
 0.62000E+00  0.10388E+01 -0.56187E-17
 0.62100E+00  0.10389E+01  0.67917E-17
 0.62200E+00  0.10389E+01 -0.12327E-16
 0.62300E+00  0.10390E+01 -0.95528E-17
 0.62400E+00  0.10391E+01 -0.19908E-17
 0.62500E+00  0.10391E+01  0.16283E-17
 0.62600E+00  0.10392E+01 -0.68733E-17
 0.62700E+00  0.10392E+01 -0.96134E-17
 0.62800E+00  0.10393E+01  0.65013E-17
 0.62900E+00  0.10393E+01 -0.65995E-17
 0.63000E+00  0.10394E+01  0.21889E-17
 0.63100E+00  0.10394E+01  0.11400E-17
 0.63200E+00  0.10395E+01 -0.12061E-17
 0.63300E+00  0.10395E+01 -0.23513E-18
 0.63400E+00  0.10396E+01  0.85994E-17
 0.63500E+00  0.10396E+01 -0.39447E-18
 0.63600E+00  0.10397E+01 -0.21478E-18
 0.63700E+00  0.10397E+01 -0.42512E-17
 0.63800E+00  0.10398E+01 -0.41616E-18
 0.63900E+00  0.10398E+01  0.10232E-16
 0.64000E+00  0.10399E+01  0.17415E-17
 0.64100E+00  0.10399E+01 -0.59712E-17
 0.64200E+00  0.10400E+01  0.96641E-18
 0.64300E+00  0.10400E+01  0.80506E-17
 0.64400E+00  0.10401E+01 -0.32345E-17
 0.64500E+00  0.10402E+01  0.53032E-17
 0.64600E+00  0.10402E+01 -0.25130E-17
 0.64700E+00  0.10403E+01 -0.99974E-17
 0.64800E+00  0.10403E+01  0.16745E-16
 0.64900E+00  0.10404E+01 -0.22264E-17
 0.65000E+00  0.10404E+01  0.55165E-17
 0.65100E+00  0.10404E+01  0.18732E-17
 0.65200E+00  0.10405E+01 -0.56759E-17
 0.65300E+00  0.10405E+01 -0.62548E-17
 0.65400E+00  0.10406E+01 -0.12730E-18
 0.65500E+00  0.10406E+01  0.14385E-16
 0.65600E+00  0.10407E+01 -0.84715E-17
 0.65700E+00  0.10407E+01  0.89836E-17
 0.65800E+00  0.10408E+01  0.19871E-17
 0.65900E+00  0.10408E+01 -0.85995E-17
 0.66000E+00  0.10409E+01 -0.69730E-17
 0.66100E+00  0.10409E+01 -0.67457E-17
 0.66200E+00  0.10410E+01 -0.93964E-17
 0.66300E+00  0.10410E+01 -0.36348E-17
 0.66400E+00  0.10411E+01 -0.45582E-17
 0.66500E+00  0.10411E+01 -0.62189E-17
 0.66600E+00  0.10412E+01  0.99651E-18
 0.66700E+00  0.10412E+01  0.65315E-17
 0.66800E+00  0.10413E+01 -0.51696E-17
 0.66900E+00  0.10413E+01 -0.33370E-17
 0.67000E+00  0.10414E+01  0.60932E-17
 0.67100E+00  0.10414E+01  0.56097E-18
 0.67200E+00  0.10414E+01 -0.84557E-17
 0.67300E+00  0.10415E+01 -0.55585E-17
 0.67400E+00  0.10415E+01 -0.19283E-17
 0.67500E+00  0.10416E+01 -0.26540E-17
 0.67600E+00  0.10416E+01 -0.59604E-17
 0.67700E+00  0.10417E+01 -0.65793E-18
 0.67800E+00  0.10417E+01 -0.57821E-17
 0.67900E+00  0.10418E+01  0.28780E-17
 0.68000E+00  0.10418E+01  0.20618E-17
 0.68100E+00  0.10419E+01 -0.26201E-17
 0.68200E+00  0.10419E+01 -0.49602E-17
 0.68300E+00  0.10419E+01  0.26987E-17
 0.68400E+00  0.10420E+01  0.12940E-17
 0.68500E+00  0.10420E+01 -0.30199E-17
 0.68600E+00  0.10421E+01 -0.40150E-18
 0.68700E+00  0.10421E+01  0.12677E-17
 0.68800E+00  0.10422E+01  0.15283E-17
 0.68900E+00  0.10422E+01 -0.17221E-17
 0.69000E+00  0.10422E+01  0.12206E-18
 0.69100E+00  0.10423E+01  0.48131E-17
 0.69200E+00  0.10423E+01 -0.32435E-17
 0.69300E+00  0.10424E+01 -0.66981E-17
 0.69400E+00  0.10424E+01  0.81557E-17
 0.69500E+00  0.10425E+01 -0.77541E-17
 0.69600E+00  0.10425E+01 -0.93955E-18
 0.69700E+00  0.10425E+01  0.29791E-17
 0.69800E+00  0.10426E+01 -0.30713E-18
 0.69900E+00  0.10426E+01  0.76196E-17
 0.70000E+00  0.10427E+01 -0.31343E-17
 0.70100E+00  0.10427E+01  0.21603E-17
 0.70200E+00  0.10427E+01  0.75444E-18
 0.70300E+00  0.10428E+01  0.17464E-18
 0.70400E+00  0.10428E+01  0.29653E-17
 0.70500E+00  0.10429E+01 -0.23463E-17
 0.70600E+00  0.10429E+01 -0.47754E-17
 0.70700E+00  0.10429E+01  0.91782E-18
 0.70800E+00  0.10430E+01 -0.12292E-17
 0.70900E+00  0.10430E+01  0.46180E-19
 0.71000E+00  0.10431E+01 -0.72131E-18
 0.71100E+00  0.10431E+01  0.39212E-17
 0.71200E+00  0.10431E+01 -0.11360E-17
 0.71300E+00  0.10432E+01  0.48869E-18
 0.71400E+00  0.10432E+01 -0.50092E-18
 0.71500E+00  0.10433E+01 -0.36698E-17
 0.71600E+00  0.10433E+01 -0.62470E-17
 0.71700E+00  0.10433E+01  0.65695E-20
 0.71800E+00  0.10434E+01  0.29248E-17
 0.71900E+00  0.10434E+01  0.14737E-17
 0.72000E+00  0.10434E+01  0.38066E-17
 0.72100E+00  0.10435E+01 -0.37691E-17
 0.72200E+00  0.10435E+01 -0.40414E-17
 0.72300E+00  0.10436E+01  0.18529E-17
 0.72400E+00  0.10436E+01  0.29140E-18
 0.72500E+00  0.10436E+01 -0.76243E-17
 0.72600E+00  0.10437E+01 -0.30928E-17
 0.72700E+00  0.10437E+01 -0.89134E-17
 0.72800E+00  0.10437E+01 -0.40030E-17
 0.72900E+00  0.10438E+01  0.22253E-17
 0.73000E+00  0.10438E+01  0.39173E-17
 0.73100E+00  0.10439E+01  0.40446E-17
 0.73200E+00  0.10439E+01  0.16158E-17
 0.73300E+00  0.10439E+01  0.13234E-17
 0.73400E+00  0.10440E+01  0.13568E-17
 0.73500E+00  0.10440E+01 -0.15401E-18
 0.73600E+00  0.10440E+01  0.40863E-19
 0.73700E+00  0.10441E+01 -0.43733E-17
 0.73800E+00  0.10441E+01  0.25652E-17
 0.73900E+00  0.10441E+01  0.61185E-18
 0.74000E+00  0.10442E+01 -0.14638E-17
 0.74100E+00  0.10442E+01  0.23125E-17
 0.74200E+00  0.10442E+01 -0.20294E-17
 0.74300E+00  0.10443E+01 -0.12222E-17
 0.74400E+00  0.10443E+01  0.76467E-18
 0.74500E+00  0.10443E+01 -0.38621E-17
 0.74600E+00  0.10444E+01  0.40725E-17
 0.74700E+00  0.10444E+01 -0.57842E-18
 0.74800E+00  0.10444E+01 -0.36375E-17
 0.74900E+00  0.10445E+01  0.90991E-18
 0.75000E+00  0.10445E+01  0.80077E-18
 0.75100E+00  0.10445E+01  0.23273E-17
 0.75200E+00  0.10446E+01 -0.37407E-17
 0.75300E+00  0.10446E+01  0.48010E-17
 0.75400E+00  0.10446E+01 -0.33870E-17
 0.75500E+00  0.10447E+01 -0.41422E-17
 0.75600E+00  0.10447E+01  0.15653E-17
 0.75700E+00  0.10447E+01  0.18638E-17
 0.75800E+00  0.10448E+01 -0.30048E-18
 0.75900E+00  0.10448E+01 -0.63280E-18
 0.76000E+00  0.10448E+01 -0.10502E-17
 0.76100E+00  0.10449E+01 -0.20275E-17
 0.76200E+00  0.10449E+01 -0.59439E-17
 0.76300E+00  0.10449E+01 -0.40501E-17
 0.76400E+00  0.10450E+01 -0.14310E-17
 0.76500E+00  0.10450E+01  0.17033E-17
 0.76600E+00  0.10450E+01  0.35527E-17
 0.76700E+00  0.10451E+01 -0.10297E-17
 0.76800E+00  0.10451E+01 -0.18790E-17
 0.76900E+00  0.10451E+01 -0.30448E-17
 0.77000E+00  0.10452E+01  0.51842E-18
 0.77100E+00  0.10452E+01 -0.16346E-17
 0.77200E+00  0.10452E+01 -0.16693E-17
 0.77300E+00  0.10452E+01  0.47046E-18
 0.77400E+00  0.10453E+01  0.13602E-17
 0.77500E+00  0.10453E+01 -0.18735E-17
 0.77600E+00  0.10453E+01  0.12900E-17
 0.77700E+00  0.10454E+01  0.49240E-17
 0.77800E+00  0.10454E+01  0.28709E-17
 0.77900E+00  0.10454E+01 -0.79725E-18
 0.78000E+00  0.10455E+01 -0.21628E-17
 0.78100E+00  0.10455E+01 -0.12149E-17
 0.78200E+00  0.10455E+01 -0.42294E-18
 0.78300E+00  0.10455E+01  0.14887E-17
 0.78400E+00  0.10456E+01 -0.10506E-17
 0.78500E+00  0.10456E+01 -0.19074E-17
 0.78600E+00  0.10456E+01  0.35522E-17
 0.78700E+00  0.10457E+01  0.16570E-17
 0.78800E+00  0.10457E+01 -0.77011E-19
 0.78900E+00  0.10457E+01 -0.42880E-18
 0.79000E+00  0.10458E+01  0.14564E-17
 0.79100E+00  0.10458E+01 -0.20600E-17
 0.79200E+00  0.10458E+01  0.66194E-17
 0.79300E+00  0.10458E+01 -0.11621E-17
 0.79400E+00  0.10459E+01 -0.79102E-17
 0.79500E+00  0.10459E+01 -0.39904E-17
 0.79600E+00  0.10459E+01 -0.38607E-17
 0.79700E+00  0.10460E+01 -0.83770E-18
 0.79800E+00  0.10460E+01  0.11299E-17
 0.79900E+00  0.10460E+01  0.23374E-17
 0.80000E+00  0.10460E+01 -0.24465E-17
 0.80100E+00  0.10461E+01 -0.33476E-17
 0.80200E+00  0.10461E+01  0.48699E-18
 0.80300E+00  0.10461E+01 -0.14533E-17
 0.80400E+00  0.10462E+01  0.19276E-17
 0.80500E+00  0.10462E+01  0.36143E-17
 0.80600E+00  0.10462E+01 -0.46620E-17
 0.80700E+00  0.10462E+01 -0.44060E-17
 0.80800E+00  0.10463E+01 -0.11566E-18
 0.80900E+00  0.10463E+01  0.47330E-17
 0.81000E+00  0.10463E+01 -0.22987E-17
 0.81100E+00  0.10463E+01  0.15713E-17
 0.81200E+00  0.10464E+01  0.24268E-17
 0.81300E+00  0.10464E+01  0.34364E-17
 0.81400E+00  0.10464E+01  0.79502E-17
 0.81500E+00  0.10465E+01 -0.25770E-17
 0.81600E+00  0.10465E+01 -0.14169E-17
 0.81700E+00  0.10465E+01  0.12908E-18
 0.81800E+00  0.10465E+01  0.19436E-17
 0.81900E+00  0.10466E+01  0.41223E-18
 0.82000E+00  0.10466E+01  0.39444E-17
 0.82100E+00  0.10466E+01  0.19899E-17
 0.82200E+00  0.10467E+01  0.48178E-17
 0.82300E+00  0.10467E+01  0.40682E-17
 0.82400E+00  0.10467E+01  0.21848E-17
 0.82500E+00  0.10467E+01  0.53475E-17
 0.82600E+00  0.10468E+01  0.66601E-18
 0.82700E+00  0.10468E+01  0.11148E-16
 0.82800E+00  0.10468E+01 -0.16831E-17
 0.82900E+00  0.10469E+01 -0.37458E-17
 0.83000E+00  0.10469E+01 -0.59724E-17
 0.83100E+00  0.10469E+01 -0.37661E-17
 0.83200E+00  0.10469E+01 -0.47235E-17
 0.83300E+00  0.10470E+01  0.31389E-17
 0.83400E+00  0.10470E+01 -0.43057E-17
 0.83500E+00  0.10470E+01  0.50112E-17
 0.83600E+00  0.10470E+01 -0.41877E-17
 0.83700E+00  0.10471E+01 -0.66146E-17
 0.83800E+00  0.10471E+01 -0.95724E-17
 0.83900E+00  0.10471E+01  0.32584E-17
 0.84000E+00  0.10472E+01 -0.60366E-18
 0.84100E+00  0.10472E+01 -0.10329E-17
 0.84200E+00  0.10472E+01 -0.28814E-17
 0.84300E+00  0.10472E+01  0.73608E-17
 0.84400E+00  0.10473E+01  0.17578E-17
 0.84500E+00  0.10473E+01 -0.72608E-17
 0.84600E+00  0.10473E+01 -0.14693E-16
 0.84700E+00  0.10474E+01  0.86359E-17
 0.84800E+00  0.10474E+01 -0.10601E-16
 0.84900E+00  0.10474E+01  0.39337E-17
 0.85000E+00  0.10474E+01 -0.34288E-17
 0.85100E+00  0.10475E+01 -0.38727E-17
 0.85200E+00  0.10475E+01 -0.10060E-18
 0.85300E+00  0.10475E+01  0.26155E-17
 0.85400E+00  0.10476E+01  0.37300E-17
 0.85500E+00  0.10476E+01  0.15219E-16
 0.85600E+00  0.10476E+01 -0.56831E-17
 0.85700E+00  0.10476E+01  0.10065E-16
 0.85800E+00  0.10477E+01  0.82587E-17
 0.85900E+00  0.10477E+01 -0.38866E-17
 0.86000E+00  0.10477E+01 -0.12887E-17
 0.86100E+00  0.10478E+01 -0.44573E-19
 0.86200E+00  0.10478E+01  0.16715E-17
 0.86300E+00  0.10478E+01  0.36666E-18
 0.86400E+00  0.10478E+01  0.68910E-17
 0.86500E+00  0.10479E+01 -0.24309E-17
 0.86600E+00  0.10479E+01  0.25030E-19
 0.86700E+00  0.10479E+01 -0.38384E-17
 0.86800E+00  0.10480E+01 -0.26595E-17
 0.86900E+00  0.10480E+01 -0.20828E-17
 0.87000E+00  0.10480E+01  0.41336E-17
 0.87100E+00  0.10480E+01  0.52260E-17
 0.87200E+00  0.10481E+01  0.53247E-17
 0.87300E+00  0.10481E+01 -0.23456E-18
 0.87400E+00  0.10481E+01 -0.38497E-17
 0.87500E+00  0.10482E+01  0.91908E-17
 0.87600E+00  0.10482E+01  0.20875E-17
 0.87700E+00  0.10482E+01  0.32545E-17
 0.87800E+00  0.10482E+01 -0.48884E-17
 0.87900E+00  0.10483E+01  0.24456E-18
 0.88000E+00  0.10483E+01  0.12177E-16
 0.88100E+00  0.10483E+01  0.50933E-18
 0.88200E+00  0.10484E+01 -0.17311E-17
 0.88300E+00  0.10484E+01  0.14282E-17
 0.88400E+00  0.10484E+01  0.11836E-16
 0.88500E+00  0.10484E+01 -0.53411E-17
 0.88600E+00  0.10485E+01  0.22723E-18
 0.88700E+00  0.10485E+01 -0.10103E-16
 0.88800E+00  0.10485E+01 -0.13166E-18
 0.88900E+00  0.10486E+01  0.70404E-17
 0.89000E+00  0.10486E+01  0.72705E-17
 0.89100E+00  0.10486E+01  0.29688E-17
 0.89200E+00  0.10487E+01  0.13060E-17
 0.89300E+00  0.10487E+01  0.26956E-18
 0.89400E+00  0.10487E+01 -0.11868E-16
 0.89500E+00  0.10487E+01  0.68593E-18
 0.89600E+00  0.10488E+01  0.24392E-17
 0.89700E+00  0.10488E+01  0.81013E-17
 0.89800E+00  0.10488E+01  0.47576E-17
 0.89900E+00  0.10489E+01  0.63709E-17
 0.90000E+00  0.10489E+01 -0.45521E-17
 0.90100E+00  0.10489E+01  0.79603E-17
 0.90200E+00  0.10490E+01  0.99640E-17
 0.90300E+00  0.10490E+01  0.92492E-19
 0.90400E+00  0.10490E+01 -0.24651E-17
 0.90500E+00  0.10490E+01  0.11202E-16
 0.90600E+00  0.10491E+01 -0.10595E-16
 0.90700E+00  0.10491E+01  0.31250E-17
 0.90800E+00  0.10491E+01  0.19527E-16
 0.90900E+00  0.10492E+01  0.13627E-16
 0.91000E+00  0.10492E+01  0.31528E-17
 0.91100E+00  0.10492E+01  0.64184E-17
 0.91200E+00  0.10493E+01  0.32126E-17
 0.91300E+00  0.10493E+01  0.32300E-17
 0.91400E+00  0.10493E+01 -0.17124E-16
 0.91500E+00  0.10494E+01  0.33887E-17
 0.91600E+00  0.10494E+01  0.22593E-17
 0.91700E+00  0.10494E+01 -0.10387E-16
 0.91800E+00  0.10495E+01 -0.32312E-17
 0.91900E+00  0.10495E+01 -0.10350E-16
 0.92000E+00  0.10495E+01 -0.14143E-16
 0.92100E+00  0.10496E+01  0.19912E-16
 0.92200E+00  0.10496E+01 -0.13400E-19
 0.92300E+00  0.10496E+01  0.10246E-16
 0.92400E+00  0.10497E+01 -0.11644E-16
 0.92500E+00  0.10497E+01  0.11939E-16
 0.92600E+00  0.10497E+01 -0.88106E-17
 0.92700E+00  0.10498E+01  0.10979E-16
 0.92800E+00  0.10498E+01  0.34994E-17
 0.92900E+00  0.10498E+01 -0.32954E-17
 0.93000E+00  0.10499E+01  0.53205E-17
 0.93100E+00  0.10499E+01 -0.20054E-17
 0.93200E+00  0.10499E+01  0.13165E-16
 0.93300E+00  0.10500E+01 -0.59241E-17
 0.93400E+00  0.10500E+01 -0.48478E-17
 0.93500E+00  0.10501E+01 -0.21854E-17
 0.93600E+00  0.10501E+01  0.10257E-16
 0.93700E+00  0.10501E+01  0.91424E-17
 0.93800E+00  0.10502E+01 -0.31450E-17
 0.93900E+00  0.10502E+01 -0.84832E-17
 0.94000E+00  0.10502E+01 -0.11336E-17
 0.94100E+00  0.10503E+01 -0.97497E-17
 0.94200E+00  0.10503E+01 -0.11805E-16
 0.94300E+00  0.10504E+01 -0.53656E-17
 0.94400E+00  0.10504E+01  0.66574E-17
 0.94500E+00  0.10504E+01 -0.63810E-17
 0.94600E+00  0.10505E+01  0.35141E-17
 0.94700E+00  0.10505E+01 -0.25119E-17
 0.94800E+00  0.10506E+01 -0.26544E-17
 0.94900E+00  0.10506E+01  0.67911E-17
 0.95000E+00  0.10506E+01 -0.28737E-17
 0.95100E+00  0.10507E+01  0.83263E-17
 0.95200E+00  0.10507E+01 -0.59744E-17
 0.95300E+00  0.10508E+01 -0.24403E-17
 0.95400E+00  0.10508E+01 -0.73796E-17
 0.95500E+00  0.10508E+01 -0.28600E-17
 0.95600E+00  0.10509E+01 -0.84061E-18
 0.95700E+00  0.10509E+01  0.63823E-17
 0.95800E+00  0.10510E+01 -0.25738E-17
 0.95900E+00  0.10510E+01 -0.53101E-17
 0.96000E+00  0.10511E+01 -0.44062E-18
 0.96100E+00  0.10511E+01  0.14059E-18
 0.96200E+00  0.10511E+01  0.12972E-17
 0.96300E+00  0.10512E+01  0.10030E-16
 0.96400E+00  0.10512E+01 -0.50559E-17
 0.96500E+00  0.10513E+01 -0.23870E-17
 0.96600E+00  0.10513E+01 -0.44288E-17
 0.96700E+00  0.10514E+01 -0.35985E-17
 0.96800E+00  0.10514E+01 -0.12766E-16
 0.96900E+00  0.10515E+01 -0.62957E-17
 0.97000E+00  0.10515E+01 -0.75935E-17
 0.97100E+00  0.10516E+01 -0.82184E-17
 0.97200E+00  0.10516E+01  0.27388E-17
 0.97300E+00  0.10516E+01 -0.42681E-17
 0.97400E+00  0.10517E+01  0.52189E-17
 0.97500E+00  0.10517E+01 -0.52331E-17
 0.97600E+00  0.10518E+01  0.16478E-17
 0.97700E+00  0.10518E+01 -0.45088E-17
 0.97800E+00  0.10519E+01 -0.59779E-17
 0.97900E+00  0.10519E+01  0.54822E-17
 0.98000E+00  0.10520E+01  0.46143E-17
 0.98100E+00  0.10520E+01 -0.38573E-17
 0.98200E+00  0.10521E+01 -0.25575E-17
 0.98300E+00  0.10521E+01  0.31164E-18
 0.98400E+00  0.10522E+01 -0.43855E-17
 0.98500E+00  0.10522E+01 -0.76044E-17
 0.98600E+00  0.10523E+01  0.11413E-16
 0.98700E+00  0.10523E+01  0.30105E-17
 0.98800E+00  0.10524E+01  0.46490E-17
 0.98900E+00  0.10524E+01  0.20262E-16
 0.99000E+00  0.10525E+01 -0.19844E-16
 0.99100E+00  0.10525E+01  0.68054E-17
 0.99200E+00  0.10526E+01  0.13194E-16
 0.99300E+00  0.10526E+01  0.20650E-16
 0.99400E+00  0.10526E+01  0.12232E-17
 0.99500E+00  0.10527E+01  0.17708E-16
 0.99600E+00  0.10527E+01  0.92674E-17
 0.99700E+00  0.10528E+01 -0.10398E-16
 0.99800E+00  0.10528E+01  0.13734E-16
 0.99900E+00  0.10529E+01  0.15061E-16
 0.10000E+01  0.10529E+01 -0.21500E-17
 0.10010E+01  0.10530E+01 -0.23866E-17
 0.10020E+01  0.10530E+01  0.98349E-17
 0.10030E+01  0.10531E+01 -0.43919E-17
 0.10040E+01  0.10531E+01 -0.44055E-17
 0.10050E+01  0.10532E+01 -0.64175E-17
 0.10060E+01  0.10532E+01 -0.34472E-17
 0.10070E+01  0.10533E+01 -0.60254E-17
 0.10080E+01  0.10533E+01  0.33708E-17
 0.10090E+01  0.10534E+01  0.13937E-17
 0.10100E+01  0.10534E+01  0.16970E-16
 0.10110E+01  0.10535E+01  0.39145E-17
 0.10120E+01  0.10535E+01 -0.27231E-17
 0.10130E+01  0.10536E+01 -0.50320E-17
 0.10140E+01  0.10536E+01 -0.40769E-17
 0.10150E+01  0.10537E+01 -0.78976E-17
 0.10160E+01  0.10537E+01 -0.86096E-17
 0.10170E+01  0.10537E+01 -0.13726E-16
 0.10180E+01  0.10538E+01 -0.24702E-17
 0.10190E+01  0.10538E+01 -0.11517E-16
 0.10200E+01  0.10539E+01 -0.34998E-16
 0.10210E+01  0.10539E+01 -0.22757E-17
 0.10220E+01  0.10540E+01  0.81998E-17
 0.10230E+01  0.10540E+01  0.29536E-16
 0.10240E+01  0.10541E+01 -0.17949E-16
 0.10250E+01  0.10541E+01 -0.24933E-16
 0.10260E+01  0.10542E+01  0.19610E-16
 0.10270E+01  0.10542E+01  0.12166E-16
 0.10280E+01  0.10542E+01  0.22708E-17
 0.10290E+01  0.10543E+01 -0.19902E-17
 0.10300E+01  0.10543E+01 -0.14484E-16
 0.10310E+01  0.10544E+01  0.36123E-16
 0.10320E+01  0.10544E+01  0.32446E-16
 0.10330E+01  0.10545E+01  0.90293E-17
 0.10340E+01  0.10545E+01  0.10802E-16
 0.10350E+01  0.10546E+01  0.51708E-17
 0.10360E+01  0.10546E+01 -0.14417E-16
 0.10370E+01  0.10546E+01 -0.88066E-17
 0.10380E+01  0.10547E+01  0.83847E-17
 0.10390E+01  0.10547E+01  0.35445E-16
 0.10400E+01  0.10548E+01  0.27227E-17
 0.10410E+01  0.10548E+01  0.36950E-16
 0.10420E+01  0.10548E+01  0.64771E-17
 0.10430E+01  0.10549E+01  0.26531E-16
 0.10440E+01  0.10549E+01  0.68381E-17
 0.10450E+01  0.10550E+01 -0.53695E-17
 0.10460E+01  0.10550E+01  0.94564E-17
 0.10470E+01  0.10551E+01  0.31345E-17
 0.10480E+01  0.10551E+01 -0.21048E-17
 0.10490E+01  0.10551E+01 -0.27645E-16
 0.10500E+01  0.10552E+01 -0.27415E-16
 0.10510E+01  0.10552E+01 -0.10068E-16
 0.10520E+01  0.10553E+01  0.52992E-17
 0.10530E+01  0.10553E+01  0.10229E-17
 0.10540E+01  0.10553E+01  0.55720E-17
 0.10550E+01  0.10554E+01 -0.85139E-18
 0.10560E+01  0.10554E+01  0.20338E-16
 0.10570E+01  0.10554E+01  0.96057E-17
 0.10580E+01  0.10555E+01  0.18193E-16
 0.10590E+01  0.10555E+01  0.74712E-17
 0.10600E+01  0.10556E+01 -0.28161E-16
 0.10610E+01  0.10556E+01  0.41621E-17
 0.10620E+01  0.10556E+01 -0.78080E-18
 0.10630E+01  0.10557E+01  0.10982E-16
 0.10640E+01  0.10557E+01  0.71349E-17
 0.10650E+01  0.10558E+01 -0.17445E-16
 0.10660E+01  0.10558E+01  0.13140E-17
 0.10670E+01  0.10558E+01 -0.10433E-16
 0.10680E+01  0.10559E+01  0.45477E-16
 0.10690E+01  0.10559E+01 -0.13972E-16
 0.10700E+01  0.10559E+01  0.18799E-16
 0.10710E+01  0.10560E+01  0.19430E-16
 0.10720E+01  0.10560E+01  0.18783E-16
 0.10730E+01  0.10561E+01  0.62642E-17
 0.10740E+01  0.10561E+01  0.23887E-16
 0.10750E+01  0.10561E+01  0.22035E-17
 0.10760E+01  0.10562E+01 -0.48422E-17
 0.10770E+01  0.10562E+01 -0.88586E-18
 0.10780E+01  0.10562E+01 -0.10420E-16
 0.10790E+01  0.10563E+01 -0.10450E-16
 0.10800E+01  0.10563E+01 -0.39010E-16
 0.10810E+01  0.10564E+01  0.32560E-17
 0.10820E+01  0.10564E+01  0.12956E-16
 0.10830E+01  0.10564E+01 -0.15324E-16
 0.10840E+01  0.10565E+01 -0.11206E-16
 0.10850E+01  0.10565E+01  0.21363E-18
 0.10860E+01  0.10566E+01 -0.51082E-16
 0.10870E+01  0.10566E+01 -0.27228E-16
 0.10880E+01  0.10566E+01  0.66569E-17
 0.10890E+01  0.10567E+01  0.13638E-16
 0.10900E+01  0.10567E+01  0.10512E-16
 0.10910E+01  0.10568E+01 -0.23469E-17
 0.10920E+01  0.10568E+01 -0.45573E-16
 0.10930E+01  0.10568E+01  0.12651E-16
 0.10940E+01  0.10569E+01 -0.12561E-16
 0.10950E+01  0.10569E+01  0.28259E-16
 0.10960E+01  0.10570E+01 -0.85592E-16
 0.10970E+01  0.10570E+01 -0.67587E-16
 0.10980E+01  0.10570E+01  0.42609E-16
 0.10990E+01  0.10571E+01 -0.57827E-16
 0.11000E+01  0.10571E+01 -0.26848E-16
 0.11010E+01  0.10572E+01  0.60685E-16
 0.11020E+01  0.10572E+01  0.76935E-16
 0.11030E+01  0.10573E+01  0.13805E-16
 0.11040E+01  0.10573E+01 -0.67551E-16
 0.11050E+01  0.10574E+01  0.12238E-15
 0.11060E+01  0.10574E+01 -0.19764E-16
 0.11070E+01  0.10575E+01 -0.67258E-16
 0.11080E+01  0.10575E+01  0.14900E-16
 0.11090E+01  0.10575E+01 -0.69278E-17
 0.11100E+01  0.10576E+01 -0.10007E-16
 0.11110E+01  0.10576E+01  0.16892E-15
 0.11120E+01  0.10577E+01 -0.63068E-16
 0.11130E+01  0.10577E+01 -0.89123E-17
 0.11140E+01  0.10578E+01  0.25955E-16
 0.11150E+01  0.10578E+01 -0.32627E-16
 0.11160E+01  0.10579E+01  0.57292E-16
 0.11170E+01  0.10579E+01  0.17827E-15
 0.11180E+01  0.10580E+01 -0.37168E-16
 0.11190E+01  0.10580E+01 -0.11963E-15
 0.11200E+01  0.10581E+01  0.14794E-15
 0.11210E+01  0.10581E+01  0.21494E-15
 0.11220E+01  0.10582E+01  0.69789E-16
 0.11230E+01  0.10583E+01 -0.33776E-15
 0.11240E+01  0.10583E+01 -0.61653E-16
 0.11250E+01  0.10584E+01  0.25663E-15
 0.11260E+01  0.10584E+01  0.89731E-16
 0.11270E+01  0.10585E+01  0.87142E-16
 0.11280E+01  0.10585E+01 -0.18015E-15
 0.11290E+01  0.10586E+01  0.28076E-16
 0.11300E+01  0.10586E+01 -0.11302E-15
 0.11310E+01  0.10587E+01 -0.28714E-16
 0.11320E+01  0.10588E+01  0.16535E-15
 0.11330E+01  0.10588E+01  0.55158E-16
 0.11340E+01  0.10589E+01 -0.17244E-15
 0.11350E+01  0.10589E+01 -0.36144E-16
 0.11360E+01  0.10590E+01 -0.64948E-16
 0.11370E+01  0.10591E+01  0.18694E-15
 0.11380E+01  0.10591E+01 -0.48044E-17
 0.11390E+01  0.10592E+01 -0.12003E-15
 0.11400E+01  0.10592E+01  0.38519E-16
 0.11410E+01  0.10593E+01 -0.41806E-15
 0.11420E+01  0.10594E+01  0.29866E-15
 0.11430E+01  0.10594E+01 -0.16402E-15
 0.11440E+01  0.10595E+01 -0.22412E-15
 0.11450E+01  0.10596E+01 -0.76891E-16
 0.11460E+01  0.10596E+01  0.13423E-16
 0.11470E+01  0.10597E+01 -0.25409E-15
 0.11480E+01  0.10598E+01  0.24885E-15
 0.11490E+01  0.10598E+01 -0.32350E-16
 0.11500E+01  0.10599E+01 -0.33891E-15
 0.11510E+01  0.10600E+01 -0.12346E-15
 0.11520E+01  0.10600E+01  0.25399E-15
 0.11530E+01  0.10601E+01  0.11180E-15
 0.11540E+01  0.10602E+01 -0.33011E-15
 0.11550E+01  0.10602E+01  0.40551E-16
 0.11560E+01  0.10603E+01  0.10688E-15
 0.11570E+01  0.10604E+01 -0.10750E-16
 0.11580E+01  0.10604E+01  0.20282E-15
 0.11590E+01  0.10605E+01 -0.86190E-16
 0.11600E+01  0.10606E+01 -0.24426E-15
 0.11610E+01  0.10606E+01 -0.45744E-15
 0.11620E+01  0.10607E+01  0.98222E-16
 0.11630E+01  0.10608E+01 -0.11530E-15
 0.11640E+01  0.10608E+01  0.49579E-15
 0.11650E+01  0.10609E+01  0.83410E-15
 0.11660E+01  0.10610E+01  0.95147E-15
 0.11670E+01  0.10610E+01 -0.26157E-15
 0.11680E+01  0.10611E+01  0.54599E-15
 0.11690E+01  0.10612E+01 -0.49473E-15
 0.11700E+01  0.10612E+01  0.84478E-15
 0.11710E+01  0.10613E+01 -0.65311E-15
 0.11720E+01  0.10614E+01  0.56915E-15
 0.11730E+01  0.10614E+01 -0.33161E-15
 0.11740E+01  0.10615E+01  0.33780E-15
 0.11750E+01  0.10616E+01 -0.49437E-15
 0.11760E+01  0.10616E+01 -0.25511E-15
 0.11770E+01  0.10617E+01  0.63788E-15
 0.11780E+01  0.10618E+01  0.71638E-15
 0.11790E+01  0.10618E+01 -0.33028E-15
 0.11800E+01  0.10619E+01 -0.84478E-15
 0.11810E+01  0.10619E+01  0.38592E-15
 0.11820E+01  0.10620E+01  0.64990E-16
 0.11830E+01  0.10621E+01 -0.42638E-16
 0.11840E+01  0.10621E+01  0.32338E-15
 0.11850E+01  0.10622E+01 -0.13693E-15
 0.11860E+01  0.10623E+01  0.15480E-14
 0.11870E+01  0.10623E+01 -0.10964E-14
 0.11880E+01  0.10624E+01  0.66975E-15
 0.11890E+01  0.10624E+01 -0.12553E-15
 0.11900E+01  0.10625E+01 -0.53167E-15
 0.11910E+01  0.10626E+01  0.81221E-15
 0.11920E+01  0.10626E+01 -0.20920E-16
 0.11930E+01  0.10627E+01 -0.11496E-14
 0.11940E+01  0.10627E+01 -0.41321E-15
 0.11950E+01  0.10628E+01 -0.20263E-16
 0.11960E+01  0.10629E+01 -0.29285E-15
 0.11970E+01  0.10629E+01 -0.15613E-14
 0.11980E+01  0.10630E+01  0.20084E-14
 0.11990E+01  0.10630E+01 -0.11639E-14
 0.12000E+01  0.10631E+01  0.11132E-14
 0.12010E+01  0.10632E+01  0.38097E-15
 0.12020E+01  0.10633E+01  0.36836E-15
 0.12030E+01  0.10633E+01  0.10265E-14
 0.12040E+01  0.10634E+01 -0.46922E-14
 0.12050E+01  0.10635E+01 -0.10737E-15
 0.12060E+01  0.10636E+01 -0.34600E-14
 0.12070E+01  0.10636E+01  0.94468E-15
 0.12080E+01  0.10637E+01 -0.33008E-14
 0.12090E+01  0.10638E+01  0.10215E-13
 0.12100E+01  0.10639E+01  0.22175E-14
 0.12110E+01  0.10640E+01 -0.13198E-13
 0.12120E+01  0.10641E+01 -0.60456E-15
 0.12130E+01  0.10643E+01  0.62109E-14
 0.12140E+01  0.10644E+01  0.83880E-14
 0.12150E+01  0.10645E+01 -0.63385E-14
 0.12160E+01  0.10647E+01  0.16809E-13
 0.12170E+01  0.10648E+01  0.73019E-14
 0.12180E+01  0.10650E+01  0.17812E-14
 0.12190E+01  0.10651E+01 -0.20490E-13
 0.12200E+01  0.10653E+01 -0.14788E-13
 0.12210E+01  0.10655E+01  0.10528E-13
 0.12220E+01  0.10657E+01 -0.41954E-14
 0.12230E+01  0.10658E+01 -0.25595E-13
 0.12240E+01  0.10660E+01  0.24835E-13
 0.12250E+01  0.10663E+01 -0.38535E-16
 0.12260E+01  0.10665E+01 -0.56923E-14
 0.12270E+01  0.10667E+01 -0.16710E-14
 0.12280E+01  0.10669E+01  0.30052E-13
 0.12290E+01  0.10672E+01  0.15987E-13
 0.12300E+01  0.10674E+01 -0.21286E-13
 0.12310E+01  0.10676E+01 -0.76881E-14
 0.12320E+01  0.10679E+01  0.43275E-13
 0.12330E+01  0.10681E+01 -0.16080E-13
 0.12340E+01  0.10684E+01  0.50765E-13
 0.12350E+01  0.10686E+01  0.30539E-13
 0.12360E+01  0.10688E+01  0.67404E-15
 0.12370E+01  0.10691E+01  0.37346E-14
 0.12380E+01  0.10693E+01  0.10957E-13
 0.12390E+01  0.10695E+01 -0.21846E-13
 0.12400E+01  0.10697E+01  0.16116E-14
 0.12410E+01  0.10699E+01  0.26034E-14
 0.12420E+01  0.10701E+01  0.15602E-13
 0.12430E+01  0.10702E+01  0.45526E-14
 0.12440E+01  0.10704E+01  0.75421E-14
 0.12450E+01  0.10705E+01  0.14808E-14
 0.12460E+01  0.10706E+01  0.15072E-13
 0.12470E+01  0.10707E+01  0.93922E-14
 0.12480E+01  0.10708E+01 -0.34444E-14
 0.12490E+01  0.10708E+01  0.29096E-14
 0.12500E+01  0.10708E+01 -0.16642E-13
 0.12510E+01  0.10708E+01  0.72341E-14
 0.12520E+01  0.10708E+01  0.15066E-13
 0.12530E+01  0.10707E+01  0.92903E-14
 0.12540E+01  0.10706E+01  0.14281E-13
 0.12550E+01  0.10705E+01  0.13246E-13
 0.12560E+01  0.10704E+01 -0.23798E-14
 0.12570E+01  0.10702E+01 -0.91047E-15
 0.12580E+01  0.10701E+01  0.24175E-14
 0.12590E+01  0.10699E+01  0.32718E-14
 0.12600E+01  0.10696E+01 -0.65180E-14
 0.12610E+01  0.10694E+01 -0.11140E-13
 0.12620E+01  0.10691E+01  0.20433E-14
 0.12630E+01  0.10688E+01 -0.61151E-14
 0.12640E+01  0.10685E+01  0.75535E-15
 0.12650E+01  0.10682E+01 -0.11901E-13
 0.12660E+01  0.10678E+01 -0.11984E-14
 0.12670E+01  0.10675E+01  0.88901E-14
 0.12680E+01  0.10671E+01 -0.50410E-14
 0.12690E+01  0.10667E+01  0.15470E-13
 0.12700E+01  0.10663E+01  0.88256E-14
 0.12710E+01  0.10659E+01 -0.36606E-14
 0.12720E+01  0.10655E+01  0.11475E-13
 0.12730E+01  0.10651E+01 -0.15380E-13
 0.12740E+01  0.10647E+01 -0.87156E-14
 0.12750E+01  0.10643E+01  0.14941E-13
 0.12760E+01  0.10639E+01  0.38170E-14
 0.12770E+01  0.10635E+01  0.17968E-14
 0.12780E+01  0.10631E+01  0.14590E-13
 0.12790E+01  0.10627E+01  0.41887E-14
 0.12800E+01  0.10623E+01 -0.30578E-14
 0.12810E+01  0.10619E+01  0.36728E-14
 0.12820E+01  0.10615E+01 -0.10671E-13
 0.12830E+01  0.10611E+01 -0.10710E-13
 0.12840E+01  0.10607E+01  0.92962E-14
 0.12850E+01  0.10603E+01  0.40416E-14
 0.12860E+01  0.10599E+01  0.11286E-14
 0.12870E+01  0.10596E+01 -0.42627E-15
 0.12880E+01  0.10592E+01  0.51543E-14
 0.12890E+01  0.10588E+01  0.80339E-15
 0.12900E+01  0.10584E+01 -0.25510E-14
 0.12910E+01  0.10581E+01 -0.20381E-14
 0.12920E+01  0.10577E+01  0.52129E-14
 0.12930E+01  0.10573E+01  0.16415E-13
 0.12940E+01  0.10570E+01  0.12006E-13
 0.12950E+01  0.10566E+01  0.31176E-13
 0.12960E+01  0.10562E+01 -0.64780E-14
 0.12970E+01  0.10558E+01  0.35845E-14
 0.12980E+01  0.10554E+01  0.44567E-14
 0.12990E+01  0.10550E+01 -0.12188E-13
 0.13000E+01  0.10546E+01  0.69834E-14
 0.13010E+01  0.10542E+01 -0.27321E-14
 0.13020E+01  0.10538E+01  0.18218E-13
 0.13030E+01  0.10534E+01 -0.39503E-14
 0.13040E+01  0.10530E+01 -0.13037E-14
 0.13050E+01  0.10526E+01 -0.25584E-14
 0.13060E+01  0.10521E+01  0.10052E-14
 0.13070E+01  0.10517E+01  0.48705E-14
 0.13080E+01  0.10512E+01 -0.42651E-14
 0.13090E+01  0.10508E+01 -0.53054E-14
 0.13100E+01  0.10503E+01  0.12854E-14
 0.13110E+01  0.10499E+01 -0.19971E-13
 0.13120E+01  0.10494E+01 -0.44190E-14
 0.13130E+01  0.10490E+01  0.19232E-14
 0.13140E+01  0.10485E+01 -0.20146E-13
 0.13150E+01  0.10481E+01 -0.10317E-13
 0.13160E+01  0.10476E+01 -0.16079E-13
 0.13170E+01  0.10472E+01  0.22315E-13
 0.13180E+01  0.10467E+01  0.43472E-14
 0.13190E+01  0.10463E+01 -0.84763E-14
 0.13200E+01  0.10458E+01  0.22156E-13
 0.13210E+01  0.10454E+01  0.25577E-14
 0.13220E+01  0.10450E+01 -0.42833E-14
 0.13230E+01  0.10446E+01 -0.66307E-14
 0.13240E+01  0.10442E+01 -0.15195E-13
 0.13250E+01  0.10439E+01  0.18459E-14
 0.13260E+01  0.10435E+01  0.65702E-14
 0.13270E+01  0.10432E+01 -0.19101E-13
 0.13280E+01  0.10428E+01 -0.60389E-14
 0.13290E+01  0.10425E+01  0.27135E-14
 0.13300E+01  0.10423E+01 -0.76495E-14
 0.13310E+01  0.10420E+01 -0.69229E-15
 0.13320E+01  0.10418E+01  0.42146E-14
 0.13330E+01  0.10416E+01 -0.33975E-13
 0.13340E+01  0.10414E+01 -0.38403E-14
 0.13350E+01  0.10412E+01  0.12088E-13
 0.13360E+01  0.10411E+01 -0.13334E-13
 0.13370E+01  0.10410E+01 -0.52338E-14
 0.13380E+01  0.10409E+01 -0.19843E-13
 0.13390E+01  0.10409E+01 -0.13206E-13
 0.13400E+01  0.10409E+01 -0.16871E-13
 0.13410E+01  0.10409E+01 -0.25023E-13
 0.13420E+01  0.10410E+01  0.12929E-13
 0.13430E+01  0.10411E+01  0.13039E-13
 0.13440E+01  0.10413E+01  0.11177E-13
 0.13450E+01  0.10415E+01 -0.42464E-13
 0.13460E+01  0.10417E+01 -0.21662E-13
 0.13470E+01  0.10419E+01  0.14269E-13
 0.13480E+01  0.10423E+01  0.16469E-13
 0.13490E+01  0.10426E+01 -0.35625E-14
 0.13500E+01  0.10430E+01  0.31307E-13
 0.13510E+01  0.10434E+01  0.20212E-13
 0.13520E+01  0.10439E+01 -0.99950E-14
 0.13530E+01  0.10445E+01 -0.82549E-14
 0.13540E+01  0.10451E+01 -0.63559E-14
 0.13550E+01  0.10457E+01  0.25367E-13
 0.13560E+01  0.10464E+01 -0.51778E-15
 0.13570E+01  0.10471E+01  0.45446E-14
 0.13580E+01  0.10479E+01 -0.13484E-14
 0.13590E+01  0.10487E+01  0.83230E-15
 0.13600E+01  0.10496E+01  0.19536E-13
 0.13610E+01  0.10505E+01 -0.64455E-14
 0.13620E+01  0.10515E+01  0.10065E-13
 0.13630E+01  0.10525E+01 -0.29129E-16
 0.13640E+01  0.10536E+01 -0.23095E-14
 0.13650E+01  0.10547E+01  0.21493E-14
 0.13660E+01  0.10559E+01  0.96376E-14
 0.13670E+01  0.10570E+01  0.92766E-15
 0.13680E+01  0.10582E+01 -0.14429E-14
 0.13690E+01  0.10595E+01  0.50394E-13
 0.13700E+01  0.10608E+01 -0.61752E-14
 0.13710E+01  0.10621E+01  0.90831E-14
 0.13720E+01  0.10634E+01  0.19674E-14
 0.13730E+01  0.10647E+01  0.11956E-13
 0.13740E+01  0.10660E+01 -0.15169E-13
 0.13750E+01  0.10673E+01  0.94177E-15
 0.13760E+01  0.10686E+01 -0.10238E-14
 0.13770E+01  0.10700E+01 -0.90973E-14
 0.13780E+01  0.10712E+01 -0.33067E-13
 0.13790E+01  0.10725E+01  0.78752E-14
 0.13800E+01  0.10737E+01  0.84679E-14
 0.13810E+01  0.10749E+01  0.95563E-14
 0.13820E+01  0.10760E+01 -0.26351E-14
 0.13830E+01  0.10771E+01  0.30506E-13
 0.13840E+01  0.10782E+01 -0.69337E-14
 0.13850E+01  0.10791E+01  0.58328E-14
 0.13860E+01  0.10800E+01  0.12846E-13
 0.13870E+01  0.10808E+01  0.56650E-14
 0.13880E+01  0.10815E+01 -0.13049E-13
 0.13890E+01  0.10821E+01 -0.42178E-14
 0.13900E+01  0.10826E+01  0.16169E-13
 0.13910E+01  0.10830E+01  0.25016E-13
 0.13920E+01  0.10833E+01 -0.60977E-14
 0.13930E+01  0.10835E+01  0.16084E-13
 0.13940E+01  0.10836E+01  0.16954E-13
 0.13950E+01  0.10835E+01 -0.20365E-13
 0.13960E+01  0.10833E+01  0.18274E-14
 0.13970E+01  0.10830E+01  0.71465E-14
 0.13980E+01  0.10826E+01  0.24014E-13
 0.13990E+01  0.10820E+01  0.22231E-13
 0.14000E+01  0.10813E+01  0.16008E-13
 0.14010E+01  0.10804E+01  0.44579E-14
 0.14020E+01  0.10795E+01 -0.14197E-13
 0.14030E+01  0.10784E+01 -0.43510E-13
 0.14040E+01  0.10772E+01 -0.15979E-13
 0.14050E+01  0.10758E+01 -0.47067E-13
 0.14060E+01  0.10744E+01 -0.62119E-14
 0.14070E+01  0.10728E+01 -0.71012E-14
 0.14080E+01  0.10712E+01  0.71088E-14
 0.14090E+01  0.10695E+01  0.23983E-13
 0.14100E+01  0.10676E+01  0.20815E-17
 0.14110E+01  0.10658E+01 -0.62156E-14
 0.14120E+01  0.10638E+01 -0.26633E-14
 0.14130E+01  0.10618E+01  0.26655E-14
 0.14140E+01  0.10598E+01  0.24870E-13
 0.14150E+01  0.10577E+01  0.39080E-13
 0.14160E+01  0.10557E+01 -0.12434E-13
 0.14170E+01  0.10536E+01  0.26646E-13
 0.14180E+01  0.10515E+01 -0.26645E-13
 0.14190E+01  0.10495E+01 -0.15099E-13
 0.14200E+01  0.10475E+01 -0.30198E-13
 0.14210E+01  0.10456E+01 -0.30198E-13
 0.14220E+01  0.10437E+01 -0.88809E-15
 0.14230E+01  0.10419E+01  0.88825E-15
 0.14240E+01  0.10402E+01 -0.13323E-13
 0.14250E+01  0.10386E+01  0.27534E-13
 0.14260E+01  0.10371E+01  0.17764E-14
 0.14270E+01  0.10357E+01  0.14211E-13
 0.14280E+01  0.10344E+01  0.13323E-13
 0.14290E+01  0.10332E+01 -0.71054E-14
 0.14300E+01  0.10322E+01 -0.53291E-14
 0.14310E+01  0.10312E+01 -0.12434E-13
 0.14320E+01  0.10305E+01  0.36415E-13
 0.14330E+01  0.10298E+01 -0.62172E-14
 0.14340E+01  0.10293E+01 -0.26645E-13
 0.14350E+01  0.10289E+01  0.35971E-13
 0.14360E+01  0.10287E+01  0.11990E-13
 0.14370E+01  0.10286E+01  0.11990E-13
 0.14380E+01  0.10286E+01 -0.23608E-20
 0.14390E+01  0.10288E+01  0.44409E-14
 0.14400E+01  0.10290E+01  0.44409E-15
 0.14410E+01  0.10294E+01 -0.31086E-14
 0.14420E+01  0.10299E+01  0.66613E-14
 0.14430E+01  0.10305E+01 -0.11102E-13
 0.14440E+01  0.10311E+01  0.44409E-14
 0.14450E+01  0.10319E+01  0.57732E-14
 0.14460E+01  0.10328E+01  0.14211E-13
 0.14470E+01  0.10337E+01  0.88818E-14
 0.14480E+01  0.10347E+01 -0.93259E-14
 0.14490E+01  0.10357E+01  0.13323E-14
 0.14500E+01  0.10368E+01 -0.27756E-14
 0.14510E+01  0.10380E+01  0.12435E-13
 0.14520E+01  0.10392E+01 -0.13323E-13
 0.14530E+01  0.10404E+01  0.18319E-14
 0.14540E+01  0.10417E+01 -0.44039E-20
 0.14550E+01  0.10429E+01 -0.40523E-14
 0.14560E+01  0.10442E+01 -0.42189E-14
 0.14570E+01  0.10455E+01  0.79936E-14
 0.14580E+01  0.10469E+01 -0.49544E-14
 0.14590E+01  0.10482E+01  0.48295E-14
 0.14600E+01  0.10495E+01  0.77716E-15
 0.14610E+01  0.10508E+01  0.16653E-14
 0.14620E+01  0.10520E+01  0.25535E-14
 0.14630E+01  0.10533E+01 -0.11657E-14
 0.14640E+01  0.10546E+01  0.57176E-14
 0.14650E+01  0.10558E+01 -0.88818E-15
 0.14660E+01  0.10570E+01 -0.28311E-14
 0.14670E+01  0.10582E+01  0.22760E-14
 0.14680E+01  0.10593E+01 -0.17764E-14
 0.14690E+01  0.10604E+01  0.88818E-15
 0.14700E+01  0.10615E+01 -0.32196E-14
 0.14710E+01  0.10626E+01 -0.22204E-14
 0.14720E+01  0.10636E+01  0.22204E-15
 0.14730E+01  0.10646E+01  0.22205E-15
 0.14740E+01  0.10656E+01 -0.33646E-21
 0.14750E+01  0.10665E+01 -0.99920E-15
 0.14760E+01  0.10674E+01 -0.66613E-15
 0.14770E+01  0.10683E+01 -0.19984E-14
 0.14780E+01  0.10691E+01  0.11102E-14
 0.14790E+01  0.10699E+01  0.55511E-15
 0.14800E+01  0.10707E+01  0.18874E-14
 0.14810E+01  0.10715E+01 -0.17764E-14
 0.14820E+01  0.10722E+01  0.13323E-14
 0.14830E+01  0.10729E+01  0.28866E-14
 0.14840E+01  0.10736E+01 -0.44409E-15
 0.14850E+01  0.10743E+01 -0.13323E-14
 0.14860E+01  0.10750E+01  0.11103E-15
 0.14870E+01  0.10756E+01 -0.11102E-15
 0.14880E+01  0.10762E+01  0.88818E-15
 0.14890E+01  0.10769E+01 -0.18874E-14
 0.14900E+01  0.10775E+01 -0.55511E-15
 0.14910E+01  0.10780E+01 -0.25535E-14
 0.14920E+01  0.10786E+01  0.33307E-15
 0.14930E+01  0.10792E+01 -0.31086E-14
 0.14940E+01  0.10798E+01  0.22204E-15
 0.14950E+01  0.10803E+01  0.18874E-14
 0.14960E+01  0.10809E+01 -0.23315E-14
 0.14970E+01  0.10815E+01 -0.88818E-15
 0.14980E+01  0.10820E+01 -0.42207E-21
 0.14990E+01  0.10826E+01  0.14433E-14
 0.15000E+01  0.10831E+01  0.16653E-14
 0.15010E+01  0.10837E+01 -0.16653E-14
 0.15020E+01  0.10843E+01 -0.14433E-14
 0.15030E+01  0.10848E+01  0.55511E-15
 0.15040E+01  0.10854E+01 -0.21094E-14
 0.15050E+01  0.10859E+01  0.27756E-14
 0.15060E+01  0.10865E+01  0.11102E-14
 0.15070E+01  0.10870E+01 -0.15543E-14
 0.15080E+01  0.10875E+01 -0.77716E-15
 0.15090E+01  0.10881E+01 -0.11102E-15
 0.15100E+01  0.10886E+01  0.13323E-14
 0.15110E+01  0.10891E+01  0.33307E-15
 0.15120E+01  0.10896E+01  0.44409E-15
 0.15130E+01  0.10901E+01 -0.22204E-14
 0.15140E+01  0.10906E+01 -0.72164E-15
 0.15150E+01  0.10911E+01 -0.19984E-14
 0.15160E+01  0.10916E+01  0.72164E-15
 0.15170E+01  0.10921E+01  0.77716E-15
 0.15180E+01  0.10925E+01 -0.44409E-15
 0.15190E+01  0.10929E+01 -0.11102E-15
 0.15200E+01  0.10933E+01 -0.10729E-20
 0.15210E+01  0.10937E+01 -0.99920E-15
 0.15220E+01  0.10941E+01 -0.16653E-15
 0.15230E+01  0.10945E+01  0.19429E-14
 0.15240E+01  0.10948E+01 -0.99920E-15
 0.15250E+01  0.10952E+01 -0.44409E-15
 0.15260E+01  0.10955E+01  0.16654E-15
 0.15270E+01  0.10958E+01  0.38858E-15
 0.15280E+01  0.10960E+01  0.99920E-15
 0.15290E+01  0.10963E+01 -0.16653E-15
 0.15300E+01  0.10965E+01 -0.94369E-15
 0.15310E+01  0.10968E+01 -0.83266E-15
 0.15320E+01  0.10970E+01 -0.55511E-15
 0.15330E+01  0.10972E+01  0.38858E-15
 0.15340E+01  0.10973E+01  0.66613E-15
 0.15350E+01  0.10975E+01  0.11102E-15
 0.15360E+01  0.10976E+01 -0.11102E-15
 0.15370E+01  0.10978E+01  0.77716E-15
 0.15380E+01  0.10979E+01  0.11102E-14
 0.15390E+01  0.10980E+01  0.44409E-15
 0.15400E+01  0.10981E+01 -0.99920E-15
 0.15410E+01  0.10982E+01 -0.38858E-15
 0.15420E+01  0.10983E+01  0.16654E-15
 0.15430E+01  0.10984E+01 -0.33307E-15
 0.15440E+01  0.10985E+01 -0.22205E-15
 0.15450E+01  0.10985E+01  0.55511E-15
 0.15460E+01  0.10986E+01 -0.22204E-15
 0.15470E+01  0.10986E+01 -0.22205E-15
 0.15480E+01  0.10987E+01 -0.55511E-15
 0.15490E+01  0.10987E+01 -0.55511E-16
 0.15500E+01  0.10988E+01  0.16653E-15
 0.15510E+01  0.10988E+01 -0.55511E-15
 0.15520E+01  0.10988E+01 -0.33307E-15
 0.15530E+01  0.10989E+01  0.77716E-15
 0.15540E+01  0.10989E+01  0.38858E-15
 0.15550E+01  0.10989E+01 -0.22204E-15
 0.15560E+01  0.10989E+01 -0.13878E-15
 0.15570E+01  0.10989E+01  0.19429E-15
 0.15580E+01  0.10989E+01 -0.61062E-15
 0.15590E+01  0.10990E+01 -0.36082E-15
 0.15600E+01  0.10990E+01 -0.83268E-16
 0.15610E+01  0.10990E+01 -0.83268E-16
 0.15620E+01  0.10990E+01 -0.83267E-16
 0.15630E+01  0.10990E+01 -0.66257E-21
 0.15640E+01  0.10990E+01 -0.44409E-15
 0.15650E+01  0.10990E+01  0.62163E-21
 0.15660E+01  0.10990E+01  0.22205E-15
 0.15670E+01  0.10990E+01  0.29117E-21
 0.15680E+01  0.10989E+01  0.16653E-15
 0.15690E+01  0.10989E+01 -0.47184E-15
 0.15700E+01  0.10989E+01 -0.83265E-16
 0.15710E+01  0.10989E+01  0.83267E-16
 0.15720E+01  0.10989E+01  0.30531E-15
 0.15730E+01  0.10989E+01 -0.83266E-16
 0.15740E+01  0.10989E+01  0.33307E-15
 0.15750E+01  0.10988E+01  0.24980E-15
 0.15760E+01  0.10988E+01 -0.41633E-15
 0.15770E+01  0.10988E+01  0.13878E-15
 0.15780E+01  0.10988E+01  0.13878E-15
 0.15790E+01  0.10988E+01  0.24980E-15
 0.15800E+01  0.10987E+01  0.33307E-15
 0.15810E+01  0.10987E+01 -0.27756E-16
 0.15820E+01  0.10987E+01  0.36082E-15
 0.15830E+01  0.10987E+01  0.83267E-16
 0.15840E+01  0.10987E+01 -0.11102E-15
 0.15850E+01  0.10987E+01  0.55513E-16
 0.15860E+01  0.10986E+01 -0.18041E-15
 0.15870E+01  0.10986E+01 -0.22204E-15
 0.15880E+01  0.10986E+01  0.55509E-16
 0.15890E+01  0.10986E+01  0.19429E-15
 0.15900E+01  0.10987E+01 -0.47184E-15
 0.15910E+01  0.10987E+01 -0.27756E-15
 0.15920E+01  0.10987E+01 -0.23592E-15
 0.15930E+01  0.10987E+01 -0.69390E-16
 0.15940E+01  0.10988E+01  0.12490E-15
 0.15950E+01  0.10988E+01 -0.13878E-15
 0.15960E+01  0.10988E+01  0.12490E-15
 0.15970E+01  0.10989E+01  0.13878E-16
 0.15980E+01  0.10990E+01  0.38858E-15
 0.15990E+01  0.10991E+01 -0.37470E-15
 0.16000E+01  0.10991E+01  0.31919E-15
 0.16010E+01  0.10992E+01 -0.55511E-16
 0.16020E+01  0.10994E+01 -0.13876E-16
 0.16030E+01  0.10995E+01 -0.34694E-15
 0.16040E+01  0.10996E+01 -0.15266E-15
 0.16050E+01  0.10997E+01  0.23592E-15
 0.16060E+01  0.10999E+01  0.27756E-15
 0.16070E+01  0.11000E+01  0.38858E-15
 0.16080E+01  0.11002E+01  0.13878E-16
 0.16090E+01  0.11004E+01 -0.19429E-15
 0.16100E+01  0.11006E+01  0.20817E-15
 0.16110E+01  0.11008E+01 -0.17347E-15
 0.16120E+01  0.11010E+01 -0.58980E-15
 0.16130E+01  0.11012E+01 -0.18041E-15
 0.16140E+01  0.11014E+01  0.97145E-16
 0.16150E+01  0.11017E+01  0.40246E-15
 0.16160E+01  0.11019E+01  0.13184E-15
 0.16170E+01  0.11022E+01 -0.20123E-15
 0.16180E+01  0.11024E+01  0.90205E-16
 0.16190E+01  0.11027E+01 -0.19429E-15
 0.16200E+01  0.11030E+01 -0.13878E-15
 0.16210E+01  0.11033E+01  0.97146E-16
 0.16220E+01  0.11035E+01  0.27756E-16
 0.16230E+01  0.11038E+01  0.90206E-16
 0.16240E+01  0.11041E+01  0.83266E-16
 0.16250E+01  0.11044E+01 -0.20817E-15
 0.16260E+01  0.11047E+01 -0.19429E-15
 0.16270E+01  0.11050E+01 -0.29143E-15
 0.16280E+01  0.11053E+01  0.34695E-16
 0.16290E+01  0.11056E+01  0.22204E-15
 0.16300E+01  0.11059E+01 -0.34695E-16
 0.16310E+01  0.11063E+01 -0.11796E-15
 0.16320E+01  0.11066E+01  0.38164E-16
 0.16330E+01  0.11069E+01 -0.20817E-15
 0.16340E+01  0.11072E+01  0.76329E-16
 0.16350E+01  0.11075E+01 -0.17348E-16
 0.16360E+01  0.11078E+01  0.19429E-15
 0.16370E+01  0.11081E+01  0.27756E-16
 0.16380E+01  0.11084E+01 -0.48572E-16
 0.16390E+01  0.11087E+01  0.13531E-15
 0.16400E+01  0.11090E+01 -0.33307E-15
 0.16410E+01  0.11093E+01 -0.21858E-15
 0.16420E+01  0.11096E+01 -0.24980E-15
 0.16430E+01  0.11099E+01 -0.13878E-16
 0.16440E+01  0.11102E+01 -0.24633E-15
 0.16450E+01  0.11105E+01  0.88471E-16
 0.16460E+01  0.11108E+01 -0.12143E-16
 0.16470E+01  0.11111E+01  0.15266E-15
 0.16480E+01  0.11114E+01  0.81532E-16
 0.16490E+01  0.11116E+01 -0.76328E-16
 0.16500E+01  0.11119E+01  0.60715E-16
 0.16510E+01  0.11122E+01  0.95409E-16
 0.16520E+01  0.11124E+01 -0.16133E-15
 0.16530E+01  0.11127E+01 -0.17347E-15
 0.16540E+01  0.11130E+01  0.12317E-15
 0.16550E+01  0.11132E+01  0.20817E-16
 0.16560E+01  0.11135E+01 -0.17347E-16
 0.16570E+01  0.11137E+01  0.64185E-16
 0.16580E+01  0.11139E+01 -0.10408E-16
 0.16590E+01  0.11142E+01 -0.13878E-16
 0.16600E+01  0.11144E+01 -0.78062E-16
 0.16610E+01  0.11146E+01 -0.62450E-16
 0.16620E+01  0.11148E+01 -0.27756E-16
 0.16630E+01  0.11151E+01  0.52040E-17
 0.16640E+01  0.11153E+01 -0.45103E-16
 0.16650E+01  0.11155E+01 -0.12490E-15
 0.16660E+01  0.11157E+01  0.26021E-16
 0.16670E+01  0.11159E+01 -0.36429E-16
 0.16680E+01  0.11161E+01  0.11449E-15
 0.16690E+01  0.11163E+01  0.10409E-16
 0.16700E+01  0.11164E+01  0.15612E-15
 0.16710E+01  0.11166E+01  0.26021E-16
 0.16720E+01  0.11168E+01  0.11102E-15
 0.16730E+01  0.11170E+01  0.54644E-16
 0.16740E+01  0.11171E+01  0.87603E-16
 0.16750E+01  0.11173E+01  0.27755E-16
 0.16760E+01  0.11175E+01  0.40766E-16
 0.16770E+01  0.11176E+01 -0.41634E-16
 0.16780E+01  0.11178E+01  0.47705E-16
 0.16790E+01  0.11180E+01  0.11189E-15
 0.16800E+01  0.11181E+01  0.91940E-16
 0.16810E+01  0.11183E+01 -0.19082E-16
 0.16820E+01  0.11184E+01  0.60715E-16
 0.16830E+01  0.11186E+01 -0.88471E-16
 0.16840E+01  0.11187E+01  0.85001E-16
 0.16850E+01  0.11189E+01  0.36429E-16
 0.16860E+01  0.11190E+01  0.76328E-16
 0.16870E+01  0.11192E+01  0.36429E-16
 0.16880E+01  0.11193E+01 -0.31225E-16
 0.16890E+01  0.11194E+01  0.88471E-16
 0.16900E+01  0.11196E+01 -0.10408E-16
 0.16910E+01  0.11197E+01  0.11796E-15
 0.16920E+01  0.11199E+01 -0.11970E-15
 0.16930E+01  0.11200E+01  0.34696E-17
 0.16940E+01  0.11201E+01 -0.10408E-16
 0.16950E+01  0.11203E+01 -0.58981E-16
 0.16960E+01  0.11204E+01 -0.17347E-16
 0.16970E+01  0.11206E+01  0.34687E-17
 0.16980E+01  0.11207E+01 -0.41633E-16
 0.16990E+01  0.11209E+01 -0.69388E-17
 0.17000E+01  0.11210E+01  0.62450E-16
 0.17010E+01  0.11212E+01 -0.10409E-16
 0.17020E+01  0.11213E+01  0.90206E-16
 0.17030E+01  0.11215E+01 -0.38164E-16
 0.17040E+01  0.11216E+01  0.10409E-16
 0.17050E+01  0.11218E+01  0.13878E-16
 0.17060E+01  0.11219E+01  0.83267E-16
 0.17070E+01  0.11221E+01  0.58980E-16
 0.17080E+01  0.11222E+01  0.65920E-16
 0.17090E+01  0.11224E+01  0.45103E-16
 0.17100E+01  0.11225E+01 -0.52042E-16
 0.17110E+01  0.11227E+01 -0.34694E-16
 0.17120E+01  0.11228E+01 -0.52042E-16
 0.17130E+01  0.11230E+01 -0.20817E-16
 0.17140E+01  0.11232E+01  0.52042E-16
 0.17150E+01  0.11233E+01 -0.45103E-16
 0.17160E+01  0.11235E+01  0.17347E-16
 0.17170E+01  0.11237E+01  0.20816E-16
 0.17180E+01  0.11238E+01 -0.19687E-21
 0.17190E+01  0.11240E+01  0.27755E-16
 0.17200E+01  0.11242E+01 -0.13877E-16
 0.17210E+01  0.11243E+01 -0.48572E-16
 0.17220E+01  0.11245E+01 -0.76327E-16
 0.17230E+01  0.11247E+01 -0.17347E-16
 0.17240E+01  0.11248E+01 -0.34698E-17
 0.17250E+01  0.11250E+01  0.13878E-16
 0.17260E+01  0.11251E+01 -0.13878E-16
 0.17270E+01  0.11253E+01  0.41634E-16
 0.17280E+01  0.11255E+01  0.17347E-16
 0.17290E+01  0.11256E+01 -0.38164E-16
 0.17300E+01  0.11258E+01  0.24286E-16
 0.17310E+01  0.11260E+01  0.13878E-16
 0.17320E+01  0.11261E+01 -0.58981E-16
 0.17330E+01  0.11263E+01 -0.34694E-17
 0.17340E+01  0.11264E+01 -0.23823E-21
 0.17350E+01  0.11266E+01 -0.58981E-16
 0.17360E+01  0.11268E+01 -0.55511E-16
 0.17370E+01  0.11269E+01  0.10408E-16
 0.17380E+01  0.11271E+01  0.41633E-16
 0.17390E+01  0.11272E+01  0.45103E-16
 0.17400E+01  0.11274E+01 -0.38164E-16
 0.17410E+01  0.11275E+01  0.10408E-16
 0.17420E+01  0.11277E+01 -0.66174E-22
 0.17430E+01  0.11278E+01  0.52042E-16
 0.17440E+01  0.11280E+01 -0.12656E-21
 0.17450E+01  0.11281E+01  0.34694E-16
 0.17460E+01  0.11283E+01 -0.34694E-16
 0.17470E+01  0.11284E+01  0.34695E-16
 0.17480E+01  0.11286E+01  0.48572E-16
 0.17490E+01  0.11287E+01 -0.85200E-22
 0.17500E+01  0.11289E+01 -0.69389E-16
 0.17510E+01  0.11290E+01 -0.48572E-16
 0.17520E+01  0.11291E+01  0.69389E-17
 0.17530E+01  0.11293E+01 -0.41633E-16
 0.17540E+01  0.11294E+01  0.34694E-16
 0.17550E+01  0.11295E+01 -0.55511E-16
 0.17560E+01  0.11297E+01  0.69390E-17
 0.17570E+01  0.11298E+01 -0.69389E-17
 0.17580E+01  0.11300E+01 -0.41633E-16
 0.17590E+01  0.11301E+01 -0.55511E-16
 0.17600E+01  0.11302E+01  0.76328E-16
 0.17610E+01  0.11304E+01  0.48572E-16
 0.17620E+01  0.11305E+01  0.27756E-16
 0.17630E+01  0.11306E+01  0.49631E-23
 0.17640E+01  0.11308E+01  0.41633E-16
 0.17650E+01  0.11309E+01  0.20817E-16
 0.17660E+01  0.11311E+01  0.62450E-16
 0.17670E+01  0.11312E+01  0.10408E-15
 0.17680E+01  0.11314E+01 -0.48572E-16
 0.17690E+01  0.11315E+01  0.34695E-16
 0.17700E+01  0.11317E+01  0.12490E-15
 0.17710E+01  0.11318E+01 -0.15266E-15
 0.17720E+01  0.11320E+01 -0.13878E-16
 0.17730E+01  0.11321E+01 -0.69389E-17
 0.17740E+01  0.11323E+01 -0.13878E-15
 0.17750E+01  0.11324E+01 -0.11102E-15
 0.17760E+01  0.11326E+01 -0.11102E-15
 0.17770E+01  0.11328E+01  0.24286E-16
 0.17780E+01  0.11330E+01 -0.16306E-15
 0.17790E+01  0.11331E+01  0.18041E-15
 0.17800E+01  0.11333E+01 -0.27756E-16
 0.17810E+01  0.11335E+01 -0.12143E-15
 0.17820E+01  0.11337E+01  0.24286E-16
 0.17830E+01  0.11339E+01  0.45103E-16
 0.17840E+01  0.11341E+01  0.79797E-16
 0.17850E+01  0.11343E+01 -0.17347E-16
 0.17860E+01  0.11345E+01 -0.62450E-16
 0.17870E+01  0.11347E+01 -0.34694E-16
 0.17880E+01  0.11349E+01 -0.66174E-22
 0.17890E+01  0.11351E+01 -0.26470E-22
 0.17900E+01  0.11353E+01 -0.79797E-16
 0.17910E+01  0.11355E+01 -0.10408E-15
 0.17920E+01  0.11357E+01 -0.24286E-16
 0.17930E+01  0.11359E+01  0.11796E-15
 0.17940E+01  0.11361E+01 -0.34694E-16
 0.17950E+01  0.11363E+01  0.69389E-16
 0.17960E+01  0.11365E+01  0.13184E-15
 0.17970E+01  0.11367E+01  0.55511E-16
 0.17980E+01  0.11370E+01  0.20817E-16
 0.17990E+01  0.11372E+01 -0.86736E-16
 0.18000E+01  0.11374E+01 -0.12143E-15
 0.18010E+01  0.11376E+01 -0.69389E-17
 0.18020E+01  0.11378E+01 -0.19776E-15
 0.18030E+01  0.11380E+01  0.10408E-16
 0.18040E+01  0.11383E+01 -0.97145E-16
 0.18050E+01  0.11385E+01 -0.17347E-16
 0.18060E+01  0.11387E+01 -0.65920E-16
 0.18070E+01  0.11389E+01 -0.83267E-16
 0.18080E+01  0.11391E+01 -0.14919E-15
 0.18090E+01  0.11393E+01  0.48572E-16
 0.18100E+01  0.11396E+01  0.13878E-15
 0.18110E+01  0.11398E+01 -0.34694E-16
 0.18120E+01  0.11400E+01  0.69389E-17
 0.18130E+01  0.11402E+01 -0.16306E-15
 0.18140E+01  0.11404E+01  0.41633E-16
 0.18150E+01  0.11406E+01  0.76328E-16
 0.18160E+01  0.11409E+01 -0.17347E-16
 0.18170E+01  0.11411E+01  0.13184E-15
 0.18180E+01  0.11413E+01  0.48572E-16
 0.18190E+01  0.11415E+01  0.55511E-16
 0.18200E+01  0.11417E+01  0.34695E-16
 0.18210E+01  0.11419E+01  0.48572E-16
 0.18220E+01  0.11422E+01  0.11102E-15
 0.18230E+01  0.11424E+01  0.90206E-16
 0.18240E+01  0.11426E+01 -0.12490E-15
 0.18250E+01  0.11428E+01  0.69389E-17
 0.18260E+01  0.11430E+01  0.18735E-15
 0.18270E+01  0.11432E+01 -0.12490E-15
 0.18280E+01  0.11435E+01  0.97145E-16
 0.18290E+01  0.11437E+01 -0.23161E-22
 0.18300E+01  0.11439E+01 -0.49631E-23
 0.18310E+01  0.11441E+01  0.15266E-15
 0.18320E+01  0.11444E+01 -0.97145E-16
 0.18330E+01  0.11446E+01 -0.27755E-16
 0.18340E+01  0.11448E+01 -0.97145E-16
 0.18350E+01  0.11450E+01  0.55511E-16
 0.18360E+01  0.11453E+01  0.41633E-16
 0.18370E+01  0.11455E+01 -0.16653E-15
 0.18380E+01  0.11457E+01 -0.55511E-16
 0.18390E+01  0.11460E+01 -0.97145E-16
 0.18400E+01  0.11462E+01  0.41633E-16
 0.18410E+01  0.11464E+01 -0.97145E-16
 0.18420E+01  0.11467E+01  0.55511E-16
 0.18430E+01  0.11469E+01  0.66174E-23
 0.18440E+01  0.11471E+01 -0.55511E-16
 0.18450E+01  0.11474E+01 -0.23592E-15
 0.18460E+01  0.11476E+01 -0.26368E-15
 0.18470E+01  0.11478E+01 -0.26368E-15
 0.18480E+01  0.11481E+01 -0.97145E-16
 0.18490E+01  0.11483E+01 -0.27756E-16
 0.18500E+01  0.11486E+01 -0.27756E-16
 0.18510E+01  0.11488E+01  0.15266E-15
 0.18520E+01  0.11490E+01 -0.31433E-22
 0.18530E+01  0.11493E+01  0.41633E-15
 0.18540E+01  0.11495E+01 -0.12490E-15
 0.18550E+01  0.11497E+01 -0.23592E-15
 0.18560E+01  0.11499E+01  0.27756E-16
 0.18570E+01  0.11502E+01 -0.41633E-16
 0.18580E+01  0.11504E+01  0.19429E-15
 0.18590E+01  0.11506E+01 -0.11102E-15
 0.18600E+01  0.11508E+01 -0.97145E-16
 0.18610E+01  0.11510E+01  0.41633E-16
 0.18620E+01  0.11512E+01 -0.11102E-15
 0.18630E+01  0.11514E+01 -0.11746E-21
 0.18640E+01  0.11516E+01  0.27756E-16
 0.18650E+01  0.11518E+01  0.55511E-16
 0.18660E+01  0.11520E+01 -0.11102E-15
 0.18670E+01  0.11522E+01 -0.41633E-16
 0.18680E+01  0.11524E+01 -0.27756E-16
 0.18690E+01  0.11525E+01  0.27756E-16
 0.18700E+01  0.11527E+01  0.97144E-16
 0.18710E+01  0.11529E+01  0.22204E-15
 0.18720E+01  0.11530E+01  0.83267E-16
 0.18730E+01  0.11532E+01  0.12490E-15
 0.18740E+01  0.11533E+01  0.55511E-16
 0.18750E+01  0.11534E+01  0.41633E-16
 0.18760E+01  0.11536E+01  0.33087E-22
 0.18770E+01  0.11537E+01 -0.55511E-16
 0.18780E+01  0.11538E+01 -0.97144E-16
 0.18790E+01  0.11539E+01 -0.41633E-16
 0.18800E+01  0.11540E+01  0.83267E-16
 0.18810E+01  0.11541E+01 -0.69389E-16
 0.18820E+01  0.11542E+01  0.11102E-15
 0.18830E+01  0.11543E+01  0.13878E-16
 0.18840E+01  0.11543E+01 -0.69389E-16
 0.18850E+01  0.11544E+01 -0.69389E-16
 0.18860E+01  0.11545E+01 -0.13878E-16
 0.18870E+01  0.11545E+01  0.12490E-15
 0.18880E+01  0.11546E+01 -0.13878E-16
 0.18890E+01  0.11547E+01 -0.14889E-22
 0.18900E+01  0.11547E+01  0.13878E-16
 0.18910E+01  0.11548E+01 -0.13878E-16
 0.18920E+01  0.11548E+01 -0.13878E-16
 0.18930E+01  0.11549E+01 -0.83267E-16
 0.18940E+01  0.11549E+01  0.13878E-16
 0.18950E+01  0.11549E+01 -0.13878E-16
 0.18960E+01  0.11550E+01  0.83267E-16
 0.18970E+01  0.11550E+01 -0.55511E-16
 0.18980E+01  0.11551E+01 -0.55511E-16
 0.18990E+01  0.11551E+01  0.13878E-16
 0.19000E+01  0.11552E+01  0.55511E-16
 0.19010E+01  0.11552E+01 -0.13878E-16
 0.19020E+01  0.11552E+01 -0.13878E-16
 0.19030E+01  0.11553E+01  0.13878E-16
 0.19040E+01  0.11553E+01  0.41633E-16
 0.19050E+01  0.11554E+01  0.13878E-16
 0.19060E+01  0.11554E+01  0.13878E-16
 0.19070E+01  0.11555E+01  0.27756E-16
 0.19080E+01  0.11555E+01  0.13235E-22
 0.19090E+01  0.11556E+01  0.13878E-16
 0.19100E+01  0.11556E+01 -0.27756E-16
 0.19110E+01  0.11557E+01 -0.13878E-16
 0.19120E+01  0.11557E+01 -0.49631E-23
 0.19130E+01  0.11558E+01  0.69389E-16
 0.19140E+01  0.11559E+01 -0.13878E-16
 0.19150E+01  0.11559E+01  0.13878E-16
 0.19160E+01  0.11560E+01 -0.13878E-16
 0.19170E+01  0.11561E+01 -0.97145E-16
 0.19180E+01  0.11562E+01 -0.55511E-16
 0.19190E+01  0.11562E+01 -0.39705E-22
 0.19200E+01  0.11563E+01  0.13878E-16
 0.19210E+01  0.11564E+01 -0.27756E-16
 0.19220E+01  0.11565E+01 -0.27756E-16
 0.19230E+01  0.11566E+01 -0.69389E-17
 0.19240E+01  0.11567E+01 -0.41633E-16
 0.19250E+01  0.11568E+01 -0.69389E-16
 0.19260E+01  0.11569E+01  0.13878E-16
 0.19270E+01  0.11570E+01  0.20817E-16
 0.19280E+01  0.11571E+01  0.62450E-16
 0.19290E+01  0.11572E+01 -0.27756E-16
 0.19300E+01  0.11573E+01  0.55511E-16
 0.19310E+01  0.11574E+01  0.13878E-16
 0.19320E+01  0.11576E+01  0.20817E-16
 0.19330E+01  0.11577E+01 -0.69389E-17
 0.19340E+01  0.11578E+01  0.20817E-16
 0.19350E+01  0.11579E+01 -0.55511E-16
 0.19360E+01  0.11580E+01 -0.27756E-16
 0.19370E+01  0.11582E+01 -0.13878E-16
 0.19380E+01  0.11583E+01  0.20817E-16
 0.19390E+01  0.11584E+01 -0.20817E-16
 0.19400E+01  0.11585E+01 -0.20817E-16
 0.19410E+01  0.11586E+01 -0.34694E-16
 0.19420E+01  0.11588E+01  0.13878E-16
 0.19430E+01  0.11589E+01  0.69389E-17
 0.19440E+01  0.11590E+01  0.45103E-16
 0.19450E+01  0.11591E+01  0.62450E-16
 0.19460E+01  0.11592E+01 -0.31225E-16
 0.19470E+01  0.11594E+01  0.27756E-16
 0.19480E+01  0.11595E+01  0.34695E-17
 0.19490E+01  0.11596E+01 -0.17347E-16
 0.19500E+01  0.11597E+01  0.20817E-16
 0.19510E+01  0.11598E+01 -0.39899E-16
 0.19520E+01  0.11599E+01 -0.48572E-16
 0.19530E+01  0.11600E+01  0.15612E-16
 0.19540E+01  0.11601E+01  0.15613E-16
 0.19550E+01  0.11602E+01 -0.32092E-16
 0.19560E+01  0.11603E+01  0.30358E-16
 0.19570E+01  0.11604E+01  0.19949E-16
 0.19580E+01  0.11605E+01 -0.19082E-16
 0.19590E+01  0.11606E+01  0.27756E-16
 0.19600E+01  0.11607E+01 -0.86736E-17
 0.19610E+01  0.11608E+01  0.13878E-16
 0.19620E+01  0.11609E+01  0.32960E-16
 0.19630E+01  0.11610E+01  0.85001E-16
 0.19640E+01  0.11611E+01  0.10408E-16
 0.19650E+01  0.11612E+01 -0.12143E-16
 0.19660E+01  0.11613E+01 -0.57246E-16
 0.19670E+01  0.11614E+01 -0.48572E-16
 0.19680E+01  0.11615E+01  0.13878E-16
 0.19690E+01  0.11616E+01  0.13878E-16
 0.19700E+01  0.11617E+01 -0.17347E-16
 0.19710E+01  0.11617E+01 -0.34694E-16
 0.19720E+01  0.11618E+01 -0.17347E-16
 0.19730E+01  0.11619E+01  0.69389E-16
 0.19740E+01  0.11620E+01  0.20817E-16
 0.19750E+01  0.11621E+01  0.38164E-16
 0.19760E+01  0.11622E+01 -0.41633E-16
 0.19770E+01  0.11623E+01 -0.62450E-16
 0.19780E+01  0.11624E+01 -0.27756E-16
 0.19790E+01  0.11625E+01 -0.11581E-22
 0.19800E+01  0.11626E+01  0.69389E-17
 0.19810E+01  0.11627E+01 -0.34694E-16
 0.19820E+01  0.11628E+01  0.27756E-16
 0.19830E+01  0.11629E+01  0.13878E-16
 0.19840E+01  0.11630E+01 -0.69389E-17
 0.19850E+01  0.11631E+01 -0.41633E-16
 0.19860E+01  0.11632E+01 -0.55511E-16
 0.19870E+01  0.11634E+01 -0.27756E-16
 0.19880E+01  0.11635E+01  0.69389E-17
 0.19890E+01  0.11636E+01  0.00000E+00
 0.19900E+01  0.11638E+01 -0.13235E-22
 0.19910E+01  0.11639E+01 -0.48572E-16
 0.19920E+01  0.11640E+01 -0.20817E-16
 0.19930E+01  0.11642E+01 -0.20817E-16
 0.19940E+01  0.11643E+01 -0.13878E-16
 0.19950E+01  0.11645E+01  0.20817E-16
 0.19960E+01  0.11647E+01  0.20817E-16
 0.19970E+01  0.11648E+01  0.69389E-17
 0.19980E+01  0.11650E+01  0.69389E-16
 0.19990E+01  0.11652E+01  0.13878E-16
 0.20000E+01  0.11654E+01 -0.69389E-17
