 0.1000000E-01  0.6968185E-08
 0.2000000E-01  0.2784589E-07
 0.3000000E-01  0.6256987E-07
 0.4000000E-01  0.1110461E-06
 0.5000000E-01  0.1731501E-06
 0.6000000E-01  0.2487270E-06
 0.7000000E-01  0.3375936E-06
 0.8000000E-01  0.4395407E-06
 0.9000000E-01  0.5543371E-06
 0.1000000E+00  0.6817342E-06
 0.1100000E+00  0.8214712E-06
 0.1200000E+00  0.9732806E-06
 0.1300000E+00  0.1136894E-05
 0.1400000E+00  0.1312045E-05
 0.1500000E+00  0.1498478E-05
 0.1600000E+00  0.1695949E-05
 0.1700000E+00  0.1904233E-05
 0.1800000E+00  0.2123130E-05
 0.1900000E+00  0.2352471E-05
 0.2000000E+00  0.2592129E-05
 0.2100000E+00  0.2842025E-05
 0.2200000E+00  0.3102139E-05
 0.2300000E+00  0.3372519E-05
 0.2400000E+00  0.3653287E-05
 0.2500000E+00  0.3944650E-05
 0.2600000E+00  0.4246905E-05
 0.2700000E+00  0.4560442E-05
 0.2800000E+00  0.4885756E-05
 0.2900000E+00  0.5223445E-05
 0.3000000E+00  0.5574226E-05
 0.3100000E+00  0.5938931E-05
 0.3200000E+00  0.6318523E-05
 0.3300000E+00  0.6714097E-05
 0.3400000E+00  0.7126889E-05
 0.3500000E+00  0.7558276E-05
 0.3600000E+00  0.8009780E-05
 0.3700000E+00  0.8483066E-05
 0.3800000E+00  0.8979940E-05
 0.3900000E+00  0.9502342E-05
 0.4000000E+00  0.1005234E-04
 0.4100000E+00  0.1063214E-04
 0.4200000E+00  0.1124403E-04
 0.4300000E+00  0.1189045E-04
 0.4400000E+00  0.1257390E-04
 0.4500000E+00  0.1329700E-04
 0.4600000E+00  0.1406244E-04
 0.4700000E+00  0.1487297E-04
 0.4800000E+00  0.1573143E-04
 0.4900000E+00  0.1664068E-04
 0.5000000E+00  0.1760362E-04
 0.5100000E+00  0.1862317E-04
 0.5200000E+00  0.1970229E-04
 0.5300000E+00  0.2084394E-04
 0.5400000E+00  0.2205111E-04
 0.5500000E+00  0.2332681E-04
 0.5600000E+00  0.2467408E-04
 0.5700000E+00  0.2609603E-04
 0.5800000E+00  0.2759583E-04
 0.5900000E+00  0.2917675E-04
 0.6000000E+00  0.3084222E-04
 0.6100000E+00  0.3259586E-04
 0.6200000E+00  0.3444157E-04
 0.6300000E+00  0.3638363E-04
 0.6400000E+00  0.3842679E-04
 0.6500000E+00  0.4057651E-04
 0.6600000E+00  0.4283909E-04
 0.6700000E+00  0.4522200E-04
 0.6800000E+00  0.4773420E-04
 0.6900000E+00  0.5038654E-04
 0.7000000E+00  0.5319235E-04
 0.7100000E+00  0.5616813E-04
 0.7200000E+00  0.5933447E-04
 0.7300000E+00  0.6271724E-04
 0.7400000E+00  0.6634916E-04
 0.7500000E+00  0.7027189E-04
 0.7600000E+00  0.7453875E-04
 0.7700000E+00  0.7921829E-04
 0.7800000E+00  0.8439906E-04
 0.7900000E+00  0.9019579E-04
 0.8000000E+00  0.9675737E-04
 0.8100000E+00  0.1042773E-03
 0.8200000E+00  0.1130069E-03
 0.8300000E+00  0.1232723E-03
 0.8400000E+00  0.1354957E-03
 0.8500000E+00  0.1502219E-03
 0.8600000E+00  0.1681506E-03
 0.8700000E+00  0.1901761E-03
 0.8800000E+00  0.2174350E-03
 0.8900000E+00  0.2513616E-03
 0.9000000E+00  0.2937529E-03
 0.9100000E+00  0.3468429E-03
 0.9200000E+00  0.4133854E-03
 0.9300000E+00  0.4967447E-03
 0.9400000E+00  0.6009927E-03
 0.9500000E+00  0.7310099E-03
 0.9600000E+00  0.8925869E-03
 0.9700000E+00  0.1092522E-02
 0.9800000E+00  0.1338712E-02
 0.9900000E+00  0.1640227E-02
 0.1000000E+01  0.2007364E-02
 0.1010000E+01  0.2451681E-02
 0.1020000E+01  0.2985990E-02
 0.1030000E+01  0.3624321E-02
 0.1040000E+01  0.4381838E-02
 0.1050000E+01  0.5274721E-02
 0.1060000E+01  0.6319989E-02
 0.1070000E+01  0.7535294E-02
 0.1080000E+01  0.8938662E-02
 0.1090000E+01  0.1054821E-01
 0.1100000E+01  0.1238183E-01
 0.1110000E+01  0.1445682E-01
 0.1120000E+01  0.1678960E-01
 0.1130000E+01  0.1939526E-01
 0.1140000E+01  0.2228733E-01
 0.1150000E+01  0.2547733E-01
 0.1160000E+01  0.2897458E-01
 0.1170000E+01  0.3278588E-01
 0.1180000E+01  0.3691534E-01
 0.1190000E+01  0.4136420E-01
 0.1200000E+01  0.4613087E-01
 0.1210000E+01  0.5121085E-01
 0.1220000E+01  0.5659698E-01
 0.1230000E+01  0.6227964E-01
 0.1240000E+01  0.6824716E-01
 0.1250000E+01  0.7448626E-01
 0.1260000E+01  0.8098269E-01
 0.1270000E+01  0.8772181E-01
 0.1280000E+01  0.9468929E-01
 0.1290000E+01  0.1018717E+00
 0.1300000E+01  0.1092572E+00
 0.1310000E+01  0.1168355E+00
 0.1320000E+01  0.1245987E+00
 0.1330000E+01  0.1325403E+00
 0.1340000E+01  0.1406557E+00
 0.1350000E+01  0.1489409E+00
 0.1360000E+01  0.1573918E+00
 0.1370000E+01  0.1660032E+00
 0.1380000E+01  0.1747678E+00
 0.1390000E+01  0.1836750E+00
 0.1400000E+01  0.1927103E+00
 0.1410000E+01  0.2018550E+00
 0.1420000E+01  0.2110860E+00
 0.1430000E+01  0.2203770E+00
 0.1440000E+01  0.2296990E+00
 0.1450000E+01  0.2390223E+00
 0.1460000E+01  0.2483179E+00
 0.1470000E+01  0.2575597E+00
 0.1480000E+01  0.2667258E+00
 0.1490000E+01  0.2757999E+00
 0.1500000E+01  0.2847718E+00
 0.1510000E+01  0.2936377E+00
 0.1520000E+01  0.3023990E+00
 0.1530000E+01  0.3110612E+00
 0.1540000E+01  0.3196318E+00
 0.1550000E+01  0.3281183E+00
 0.1560000E+01  0.3365262E+00
 0.1570000E+01  0.3448571E+00
 0.1580000E+01  0.3531081E+00
 0.1590000E+01  0.3612709E+00
 0.1600000E+01  0.3693325E+00
 0.1610000E+01  0.3772767E+00
 0.1620000E+01  0.3850853E+00
 0.1630000E+01  0.3927403E+00
 0.1640000E+01  0.4002260E+00
 0.1650000E+01  0.4075306E+00
 0.1660000E+01  0.4146472E+00
 0.1670000E+01  0.4215743E+00
 0.1680000E+01  0.4283152E+00
 0.1690000E+01  0.4348775E+00
 0.1700000E+01  0.4412712E+00
 0.1710000E+01  0.4475075E+00
 0.1720000E+01  0.4535967E+00
 0.1730000E+01  0.4595473E+00
 0.1740000E+01  0.4653649E+00
 0.1750000E+01  0.4710522E+00
 0.1760000E+01  0.4766087E+00
 0.1770000E+01  0.4820316E+00
 0.1780000E+01  0.4873167E+00
 0.1790000E+01  0.4924593E+00
 0.1800000E+01  0.4974547E+00
 0.1810000E+01  0.5022995E+00
 0.1820000E+01  0.5069914E+00
 0.1830000E+01  0.5115298E+00
 0.1840000E+01  0.5159156E+00
 0.1850000E+01  0.5201511E+00
 0.1860000E+01  0.5242399E+00
 0.1870000E+01  0.5281867E+00
 0.1880000E+01  0.5319973E+00
 0.1890000E+01  0.5356787E+00
 0.1900000E+01  0.5392383E+00
 0.1910000E+01  0.5426844E+00
 0.1920000E+01  0.5460251E+00
 0.1930000E+01  0.5492680E+00
 0.1940000E+01  0.5524196E+00
 0.1950000E+01  0.5554841E+00
 0.1960000E+01  0.5584636E+00
 0.1970000E+01  0.5613574E+00
 0.1980000E+01  0.5641622E+00
 0.1990000E+01  0.5668734E+00
 0.2000000E+01  0.5694855E+00
 0.2010000E+01  0.5719939E+00
 0.2020000E+01  0.5743964E+00
 0.2030000E+01  0.5766940E+00
 0.2040000E+01  0.5788916E+00
 0.2050000E+01  0.5809982E+00
 0.2060000E+01  0.5830257E+00
 0.2070000E+01  0.5849879E+00
 0.2080000E+01  0.5868983E+00
 0.2090000E+01  0.5887680E+00
 0.2100000E+01  0.5906046E+00
 0.2110000E+01  0.5924104E+00
 0.2120000E+01  0.5941830E+00
 0.2130000E+01  0.5959155E+00
 0.2140000E+01  0.5975981E+00
 0.2150000E+01  0.5992207E+00
 0.2160000E+01  0.6007750E+00
 0.2170000E+01  0.6022564E+00
 0.2180000E+01  0.6036655E+00
 0.2190000E+01  0.6050086E+00
 0.2200000E+01  0.6062967E+00
 0.2210000E+01  0.6075440E+00
 0.2220000E+01  0.6087657E+00
 0.2230000E+01  0.6099751E+00
 0.2240000E+01  0.6111818E+00
 0.2250000E+01  0.6123898E+00
 0.2260000E+01  0.6135973E+00
 0.2270000E+01  0.6147970E+00
 0.2280000E+01  0.6159777E+00
 0.2290000E+01  0.6171270E+00
 0.2300000E+01  0.6182333E+00
 0.2310000E+01  0.6192885E+00
 0.2320000E+01  0.6202893E+00
 0.2330000E+01  0.6212383E+00
 0.2340000E+01  0.6221431E+00
 0.2350000E+01  0.6230153E+00
 0.2360000E+01  0.6238683E+00
 0.2370000E+01  0.6247150E+00
 0.2380000E+01  0.6255656E+00
 0.2390000E+01  0.6264260E+00
 0.2400000E+01  0.6272970E+00
 0.2410000E+01  0.6281745E+00
 0.2420000E+01  0.6290500E+00
 0.2430000E+01  0.6299128E+00
 0.2440000E+01  0.6307515E+00
 0.2450000E+01  0.6315556E+00
 0.2460000E+01  0.6323176E+00
 0.2470000E+01  0.6330337E+00
 0.2480000E+01  0.6337038E+00
 0.2490000E+01  0.6343321E+00
 0.2500000E+01  0.6349255E+00
 0.2510000E+01  0.6354926E+00
 0.2520000E+01  0.6360431E+00
 0.2530000E+01  0.6365858E+00
 0.2540000E+01  0.6371276E+00
 0.2550000E+01  0.6376732E+00
 0.2560000E+01  0.6382240E+00
 0.2570000E+01  0.6387783E+00
 0.2580000E+01  0.6393313E+00
 0.2590000E+01  0.6398756E+00
 0.2600000E+01  0.6404019E+00
 0.2610000E+01  0.6409002E+00
 0.2620000E+01  0.6413609E+00
 0.2630000E+01  0.6417760E+00
 0.2640000E+01  0.6421406E+00
 0.2650000E+01  0.6424532E+00
 0.2660000E+01  0.6427169E+00
 0.2670000E+01  0.6429387E+00
 0.2680000E+01  0.6431293E+00
 0.2690000E+01  0.6433014E+00
 0.2700000E+01  0.6434682E+00
 0.2710000E+01  0.6436414E+00
 0.2720000E+01  0.6438294E+00
 0.2730000E+01  0.6440358E+00
 0.2740000E+01  0.6442584E+00
 0.2750000E+01  0.6444899E+00
 0.2760000E+01  0.6447185E+00
 0.2770000E+01  0.6449296E+00
 0.2780000E+01  0.6451083E+00
 0.2790000E+01  0.6452417E+00
 0.2800000E+01  0.6453212E+00
 0.2810000E+01  0.6453436E+00
 0.2820000E+01  0.6453121E+00
 0.2830000E+01  0.6452357E+00
 0.2840000E+01  0.6451278E+00
 0.2850000E+01  0.6450042E+00
 0.2860000E+01  0.6448807E+00
 0.2870000E+01  0.6447706E+00
 0.2880000E+01  0.6446828E+00
 0.2890000E+01  0.6446210E+00
 0.2900000E+01  0.6445827E+00
 0.2910000E+01  0.6445605E+00
 0.2920000E+01  0.6445433E+00
 0.2930000E+01  0.6445179E+00
 0.2940000E+01  0.6444716E+00
 0.2950000E+01  0.6443937E+00
 0.2960000E+01  0.6442768E+00
 0.2970000E+01  0.6441179E+00
 0.2980000E+01  0.6439181E+00
 0.2990000E+01  0.6436823E+00
 0.3000000E+01  0.6434176E+00
 0.3010000E+01  0.6431326E+00
 0.3020000E+01  0.6428357E+00
 0.3030000E+01  0.6425338E+00
 0.3040000E+01  0.6422317E+00
 0.3050000E+01  0.6419318E+00
 0.3060000E+01  0.6416336E+00
 0.3070000E+01  0.6413344E+00
 0.3080000E+01  0.6410296E+00
 0.3090000E+01  0.6407137E+00
 0.3100000E+01  0.6403806E+00
 0.3110000E+01  0.6400246E+00
 0.3120000E+01  0.6396407E+00
 0.3130000E+01  0.6392254E+00
 0.3140000E+01  0.6387764E+00
 0.3150000E+01  0.6382931E+00
 0.3160000E+01  0.6377764E+00
 0.3170000E+01  0.6372285E+00
 0.3180000E+01  0.6366527E+00
 0.3190000E+01  0.6360527E+00
 0.3200000E+01  0.6354319E+00
 0.3210000E+01  0.6347935E+00
 0.3220000E+01  0.6341392E+00
 0.3230000E+01  0.6334694E+00
 0.3240000E+01  0.6327828E+00
 0.3250000E+01  0.6320766E+00
 0.3260000E+01  0.6313469E+00
 0.3270000E+01  0.6305888E+00
 0.3280000E+01  0.6297978E+00
 0.3290000E+01  0.6289698E+00
 0.3300000E+01  0.6281018E+00
 0.3310000E+01  0.6271925E+00
 0.3320000E+01  0.6262419E+00
 0.3330000E+01  0.6252509E+00
 0.3340000E+01  0.6242215E+00
 0.3350000E+01  0.6231550E+00
 0.3360000E+01  0.6220522E+00
 0.3370000E+01  0.6209123E+00
 0.3380000E+01  0.6197328E+00
 0.3390000E+01  0.6185094E+00
 0.3400000E+01  0.6172364E+00
 0.3410000E+01  0.6159074E+00
 0.3420000E+01  0.6145161E+00
 0.3430000E+01  0.6130569E+00
 0.3440000E+01  0.6115257E+00
 0.3450000E+01  0.6099205E+00
 0.3460000E+01  0.6082413E+00
 0.3470000E+01  0.6064900E+00
 0.3480000E+01  0.6046698E+00
 0.3490000E+01  0.6027847E+00
 0.3500000E+01  0.6008388E+00
 0.3510000E+01  0.5988357E+00
 0.3520000E+01  0.5967782E+00
 0.3530000E+01  0.5946680E+00
 0.3540000E+01  0.5925059E+00
 0.3550000E+01  0.5902924E+00
 0.3560000E+01  0.5880274E+00
 0.3570000E+01  0.5857112E+00
 0.3580000E+01  0.5833445E+00
 0.3590000E+01  0.5809286E+00
 0.3600000E+01  0.5784657E+00
 0.3610000E+01  0.5759582E+00
 0.3620000E+01  0.5734086E+00
 0.3630000E+01  0.5708195E+00
 0.3640000E+01  0.5681927E+00
 0.3650000E+01  0.5655297E+00
 0.3660000E+01  0.5628308E+00
 0.3670000E+01  0.5600958E+00
 0.3680000E+01  0.5573236E+00
 0.3690000E+01  0.5545129E+00
 0.3700000E+01  0.5516619E+00
 0.3710000E+01  0.5487690E+00
 0.3720000E+01  0.5458326E+00
 0.3730000E+01  0.5428514E+00
 0.3740000E+01  0.5398246E+00
 0.3750000E+01  0.5367520E+00
 0.3760000E+01  0.5336339E+00
 0.3770000E+01  0.5304712E+00
 0.3780000E+01  0.5272657E+00
 0.3790000E+01  0.5240199E+00
 0.3800000E+01  0.5207371E+00
 0.3810000E+01  0.5174212E+00
 0.3820000E+01  0.5140765E+00
 0.3830000E+01  0.5107079E+00
 0.3840000E+01  0.5073198E+00
 0.3850000E+01  0.5039167E+00
 0.3860000E+01  0.5005022E+00
 0.3870000E+01  0.4970790E+00
 0.3880000E+01  0.4936490E+00
 0.3890000E+01  0.4902129E+00
 0.3900000E+01  0.4867707E+00
 0.3910000E+01  0.4833219E+00
 0.3920000E+01  0.4798655E+00
 0.3930000E+01  0.4764006E+00
 0.3940000E+01  0.4729266E+00
 0.3950000E+01  0.4694431E+00
 0.3960000E+01  0.4659503E+00
 0.3970000E+01  0.4624488E+00
 0.3980000E+01  0.4589391E+00
 0.3990000E+01  0.4554221E+00
 0.4000000E+01  0.4518981E+00
