 0.2500000E-01 -0.2583351E+00 -0.2914349E+01  0.4376869E+00 -0.2754843E+01  0.7236730E+00 -0.3159037E+01  0.2434836E-01 -0.2783920E+01 -0.5797425E+00 -0.2833140E+01  0.4121349E+00 -0.3069693E+01  0.1570080E+00 -0.2912537E+01 -0.8009103E-01 -0.2995279E+01 -0.1397853E+00 -0.2862535E+01 -0.1054882E+01
-0.2904237E+01
 0.5000000E-01 -0.2582463E+00 -0.2857739E+01  0.4374960E+00 -0.2689780E+01  0.7233888E+00 -0.3115366E+01  0.2434895E-01 -0.2720399E+01 -0.5794867E+00 -0.2772244E+01  0.4119498E+00 -0.3021293E+01  0.1569306E+00 -0.2855821E+01 -0.8009287E-01 -0.2942947E+01 -0.1397301E+00 -0.2803179E+01 -0.1054467E+01
-0.2847131E+01
 0.7500000E-01 -0.2580936E+00 -0.2801137E+01  0.4371668E+00 -0.2624723E+01  0.7229090E+00 -0.3071694E+01  0.2434924E-01 -0.2656885E+01 -0.5790480E+00 -0.2711368E+01  0.4116367E+00 -0.2972893E+01  0.1567988E+00 -0.2799108E+01 -0.8009467E-01 -0.2890620E+01 -0.1396354E+00 -0.2743830E+01 -0.1053756E+01
-0.2790061E+01
 0.1000000E+00 -0.2578745E+00 -0.2744545E+01  0.4366918E+00 -0.2559672E+01  0.7222322E+00 -0.3028024E+01  0.2434869E-01 -0.2593378E+01 -0.5784192E+00 -0.2650511E+01  0.4111939E+00 -0.2924495E+01  0.1566112E+00 -0.2742399E+01 -0.8009566E-01 -0.2838298E+01 -0.1394996E+00 -0.2684490E+01 -0.1052739E+01
-0.2733028E+01
 0.1250000E+00 -0.2575871E+00 -0.2687964E+01  0.4360649E+00 -0.2494630E+01  0.7213596E+00 -0.2984356E+01  0.2434676E-01 -0.2529880E+01 -0.5775945E+00 -0.2589675E+01  0.4106209E+00 -0.2876097E+01  0.1563666E+00 -0.2685695E+01 -0.8009529E-01 -0.2785982E+01 -0.1393215E+00 -0.2625158E+01 -0.1051408E+01
-0.2676033E+01
 0.1500000E+00 -0.2572304E+00 -0.2631393E+01  0.4352810E+00 -0.2429600E+01  0.7202947E+00 -0.2940690E+01  0.2434294E-01 -0.2466393E+01 -0.5765697E+00 -0.2528862E+01  0.4099190E+00 -0.2827703E+01  0.1560645E+00 -0.2628997E+01 -0.8009316E-01 -0.2733672E+01 -0.1391003E+00 -0.2565837E+01 -0.1049757E+01
-0.2619078E+01
 0.1750000E+00 -0.2568039E+00 -0.2574835E+01  0.4343358E+00 -0.2364585E+01  0.7190440E+00 -0.2897029E+01  0.2433676E-01 -0.2402919E+01 -0.5753424E+00 -0.2468072E+01  0.4090907E+00 -0.2779312E+01  0.1557049E+00 -0.2572307E+01 -0.8008909E-01 -0.2681370E+01 -0.1388356E+00 -0.2506528E+01 -0.1047787E+01
-0.2562164E+01
 0.2000000E+00 -0.2563081E+00 -0.2518290E+01  0.4332264E+00 -0.2299587E+01  0.7176166E+00 -0.2853374E+01  0.2432775E-01 -0.2339460E+01 -0.5739118E+00 -0.2407308E+01  0.4081401E+00 -0.2730926E+01  0.1552882E+00 -0.2515625E+01 -0.8008312E-01 -0.2629076E+01 -0.1385273E+00 -0.2447232E+01 -0.1045498E+01
-0.2505292E+01
 0.2250000E+00 -0.2557442E+00 -0.2461760E+01  0.4319509E+00 -0.2234611E+01  0.7160244E+00 -0.2809726E+01  0.2431549E-01 -0.2276020E+01 -0.5722788E+00 -0.2346573E+01  0.4070728E+00 -0.2682546E+01  0.1548154E+00 -0.2458954E+01 -0.8007546E-01 -0.2576791E+01 -0.1381761E+00 -0.2387952E+01 -0.1042895E+01
-0.2448465E+01
 0.2500000E+00 -0.2551142E+00 -0.2405247E+01  0.4305084E+00 -0.2169661E+01  0.7142820E+00 -0.2766085E+01  0.2429960E-01 -0.2212601E+01 -0.5704460E+00 -0.2285868E+01  0.4058961E+00 -0.2634173E+01  0.1542879E+00 -0.2402296E+01 -0.8006656E-01 -0.2524517E+01 -0.1377827E+00 -0.2328689E+01 -0.1039988E+01
-0.2391684E+01
 0.2750000E+00 -0.2544208E+00 -0.2348753E+01  0.4288993E+00 -0.2104743E+01  0.7124066E+00 -0.2722454E+01  0.2427973E-01 -0.2149207E+01 -0.5684177E+00 -0.2225197E+01  0.4046183E+00 -0.2585809E+01  0.1537077E+00 -0.2345652E+01 -0.8005708E-01 -0.2472255E+01 -0.1373483E+00 -0.2269447E+01 -0.1036786E+01
-0.2334954E+01
 0.3000000E+00 -0.2536675E+00 -0.2292280E+01  0.4271248E+00 -0.2039862E+01  0.7104183E+00 -0.2678834E+01  0.2425556E-01 -0.2085845E+01 -0.5661995E+00 -0.2164564E+01  0.4032498E+00 -0.2537454E+01  0.1530772E+00 -0.2289027E+01 -0.8004785E-01 -0.2420006E+01 -0.1368746E+00 -0.2210229E+01 -0.1033306E+01
-0.2278276E+01
 0.3250000E+00 -0.2528586E+00 -0.2235832E+01  0.4251872E+00 -0.1975025E+01  0.7083396E+00 -0.2635226E+01  0.2422683E-01 -0.2022519E+01 -0.5637988E+00 -0.2103973E+01  0.4018018E+00 -0.2489112E+01  0.1523994E+00 -0.2232422E+01 -0.8003994E-01 -0.2367773E+01 -0.1363635E+00 -0.2151038E+01 -0.1029564E+01
-0.2221655E+01
 0.3500000E+00 -0.2519988E+00 -0.2179411E+01  0.4230898E+00 -0.1910241E+01  0.7061958E+00 -0.2591632E+01  0.2419331E-01 -0.1959236E+01 -0.5612244E+00 -0.2043430E+01  0.4002874E+00 -0.2440783E+01  0.1516777E+00 -0.2175841E+01 -0.8003456E-01 -0.2315558E+01 -0.1358175E+00 -0.2091879E+01 -0.1025581E+01
-0.2165094E+01
 0.3750000E+00 -0.2510936E+00 -0.2123022E+01  0.4208365E+00 -0.1845520E+01  0.7040143E+00 -0.2548055E+01  0.2415479E-01 -0.1896005E+01 -0.5584861E+00 -0.1982941E+01  0.3987207E+00 -0.2392470E+01  0.1509158E+00 -0.2119290E+01 -0.8003313E-01 -0.2263363E+01 -0.1352392E+00 -0.2032757E+01 -0.1021380E+01
-0.2108598E+01
 0.4000000E+00 -0.2501491E+00 -0.2066668E+01  0.4184322E+00 -0.1780873E+01  0.7018248E+00 -0.2504494E+01  0.2411109E-01 -0.1832834E+01 -0.5555953E+00 -0.1922514E+01  0.3971169E+00 -0.2344174E+01  0.1501179E+00 -0.2062771E+01 -0.8003720E-01 -0.2211191E+01 -0.1346314E+00 -0.1973679E+01 -0.1016986E+01
-0.2052173E+01
 0.4250000E+00 -0.2491718E+00 -0.2010357E+01  0.4158822E+00 -0.1716313E+01  0.6996594E+00 -0.2460954E+01  0.2406208E-01 -0.1769735E+01 -0.5525641E+00 -0.1862155E+01  0.3954926E+00 -0.2295900E+01  0.1492886E+00 -0.2006292E+01 -0.8004846E-01 -0.2159045E+01 -0.1339974E+00 -0.1914651E+01 -0.1012427E+01
-0.1995825E+01
 0.4500000E+00 -0.2481671E+00 -0.1954093E+01  0.4131971E+00 -0.1651857E+01  0.6975421E+00 -0.2417434E+01  0.2400817E-01 -0.1706721E+01 -0.5494077E+00 -0.1801876E+01  0.3938624E+00 -0.2247648E+01  0.1484344E+00 -0.1949858E+01 -0.8006714E-01 -0.2106931E+01 -0.1333397E+00 -0.1855683E+01 -0.1007731E+01
-0.1939560E+01
 0.4750000E+00 -0.2471422E+00 -0.1897885E+01  0.4103846E+00 -0.1587524E+01  0.6955057E+00 -0.2373937E+01  0.2394929E-01 -0.1643808E+01 -0.5461407E+00 -0.1741688E+01  0.3922436E+00 -0.2199423E+01  0.1475607E+00 -0.1893478E+01 -0.8009480E-01 -0.2054852E+01 -0.1326617E+00 -0.1796784E+01 -0.1002929E+01
-0.1883384E+01
 0.5000000E+00 -0.2461043E+00 -0.1841740E+01  0.4074527E+00 -0.1523335E+01  0.6935834E+00 -0.2330465E+01  0.2388539E-01 -0.1581014E+01 -0.5427784E+00 -0.1681603E+01  0.3906541E+00 -0.2151227E+01  0.1466731E+00 -0.1837160E+01 -0.8013301E-01 -0.2002814E+01 -0.1319671E+00 -0.1737965E+01 -0.9980538E+00
-0.1827308E+01
 0.5250000E+00 -0.2450608E+00 -0.1785668E+01  0.4044101E+00 -0.1459314E+01  0.6918091E+00 -0.2287022E+01  0.2381642E-01 -0.1518360E+01 -0.5393366E+00 -0.1621638E+01  0.3891119E+00 -0.2103066E+01  0.1457773E+00 -0.1780914E+01 -0.8018332E-01 -0.1950822E+01 -0.1312596E+00 -0.1679240E+01 -0.9931371E+00
-0.1771340E+01
 0.5500000E+00 -0.2440192E+00 -0.1729682E+01  0.4012653E+00 -0.1395492E+01  0.6902163E+00 -0.2243608E+01  0.2374227E-01 -0.1455870E+01 -0.5358311E+00 -0.1561810E+01  0.3876354E+00 -0.2054943E+01  0.1448790E+00 -0.1724752E+01 -0.8024720E-01 -0.1898884E+01 -0.1305429E+00 -0.1620625E+01 -0.9882123E+00
-0.1715494E+01
 0.5750000E+00 -0.2429869E+00 -0.1673793E+01  0.3980272E+00 -0.1331901E+01  0.6888384E+00 -0.2200228E+01  0.2366285E-01 -0.1393572E+01 -0.5322778E+00 -0.1502140E+01  0.3862425E+00 -0.2006864E+01  0.1439842E+00 -0.1668687E+01 -0.8032602E-01 -0.1847008E+01 -0.1298208E+00 -0.1562137E+01 -0.9833118E+00
-0.1659781E+01
 0.6000000E+00 -0.2419709E+00 -0.1618017E+01  0.3947042E+00 -0.1268579E+01  0.6877075E+00 -0.2156885E+01  0.2357801E-01 -0.1331499E+01 -0.5286924E+00 -0.1442653E+01  0.3849508E+00 -0.1958834E+01  0.1430985E+00 -0.1612735E+01 -0.8042099E-01 -0.1795203E+01 -0.1290970E+00 -0.1503797E+01 -0.9784677E+00
-0.1604217E+01
 0.6250000E+00 -0.2409780E+00 -0.1562370E+01  0.3913043E+00 -0.1205570E+01  0.6868546E+00 -0.2113583E+01  0.2348754E-01 -0.1269689E+01 -0.5250900E+00 -0.1383376E+01  0.3837774E+00 -0.1910860E+01  0.1422276E+00 -0.1556913E+01 -0.8053318E-01 -0.1743478E+01 -0.1283748E+00 -0.1445628E+01 -0.9737107E+00
-0.1548820E+01
 0.6500000E+00 -0.2400147E+00 -0.1506873E+01  0.3878351E+00 -0.1142923E+01  0.6863087E+00 -0.2070325E+01  0.2339120E-01 -0.1208183E+01 -0.5214846E+00 -0.1324340E+01  0.3827386E+00 -0.1862949E+01  0.1413767E+00 -0.1501242E+01 -0.8066339E-01 -0.1691847E+01 -0.1276576E+00 -0.1387657E+01 -0.9690698E+00
-0.1493609E+01
 0.6750000E+00 -0.2390866E+00 -0.1451548E+01  0.3843032E+00 -0.1080693E+01  0.6860965E+00 -0.2027116E+01  0.2328868E-01 -0.1147028E+01 -0.5178894E+00 -0.1265580E+01  0.3818492E+00 -0.1815110E+01  0.1405510E+00 -0.1445744E+01 -0.8081222E-01 -0.1640321E+01 -0.1269482E+00 -0.1329916E+01 -0.9645716E+00
-0.1438607E+01
 0.7000000E+00 -0.2381988E+00 -0.1396420E+01  0.3807141E+00 -0.1018939E+01  0.6862420E+00 -0.1983961E+01  0.2317960E-01 -0.1086277E+01 -0.5143159E+00 -0.1207138E+01  0.3811232E+00 -0.1767351E+01  0.1397550E+00 -0.1390446E+01 -0.8097994E-01 -0.1588918E+01 -0.1262494E+00 -0.1272439E+01 -0.9602401E+00
-0.1383839E+01
 0.7250000E+00 -0.2373555E+00 -0.1341519E+01  0.3770720E+00 -0.9577276E+00  0.6867660E+00 -0.1940865E+01  0.2306350E-01 -0.1025990E+01 -0.5107738E+00 -0.1149059E+01  0.3805729E+00 -0.1719685E+01  0.1389928E+00 -0.1335376E+01 -0.8116657E-01 -0.1537653E+01 -0.1255634E+00 -0.1215265E+01 -0.9560957E+00
-0.1329334E+01
 0.7500000E+00 -0.2365599E+00 -0.1286875E+01  0.3733798E+00 -0.8971277E+00  0.6876858E+00 -0.1897834E+01  0.2293989E-01 -0.9662272E+00 -0.5072708E+00 -0.1091391E+01  0.3802088E+00 -0.1672121E+01  0.1382680E+00 -0.1280569E+01 -0.8137174E-01 -0.1486547E+01 -0.1248916E+00 -0.1158438E+01 -0.9521551E+00
-0.1275124E+01
 0.7750000E+00 -0.2358144E+00 -0.1232527E+01  0.3696385E+00 -0.8372125E+00  0.6890149E+00 -0.1854875E+01  0.2280817E-01 -0.9070579E+00 -0.5038120E+00 -0.1034190E+01  0.3800397E+00 -0.1624674E+01  0.1375835E+00 -0.1226060E+01 -0.8159478E-01 -0.1435621E+01 -0.1242354E+00 -0.1102006E+01 -0.9484307E+00
-0.1221246E+01
 0.8000000E+00 -0.2351200E+00 -0.1178512E+01  0.3658474E+00 -0.7780560E+00  0.6907631E+00 -0.1811996E+01  0.2266770E-01 -0.8485520E+00 -0.5004002E+00 -0.9775145E+00  0.3800724E+00 -0.1577358E+01  0.1369414E+00 -0.1171892E+01 -0.8183462E-01 -0.1384900E+01 -0.1235950E+00 -0.1046021E+01 -0.9449301E+00
-0.1167739E+01
 0.8250000E+00 -0.2344765E+00 -0.1124877E+01  0.3620036E+00 -0.7197309E+00  0.6929357E+00 -0.1769204E+01  0.2251780E-01 -0.7907816E+00 -0.4970350E+00 -0.9214282E+00  0.3803116E+00 -0.1530190E+01  0.1363431E+00 -0.1118108E+01 -0.8208985E-01 -0.1334411E+01 -0.1229704E+00 -0.9905413E+00 -0.9416558E+00
-0.1114650E+01
 0.8500000E+00 -0.2338823E+00 -0.1071670E+01  0.3581025E+00 -0.6623058E+00  0.6955341E+00 -0.1726508E+01  0.2235772E-01 -0.7338179E+00 -0.4937131E+00 -0.8659967E+00  0.3807598E+00 -0.1483189E+01  0.1357892E+00 -0.1064759E+01 -0.8235864E-01 -0.1284185E+01 -0.1223604E+00 -0.9356275E+00 -0.9386048E+00
-0.1062025E+01
 0.8750000E+00 -0.2333347E+00 -0.1018942E+01  0.3541372E+00 -0.6058418E+00  0.6985554E+00 -0.1683919E+01  0.2218668E-01 -0.6777289E+00 -0.4904282E+00 -0.8112879E+00  0.3814176E+00 -0.1436374E+01  0.1352792E+00 -0.1011897E+01 -0.8263883E-01 -0.1234256E+01 -0.1217635E+00 -0.8813435E+00 -0.9357688E+00
-0.1009917E+01
 0.9000000E+00 -0.2328293E+00 -0.9667501E+00  0.3500991E+00 -0.5503884E+00  0.7019927E+00 -0.1641447E+01  0.2200390E-01 -0.6225761E+00 -0.4871705E+00 -0.7573694E+00  0.3822831E+00 -0.1389769E+01  0.1348122E+00 -0.9595797E+00 -0.8292785E-01 -0.1184660E+01 -0.1211770E+00 -0.8277551E+00 -0.9331334E+00
-0.9583835E+00
 0.9250000E+00 -0.2323606E+00 -0.9151530E+00  0.3459774E+00 -0.4959799E+00  0.7058353E+00 -0.1599106E+01  0.2180856E-01 -0.5684111E+00 -0.4839274E+00 -0.7043067E+00  0.3833523E+00 -0.1343399E+01  0.1343859E+00 -0.9078660E+00 -0.8322280E-01 -0.1135439E+01 -0.1205977E+00 -0.7749288E+00 -0.9306787E+00
-0.9074822E+00
 0.9500000E+00 -0.2319215E+00 -0.8642121E+00  0.3417596E+00 -0.4426320E+00  0.7100687E+00 -0.1556909E+01  0.2159986E-01 -0.5152723E+00 -0.4806830E+00 -0.6521608E+00  0.3846195E+00 -0.1297292E+01  0.1339975E+00 -0.8568181E+00 -0.8352042E-01 -0.1086636E+01 -0.1200214E+00 -0.7229291E+00 -0.9283792E+00
-0.8572744E+00
 0.9750000E+00 -0.2315037E+00 -0.8139897E+00  0.3374318E+00 -0.3903383E+00  0.7146754E+00 -0.1514870E+01  0.2137703E-01 -0.4631814E+00 -0.4774190E+00 -0.6009851E+00  0.3860766E+00 -0.1251478E+01  0.1336432E+00 -0.8064986E+00 -0.8381714E-01 -0.1038298E+01 -0.1194435E+00 -0.6718173E+00 -0.9262040E+00
-0.8078225E+00
 0.1000000E+01 -0.2310977E+00 -0.7645481E+00  0.3329785E+00 -0.3390689E+00  0.7196348E+00 -0.1473007E+01  0.2113933E-01 -0.4121407E+00 -0.4741140E+00 -0.5508231E+00  0.3877138E+00 -0.1205990E+01  0.1333185E+00 -0.7569699E+00 -0.8410911E-01 -0.9904754E+00 -0.1188583E+00 -0.6216483E+00 -0.9241175E+00
-0.7591881E+00
 0.1025000E+01 -0.2306928E+00 -0.7159474E+00  0.3283835E+00 -0.2887686E+00  0.7249236E+00 -0.1431339E+01  0.2088604E-01 -0.3621306E+00 -0.4707448E+00 -0.5017056E+00  0.3895197E+00 -0.1160864E+01  0.1330182E+00 -0.7082920E+00 -0.8439221E-01 -0.9432214E+00 -0.1182598E+00 -0.5724687E+00 -0.9220795E+00
-0.7114311E+00
 0.1050000E+01 -0.2302775E+00 -0.6682443E+00  0.3236295E+00 -0.2393570E+00  0.7305169E+00 -0.1389885E+01  0.2061655E-01 -0.3131084E+00 -0.4672864E+00 -0.4536476E+00  0.3914813E+00 -0.1116139E+01  0.1327366E+00 -0.6605209E+00 -0.8466214E-01 -0.8965906E+00 -0.1176415E+00 -0.5243135E+00 -0.9200459E+00
-0.6646073E+00
 0.1075000E+01 -0.2298395E+00 -0.6214895E+00  0.3186989E+00 -0.1907302E+00  0.7363880E+00 -0.1348668E+01  0.2033028E-01 -0.2650081E+00 -0.4637122E+00 -0.4066471E+00  0.3935845E+00 -0.1071857E+01  0.1324673E+00 -0.6137064E+00 -0.8491443E-01 -0.8506392E+00 -0.1169964E+00 -0.4772045E+00 -0.9179700E+00
-0.6187670E+00
 0.1100000E+01 -0.2293659E+00 -0.5757260E+00  0.3135741E+00 -0.1427626E+00  0.7425088E+00 -0.1307712E+01  0.2002673E-01 -0.2177407E+00 -0.4599949E+00 -0.3606830E+00  0.3958138E+00 -0.1028061E+01  0.1322037E+00 -0.5678903E+00 -0.8514451E-01 -0.8054238E+00 -0.1163174E+00 -0.4311477E+00 -0.9158023E+00
-0.5739526E+00
 0.1125000E+01 -0.2288435E+00 -0.5309869E+00  0.3082375E+00 -0.9530997E-01  0.7488512E+00 -0.1267044E+01  0.1970552E-01 -0.1711961E+00 -0.4561068E+00 -0.3157147E+00  0.3981532E+00 -0.9847990E+00  0.1319389E+00 -0.5231038E+00 -0.8534780E-01 -0.7610003E+00 -0.1155969E+00 -0.3861322E+00 -0.9134923E+00
-0.5301972E+00
 0.1150000E+01 -0.2282590E+00 -0.4872939E+00  0.3026722E+00 -0.4821407E-01  0.7553864E+00 -0.1226692E+01  0.1936631E-01 -0.1252457E+00 -0.4520204E+00 -0.2716819E+00  0.4005861E+00 -0.9421183E+00  0.1316659E+00 -0.4793663E+00 -0.8551971E-01 -0.7174227E+00 -0.1148277E+00 -0.3421287E+00 -0.9109890E+00
-0.4875222E+00
 0.1175000E+01 -0.2275992E+00 -0.4446552E+00  0.2968621E+00 -0.1306491E-02  0.7620865E+00 -0.1186687E+01  0.1900891E-01 -0.7974520E-01 -0.4477085E+00 -0.2285054E+00  0.4030955E+00 -0.9000691E+00  0.1313777E+00 -0.4366836E+00 -0.8565578E-01 -0.6747413E+00 -0.1140025E+00 -0.2990898E+00 -0.9082417E+00
-0.4459368E+00
 0.1200000E+01 -0.2268513E+00 -0.4030648E+00  0.2907920E+00  0.4558625E-01  0.7689241E+00 -0.1147063E+01  0.1863320E-01 -0.3453857E-01 -0.4431453E+00 -0.1860884E+00  0.4056646E+00 -0.8587023E+00  0.1310672E+00 -0.3950468E+00 -0.8575172E-01 -0.6330022E+00 -0.1131141E+00 -0.2569498E+00 -0.9052012E+00
-0.4054360E+00
 0.1225000E+01 -0.2260028E+00 -0.3625019E+00  0.2844484E+00  0.9263777E-01  0.7758735E+00 -0.1107854E+01  0.1823916E-01  0.1053784E-01 -0.4383063E+00 -0.1443184E+00  0.4082768E+00 -0.8180691E+00  0.1307280E+00 -0.3544316E+00 -0.8580349E-01 -0.5922448E+00 -0.1121560E+00 -0.2156263E+00 -0.9018204E+00
-0.3660011E+00
 0.1250000E+01 -0.2249818E+00 -0.3229273E+00  0.2777059E+00  0.1400185E+00  0.7831212E+00 -0.1069123E+01  0.1782324E-01  0.5565326E-01 -0.4330103E+00 -0.1030706E+00  0.4109088E+00 -0.7782190E+00  0.1303134E+00 -0.3147946E+00 -0.8579892E-01 -0.5524957E+00 -0.1110847E+00 -0.1750179E+00 -0.8978054E+00
-0.3276130E+00
 0.1275000E+01 -0.2237765E+00 -0.2842899E+00  0.2705559E+00  0.1878874E+00  0.7906383E+00 -0.1030909E+01  0.1738552E-01  0.1009736E+00 -0.4272373E+00 -0.6220842E-01  0.4135410E+00 -0.7392010E+00  0.1298171E+00 -0.2760811E+00 -0.8573371E-01 -0.5137784E+00 -0.1098944E+00 -0.1350129E+00 -0.8931124E+00
-0.2902239E+00
 0.1300000E+01 -0.2223770E+00 -0.2465241E+00  0.2629927E+00  0.2363895E+00  0.7983988E+00 -0.9932535E+00  0.1692623E-01  0.1466594E+00 -0.4209707E+00 -0.2158759E-01  0.4161554E+00 -0.7010619E+00  0.1292334E+00 -0.2382221E+00 -0.8560415E-01 -0.4761066E+00 -0.1085803E+00 -0.9548755E-01 -0.8877037E+00
-0.2537720E+00
 0.1325000E+01 -0.2207749E+00 -0.2095511E+00  0.2550131E+00  0.2856514E+00  0.8063797E+00 -0.9561998E+00  0.1644574E-01  0.1928615E+00 -0.4141972E+00  0.1894088E-01  0.4187360E+00 -0.6638448E+00  0.1285578E+00 -0.2011354E+00 -0.8540719E-01 -0.4394836E+00 -0.1071384E+00 -0.5630937E-01 -0.8815483E+00
-0.2181836E+00
 0.1350000E+01 -0.2189635E+00 -0.1732800E+00  0.2466166E+00  0.3357786E+00  0.8145617E+00 -0.9197918E+00  0.1594456E-01  0.2397173E+00 -0.4069070E+00  0.5952760E-01  0.4212688E+00 -0.6275886E+00  0.1277862E+00 -0.1647268E+00 -0.8514047E-01 -0.4039018E+00 -0.1055655E+00 -0.1733913E-01 -0.8746217E+00
-0.1833734E+00
 0.1375000E+01 -0.2169380E+00 -0.1376095E+00  0.2378057E+00  0.3868531E+00  0.8229292E+00 -0.8840741E+00  0.1542334E-01  0.2873470E+00 -0.3990939E+00  0.1003217E+00  0.4237424E+00 -0.5923270E+00  0.1269158E+00 -0.1288921E+00 -0.8480232E-01 -0.3693426E+00 -0.1038596E+00  0.2156625E-01 -0.8669063E+00
-0.1492466E+00
 0.1400000E+01 -0.2146953E+00 -0.1024297E+00  0.2285851E+00  0.4389317E+00  0.8314708E+00 -0.8490915E+00  0.1488286E-01  0.3358510E+00 -0.3907548E+00  0.1414679E+00  0.4261473E+00 -0.5580875E+00  0.1259444E+00 -0.9351836E-01 -0.8439180E-01 -0.3357764E+00 -0.1020194E+00  0.6055105E-01 -0.8583910E+00
-0.1157002E+00
 0.1425000E+01 -0.2123509E+00 -0.6763193E-01  0.2194649E+00  0.4920303E+00  0.8399302E+00 -0.8148730E+00  0.1435125E-01  0.3852835E+00 -0.3823370E+00  0.1831068E+00  0.4284375E+00 -0.5248885E+00  0.1249434E+00 -0.5849748E-01 -0.8392193E-01 -0.3031715E+00 -0.1001374E+00  0.9974268E-01 -0.8495202E+00
-0.8256473E-01
 0.1450000E+01 -0.2099265E+00 -0.3309494E-01  0.2105286E+00  0.5461541E+00  0.8482804E+00 -0.7814593E+00  0.1383401E-01  0.4356966E+00 -0.3739172E+00  0.2253647E+00  0.4306111E+00 -0.4927430E+00  0.1239258E+00 -0.2370652E-01 -0.8339689E-01 -0.2714790E+00 -0.9822968E-01  0.1392776E+00 -0.8403758E+00
-0.4971760E-01
 0.1475000E+01 -0.2074471E+00  0.1305750E-02  0.2018667E+00  0.6012867E+00  0.8564948E+00 -0.7488894E+00  0.1333719E-01  0.4871185E+00 -0.3655816E+00  0.2683550E+00  0.4326686E+00 -0.4616565E+00  0.1229061E+00  0.1098039E-01 -0.8282181E-01 -0.2406410E+00 -0.9631475E-01  0.1792852E+00 -0.8310515E+00
-0.1703208E-01
 0.1500000E+01 -0.2049410E+00  0.3569618E-01  0.1935763E+00  0.6573923E+00  0.8645466E+00 -0.7171996E+00  0.1286745E-01  0.5395549E+00 -0.3574263E+00  0.3121752E+00  0.4346118E+00 -0.4316269E+00  0.1219008E+00  0.4569018E-01 -0.8220262E-01 -0.2105915E+00 -0.9441315E-01  0.2198852E+00 -0.8216518E+00
 0.1562136E-01
 0.1525000E+01 -0.2024391E+00  0.7020218E-01  0.1857600E+00  0.7144197E+00  0.8724079E+00 -0.6864234E+00  0.1243200E-01  0.5929905E+00 -0.3495562E+00  0.3569055E+00  0.4364437E+00 -0.4026442E+00  0.1209277E+00  0.8054904E-01 -0.8154600E-01 -0.1812572E+00 -0.9254754E-01  0.2611855E+00 -0.8122908E+00
 0.4837343E-01
 0.1550000E+01 -0.1999749E+00  0.1049476E+00  0.1785245E+00  0.7723063E+00  0.8800491E+00 -0.6565910E+00  0.1203861E-01  0.6473919E+00 -0.3420848E+00  0.4026071E+00  0.4381676E+00 -0.3746911E+00  0.1200062E+00  0.1156805E+00 -0.8085919E-01 -0.1525589E+00 -0.9074247E-01  0.3032797E+00 -0.8030904E+00
 0.8135453E-01
 0.1575000E+01 -0.1975839E+00  0.1400524E+00  0.1719788E+00  0.8309814E+00  0.8874380E+00 -0.6277284E+00  0.1169552E-01  0.7027106E+00 -0.3351328E+00  0.4493213E+00  0.4397865E+00 -0.3477433E+00  0.1191566E+00  0.1512039E+00 -0.8014978E-01 -0.1244120E+00 -0.8902419E-01  0.3462455E+00 -0.7941786E+00
 0.1146931E+00
 0.1600000E+01 -0.1953028E+00  0.1756314E+00  0.1662325E+00  0.8903703E+00  0.8945382E+00 -0.5998579E+00  0.1141143E-01  0.7588869E+00 -0.3288267E+00  0.4970700E+00  0.4413017E+00 -0.3217699E+00  0.1183998E+00  0.1872322E+00 -0.7942550E-01 -0.9672770E-01 -0.8742019E-01  0.3901434E+00 -0.7856867E+00
 0.1485140E+00
 0.1625000E+01 -0.1931687E+00  0.2117917E+00  0.1613939E+00  0.9503972E+00  0.9013076E+00 -0.5729971E+00  0.1119536E-01  0.8158529E+00 -0.3232965E+00  0.5458559E+00  0.4427118E+00 -0.2967341E+00  0.1177566E+00  0.2238705E+00 -0.7869389E-01 -0.6941379E-01 -0.8595880E-01  0.4350160E+00 -0.7777455E+00
 0.1829367E+00
 0.1650000E+01 -0.1912182E+00  0.2486318E+00  0.1575674E+00  0.1010988E+01  0.9076974E+00 -0.5471596E+00  0.1105651E-01  0.8735366E+00 -0.3186728E+00  0.5956645E+00  0.4440113E+00 -0.2725940E+00  0.1172477E+00  0.2612144E+00 -0.7796200E-01 -0.4237550E-01 -0.8466851E-01  0.4808875E+00 -0.7704820E+00
 0.2180736E+00
 0.1675000E+01 -0.1894859E+00  0.2862397E+00  0.1548515E+00  0.1072072E+01  0.9136495E+00 -0.5223546E+00  0.1100409E-01  0.9318641E+00 -0.3150838E+00  0.6464655E+00  0.4451888E+00 -0.2493028E+00  0.1168919E+00  0.2993483E+00 -0.7723601E-01 -0.1551626E-01 -0.8357724E-01  0.5277644E+00 -0.7640141E+00
 0.2540281E+00
 0.1700000E+01 -0.1880032E+00  0.3246914E+00  0.1533362E+00  0.1133583E+01  0.9190958E+00 -0.4985872E+00  0.1104710E-01  0.9907631E+00 -0.3126508E+00  0.6982157E+00  0.4462259E+00 -0.2268102E+00  0.1167061E+00  0.3383438E+00 -0.7652083E-01  0.1126164E-01 -0.8271140E-01  0.5756366E+00 -0.7584459E+00
 0.2908931E+00
 0.1725000E+01 -0.1867965E+00  0.3640496E+00  0.1531009E+00  0.1195461E+01  0.9239559E+00 -0.4758591E+00  0.1119407E-01  0.1050164E+01 -0.3114836E+00  0.7508618E+00  0.4470957E+00 -0.2050625E+00  0.1167037E+00  0.3782593E+00 -0.7581973E-01  0.3805631E-01 -0.8209488E-01  0.6244793E+00 -0.7538616E+00
 0.3287486E+00
 0.1750000E+01 -0.1858861E+00  0.4043632E+00  0.1542109E+00  0.1257653E+01  0.9281365E+00 -0.4541684E+00  0.1145265E-01  0.1110002E+01 -0.3116755E+00  0.8043431E+00  0.4477615E+00 -0.1840034E+00  0.1168942E+00  0.4191383E+00 -0.7513396E-01  0.6496566E-01 -0.8174789E-01  0.6742548E+00 -0.7503197E+00
 0.3676610E+00
 0.1775000E+01 -0.1852837E+00  0.4456663E+00  0.1567150E+00  0.1320113E+01  0.9315310E+00 -0.4335106E+00  0.1182935E-01  0.1170217E+01 -0.3132979E+00  0.8585941E+00  0.4481765E+00 -0.1635747E+00  0.1172813E+00  0.4610097E+00 -0.7446247E-01  0.9208669E-01 -0.8168576E-01  0.7249150E+00 -0.7478470E+00
 0.4076812E+00
 0.1800000E+01 -0.1849916E+00  0.4879782E+00  0.1606419E+00  0.1382798E+01  0.9340198E+00 -0.4138789E+00  0.1232900E-01  0.1230757E+01 -0.3163950E+00  0.9135477E+00  0.4482833E+00 -0.1437165E+00  0.1178626E+00  0.5038875E+00 -0.7380168E-01  0.1195148E+00 -0.8191782E-01  0.7764045E+00 -0.7464342E+00
 0.4488438E+00
 0.1825000E+01 -0.1850015E+00  0.5313037E+00  0.1659972E+00  0.1445674E+01  0.9354721E+00 -0.3952644E+00  0.1295443E-01  0.1291574E+01 -0.3209789E+00  0.9691364E+00  0.4480149E+00 -0.1243679E+00  0.1186288E+00  0.5477713E+00 -0.7314543E-01  0.1473432E+00 -0.8244635E-01  0.8286624E+00 -0.7460311E+00
 0.4911666E+00
 0.1850000E+01 -0.1852933E+00  0.5756341E+00  0.1727604E+00  0.1508712E+01  0.9357483E+00 -0.3776567E+00  0.1370600E-01  0.1352627E+01 -0.3270258E+00  0.1025295E+01  0.4472959E+00 -0.1054670E+00  0.1195628E+00  0.5926476E+00 -0.7248504E-01  0.1756619E+00 -0.8326584E-01  0.8816254E+00 -0.7465453E+00
 0.5346510E+00
 0.1875000E+01 -0.1858356E+00  0.6209479E+00  0.1808824E+00  0.1571886E+01  0.9347044E+00 -0.3610444E+00  0.1458135E-01  0.1413880E+01 -0.3344736E+00  0.1081961E+01  0.4460451E+00 -0.8695146E-01  0.1206403E+00  0.6384907E+00 -0.7180962E-01  0.2045571E+00 -0.8436256E-01  0.9352295E+00 -0.7478420E+00
 0.5792823E+00
 0.1900000E+01 -0.1865859E+00  0.6672128E+00  0.1902845E+00  0.1635176E+01  0.9321968E+00 -0.3454148E+00  0.1557514E-01  0.1475302E+01 -0.3432221E+00  0.1139075E+01  0.4441780E+00 -0.6875851E-01  0.1218297E+00  0.6852645E+00 -0.7110649E-01  0.2341102E+00 -0.8571459E-01  0.9894119E+00 -0.7497472E+00
 0.6250310E+00
 0.1925000E+01 -0.1874921E+00  0.7143872E+00  0.2008588E+00  0.1698563E+01  0.9280880E+00 -0.3307546E+00  0.1667907E-01  0.1536870E+01 -0.3531337E+00  0.1196584E+01  0.4416107E+00 -0.5082494E-01  0.1230932E+00  0.7329246E+00 -0.7036176E-01  0.2643969E+00 -0.8729233E-01  0.1044112E+01 -0.7520531E+00
 0.6718547E+00
 0.1950000E+01 -0.1884945E+00  0.7624221E+00  0.2124698E+00  0.1762034E+01  0.9222523E+00 -0.3170495E+00  0.1788201E-01  0.1598559E+01 -0.3640384E+00  0.1254439E+01  0.4382632E+00 -0.3308733E-01  0.1243880E+00  0.7814200E+00 -0.6956104E-01  0.2954863E+00 -0.8905943E-01  0.1099274E+01 -0.7545255E+00
 0.7197002E+00
 0.1975000E+01 -0.1895279E+00  0.8112635E+00  0.2249579E+00  0.1825575E+01  0.9145823E+00 -0.3042846E+00  0.1917026E-01  0.1660353E+01 -0.3757384E+00  0.1312596E+01  0.4340633E+00 -0.1548200E-01  0.1256680E+00  0.8306952E+00 -0.6869012E-01  0.3274397E+00 -0.9097412E-01  0.1154843E+01 -0.7569126E+00
 0.7685057E+00
 0.2000000E+01 -0.1905243E+00  0.8608538E+00  0.2381442E+00  0.1889177E+01  0.9049938E+00 -0.2924445E+00  0.2052804E-01  0.1722235E+01 -0.3880157E+00  0.1371014E+01  0.4289497E+00  0.2054948E-02  0.1268851E+00  0.8806923E+00 -0.6773571E-01  0.3603100E+00 -0.9299072E-01  0.1210773E+01 -0.7589556E+00
 0.8182033E+00
 0.2025000E+01 -0.1914157E+00  0.9111336E+00  0.2518356E+00  0.1952831E+01  0.8934305E+00 -0.2815133E+00  0.2193791E-01  0.1784193E+01 -0.4006388E+00  0.1429657E+01  0.4228747E+00  0.1958764E-01  0.1279914E+00  0.9313519E+00 -0.6668605E-01  0.3941410E+00 -0.9506128E-01  0.1267020E+01 -0.7603971E+00
 0.8687217E+00
 0.2050000E+01 -0.1921359E+00  0.9620437E+00  0.2658305E+00  0.2016529E+01  0.8798680E+00 -0.2714747E+00  0.2338143E-01  0.1846216E+01 -0.4133708E+00  0.1488496E+01  0.4158066E+00  0.3718036E-01  0.1289404E+00  0.9826155E+00 -0.6553140E-01  0.4289661E+00 -0.9713721E-01  0.1323543E+01 -0.7609910E+00
 0.9199878E+00
 0.2075000E+01 -0.1926231E+00  0.1013526E+01  0.2799247E+00  0.2080264E+01  0.8643166E+00 -0.2623125E+00  0.2483958E-01  0.1908295E+01 -0.4259757E+00  0.1547502E+01  0.4077312E+00  0.5489754E-01  0.1296887E+00  0.1034426E+01 -0.6426453E-01  0.4648085E+00 -0.9917071E-01  0.1380308E+01 -0.7605098E+00
 0.9719290E+00
 0.2100000E+01 -0.1928217E+00  0.1065524E+01  0.2939162E+00  0.2144031E+01  0.8468240E+00 -0.2540101E+00  0.2629337E-01  0.1970421E+01 -0.4382253E+00  0.1606650E+01  0.3986531E+00  0.7280370E-01  0.1301968E+00  0.1086729E+01 -0.6288097E-01  0.5016809E+00 -0.1011161E+00  0.1437285E+01 -0.7587507E+00
 0.1024475E+01
 0.2125000E+01 -0.1926833E+00  0.1117986E+01  0.3076103E+00  0.2207825E+01  0.8274766E+00 -0.2465518E+00  0.2772423E-01  0.2032589E+01 -0.4499043E+00  0.1665920E+01  0.3885962E+00  0.9096332E-01  0.1304306E+00  0.1139473E+01 -0.6137923E-01  0.5395850E+00 -0.1029311E+00  0.1494446E+01 -0.7555415E+00
 0.1077557E+01
 0.2150000E+01 -0.1921680E+00  0.1170861E+01  0.3208231E+00  0.2271643E+01  0.8064015E+00 -0.2399220E+00  0.2911442E-01  0.2094792E+01 -0.4608149E+00  0.1725294E+01  0.3776044E+00  0.1094408E+00  0.1303615E+00  0.1192610E+01 -0.5976094E-01  0.5785125E+00 -0.1045773E+00  0.1551766E+01 -0.7507436E+00
 0.1131113E+01
 0.2175000E+01 -0.1912455E+00  0.1224104E+01  0.3333852E+00  0.2335480E+01  0.7837674E+00 -0.2341061E+00  0.3044739E-01  0.2157026E+01 -0.4707805E+00  0.1784754E+01  0.3657419E+00  0.1283001E+00  0.1299676E+00  0.1246097E+01 -0.5803089E-01  0.6184454E+00 -0.1060214E+00  0.1609226E+01 -0.7442551E+00
 0.1185083E+01
 0.2200000E+01 -0.1898951E+00  0.1277673E+01  0.3451446E+00  0.2399333E+01  0.7597862E+00 -0.2290904E+00  0.3170805E-01  0.2219286E+01 -0.4796489E+00  0.1844288E+01  0.3530930E+00  0.1476049E+00  0.1292335E+00  0.1299894E+01 -0.5619704E-01  0.6593569E+00 -0.1072354E+00  0.1666807E+01 -0.7360126E+00
 0.1239414E+01
 0.2225000E+01 -0.1881066E+00  0.1331531E+01  0.3559691E+00  0.2463200E+01  0.7347144E+00 -0.2248624E+00  0.3288302E-01  0.2281570E+01 -0.4872945E+00  0.1903883E+01  0.3397621E+00  0.1674181E+00  0.1281510E+00  0.1353965E+01 -0.5427043E-01  0.7012127E+00 -0.1081973E+00  0.1724493E+01 -0.7259922E+00
 0.1294055E+01
 0.2250000E+01 -0.1858798E+00  0.1385644E+01  0.3657481E+00  0.2527078E+01  0.7088540E+00 -0.2214110E+00  0.3396089E-01  0.2343874E+01 -0.4936203E+00  0.1963528E+01  0.3258736E+00  0.1878016E+00  0.1267190E+00  0.1408277E+01 -0.5226510E-01  0.7439718E+00 -0.1088914E+00  0.1782272E+01 -0.7142096E+00
 0.1348962E+01
 0.2275000E+01 -0.1832252E+00  0.1439981E+01  0.3743949E+00  0.2590966E+01  0.6825539E+00 -0.2187264E+00  0.3493230E-01  0.2406196E+01 -0.4985598E+00  0.2023215E+01  0.3115712E+00  0.2088158E+00  0.1249436E+00  0.1462803E+01 -0.5019788E-01  0.7875886E+00 -0.1093084E+00  0.1840131E+01 -0.7007194E+00
 0.1404096E+01
 0.2300000E+01 -0.1805352E+00  0.1494511E+01  0.3824673E+00  0.2654867E+01  0.6563668E+00 -0.2167942E+00  0.3583580E-01  0.2468546E+01 -0.5031987E+00  0.2082937E+01  0.2971666E+00  0.2305175E+00  0.1230676E+00  0.1517512E+01 -0.4815174E-01  0.8320042E+00 -0.1097057E+00  0.1898059E+01 -0.6869672E+00
 0.1459440E+01
 0.2325000E+01 -0.1778831E+00  0.1549210E+01  0.3899882E+00  0.2718780E+01  0.6307366E+00 -0.2156082E+00  0.3666938E-01  0.2530924E+01 -0.5076675E+00  0.2142688E+01  0.2828489E+00  0.2529626E+00  0.1211373E+00  0.1572380E+01 -0.4615391E-01  0.8771658E+00 -0.1101193E+00  0.1956050E+01 -0.6732341E+00
 0.1514963E+01
 0.2350000E+01 -0.1753488E+00  0.1604058E+01  0.3969943E+00  0.2782704E+01  0.6061355E+00 -0.2151640E+00  0.3743225E-01  0.2593329E+01 -0.5121211E+00  0.2202461E+01  0.2688147E+00  0.2762043E+00  0.1192030E+00  0.1627389E+01 -0.4423199E-01  0.9230194E+00 -0.1105911E+00  0.2014096E+01 -0.6598220E+00
 0.1570637E+01
 0.2375000E+01 -0.1730156E+00  0.1659037E+01  0.4035313E+00  0.2846636E+01  0.5830533E+00 -0.2154593E+00  0.3812457E-01  0.2655765E+01 -0.5167331E+00  0.2262251E+01  0.2552624E+00  0.3002924E+00  0.1173176E+00  0.1682522E+01 -0.4241290E-01  0.9695113E+00 -0.1111667E+00  0.2072192E+01 -0.6470438E+00
 0.1626438E+01
 0.2400000E+01 -0.1709681E+00  0.1714130E+01  0.4096490E+00  0.2910576E+01  0.5619799E+00 -0.2164937E+00  0.3874709E-01  0.2718230E+01 -0.5216881E+00  0.2322053E+01  0.2423833E+00  0.3252727E+00  0.1155349E+00  0.1737763E+01 -0.4072155E-01  0.1016589E+01 -0.1118942E+00  0.2130333E+01 -0.6352114E+00
 0.1682345E+01
 0.2425000E+01 -0.1692874E+00  0.1769325E+01  0.4153953E+00  0.2974521E+01  0.5433828E+00 -0.2182686E+00  0.3930081E-01  0.2780728E+01 -0.5271730E+00  0.2381861E+01  0.2303511E+00  0.3511863E+00  0.1139067E+00  0.1793101E+01 -0.3917935E-01  0.1064200E+01 -0.1128222E+00  0.2188516E+01 -0.6246219E+00
 0.1738339E+01
 0.2450000E+01 -0.1680477E+00  0.1824610E+01  0.4208091E+00  0.3038470E+01  0.5276765E+00 -0.2207877E+00  0.3978653E-01  0.2843258E+01 -0.5333659E+00  0.2441671E+01  0.2193109E+00  0.3780692E+00  0.1124806E+00  0.1848523E+01 -0.3780265E-01  0.1112296E+01 -0.1139969E+00  0.2246737E+01 -0.6155422E+00
 0.1794404E+01
 0.2475000E+01 -0.1673123E+00  0.1879973E+01  0.4259149E+00  0.3102419E+01  0.5151892E+00 -0.2240562E+00  0.4020452E-01  0.2905823E+01 -0.5404251E+00  0.2501478E+01  0.2093660E+00  0.4059511E+00  0.1112973E+00  0.1904020E+01 -0.3660144E-01  0.1160831E+01 -0.1154597E+00  0.2304994E+01 -0.6081954E+00
 0.1850528E+01
 0.2500000E+01 -0.1671297E+00  0.1935406E+01  0.4307179E+00  0.3166367E+01  0.5061293E+00 -0.2280814E+00  0.4055421E-01  0.2968424E+01 -0.5484789E+00  0.2561279E+01  0.2005693E+00  0.4348550E+00  0.1103887E+00  0.1959582E+01 -0.3557847E-01  0.1209760E+01 -0.1172448E+00  0.2363285E+01 -0.6027491E+00
 0.1906699E+01
 0.2525000E+01 -0.1675321E+00  0.1990900E+01  0.4352019E+00  0.3230311E+01  0.5005585E+00 -0.2328721E+00  0.4083414E-01  0.3031061E+01 -0.5576168E+00  0.2621068E+01  0.1929171E+00  0.4647967E+00  0.1097767E+00  0.2015203E+01 -0.3472916E-01  0.1259041E+01 -0.1193771E+00  0.2421607E+01 -0.5993086E+00
 0.1962910E+01
 0.2550000E+01 -0.1685345E+00  0.2046447E+01  0.4393308E+00  0.3294250E+01  0.4983801E+00 -0.2384391E+00  0.4104202E-01  0.3093735E+01 -0.5678853E+00  0.2680842E+01  0.1863515E+00  0.4957843E+00  0.1094726E+00  0.2070875E+01 -0.3404230E-01  0.1308635E+01 -0.1218713E+00  0.2479959E+01 -0.5979173E+00
 0.2019153E+01
 0.2575000E+01 -0.1701357E+00  0.2102042E+01  0.4430520E+00  0.3358180E+01  0.4993444E+00 -0.2447946E+00  0.4117507E-01  0.3156446E+01 -0.5792870E+00  0.2740596E+01  0.1807678E+00  0.5278177E+00  0.1094785E+00  0.2126591E+01 -0.3350162E-01  0.1358505E+01 -0.1247311E+00  0.2538338E+01 -0.5985612E+00
 0.2075424E+01
 0.2600000E+01 -0.1723208E+00  0.2157679E+01  0.4463035E+00  0.3422101E+01  0.5030729E+00 -0.2519526E+00  0.4123047E-01  0.3219192E+01 -0.5917841E+00  0.2800326E+01  0.1760288E+00  0.5608887E+00  0.1097886E+00  0.2182346E+01 -0.3308762E-01  0.1408619E+01 -0.1279505E+00  0.2596743E+01 -0.6011795E+00
 0.2131717E+01
 0.2625000E+01 -0.1750642E+00  0.2213350E+01  0.4490218E+00  0.3486011E+01  0.5090940E+00 -0.2599284E+00  0.4120584E-01  0.3281972E+01 -0.6053048E+00  0.2860029E+01  0.1719804E+00  0.5949814E+00  0.1103908E+00  0.2238134E+01 -0.3277950E-01  0.1458944E+01 -0.1315146E+00  0.2655173E+01 -0.6056760E+00
 0.2188030E+01
 0.2650000E+01 -0.1783322E+00  0.2269053E+01  0.4511482E+00  0.3549910E+01  0.5168848E+00 -0.2687389E+00  0.4109963E-01  0.3344785E+01 -0.6197507E+00  0.2919700E+01  0.1684663E+00  0.6300720E+00  0.1112695E+00  0.2293951E+01 -0.3255668E-01  0.1509454E+01 -0.1354012E+00  0.2713625E+01 -0.6119301E+00
 0.2244359E+01
 0.2675000E+01 -0.1820859E+00  0.2324783E+01  0.4526328E+00  0.3613798E+01  0.5259081E+00 -0.2784020E+00  0.4091131E-01  0.3407628E+01 -0.6350043E+00  0.2979338E+01  0.1653396E+00  0.6661304E+00  0.1124065E+00  0.2349792E+01 -0.3239987E-01  0.1560121E+01 -0.1395826E+00  0.2772097E+01 -0.6198063E+00
 0.2300699E+01
 0.2700000E+01 -0.1862827E+00  0.2380535E+01  0.4534344E+00  0.3677674E+01  0.5356422E+00 -0.2889368E+00  0.4064124E-01  0.3470499E+01 -0.6509342E+00  0.3038938E+01  0.1624698E+00  0.7031200E+00  0.1137825E+00  0.2405656E+01 -0.3229154E-01  0.1610925E+01 -0.1440267E+00  0.2830589E+01 -0.6291606E+00
 0.2357050E+01
 0.2725000E+01 -0.1908777E+00  0.2436308E+01  0.4535152E+00  0.3741539E+01  0.5456012E+00 -0.3003635E+00  0.4029026E-01  0.3533394E+01 -0.6673967E+00  0.3098499E+01  0.1597464E+00  0.7409993E+00  0.1153780E+00  0.2461538E+01 -0.3221609E-01  0.1661845E+01 -0.1486975E+00  0.2889098E+01 -0.6398451E+00
 0.2413406E+01
 0.2750000E+01 -0.1958243E+00  0.2492098E+01  0.4528329E+00  0.3805395E+01  0.5553465E+00 -0.3127024E+00  0.3985904E-01  0.3596313E+01 -0.6842346E+00  0.3158018E+01  0.1570793E+00  0.7797225E+00  0.1171734E+00  0.2517436E+01 -0.3215977E-01  0.1712864E+01 -0.1535554E+00  0.2947624E+01 -0.6517096E+00
 0.2469764E+01
 0.2775000E+01 -0.2010745E+00  0.2547903E+01  0.4513326E+00  0.3869241E+01  0.5644911E+00 -0.3259744E+00  0.3934753E-01  0.3659252E+01 -0.7012744E+00  0.3217493E+01  0.1543979E+00  0.8192409E+00  0.1191496E+00  0.2573348E+01 -0.3211051E-01  0.1763968E+01 -0.1585567E+00  0.3006165E+01 -0.6646034E+00
 0.2526122E+01
 0.2800000E+01 -0.2065792E+00  0.2603722E+01  0.4489403E+00  0.3933078E+01  0.5727001E+00 -0.3402001E+00  0.3875440E-01  0.3722211E+01 -0.7183220E+00  0.3276922E+01  0.1516489E+00  0.8595034E+00  0.1212876E+00  0.2629274E+01 -0.3205775E-01  0.1815143E+01 -0.1636536E+00  0.3064721E+01 -0.6783757E+00
 0.2582476E+01
 0.2825000E+01 -0.2122889E+00  0.2659554E+01  0.4455613E+00  0.3996906E+01  0.5796886E+00 -0.3553999E+00  0.3807693E-01  0.3785188E+01 -0.7351606E+00  0.3336301E+01  0.1487947E+00  0.9004581E+00  0.1235691E+00  0.2685213E+01 -0.3199234E-01  0.1866379E+01 -0.1687939E+00  0.3123291E+01 -0.6928775E+00
 0.2638821E+01
 0.2850000E+01 -0.2181543E+00  0.2715397E+01  0.4410823E+00  0.4060727E+01  0.5852182E+00 -0.3715929E+00  0.3731112E-01  0.3848184E+01 -0.7515519E+00  0.3395626E+01  0.1458109E+00  0.9420524E+00  0.1259765E+00  0.2741163E+01 -0.3190654E-01  0.1917666E+01 -0.1739213E+00  0.3181876E+01 -0.7079633E+00
 0.2695152E+01
 0.2875000E+01 -0.2241275E+00  0.2771251E+01  0.4353787E+00  0.4124540E+01  0.5890929E+00 -0.3887973E+00  0.3645210E-01  0.3911197E+01 -0.7672396E+00  0.3454892E+01  0.1426849E+00  0.9842346E+00  0.1284934E+00  0.2797126E+01 -0.3179397E-01  0.1968998E+01 -0.1789764E+00  0.3240477E+01 -0.7234950E+00
 0.2751464E+01
 0.2900000E+01 -0.2301637E+00  0.2827117E+01  0.4283226E+00  0.4188347E+01  0.5911554E+00 -0.4070290E+00  0.3549472E-01  0.3974228E+01 -0.7819558E+00  0.3514093E+01  0.1394147E+00  0.1026954E+01  0.1311053E+00  0.2853102E+01 -0.3164974E-01  0.2020367E+01 -0.1838979E+00  0.3299094E+01 -0.7393459E+00
 0.2807750E+01
 0.2925000E+01 -0.2362223E+00  0.2882994E+01  0.4197921E+00  0.4252147E+01  0.5912841E+00 -0.4263021E+00  0.3443409E-01  0.4037277E+01 -0.7954292E+00  0.3573224E+01  0.1360079E+00  0.1070161E+01  0.1338004E+00  0.2909093E+01 -0.3147051E-01  0.2071768E+01 -0.1886242E+00  0.3357728E+01 -0.7554051E+00
 0.2864002E+01
 0.2950000E+01 -0.2422689E+00  0.2938884E+01  0.4096786E+00  0.4315942E+01  0.5893892E+00 -0.4466277E+00  0.3326610E-01  0.4100343E+01 -0.8073931E+00  0.3632276E+01  0.1324806E+00  0.1113809E+01  0.1365697E+00  0.2965099E+01 -0.3125458E-01  0.2123198E+01 -0.1930949E+00  0.3416381E+01 -0.7715823E+00
 0.2920213E+01
 0.2975000E+01 -0.2482765E+00  0.2994786E+01  0.3978938E+00  0.4379732E+01  0.5854104E+00 -0.4680137E+00  0.3198789E-01  0.4163427E+01 -0.8175935E+00  0.3691245E+01  0.1288572E+00  0.1157854E+01  0.1394085E+00  0.3021122E+01 -0.3100198E-01  0.2174651E+01 -0.1972527E+00  0.3475053E+01 -0.7878121E+00
 0.2976372E+01
 0.3000000E+01 -0.2542269E+00  0.3050701E+01  0.3843734E+00  0.4443518E+01  0.5793143E+00 -0.4904647E+00  0.3059807E-01  0.4226529E+01 -0.8257955E+00  0.3750122E+01  0.1251695E+00  0.1202254E+01  0.1423163E+00  0.3077164E+01 -0.3071455E-01  0.2226127E+01 -0.2010444E+00  0.3533747E+01 -0.8040573E+00
 0.3032467E+01
 0.3025000E+01 -0.2601115E+00  0.3106631E+01  0.3690799E+00  0.4507302E+01  0.5710923E+00 -0.5139812E+00  0.2909692E-01  0.4289649E+01 -0.8317886E+00  0.3808902E+01  0.1214568E+00  0.1246971E+01  0.1452976E+00  0.3133226E+01 -0.3039600E-01  0.2277623E+01 -0.2044217E+00  0.3592462E+01 -0.8203117E+00
 0.3088486E+01
 0.3050000E+01 -0.2659322E+00  0.3162576E+01  0.3520036E+00  0.4571085E+01  0.5607584E+00 -0.5385593E+00  0.2748639E-01  0.4352787E+01 -0.8353905E+00  0.3867580E+01  0.1177648E+00  0.1291967E+01  0.1483620E+00  0.3189312E+01 -0.3005194E-01  0.2329137E+01 -0.2073425E+00  0.3651201E+01 -0.8366022E+00
 0.3144413E+01
 0.3075000E+01 -0.2717012E+00  0.3218537E+01  0.3331622E+00  0.4634867E+01  0.5483471E+00 -0.5641912E+00  0.2577015E-01  0.4415941E+01 -0.8364492E+00  0.3926151E+01  0.1141457E+00  0.1337212E+01  0.1515240E+00  0.3245424E+01 -0.2968997E-01  0.2380669E+01 -0.2097709E+00  0.3709964E+01 -0.8529886E+00
 0.3200231E+01
 0.3100000E+01 -0.2774410E+00  0.3274515E+01  0.3126002E+00  0.4698649E+01  0.5339122E+00 -0.5908642E+00  0.2395340E-01  0.4479113E+01 -0.8348441E+00  0.3984611E+01  0.1106577E+00  0.1382673E+01  0.1548031E+00  0.3301563E+01 -0.2931965E-01  0.2432220E+01 -0.2116773E+00  0.3768752E+01 -0.8695633E+00
 0.3255920E+01
 0.3125000E+01 -0.2831835E+00  0.3330511E+01  0.2903863E+00  0.4762433E+01  0.5175247E+00 -0.6185611E+00  0.2204277E-01  0.4542300E+01 -0.8304854E+00  0.4042958E+01  0.1073639E+00  0.1428325E+01  0.1582227E+00  0.3357732E+01 -0.2895253E-01  0.2483788E+01 -0.2130384E+00  0.3827566E+01 -0.8864479E+00
 0.3311458E+01
 0.3150000E+01 -0.2889687E+00  0.3386524E+01  0.2666121E+00  0.4826220E+01  0.4992713E+00 -0.6472603E+00  0.2004609E-01  0.4605504E+01 -0.8233129E+00  0.4101189E+01  0.1043325E+00  0.1474142E+01  0.1618094E+00  0.3413932E+01 -0.2860216E-01  0.2535375E+01 -0.2138363E+00  0.3886407E+01 -0.9037892E+00
 0.3366820E+01
 0.3175000E+01 -0.2948419E+00  0.3442554E+01  0.2413888E+00  0.4890010E+01  0.4792530E+00 -0.6769361E+00  0.1797226E-01  0.4668722E+01 -0.8132936E+00  0.4159307E+01  0.1016352E+00  0.1520104E+01  0.1655914E+00  0.3470167E+01 -0.2828401E-01  0.2586983E+01 -0.2140583E+00  0.3945273E+01 -0.9217516E+00
 0.3421979E+01
 0.3200000E+01 -0.3008514E+00  0.3498601E+01  0.2148446E+00  0.4953804E+01  0.4575834E+00 -0.7075587E+00  0.1583092E-01  0.4731955E+01 -0.8004185E+00  0.4217312E+01  0.9934702E-01  0.1566189E+01  0.1695965E+00  0.3526436E+01 -0.2801538E-01  0.2638613E+01 -0.2136954E+00  0.4004166E+01 -0.9405079E+00
 0.3476903E+01
 0.3225000E+01 -0.3070438E+00  0.3554665E+01  0.1871220E+00  0.5017603E+01  0.4343875E+00 -0.7390947E+00  0.1363234E-01  0.4795202E+01 -0.7846991E+00  0.4275209E+01  0.9754491E-01  0.1612382E+01  0.1738498E+00  0.3582742E+01 -0.2781528E-01  0.2690267E+01 -0.2127415E+00  0.4063085E+01 -0.9602268E+00
 0.3531560E+01
 0.3250000E+01 -0.3134599E+00  0.3610743E+01  0.1583748E+00  0.5081407E+01  0.4098006E+00 -0.7715077E+00  0.1138716E-01  0.4858461E+01 -0.7661641E+00  0.4333002E+01  0.9630666E-01  0.1658667E+01  0.1783706E+00  0.3639084E+01 -0.2770412E-01  0.2741948E+01 -0.2111920E+00  0.4122029E+01 -0.9810583E+00
 0.3585917E+01
 0.3275000E+01 -0.3201292E+00  0.3666833E+01  0.1287650E+00  0.5145216E+01  0.3839671E+00 -0.8047586E+00  0.9106216E-02  0.4921733E+01 -0.7448556E+00  0.4390699E+01  0.9570957E-01  0.1705032E+01  0.1831692E+00  0.3695464E+01 -0.2770337E-01  0.2793658E+01 -0.2090431E+00  0.4180999E+01 -0.1003117E+01
 0.3639938E+01
 0.3300000E+01 -0.3270643E+00  0.3722934E+01  0.9846011E-01  0.5209032E+01  0.3570397E+00 -0.8388062E+00  0.6800398E-02  0.4985015E+01 -0.7208263E+00  0.4448309E+01  0.9582899E-01  0.1751466E+01  0.1882439E+00  0.3751880E+01 -0.2783500E-01  0.2845401E+01 -0.2062905E+00  0.4239992E+01 -0.1026464E+01
 0.3693590E+01
 0.3325000E+01 -0.3342563E+00  0.3779042E+01  0.6763076E-01  0.5272853E+01  0.3291788E+00 -0.8736078E+00  0.4480529E-02  0.5048308E+01 -0.6941376E+00  0.4505841E+01  0.9673675E-01  0.1797960E+01  0.1935778E+00  0.3808331E+01 -0.2812082E-01  0.2897179E+01 -0.2029290E+00  0.4299008E+01 -0.1051092E+01
 0.3746840E+01
 0.3350000E+01 -0.3416702E+00  0.3835154E+01  0.3644793E-01  0.5336680E+01  0.3005518E+00 -0.9091197E+00  0.2157285E-02  0.5111610E+01 -0.6648587E+00  0.4563307E+01  0.9849943E-01  0.1844507E+01  0.1991368E+00  0.3864817E+01 -0.2858161E-01  0.2948994E+01 -0.1989527E+00  0.4358046E+01 -0.1076909E+01
 0.3799662E+01
 0.3375000E+01 -0.3492432E+00  0.3891268E+01  0.5081017E-02  0.5400512E+01  0.2713324E+00 -0.9452978E+00 -0.1588511E-03  0.5174920E+01 -0.6330671E+00  0.4620717E+01  0.1011767E+00  0.1891101E+01  0.2048685E+00  0.3921334E+01 -0.2923616E-01  0.3000850E+01 -0.1943549E+00  0.4417104E+01 -0.1103733E+01
 0.3852035E+01
 0.3400000E+01 -0.3568844E+00  0.3947380E+01 -0.2630403E-01  0.5464348E+01  0.2416997E+00 -0.9820978E+00 -0.2457611E-02  0.5238237E+01 -0.5988488E+00  0.4678083E+01  0.1048195E+00  0.1937737E+01  0.2107027E+00  0.3977881E+01 -0.3010022E-01  0.3052749E+01 -0.1891295E+00  0.4476181E+01 -0.1131286E+01
 0.3903945E+01
 0.3425000E+01 -0.3644770E+00  0.4003488E+01 -0.5754608E-01  0.5528189E+01  0.2118358E+00 -0.1019476E+01 -0.4728939E-02  0.5301561E+01 -0.5623005E+00  0.4735414E+01  0.1094688E+00  0.1984413E+01  0.2165530E+00  0.4034455E+01 -0.3118557E-01  0.3104691E+01 -0.1832715E+00  0.4535276E+01 -0.1159203E+01
 0.3955387E+01
 0.3450000E+01 -0.3718832E+00  0.4059591E+01 -0.8848975E-01  0.5592033E+01  0.1819225E+00 -0.1057390E+01 -0.6962979E-02  0.5364890E+01 -0.5235306E+00  0.4792720E+01  0.1151543E+00  0.2031125E+01  0.2223200E+00  0.4091053E+01 -0.3249919E-01  0.3156679E+01 -0.1767787E+00  0.4594386E+01 -0.1187042E+01
 0.4006365E+01
 0.3475000E+01 -0.3789494E+00  0.4115686E+01 -0.1189857E+00  0.5655881E+01  0.1521345E+00 -0.1095799E+01 -0.9150056E-02  0.5428224E+01 -0.4826600E+00  0.4850009E+01  0.1218936E+00  0.2077872E+01  0.2278955E+00  0.4147673E+01 -0.3404269E-01  0.3208711E+01 -0.1696523E+00  0.4653510E+01 -0.1214303E+01
 0.4056893E+01
 0.3500000E+01 -0.3855137E+00  0.4171773E+01 -0.1488906E+00  0.5719731E+01  0.1226296E+00 -0.1134661E+01 -0.1128065E-01  0.5491562E+01 -0.4398224E+00  0.4907286E+01  0.1296919E+00  0.2124652E+01  0.2331663E+00  0.4204311E+01 -0.3581209E-01  0.3260789E+01 -0.1618978E+00  0.4712646E+01 -0.1240447E+01
 0.4106992E+01
 0.3525000E+01 -0.3914112E+00  0.4227851E+01 -0.1780661E+00  0.5783583E+01  0.9353255E-01 -0.1173940E+01 -0.1334535E-01  0.5554904E+01 -0.3951644E+00  0.4964558E+01  0.1385425E+00  0.2171465E+01  0.2380188E+00  0.4260967E+01 -0.3779789E-01  0.3312911E+01 -0.1535255E+00  0.4771794E+01 -0.1264916E+01
 0.4156687E+01
 0.3550000E+01 -0.3964803E+00  0.4283920E+01 -0.2063780E+00  0.5847436E+01  0.6491451E-01 -0.1213599E+01 -0.1533486E-01  0.5618248E+01 -0.3488443E+00  0.5021826E+01  0.1484265E+00  0.2218309E+01  0.2423418E+00  0.4317636E+01 -0.3998545E-01  0.3365075E+01 -0.1445503E+00  0.4830951E+01 -0.1287150E+01
 0.4206011E+01
 0.3575000E+01 -0.4005666E+00  0.4339981E+01 -0.2336952E+00  0.5911290E+01  0.3676819E-01 -0.1253604E+01 -0.1723992E-01  0.5681595E+01 -0.3010327E+00  0.5079095E+01  0.1593135E+00  0.2265183E+01  0.2460293E+00  0.4374319E+01 -0.4235553E-01  0.3417280E+01 -0.1349922E+00  0.4890117E+01 -0.1306605E+01
 0.4254997E+01
 0.3600000E+01 -0.4035359E+00  0.4396034E+01 -0.2598882E+00  0.5975145E+01  0.9450235E-02 -0.1293990E+01 -0.1905141E-01  0.5744943E+01 -0.2519133E+00  0.5136364E+01  0.1713857E+00  0.2312095E+01  0.2489878E+00  0.4431013E+01 -0.4489295E-01  0.3469526E+01 -0.1248769E+00  0.4949290E+01 -0.1322799E+01
 0.4303674E+01
 0.3625000E+01 -0.4052558E+00  0.4452080E+01 -0.2848282E+00  0.6039000E+01 -0.1745110E-01 -0.1334734E+01 -0.2076017E-01  0.5808293E+01 -0.2016791E+00  0.5193636E+01  0.1846207E+00  0.2359041E+01  0.2511264E+00  0.4487716E+01 -0.4757168E-01  0.3521809E+01 -0.1142335E+00  0.5008469E+01 -0.1335245E+01
 0.4352075E+01
 0.3650000E+01 -0.4056058E+00  0.4508119E+01 -0.3083867E+00  0.6102855E+01 -0.4447536E-01 -0.1375814E+01 -0.2235713E-01  0.5871645E+01 -0.1505353E+00  0.5250910E+01  0.1989580E+00  0.2406018E+01  0.2523622E+00  0.4544429E+01 -0.5036209E-01  0.3574127E+01 -0.1030954E+00  0.5067653E+01 -0.1343488E+01
 0.4400235E+01
 0.3675000E+01 -0.4044789E+00  0.4564153E+01 -0.3304363E+00  0.6166710E+01 -0.7216258E-01 -0.1417203E+01 -0.2383337E-01  0.5934998E+01 -0.9869928E-01  0.5308187E+01  0.2142894E+00  0.2453022E+01  0.2526214E+00  0.4601149E+01 -0.5323158E-01  0.3626478E+01 -0.9150071E-01  0.5126841E+01 -0.1347112E+01
 0.4448183E+01
 0.3700000E+01 -0.4017827E+00  0.4620182E+01 -0.3508509E+00  0.6230564E+01 -0.1009175E+00 -0.1458873E+01 -0.2518022E-01  0.5998351E+01 -0.4640114E-01  0.5365466E+01  0.2304620E+00  0.2500050E+01  0.2518396E+00  0.4657876E+01 -0.5614548E-01  0.3678859E+01 -0.7949241E-01  0.5186034E+01 -0.1345746E+01
 0.4495950E+01
 0.3725000E+01 -0.3974420E+00  0.4676207E+01 -0.3695086E+00  0.6294417E+01 -0.1309300E+00 -0.1500794E+01 -0.2638940E-01  0.6061705E+01  0.6116735E-02  0.5422748E+01  0.2472913E+00  0.2547097E+01  0.2499636E+00  0.4714609E+01 -0.5906815E-01  0.3731266E+01 -0.6711830E-01  0.5245229E+01 -0.1339071E+01
 0.4543561E+01
 0.3750000E+01 -0.3913996E+00  0.4732228E+01 -0.3862931E+00  0.6358270E+01 -0.1621764E+00 -0.1542936E+01 -0.2745324E-01  0.6125060E+01  0.5860095E-01  0.5480032E+01  0.2645790E+00  0.2594160E+01  0.2469521E+00  0.4771347E+01 -0.6196404E-01  0.3783698E+01 -0.5443110E-01  0.5304427E+01 -0.1326828E+01
 0.4591040E+01
 0.3775000E+01 -0.3836179E+00  0.4788247E+01 -0.4010966E+00  0.6422121E+01 -0.1944746E+00 -0.1585274E+01 -0.2836477E-01  0.6188415E+01  0.1107893E+00  0.5537318E+01  0.2821273E+00  0.2641235E+01  0.2427762E+00  0.4828091E+01 -0.6479842E-01  0.3836153E+01 -0.4148812E-01  0.5363628E+01 -0.1308823E+01
 0.4638409E+01
 0.3800000E+01 -0.3740794E+00  0.4844263E+01 -0.4138227E+00  0.6485971E+01 -0.2275527E+00 -0.1627782E+01 -0.2911801E-01  0.6251771E+01  0.1624136E+00  0.5594605E+01  0.2997463E+00  0.2688321E+01  0.2374204E+00  0.4884839E+01 -0.6753806E-01  0.3888627E+01 -0.2835076E-01  0.5422830E+01 -0.1284930E+01
 0.4685685E+01
 0.3825000E+01 -0.3627869E+00  0.4900277E+01 -0.4243883E+00  0.6549821E+01 -0.2611047E+00 -0.1670439E+01 -0.2970804E-01  0.6315126E+01  0.2132035E+00  0.5651894E+01  0.3172578E+00  0.2735414E+01  0.2308824E+00  0.4941591E+01 -0.7015164E-01  0.3941118E+01 -0.1508383E-01  0.5482034E+01 -0.1255090E+01
 0.4732884E+01
 0.3850000E+01 -0.3497633E+00  0.4956290E+01 -0.4327266E+00  0.6613668E+01 -0.2948252E+00 -0.1713228E+01 -0.3013123E-01  0.6378482E+01  0.2628905E+00  0.5709185E+01  0.3344951E+00  0.2782512E+01  0.2231730E+00  0.4998347E+01 -0.7261018E-01  0.3993626E+01 -0.1754673E-02  0.5541239E+01 -0.1219316E+01
 0.4780019E+01
 0.3875000E+01 -0.3350512E+00  0.5012302E+01 -0.4387888E+00  0.6677515E+01 -0.3284271E+00 -0.1756133E+01 -0.3038530E-01  0.6441839E+01  0.3112125E+00  0.5766476E+01  0.3513025E+00  0.2829613E+01  0.2143160E+00  0.5055106E+01 -0.7488735E-01  0.4046147E+01  0.1156786E-01  0.5600446E+01 -0.1177690E+01
 0.4827102E+01
 0.3900000E+01 -0.3187118E+00  0.5068312E+01 -0.4425455E+00  0.6741360E+01 -0.3616489E+00 -0.1799140E+01 -0.3046948E-01  0.6505195E+01  0.3579181E+00  0.5823770E+01  0.3675354E+00  0.2876715E+01  0.2043477E+00  0.5111868E+01 -0.7695980E-01  0.4098681E+01  0.2481450E-01  0.5659653E+01 -0.1130358E+01
 0.4874141E+01
 0.3925000E+01 -0.3008236E+00  0.5124322E+01 -0.4439880E+00  0.6805204E+01 -0.3942554E+00 -0.1842238E+01 -0.3038450E-01  0.6568551E+01  0.4027714E+00  0.5881064E+01  0.3830595E+00  0.2923816E+01  0.1933156E+00  0.5168632E+01 -0.7880744E-01  0.4151226E+01  0.3791674E-01  0.5718862E+01 -0.1077529E+01
 0.4921146E+01
 0.3950000E+01 -0.2814808E+00  0.5180331E+01 -0.4431289E+00  0.6869046E+01 -0.4260368E+00 -0.1885418E+01 -0.3013269E-01  0.6631907E+01  0.4455562E+00  0.5938360E+01  0.3977517E+00  0.2970914E+01  0.1812781E+00  0.5225399E+01 -0.8041365E-01  0.4203780E+01  0.5080805E-01  0.5778071E+01 -0.1019470E+01
 0.4968123E+01
 0.3975000E+01 -0.2607915E+00  0.5236340E+01 -0.4400021E+00  0.6932887E+01 -0.4568054E+00 -0.1928671E+01 -0.2971792E-01  0.6695264E+01  0.4860798E+00  0.5995657E+01  0.4115001E+00  0.3018007E+01  0.1683025E+00  0.5282168E+01 -0.8176547E-01  0.4256342E+01  0.6342507E-01  0.5837281E+01 -0.9565001E+00
 0.5015078E+01
 0.4000000E+01 -0.2388749E+00  0.5292348E+01 -0.4346620E+00  0.6996726E+01 -0.4863940E+00 -0.1971991E+01 -0.2914557E-01  0.6758620E+01  0.5241768E+00  0.6052955E+01  0.4242054E+00  0.3065094E+01  0.1544643E+00  0.5338939E+01 -0.8285365E-01  0.4308912E+01  0.7570873E-01  0.5896491E+01 -0.8889810E+00
 0.5062016E+01
 0.4025000E+01 -0.2158592E+00  0.5348356E+01 -0.4271828E+00  0.7060564E+01 -0.5146533E+00 -0.2015370E+01 -0.2842244E-01  0.6821976E+01  0.5597115E+00  0.6110255E+01  0.4357815E+00  0.3112174E+01  0.1398449E+00  0.5395711E+01 -0.8367266E-01  0.4361488E+01  0.8760531E-01  0.5955702E+01 -0.8173114E+00
 0.5108941E+01
 0.4050000E+01 -0.1918785E+00  0.5404363E+01 -0.4176563E+00  0.7124401E+01 -0.5414501E+00 -0.2058803E+01 -0.2755663E-01  0.6885333E+01  0.5925799E+00  0.6167556E+01  0.4461563E+00  0.3159245E+01  0.1245304E+00  0.5452485E+01 -0.8422054E-01  0.4414068E+01  0.9906730E-01  0.6014914E+01 -0.7419167E+00
 0.5155855E+01
 0.4075000E+01 -0.1670701E+00  0.5460370E+01 -0.4061901E+00  0.7188237E+01 -0.5666725E+00 -0.2102286E+01 -0.2655735E-01  0.6948689E+01  0.6227104E+00  0.6224858E+01  0.4552725E+00  0.3206306E+01  0.1086092E+00  0.5509260E+01 -0.8449868E-01  0.4466653E+01  0.1100541E+00  0.6074127E+01 -0.6632397E+00
 0.5202763E+01
 0.4100000E+01 -0.1415711E+00  0.5516378E+01 -0.3929044E+00  0.7252071E+01 -0.5902122E+00 -0.2145813E+01 -0.2543474E-01  0.7012045E+01  0.6500635E+00  0.6282162E+01  0.4630889E+00  0.3253357E+01  0.9217090E-01  0.5566035E+01 -0.8451141E-01  0.4519242E+01  0.1205324E+00  0.6133339E+01 -0.5817303E+00
 0.5249665E+01
 0.4125000E+01 -0.1155160E+00  0.5572385E+01 -0.3779287E+00  0.7315904E+01 -0.6119734E+00 -0.2189381E+01 -0.2419965E-01  0.7075401E+01  0.6746300E+00  0.6339468E+01  0.4695801E+00  0.3300397E+01  0.7530363E-01  0.5622812E+01 -0.8426552E-01  0.4571833E+01  0.1304764E+00  0.6192553E+01 -0.4978356E+00
 0.5296563E+01
 0.4150000E+01 -0.8903399E-01  0.5628392E+01 -0.3613985E+00  0.7379736E+01 -0.6318726E+00 -0.2232988E+01 -0.2286334E-01  0.7138757E+01  0.6964274E+00  0.6396774E+01  0.4747359E+00  0.3347426E+01  0.5809306E-01  0.5679589E+01 -0.8376958E-01  0.4624427E+01  0.1398672E+00  0.6251767E+01 -0.4119910E+00
 0.5343459E+01
 0.4175000E+01 -0.6224644E-01  0.5684399E+01 -0.3434509E+00  0.7443567E+01 -0.6498386E+00 -0.2276630E+01 -0.2143724E-01  0.7202113E+01  0.7154954E+00  0.6454083E+01  0.4785606E+00  0.3394443E+01  0.4062082E-01  0.5736366E+01 -0.8303316E-01  0.4677022E+01  0.1486924E+00  0.6310981E+01 -0.3246117E+00
 0.5390353E+01
 0.4200000E+01 -0.3526586E-01  0.5740406E+01 -0.3242210E+00  0.7507398E+01 -0.6658117E+00 -0.2320306E+01 -0.1993266E-01  0.7265469E+01  0.7318895E+00  0.6511392E+01  0.4810711E+00  0.3441450E+01  0.2296361E-01  0.5793144E+01 -0.8206605E-01  0.4729620E+01  0.1569450E+00  0.6370195E+01 -0.2360871E+00
 0.5437246E+01
 0.4225000E+01 -0.8195065E-02  0.5796414E+01 -0.3038387E+00  0.7571228E+01 -0.6797439E+00 -0.2364011E+01 -0.1836055E-01  0.7328825E+01  0.7456735E+00  0.6568702E+01  0.4822951E+00  0.3488445E+01  0.5192805E-02  0.5849922E+01 -0.8087735E-01  0.4782218E+01  0.1646215E+00  0.6429410E+01 -0.1467771E+00
 0.5484138E+01
 0.4250000E+01  0.1887252E-01  0.5852421E+01 -0.2824252E+00  0.7635057E+01 -0.6915986E+00 -0.2407746E+01 -0.1673127E-01  0.7392181E+01  0.7569119E+00  0.6626014E+01  0.4822676E+00  0.3535430E+01 -0.1262536E-01  0.5906700E+01 -0.7947475E-01  0.4834818E+01  0.1717206E+00  0.6488626E+01 -0.5701181E-01
 0.5531031E+01
 0.4275000E+01  0.4585153E-01  0.5908429E+01 -0.2600917E+00  0.7698886E+01 -0.7013511E+00 -0.2451506E+01 -0.1505445E-01  0.7455537E+01  0.7656619E+00  0.6683326E+01  0.4810280E+00  0.3582405E+01 -0.3042898E-01  0.5963479E+01 -0.7786382E-01  0.4887418E+01  0.1782407E+00  0.6547841E+01  0.3290564E-01
 0.5577924E+01
 0.4300000E+01  0.7266252E-01  0.5964437E+01 -0.2369381E+00  0.7762715E+01 -0.7089880E+00 -0.2495291E+01 -0.1333890E-01  0.7518893E+01  0.7719660E+00  0.6740638E+01  0.4786166E+00  0.3629371E+01 -0.4815921E-01  0.6020257E+01 -0.7604756E-01  0.4940019E+01  0.1841784E+00  0.6607057E+01  0.1226929E+00
 0.5624817E+01
 0.4325000E+01  0.9922902E-01  0.6020445E+01 -0.2130535E+00  0.7826544E+01 -0.7145078E+00 -0.2539099E+01 -0.1159258E-01  0.7582249E+01  0.7758468E+00  0.6797951E+01  0.4750708E+00  0.3676327E+01 -0.6575844E-01  0.6077036E+01 -0.7402626E-01  0.4992622E+01  0.1895264E+00  0.6666273E+01  0.2120803E+00
 0.5671711E+01
 0.4350000E+01  0.1254744E+00  0.6076453E+01 -0.1885179E+00  0.7890373E+01 -0.7179213E+00 -0.2582928E+01 -0.9822716E-02  0.7645605E+01  0.7773037E+00  0.6855263E+01  0.4704230E+00  0.3723274E+01 -0.8316845E-01  0.6133814E+01 -0.7179758E-01  0.5045225E+01  0.1942724E+00  0.6725488E+01  0.3008002E+00
 0.5718605E+01
 0.4375000E+01  0.1513187E+00  0.6132462E+01 -0.1634047E+00  0.7954202E+01 -0.7192516E+00 -0.2626776E+01 -0.8035889E-02  0.7708961E+01  0.7763119E+00  0.6912575E+01  0.4646980E+00  0.3770212E+01 -0.1003285E+00  0.6190593E+01 -0.6935697E-01  0.5097829E+01  0.1983983E+00  0.6784704E+01  0.3885775E+00
 0.5765498E+01
 0.4400000E+01  0.1766758E+00  0.6188470E+01 -0.1377839E+00  0.8018030E+01 -0.7185352E+00 -0.2670643E+01 -0.6238248E-02  0.7772317E+01  0.7728245E+00  0.6969886E+01  0.4579125E+00  0.3817143E+01 -0.1171739E+00  0.6247372E+01 -0.6669834E-01  0.5150434E+01  0.2018803E+00  0.6843920E+01  0.4751203E+00
 0.5812391E+01
 0.4425000E+01  0.2014519E+00  0.6244478E+01 -0.1117255E+00  0.8081859E+01 -0.7158224E+00 -0.2714525E+01 -0.4435696E-02  0.7835673E+01  0.7667772E+00  0.7027195E+01  0.4500748E+00  0.3864065E+01 -0.1336347E+00  0.6304151E+01 -0.6381486E-01  0.5203041E+01  0.2046891E+00  0.6903135E+01  0.5601128E+00
 0.5859284E+01
 0.4450000E+01  0.2255441E+00  0.6300486E+01 -0.8530251E-01  0.8145689E+01 -0.7111787E+00 -0.2758423E+01 -0.2634084E-02  0.7899029E+01  0.7580941E+00  0.7084504E+01  0.4411857E+00  0.3910981E+01 -0.1496357E+00  0.6360931E+01 -0.6069987E-01  0.5255648E+01  0.2067918E+00  0.6962351E+01  0.6432117E+00
 0.5906175E+01
 0.4475000E+01  0.2488410E+00  0.6356494E+01 -0.5859402E-01  0.8209518E+01 -0.7046863E+00 -0.2802335E+01 -0.8393684E-03  0.7962385E+01  0.7466955E+00  0.7141812E+01  0.4312405E+00  0.3957890E+01 -0.1650963E+00  0.6417711E+01 -0.5734784E-01  0.5308257E+01  0.2081530E+00  0.7021566E+01  0.7240458E+00
 0.5953063E+01
 0.4500000E+01  0.2712237E+00  0.6412501E+01 -0.3168678E-01  0.8273347E+01 -0.6964459E+00 -0.2846258E+01  0.9422684E-03  0.8025741E+01  0.7325056E+00  0.7199117E+01  0.4202307E+00  0.4004792E+01 -0.1799317E+00  0.6474491E+01 -0.5375508E-01  0.5360868E+01  0.2087368E+00  0.7080780E+01  0.8022191E+00
 0.5999950E+01
 0.4525000E+01  0.2925679E+00  0.6468508E+01 -0.4676350E-02  0.8337177E+01 -0.6865796E+00 -0.2890193E+01  0.2704360E-02  0.8089097E+01  0.7154597E+00  0.7256421E+01  0.4081464E+00  0.4051690E+01 -0.1940543E+00  0.6531271E+01 -0.4992053E-01  0.5413479E+01  0.2085091E+00  0.7139994E+01  0.8773158E+00
 0.6046832E+01
 0.4550000E+01  0.3127467E+00  0.6524515E+01  0.2233282E-01  0.8401006E+01 -0.6752341E+00 -0.2934138E+01  0.4440150E-02  0.8152453E+01  0.6955116E+00  0.7313724E+01  0.3949788E+00  0.4098583E+01 -0.2073753E+00  0.6588052E+01 -0.4584617E-01  0.5466092E+01  0.2074391E+00  0.7199208E+01  0.9489092E+00
 0.6093710E+01
 0.4575000E+01  0.3316333E+00  0.6580520E+01  0.4922808E-01  0.8464836E+01 -0.6625857E+00 -0.2978091E+01  0.6142632E-02  0.8215809E+01  0.6726385E+00  0.7371025E+01  0.3807217E+00  0.4145474E+01 -0.2198071E+00  0.6644834E+01 -0.4153738E-01  0.5518707E+01  0.2055016E+00  0.7258422E+01  0.1016570E+01
 0.6140584E+01
 0.4600000E+01  0.3491048E+00  0.6636525E+01  0.7589000E-01  0.8528665E+01 -0.6488463E+00 -0.3022052E+01  0.7804637E-02  0.8279165E+01  0.6468455E+00  0.7428324E+01  0.3653736E+00  0.4192362E+01 -0.2312651E+00  0.6701616E+01 -0.3700304E-01  0.5571323E+01  0.2026778E+00  0.7317635E+01  0.1079879E+01
 0.6187452E+01
 0.4625000E+01  0.3650448E+00  0.6692529E+01  0.1021943E+00  0.8592494E+01 -0.6342713E+00 -0.3066019E+01  0.9418953E-02  0.8342521E+01  0.6181682E+00  0.7485622E+01  0.3489391E+00  0.4239250E+01 -0.2416700E+00  0.6758399E+01 -0.3225554E-01  0.5623940E+01  0.1989570E+00  0.7376847E+01  0.1138433E+01
 0.6234313E+01
 0.4650000E+01  0.3793471E+00  0.6748532E+01  0.1280140E+00  0.8656323E+01 -0.6191700E+00 -0.3109990E+01  0.1097846E-01  0.8405877E+01  0.5866741E+00  0.7542918E+01  0.3314297E+00  0.4286140E+01 -0.2509496E+00  0.6815183E+01 -0.2731056E-01  0.5676558E+01  0.1943371E+00  0.7436059E+01  0.1191859E+01
 0.6281168E+01
 0.4675000E+01  0.3919176E+00  0.6804534E+01  0.1532223E+00  0.8720152E+01 -0.6039182E+00 -0.3153966E+01  0.1247631E-01  0.8469233E+01  0.5524624E+00  0.7600213E+01  0.3128654E+00  0.4333031E+01 -0.2590407E+00  0.6871967E+01 -0.2218681E-01  0.5729178E+01  0.1888251E+00  0.7495271E+01  0.1239822E+01
 0.6328016E+01
 0.4700000E+01  0.4026776E+00  0.6860535E+01  0.1776950E+00  0.8783981E+01 -0.5889734E+00 -0.3197944E+01  0.1390602E-01  0.8532589E+01  0.5156634E+00  0.7657506E+01  0.2932750E+00  0.4379926E+01 -0.2658906E+00  0.6928751E+01 -0.1690568E-01  0.5781799E+01  0.1824376E+00  0.7554482E+01  0.1282032E+01
 0.6374857E+01
 0.4725000E+01  0.4115651E+00  0.6916535E+01  0.2013129E+00  0.8847809E+01 -0.5748913E+00 -0.3241923E+01  0.1526173E-01  0.8595945E+01  0.4764357E+00  0.7714798E+01  0.2726971E+00  0.4426826E+01 -0.2714585E+00  0.6985537E+01 -0.1149071E-01  0.5834420E+01  0.1752001E+00  0.7613693E+01  0.1318252E+01
 0.6421691E+01
 0.4750000E+01  0.4185365E+00  0.6972534E+01  0.2239650E+00  0.8911636E+01 -0.5623402E+00 -0.3285903E+01  0.1653825E-01  0.8659301E+01  0.4349640E+00  0.7772090E+01  0.2511805E+00  0.4473730E+01 -0.2757159E+00  0.7042323E+01 -0.5967144E-02  0.5887043E+01  0.1671469E+00  0.7672903E+01  0.1348304E+01
 0.6468518E+01
 0.4775000E+01  0.4235680E+00  0.7028532E+01  0.2455501E+00  0.8975463E+01 -0.5521070E+00 -0.3329883E+01  0.1773128E-01  0.8722657E+01  0.3914546E+00  0.7829380E+01  0.2287848E+00  0.4520641E+01 -0.2786478E+00  0.7099109E+01 -0.3613384E-03  0.5939666E+01  0.1583206E+00  0.7732114E+01  0.1372072E+01
 0.6515338E+01
 0.4800000E+01  0.4266552E+00  0.7084529E+01  0.2659796E+00  0.9039290E+01 -0.5450843E+00 -0.3373861E+01  0.1883747E-01  0.8786013E+01  0.3461318E+00  0.7886669E+01  0.2055800E+00  0.4567557E+01 -0.2802529E+00  0.7155896E+01  0.5299778E-02  0.5992290E+01  0.1487708E+00  0.7791324E+01  0.1389504E+01
 0.6562151E+01
 0.4825000E+01  0.4278139E+00  0.7140525E+01  0.2851788E+00  0.9103116E+01 -0.5422235E+00 -0.3417839E+01  0.1985456E-01  0.8849369E+01  0.2992324E+00  0.7943958E+01  0.1816461E+00  0.4614479E+01 -0.2805430E+00  0.7212684E+01  0.1098928E-01  0.6044915E+01  0.1385536E+00  0.7850533E+01  0.1400616E+01
 0.6608958E+01
 0.4850000E+01  0.4270791E+00  0.7196521E+01  0.3030883E+00  0.9166942E+01 -0.5444433E+00 -0.3461816E+01  0.2078140E-01  0.8912725E+01  0.2510013E+00  0.8001246E+01  0.1570715E+00  0.4661407E+01 -0.2795434E+00  0.7269472E+01  0.1668080E-01  0.6097540E+01  0.1277295E+00  0.7909742E+01  0.1405486E+01
 0.6655760E+01
 0.4875000E+01  0.4245035E+00  0.7252515E+01  0.3196652E+00  0.9230767E+01 -0.5524976E+00 -0.3505794E+01  0.2161802E-01  0.8976081E+01  0.2016857E+00  0.8058534E+01  0.1319514E+00  0.4708339E+01 -0.2772910E+00  0.7326260E+01  0.2234899E-01  0.6150165E+01  0.1163630E+00  0.7968952E+01  0.1404252E+01
 0.6702557E+01
 0.4900000E+01  0.4201560E+00  0.7308509E+01  0.3348828E+00  0.9294592E+01 -0.5668348E+00 -0.3549775E+01  0.2236557E-01  0.9039436E+01  0.1515303E+00  0.8115822E+01  0.1063851E+00  0.4755277E+01 -0.2738341E+00  0.7383049E+01  0.2796995E-01  0.6202790E+01  0.1045205E+00  0.8028160E+01  0.1397110E+01
 0.6749350E+01
 0.4925000E+01  0.4141191E+00  0.7364502E+01  0.3487306E+00  0.9358416E+01 -0.5875018E+00 -0.3593761E+01  0.2302632E-01  0.9102792E+01  0.1007721E+00  0.8173109E+01  0.8047337E-01  0.4802217E+01 -0.2692298E+00  0.7439839E+01  0.3352155E-01  0.6255416E+01  0.9226876E-01  0.8087369E+01  0.1384301E+01
 0.6796139E+01
 0.4950000E+01  0.4064855E+00  0.7420495E+01  0.3612128E+00  0.9422240E+01 -0.6141357E+00 -0.3637755E+01  0.2360349E-01  0.9166148E+01  0.4963623E-01  0.8230396E+01  0.5431580E-01  0.4849161E+01 -0.2635428E+00  0.7496628E+01  0.3898357E-01  0.6308042E+01  0.7967377E-01  0.8146578E+01  0.1366105E+01
 0.6842924E+01
 0.4975000E+01  0.3973551E+00  0.7476487E+01  0.3723465E+00  0.9486064E+01 -0.6460454E+00 -0.3681760E+01  0.2410109E-01  0.9229504E+01 -0.1667542E-02  0.8287683E+01  0.2800784E-01  0.4896107E+01 -0.2568426E+00  0.7553418E+01  0.4433774E-01  0.6360668E+01  0.6679909E-01  0.8205787E+01  0.1342829E+01
 0.6889708E+01
 0.5000000E+01  0.3868306E+00  0.7532479E+01  0.3821584E+00  0.9549887E+01 -0.6819317E+00 -0.3725767E+01  0.2452370E-01  0.9292859E+01 -0.5294699E-01  0.8344971E+01  0.1629284E-02  0.4943056E+01 -0.2492015E+00  0.7610208E+01  0.4956627E-01  0.6413294E+01  0.5370475E-01  0.8264995E+01  0.1314796E+01
 0.6936489E+01
