 0.2500000E-01 -0.3956908E+00  0.8847970E-01 -0.8358093E-01 -0.2583351E+00  0.4376869E+00  0.7236730E+00  0.2434836E-01 -0.5797425E+00  0.4121349E+00  0.1570080E+00 -0.8009103E-01 -0.1397853E+00 -0.1054882E+01 -0.4152798E-01  0.1356057E+00  0.5219424E+00 -0.7452168E-01  0.3119632E+00  0.5508826E+00
 0.3866668E+00
 0.5000000E-01 -0.3955685E+00  0.8846550E-01 -0.8354461E-01 -0.2582463E+00  0.4374960E+00  0.7233888E+00  0.2434895E-01 -0.5794867E+00  0.4119498E+00  0.1569306E+00 -0.8009287E-01 -0.1397301E+00 -0.1054467E+01 -0.4158991E-01  0.1355390E+00  0.5217153E+00 -0.7453587E-01  0.3118210E+00  0.5506510E+00
 0.3864843E+00
 0.7500000E-01 -0.3953586E+00  0.8843905E-01 -0.8348239E-01 -0.2580936E+00  0.4371668E+00  0.7229090E+00  0.2434924E-01 -0.5790480E+00  0.4116367E+00  0.1567988E+00 -0.8009467E-01 -0.1396354E+00 -0.1053756E+01 -0.4169247E-01  0.1354254E+00  0.5213255E+00 -0.7455838E-01  0.3115790E+00  0.5502596E+00
 0.3861773E+00
 0.1000000E+00 -0.3950578E+00  0.8839834E-01 -0.8339330E-01 -0.2578745E+00  0.4366918E+00  0.7222322E+00  0.2434869E-01 -0.5784192E+00  0.4111939E+00  0.1566112E+00 -0.8009566E-01 -0.1394996E+00 -0.1052739E+01 -0.4183506E-01  0.1352634E+00  0.5207661E+00 -0.7458855E-01  0.3112347E+00  0.5497065E+00
 0.3857451E+00
 0.1250000E+00 -0.3946639E+00  0.8834145E-01 -0.8327662E-01 -0.2575871E+00  0.4360649E+00  0.7213596E+00  0.2434676E-01 -0.5775945E+00  0.4106209E+00  0.1563666E+00 -0.8009529E-01 -0.1393215E+00 -0.1051408E+01 -0.4201708E-01  0.1350521E+00  0.5200314E+00 -0.7462582E-01  0.3107864E+00  0.5489920E+00
 0.3851888E+00
 0.1500000E+00 -0.3941760E+00  0.8826656E-01 -0.8313188E-01 -0.2572304E+00  0.4352810E+00  0.7202947E+00  0.2434294E-01 -0.5765697E+00  0.4099190E+00  0.1560645E+00 -0.8009316E-01 -0.1391003E+00 -0.1049757E+01 -0.4223788E-01  0.1347909E+00  0.5191174E+00 -0.7466982E-01  0.3102334E+00  0.5481182E+00
 0.3845107E+00
 0.1750000E+00 -0.3935944E+00  0.8817197E-01 -0.8295886E-01 -0.2568039E+00  0.4343358E+00  0.7190440E+00  0.2433676E-01 -0.5753424E+00  0.4090907E+00  0.1557049E+00 -0.8008909E-01 -0.1388356E+00 -0.1047787E+01 -0.4249684E-01  0.1344796E+00  0.5180214E+00 -0.7472033E-01  0.3095762E+00  0.5470891E+00
 0.3837149E+00
 0.2000000E+00 -0.3929205E+00  0.8805612E-01 -0.8275760E-01 -0.2563081E+00  0.4332264E+00  0.7176166E+00  0.2432775E-01 -0.5739118E+00  0.4081401E+00  0.1552882E+00 -0.8008312E-01 -0.1385273E+00 -0.1045498E+01 -0.4279332E-01  0.1341184E+00  0.5167422E+00 -0.7477732E-01  0.3088162E+00  0.5459110E+00
 0.3828068E+00
 0.2250000E+00 -0.3921572E+00  0.8791758E-01 -0.8252837E-01 -0.2557442E+00  0.4319509E+00  0.7160244E+00  0.2431549E-01 -0.5722788E+00  0.4070728E+00  0.1548154E+00 -0.8007546E-01 -0.1381761E+00 -0.1042895E+01 -0.4312674E-01  0.1337081E+00  0.5152800E+00 -0.7484092E-01  0.3079558E+00  0.5445920E+00
 0.3817933E+00
 0.2500000E+00 -0.3913083E+00  0.8775507E-01 -0.8227171E-01 -0.2551142E+00  0.4305084E+00  0.7142820E+00  0.2429960E-01 -0.5704460E+00  0.4058961E+00  0.1542879E+00 -0.8006656E-01 -0.1377827E+00 -0.1039988E+01 -0.4349651E-01  0.1332498E+00  0.5136366E+00 -0.7491146E-01  0.3069985E+00  0.5431424E+00
 0.3806830E+00
 0.2750000E+00 -0.3903791E+00  0.8756742E-01 -0.8198837E-01 -0.2544208E+00  0.4288993E+00  0.7124066E+00  0.2427973E-01 -0.5684177E+00  0.4046183E+00  0.1537077E+00 -0.8005708E-01 -0.1373483E+00 -0.1036786E+01 -0.4390210E-01  0.1327449E+00  0.5118152E+00 -0.7498945E-01  0.3059488E+00  0.5415745E+00
 0.3794858E+00
 0.3000000E+00 -0.3893759E+00  0.8735362E-01 -0.8167935E-01 -0.2536675E+00  0.4271248E+00  0.7104183E+00  0.2425556E-01 -0.5661995E+00  0.4032498E+00  0.1530772E+00 -0.8004785E-01 -0.1368746E+00 -0.1033306E+01 -0.4434301E-01  0.1321955E+00  0.5098203E+00 -0.7507558E-01  0.3048121E+00  0.5399026E+00
 0.3782133E+00
 0.3250000E+00 -0.3883064E+00  0.8711277E-01 -0.8134587E-01 -0.2528586E+00  0.4251872E+00  0.7083396E+00  0.2422683E-01 -0.5637988E+00  0.4018018E+00  0.1523994E+00 -0.8003994E-01 -0.1363635E+00 -0.1029564E+01 -0.4481880E-01  0.1316040E+00  0.5076579E+00 -0.7517072E-01  0.3035950E+00  0.5381429E+00
 0.3768785E+00
 0.3500000E+00 -0.3871791E+00  0.8684408E-01 -0.8098933E-01 -0.2519988E+00  0.4230898E+00  0.7061958E+00  0.2419331E-01 -0.5612244E+00  0.4002874E+00  0.1516777E+00 -0.8003456E-01 -0.1358175E+00 -0.1025581E+01 -0.4532907E-01  0.1309730E+00  0.5053351E+00 -0.7527589E-01  0.3023048E+00  0.5363135E+00
 0.3754956E+00
 0.3750000E+00 -0.3860036E+00  0.8654685E-01 -0.8061134E-01 -0.2510936E+00  0.4208365E+00  0.7040143E+00  0.2415479E-01 -0.5584861E+00  0.3987207E+00  0.1509158E+00 -0.8003313E-01 -0.1352392E+00 -0.1021380E+01 -0.4587345E-01  0.1303057E+00  0.5028604E+00 -0.7539229E-01  0.3009496E+00  0.5344341E+00
 0.3740803E+00
 0.4000000E+00 -0.3847907E+00  0.8622050E-01 -0.8021365E-01 -0.2501491E+00  0.4184322E+00  0.7018248E+00  0.2411109E-01 -0.5555953E+00  0.3971169E+00  0.1501179E+00 -0.8003720E-01 -0.1346314E+00 -0.1016986E+01 -0.4645163E-01  0.1296055E+00  0.5002430E+00 -0.7552122E-01  0.2995385E+00  0.5325264E+00
 0.3726495E+00
 0.4250000E+00 -0.3835516E+00  0.8586446E-01 -0.7979817E-01 -0.2491718E+00  0.4158822E+00  0.6996594E+00  0.2406208E-01 -0.5525641E+00  0.3954926E+00  0.1492886E+00 -0.8004846E-01 -0.1339974E+00 -0.1012427E+01 -0.4706333E-01  0.1288760E+00  0.4974932E+00 -0.7566415E-01  0.2980812E+00  0.5306134E+00
 0.3712214E+00
 0.4500000E+00 -0.3822960E+00  0.8547718E-01 -0.7936609E-01 -0.2481671E+00  0.4131971E+00  0.6975421E+00  0.2400817E-01 -0.5494077E+00  0.3938624E+00  0.1484344E+00 -0.8006714E-01 -0.1333397E+00 -0.1007731E+01 -0.4771051E-01  0.1281232E+00  0.4946264E+00 -0.7582144E-01  0.2965892E+00  0.5287138E+00
 0.3698089E+00
 0.4750000E+00 -0.3810361E+00  0.8505815E-01 -0.7891951E-01 -0.2471422E+00  0.4103846E+00  0.6955057E+00  0.2394929E-01 -0.5461407E+00  0.3922436E+00  0.1475607E+00 -0.8009480E-01 -0.1326617E+00 -0.1002929E+01 -0.4839314E-01  0.1273515E+00  0.4916553E+00 -0.7599444E-01  0.2950733E+00  0.5268517E+00
 0.3684304E+00
 0.5000000E+00 -0.3797843E+00  0.8460692E-01 -0.7846059E-01 -0.2461043E+00  0.4074527E+00  0.6935834E+00  0.2388539E-01 -0.5427784E+00  0.3906541E+00  0.1466731E+00 -0.8013301E-01 -0.1319671E+00 -0.9980538E+00 -0.4911120E-01  0.1265655E+00  0.4885933E+00 -0.7618447E-01  0.2935449E+00  0.5250515E+00
 0.3671048E+00
 0.5250000E+00 -0.3785532E+00  0.8412302E-01 -0.7799157E-01 -0.2450608E+00  0.4044101E+00  0.6918091E+00  0.2381642E-01 -0.5393366E+00  0.3891119E+00  0.1457773E+00 -0.8018332E-01 -0.1312596E+00 -0.9931371E+00 -0.4986463E-01  0.1257700E+00  0.4854542E+00 -0.7639281E-01  0.2920156E+00  0.5233380E+00
 0.3658510E+00
 0.5500000E+00 -0.3773554E+00  0.8360595E-01 -0.7751470E-01 -0.2440192E+00  0.4012653E+00  0.6902163E+00  0.2374227E-01 -0.5358311E+00  0.3876354E+00  0.1448790E+00 -0.8024720E-01 -0.1305429E+00 -0.9882123E+00 -0.5065331E-01  0.1249700E+00  0.4822519E+00 -0.7662067E-01  0.2904970E+00  0.5217362E+00
 0.3646882E+00
 0.5750000E+00 -0.3762034E+00  0.8305516E-01 -0.7703221E-01 -0.2429869E+00  0.3980272E+00  0.6888384E+00  0.2366285E-01 -0.5322778E+00  0.3862425E+00  0.1439842E+00 -0.8032602E-01 -0.1298208E+00 -0.9833118E+00 -0.5147704E-01  0.1241703E+00  0.4790004E+00 -0.7686914E-01  0.2890008E+00  0.5202706E+00
 0.3636352E+00
 0.6000000E+00 -0.3751092E+00  0.8247005E-01 -0.7654631E-01 -0.2419709E+00  0.3947042E+00  0.6877075E+00  0.2357801E-01 -0.5286924E+00  0.3849508E+00  0.1430985E+00 -0.8042099E-01 -0.1290970E+00 -0.9784677E+00 -0.5233549E-01  0.1233757E+00  0.4757133E+00 -0.7713914E-01  0.2875386E+00  0.5189651E+00
 0.3627103E+00
 0.6250000E+00 -0.3740842E+00  0.8184988E-01 -0.7605912E-01 -0.2409780E+00  0.3913043E+00  0.6868546E+00  0.2348754E-01 -0.5250900E+00  0.3837774E+00  0.1422276E+00 -0.8053318E-01 -0.1283748E+00 -0.9737107E+00 -0.5322817E-01  0.1225909E+00  0.4724038E+00 -0.7743139E-01  0.2861213E+00  0.5178428E+00
 0.3619312E+00
 0.6500000E+00 -0.3731391E+00  0.8119384E-01 -0.7557263E-01 -0.2400147E+00  0.3878351E+00  0.6863087E+00  0.2339120E-01 -0.5214846E+00  0.3827386E+00  0.1413767E+00 -0.8066339E-01 -0.1276576E+00 -0.9690698E+00 -0.5415441E-01  0.1218204E+00  0.4690844E+00 -0.7774640E-01  0.2847596E+00  0.5169254E+00
 0.3613144E+00
 0.6750000E+00 -0.3722835E+00  0.8050091E-01 -0.7508868E-01 -0.2390866E+00  0.3843032E+00  0.6860965E+00  0.2328868E-01 -0.5178894E+00  0.3818492E+00  0.1405510E+00 -0.8081222E-01 -0.1269482E+00 -0.9645716E+00 -0.5511328E-01  0.1210684E+00  0.4657663E+00 -0.7808438E-01  0.2834635E+00  0.5162331E+00
 0.3608755E+00
 0.7000000E+00 -0.3715258E+00  0.7976996E-01 -0.7460889E-01 -0.2381988E+00  0.3807141E+00  0.6862420E+00  0.2317960E-01 -0.5143159E+00  0.3811232E+00  0.1397550E+00 -0.8097994E-01 -0.1262494E+00 -0.9602401E+00 -0.5610359E-01  0.1203388E+00  0.4624595E+00 -0.7844526E-01  0.2822420E+00  0.5157842E+00
 0.3606284E+00
 0.7250000E+00 -0.3708734E+00  0.7899964E-01 -0.7413463E-01 -0.2373555E+00  0.3770720E+00  0.6867660E+00  0.2306350E-01 -0.5107738E+00  0.3805729E+00  0.1389928E+00 -0.8116657E-01 -0.1255634E+00 -0.9560957E+00 -0.5712386E-01  0.1196350E+00  0.4591724E+00 -0.7882865E-01  0.2811032E+00  0.5155947E+00
 0.3605855E+00
 0.7500000E+00 -0.3703317E+00  0.7818840E-01 -0.7366696E-01 -0.2365599E+00  0.3733798E+00  0.6876858E+00  0.2293989E-01 -0.5072708E+00  0.3802088E+00  0.1382680E+00 -0.8137174E-01 -0.1248916E+00 -0.9521551E+00 -0.5817228E-01  0.1189598E+00  0.4559114E+00 -0.7923379E-01  0.2800540E+00  0.5156783E+00
 0.3607572E+00
 0.7750000E+00 -0.3699047E+00  0.7733448E-01 -0.7320659E-01 -0.2358144E+00  0.3696385E+00  0.6890149E+00  0.2280817E-01 -0.5038120E+00  0.3800397E+00  0.1375835E+00 -0.8159478E-01 -0.1242354E+00 -0.9484307E+00 -0.5924667E-01  0.1183157E+00  0.4526810E+00 -0.7965958E-01  0.2791001E+00  0.5160462E+00
 0.3611521E+00
 0.8000000E+00 -0.3695948E+00  0.7643592E-01 -0.7275387E-01 -0.2351200E+00  0.3658474E+00  0.6907631E+00  0.2266770E-01 -0.5004002E+00  0.3800724E+00  0.1369414E+00 -0.8183462E-01 -0.1235950E+00 -0.9449301E+00 -0.6034452E-01  0.1177044E+00  0.4494830E+00 -0.8010456E-01  0.2782456E+00  0.5167064E+00
 0.3617766E+00
 0.8250000E+00 -0.3694021E+00  0.7549054E-01 -0.7230868E-01 -0.2344765E+00  0.3620036E+00  0.6929357E+00  0.2251780E-01 -0.4970350E+00  0.3803116E+00  0.1363431E+00 -0.8208985E-01 -0.1229704E+00 -0.9416558E+00 -0.6146295E-01  0.1171269E+00  0.4463169E+00 -0.8056689E-01  0.2774933E+00  0.5176645E+00
 0.3626348E+00
 0.8500000E+00 -0.3693250E+00  0.7449595E-01 -0.7187046E-01 -0.2338823E+00  0.3581025E+00  0.6955341E+00  0.2235772E-01 -0.4937131E+00  0.3807598E+00  0.1357892E+00 -0.8235864E-01 -0.1223604E+00 -0.9386048E+00 -0.6259872E-01  0.1165835E+00  0.4431796E+00 -0.8104436E-01  0.2768442E+00  0.5189227E+00
 0.3637287E+00
 0.8750000E+00 -0.3693598E+00  0.7344958E-01 -0.7143818E-01 -0.2333347E+00  0.3541372E+00  0.6985554E+00  0.2218668E-01 -0.4904282E+00  0.3814176E+00  0.1352792E+00 -0.8263883E-01 -0.1217635E+00 -0.9357688E+00 -0.6374826E-01  0.1160740E+00  0.4400652E+00 -0.8153443E-01  0.2762977E+00  0.5204806E+00
 0.3650581E+00
 0.9000000E+00 -0.3695008E+00  0.7234870E-01 -0.7101030E-01 -0.2328293E+00  0.3500991E+00  0.7019927E+00  0.2200390E-01 -0.4871705E+00  0.3822831E+00  0.1348122E+00 -0.8292785E-01 -0.1211770E+00 -0.9331334E+00 -0.6490769E-01  0.1155971E+00  0.4369649E+00 -0.8203419E-01  0.2758514E+00  0.5223347E+00
 0.3666205E+00
 0.9250000E+00 -0.3697401E+00  0.7119044E-01 -0.7058478E-01 -0.2323606E+00  0.3459774E+00  0.7058353E+00  0.2180856E-01 -0.4839274E+00  0.3833523E+00  0.1343859E+00 -0.8322280E-01 -0.1205977E+00 -0.9306787E+00 -0.6607287E-01  0.1151509E+00  0.4338674E+00 -0.8254045E-01  0.2755013E+00  0.5244785E+00
 0.3684115E+00
 0.9500000E+00 -0.3700679E+00  0.6997182E-01 -0.7015911E-01 -0.2319215E+00  0.3417596E+00  0.7100687E+00  0.2159986E-01 -0.4806830E+00  0.3846195E+00  0.1339975E+00 -0.8352042E-01 -0.1200214E+00 -0.9283792E+00 -0.6723940E-01  0.1147327E+00  0.4307588E+00 -0.8304970E-01  0.2752416E+00  0.5269031E+00
 0.3704245E+00
 0.9750000E+00 -0.3704724E+00  0.6868980E-01 -0.6973032E-01 -0.2315037E+00  0.3374318E+00  0.7146754E+00  0.2137703E-01 -0.4774190E+00  0.3860766E+00  0.1336432E+00 -0.8381714E-01 -0.1194435E+00 -0.9262040E+00 -0.6840276E-01  0.1143394E+00  0.4276228E+00 -0.8355819E-01  0.2750650E+00  0.5295969E+00
 0.3726513E+00
 0.1000000E+01 -0.3709402E+00  0.6734134E-01 -0.6929500E-01 -0.2310977E+00  0.3329785E+00  0.7196348E+00  0.2113933E-01 -0.4741140E+00  0.3877138E+00  0.1333185E+00 -0.8410911E-01 -0.1188583E+00 -0.9241175E+00 -0.6955827E-01  0.1139668E+00  0.4244409E+00 -0.8406196E-01  0.2749625E+00  0.5325460E+00
 0.3750821E+00
 0.1025000E+01 -0.3714560E+00  0.6592339E-01 -0.6884938E-01 -0.2306928E+00  0.3283835E+00  0.7249236E+00  0.2088604E-01 -0.4707448E+00  0.3895197E+00  0.1330182E+00 -0.8439221E-01 -0.1182598E+00 -0.9220795E+00 -0.7070124E-01  0.1136106E+00  0.4211930E+00 -0.8455684E-01  0.2749237E+00  0.5357346E+00
 0.3777056E+00
 0.1050000E+01 -0.3720033E+00  0.6443299E-01 -0.6838936E-01 -0.2302775E+00  0.3236295E+00  0.7305169E+00  0.2061655E-01 -0.4672864E+00  0.3914813E+00  0.1327366E+00 -0.8466214E-01 -0.1176415E+00 -0.9200459E+00 -0.7182698E-01  0.1132656E+00  0.4178575E+00 -0.8503856E-01  0.2749370E+00  0.5391450E+00
 0.3805094E+00
 0.1075000E+01 -0.3725642E+00  0.6286731E-01 -0.6791061E-01 -0.2298395E+00  0.3186989E+00  0.7363880E+00  0.2033028E-01 -0.4637122E+00  0.3935845E+00  0.1324673E+00 -0.8491443E-01 -0.1169964E+00 -0.9179700E+00 -0.7293091E-01  0.1129264E+00  0.4144115E+00 -0.8550275E-01  0.2749898E+00  0.5427580E+00
 0.3834802E+00
 0.1100000E+01 -0.3731201E+00  0.6122368E-01 -0.6740861E-01 -0.2293659E+00  0.3135741E+00  0.7425088E+00  0.2002673E-01 -0.4599949E+00  0.3958138E+00  0.1322037E+00 -0.8514451E-01 -0.1163174E+00 -0.9158023E+00 -0.7400859E-01  0.1125874E+00  0.4108317E+00 -0.8594500E-01  0.2750686E+00  0.5465532E+00
 0.3866041E+00
 0.1125000E+01 -0.3736515E+00  0.5949969E-01 -0.6687874E-01 -0.2288435E+00  0.3082375E+00  0.7488512E+00  0.1970552E-01 -0.4561068E+00  0.3981532E+00  0.1319389E+00 -0.8534780E-01 -0.1155969E+00 -0.9134923E+00 -0.7505583E-01  0.1122426E+00  0.4070947E+00 -0.8636094E-01  0.2751593E+00  0.5505097E+00
 0.3898666E+00
 0.1150000E+01 -0.3741389E+00  0.5769321E-01 -0.6631638E-01 -0.2282590E+00  0.3026722E+00  0.7553864E+00  0.1936631E-01 -0.4520204E+00  0.4005861E+00  0.1316659E+00 -0.8551971E-01 -0.1148277E+00 -0.9109890E+00 -0.7606872E-01  0.1118861E+00  0.4031769E+00 -0.8674627E-01  0.2752474E+00  0.5546058E+00
 0.3932533E+00
 0.1175000E+01 -0.3745626E+00  0.5580244E-01 -0.6571695E-01 -0.2275992E+00  0.2968621E+00  0.7620865E+00  0.1900891E-01 -0.4477085E+00  0.4030955E+00  0.1313777E+00 -0.8565578E-01 -0.1140025E+00 -0.9082417E+00 -0.7704370E-01  0.1115119E+00  0.3990558E+00 -0.8709686E-01  0.2753185E+00  0.5588199E+00
 0.3967498E+00
 0.1200000E+01 -0.3749033E+00  0.5382604E-01 -0.6507604E-01 -0.2268513E+00  0.2907920E+00  0.7689241E+00  0.1863320E-01 -0.4431453E+00  0.4056646E+00  0.1310672E+00 -0.8575172E-01 -0.1131141E+00 -0.9052012E+00 -0.7797767E-01  0.1111143E+00  0.3947096E+00 -0.8740878E-01  0.2753582E+00  0.5631306E+00
 0.4003420E+00
 0.1225000E+01 -0.3751426E+00  0.5176308E-01 -0.6438944E-01 -0.2260028E+00  0.2844484E+00  0.7758735E+00  0.1823916E-01 -0.4383063E+00  0.4082768E+00  0.1307280E+00 -0.8580349E-01 -0.1121560E+00 -0.9018204E+00 -0.7886795E-01  0.1106877E+00  0.3901179E+00 -0.8767837E-01  0.2753525E+00  0.5675172E+00
 0.4040166E+00
 0.1250000E+01 -0.3751930E+00  0.4959989E-01 -0.6362992E-01 -0.2249818E+00  0.2777059E+00  0.7831212E+00  0.1782324E-01 -0.4330103E+00  0.4109088E+00  0.1303134E+00 -0.8579892E-01 -0.1110847E+00 -0.8978054E+00 -0.7974304E-01  0.1101910E+00  0.3851199E+00 -0.8790173E-01  0.2752187E+00  0.5720183E+00
 0.4078805E+00
 0.1275000E+01 -0.3750351E+00  0.4733712E-01 -0.6279401E-01 -0.2237765E+00  0.2705559E+00  0.7906383E+00  0.1738552E-01 -0.4272373E+00  0.4135410E+00  0.1298171E+00 -0.8573371E-01 -0.1098944E+00 -0.8931124E+00 -0.8060162E-01  0.1096189E+00  0.3796993E+00 -0.8807481E-01  0.2749428E+00  0.5766090E+00
 0.4119188E+00
 0.1300000E+01 -0.3746521E+00  0.4497616E-01 -0.6187875E-01 -0.2223770E+00  0.2629927E+00  0.7983988E+00  0.1692623E-01 -0.4209707E+00  0.4161554E+00  0.1292334E+00 -0.8560415E-01 -0.1085803E+00 -0.8877037E+00 -0.8144288E-01  0.1089671E+00  0.3738424E+00 -0.8819412E-01  0.2745123E+00  0.5812667E+00
 0.4161174E+00
 0.1325000E+01 -0.3740295E+00  0.4251918E-01 -0.6088174E-01 -0.2207749E+00  0.2550131E+00  0.8063797E+00  0.1644574E-01 -0.4141972E+00  0.4187360E+00  0.1285578E+00 -0.8540719E-01 -0.1071384E+00 -0.8815483E+00 -0.8226655E-01  0.1082316E+00  0.3675387E+00 -0.8825680E-01  0.2739165E+00  0.5859712E+00
 0.4204641E+00
 0.1350000E+01 -0.3731556E+00  0.3996915E-01 -0.5980115E-01 -0.2189635E+00  0.2466166E+00  0.8145617E+00  0.1594456E-01 -0.4069070E+00  0.4212688E+00  0.1277862E+00 -0.8514047E-01 -0.1055655E+00 -0.8746217E+00 -0.8307297E-01  0.1074095E+00  0.3607808E+00 -0.8826068E-01  0.2731465E+00  0.5907049E+00
 0.4249485E+00
 0.1375000E+01 -0.3720212E+00  0.3732983E-01 -0.5863569E-01 -0.2169380E+00  0.2378057E+00  0.8229292E+00  0.1542334E-01 -0.3990939E+00  0.4237424E+00  0.1269158E+00 -0.8480232E-01 -0.1038596E+00 -0.8669063E+00 -0.8386309E-01  0.1064984E+00  0.3535640E+00 -0.8820427E-01  0.2721953E+00  0.5954533E+00
 0.4295616E+00
 0.1400000E+01 -0.3706202E+00  0.3460574E-01 -0.5738461E-01 -0.2146953E+00  0.2285851E+00  0.8314708E+00  0.1488286E-01 -0.3907548E+00  0.4261473E+00  0.1259444E+00 -0.8439180E-01 -0.1020194E+00 -0.8583910E+00 -0.8463849E-01  0.1054966E+00  0.3458867E+00 -0.8808679E-01  0.2710575E+00  0.6002052E+00
 0.4342968E+00
 0.1425000E+01 -0.3690398E+00  0.3191742E-01 -0.5611011E-01 -0.2123509E+00  0.2194649E+00  0.8399302E+00  0.1435125E-01 -0.3823370E+00  0.4284375E+00  0.1249434E+00 -0.8392193E-01 -0.1001374E+00 -0.8495202E+00 -0.8537385E-01  0.1044747E+00  0.3381752E+00 -0.8790879E-01  0.2698278E+00  0.6048331E+00
 0.4390134E+00
 0.1450000E+01 -0.3673002E+00  0.2928292E-01 -0.5482274E-01 -0.2099265E+00  0.2105286E+00  0.8482804E+00  0.1383401E-01 -0.3739172E+00  0.4306111E+00  0.1239258E+00 -0.8339689E-01 -0.9822968E-01 -0.8403758E+00 -0.8606864E-01  0.1034452E+00  0.3305027E+00 -0.8767283E-01  0.2685245E+00  0.6093256E+00
 0.4436953E+00
 0.1475000E+01 -0.3654252E+00  0.2672042E-01 -0.5353445E-01 -0.2074471E+00  0.2018667E+00  0.8564948E+00  0.1333719E-01 -0.3655816E+00  0.4326686E+00  0.1229061E+00 -0.8282181E-01 -0.9631475E-01 -0.8310515E+00 -0.8672244E-01  0.1024222E+00  0.3229517E+00 -0.8738224E-01  0.2671690E+00  0.6136729E+00
 0.4483267E+00
 0.1500000E+01 -0.3634425E+00  0.2424778E-01 -0.5225859E-01 -0.2049410E+00  0.1935763E+00  0.8645466E+00  0.1286745E-01 -0.3574263E+00  0.4346118E+00  0.1219008E+00 -0.8220262E-01 -0.9441315E-01 -0.8216518E+00 -0.8733488E-01  0.1014216E+00  0.3156135E+00 -0.8704102E-01  0.2657854E+00  0.6178661E+00
 0.4528913E+00
 0.1525000E+01 -0.3613823E+00  0.2188213E-01 -0.5100981E-01 -0.2024391E+00  0.1857600E+00  0.8724079E+00  0.1243200E-01 -0.3495562E+00  0.4364437E+00  0.1209277E+00 -0.8154600E-01 -0.9254754E-01 -0.8122908E+00 -0.8790554E-01  0.1004608E+00  0.3085880E+00 -0.8665378E-01  0.2644003E+00  0.6218972E+00
 0.4573720E+00
 0.1550000E+01 -0.3592772E+00  0.1963937E-01 -0.4980397E-01 -0.1999749E+00  0.1785245E+00  0.8800491E+00  0.1203861E-01 -0.3420848E+00  0.4381676E+00  0.1200062E+00 -0.8085919E-01 -0.9074247E-01 -0.8030904E+00 -0.8843390E-01  0.9955845E-01  0.3019829E+00 -0.8622556E-01  0.2630420E+00  0.6257577E+00
 0.4617509E+00
 0.1575000E+01 -0.3571612E+00  0.1753384E-01 -0.4865796E-01 -0.1975839E+00  0.1719788E+00  0.8874380E+00  0.1169552E-01 -0.3351328E+00  0.4397865E+00  0.1191566E+00 -0.8014978E-01 -0.8902419E-01 -0.7941786E+00 -0.8891924E-01  0.9873439E-01  0.2959131E+00 -0.8576164E-01  0.2617399E+00  0.6294383E+00
 0.4660082E+00
 0.1600000E+01 -0.3550682E+00  0.1557796E-01 -0.4758946E-01 -0.1953028E+00  0.1662325E+00  0.8945382E+00  0.1141143E-01 -0.3288267E+00  0.4413017E+00  0.1183998E+00 -0.7942550E-01 -0.8742019E-01 -0.7856867E+00 -0.8936051E-01  0.9800913E-01  0.2904985E+00 -0.8526732E-01  0.2605238E+00  0.6329270E+00
 0.4701223E+00
 0.1625000E+01 -0.3530309E+00  0.1378206E-01 -0.4661660E-01 -0.1931687E+00  0.1613939E+00  0.9013076E+00  0.1119536E-01 -0.3232965E+00  0.4427118E+00  0.1177566E+00 -0.7869389E-01 -0.8595880E-01 -0.7777455E+00 -0.8975622E-01  0.9740348E-01  0.2858628E+00 -0.8474765E-01  0.2594225E+00  0.6362079E+00
 0.4740683E+00
 0.1650000E+01 -0.3510792E+00  0.1215422E-01 -0.4575761E-01 -0.1912182E+00  0.1575674E+00  0.9076974E+00  0.1105651E-01 -0.3186728E+00  0.4440113E+00  0.1172477E+00 -0.7796200E-01 -0.8466851E-01 -0.7704820E+00 -0.9010428E-01  0.9693797E-01  0.2821303E+00 -0.8420706E-01  0.2584627E+00  0.6392600E+00
 0.4778176E+00
 0.1675000E+01 -0.3492382E+00  0.1070034E-01 -0.4503029E-01 -0.1894859E+00  0.1548515E+00  0.9136495E+00  0.1100409E-01 -0.3150838E+00  0.4451888E+00  0.1168919E+00 -0.7723601E-01 -0.8357724E-01 -0.7640141E+00 -0.9040188E-01  0.9663211E-01  0.2794228E+00 -0.8364912E-01  0.2576676E+00  0.6420548E+00
 0.4813371E+00
 0.1700000E+01 -0.3475267E+00  0.9424145E-02 -0.4445147E-01 -0.1880032E+00  0.1533362E+00  0.9190958E+00  0.1104710E-01 -0.3126508E+00  0.4462259E+00  0.1167061E+00 -0.7652083E-01 -0.8271140E-01 -0.7584459E+00 -0.9064532E-01  0.9650361E-01  0.2778561E+00 -0.8307609E-01  0.2570551E+00  0.6445552E+00
 0.4845883E+00
 0.1725000E+01 -0.3459550E+00  0.8327395E-02 -0.4403640E-01 -0.1867965E+00  0.1531009E+00  0.9239559E+00  0.1119407E-01 -0.3114836E+00  0.4470957E+00  0.1167037E+00 -0.7581973E-01 -0.8209488E-01 -0.7538616E+00 -0.9082988E-01  0.9656742E-01  0.2775351E+00 -0.8248865E-01  0.2566368E+00  0.6467137E+00
 0.4875265E+00
 0.1750000E+01 -0.3445231E+00  0.7410002E-02 -0.4379802E-01 -0.1858861E+00  0.1542109E+00  0.9281365E+00  0.1145265E-01 -0.3116755E+00  0.4477615E+00  0.1168942E+00 -0.7513396E-01 -0.8174789E-01 -0.7503197E+00 -0.9094974E-01  0.9683473E-01  0.2785495E+00 -0.8188557E-01  0.2564154E+00  0.6484711E+00
 0.4901002E+00
 0.1775000E+01 -0.3432194E+00  0.6670198E-02 -0.4374629E-01 -0.1852837E+00  0.1567150E+00  0.9315310E+00  0.1182935E-01 -0.3132979E+00  0.4481765E+00  0.1172813E+00 -0.7446247E-01 -0.8168576E-01 -0.7478470E+00 -0.9099788E-01  0.9731195E-01  0.2809680E+00 -0.8126348E-01  0.2563843E+00  0.6497563E+00
 0.4922513E+00
 0.1800000E+01 -0.3420195E+00  0.6104661E-02 -0.4388751E-01 -0.1849916E+00  0.1606419E+00  0.9340198E+00  0.1232900E-01 -0.3163950E+00  0.4482833E+00  0.1178626E+00 -0.7380168E-01 -0.8191782E-01 -0.7464342E+00 -0.9096616E-01  0.9799972E-01  0.2848339E+00 -0.8061677E-01  0.2565256E+00  0.6504860E+00
 0.4939149E+00
 0.1825000E+01 -0.3408854E+00  0.5708591E-02 -0.4422370E-01 -0.1850015E+00  0.1659972E+00  0.9354721E+00  0.1295443E-01 -0.3209789E+00  0.4480149E+00  0.1186288E+00 -0.7314543E-01 -0.8244635E-01 -0.7460311E+00 -0.9084537E-01  0.9889214E-01  0.2901598E+00 -0.7993758E-01  0.2568100E+00  0.6505659E+00
 0.4950204E+00
 0.1850000E+01 -0.3397665E+00  0.5475762E-02 -0.4475215E-01 -0.1852933E+00  0.1727604E+00  0.9357483E+00  0.1370600E-01 -0.3270258E+00  0.4472959E+00  0.1195628E+00 -0.7248504E-01 -0.8326584E-01 -0.7465453E+00 -0.9062547E-01  0.9997617E-01  0.2969239E+00 -0.7921602E-01  0.2571964E+00  0.6498929E+00
 0.4954929E+00
 0.1875000E+01 -0.3386000E+00  0.5398560E-02 -0.4546519E-01 -0.1858356E+00  0.1808824E+00  0.9347044E+00  0.1458135E-01 -0.3344736E+00  0.4460451E+00  0.1206403E+00 -0.7180962E-01 -0.8436256E-01 -0.7478420E+00 -0.9029589E-01  0.1012315E+00  0.3050678E+00 -0.7844050E-01  0.2576327E+00  0.6483582E+00
 0.4952552E+00
 0.1900000E+01 -0.3373137E+00  0.5468032E-02 -0.4635014E-01 -0.1865859E+00  0.1902845E+00  0.9321968E+00  0.1557514E-01 -0.3432221E+00  0.4441780E+00  0.1218297E+00 -0.7110649E-01 -0.8571459E-01 -0.7497472E+00 -0.8984597E-01  0.1026308E+00  0.3144957E+00 -0.7759824E-01  0.2580572E+00  0.6458510E+00
 0.4942306E+00
 0.1925000E+01 -0.3358284E+00  0.5673965E-02 -0.4738960E-01 -0.1874921E+00  0.2008588E+00  0.9280880E+00  0.1667907E-01 -0.3531337E+00  0.4416107E+00  0.1230932E+00 -0.7036176E-01 -0.8729233E-01 -0.7520531E+00 -0.8926541E-01  0.1041403E+00  0.3250760E+00 -0.7667591E-01  0.2584006E+00  0.6422634E+00
 0.4923457E+00
 0.1950000E+01 -0.3340611E+00  0.6005025E-02 -0.4856201E-01 -0.1884945E+00  0.2124698E+00  0.9222523E+00  0.1788201E-01 -0.3640384E+00  0.4382632E+00  0.1243880E+00 -0.6956104E-01 -0.8905943E-01 -0.7545255E+00 -0.8854482E-01  0.1057209E+00  0.3366444E+00 -0.7566030E-01  0.2585889E+00  0.6374948E+00
 0.4895335E+00
 0.1975000E+01 -0.3319291E+00  0.6448933E-02 -0.4984232E-01 -0.1895279E+00  0.2249579E+00  0.9145823E+00  0.1917026E-01 -0.3757384E+00  0.4340633E+00  0.1256680E+00 -0.6869012E-01 -0.9097412E-01 -0.7569126E+00 -0.8767628E-01  0.1073298E+00  0.3490097E+00 -0.7453903E-01  0.2585457E+00  0.6314569E+00
 0.4857367E+00
 0.2000000E+01 -0.3293529E+00  0.6992688E-02 -0.5120300E-01 -0.1905243E+00  0.2381442E+00  0.9049938E+00  0.2052804E-01 -0.3880157E+00  0.4289497E+00  0.1268851E+00 -0.6773571E-01 -0.9299072E-01 -0.7589556E+00 -0.8665380E-01  0.1089217E+00  0.3619595E+00 -0.7330123E-01  0.2581961E+00  0.6240777E+00
 0.4809101E+00
 0.2025000E+01 -0.3262597E+00  0.7622803E-02 -0.5261488E-01 -0.1914157E+00  0.2518356E+00  0.8934305E+00  0.2193791E-01 -0.4006388E+00  0.4228747E+00  0.1279914E+00 -0.6668605E-01 -0.9506128E-01 -0.7603971E+00 -0.8547382E-01  0.1104504E+00  0.3752681E+00 -0.7193808E-01  0.2574684E+00  0.6153053E+00
 0.4750237E+00
 0.2050000E+01 -0.3225862E+00  0.8325557E-02 -0.5404819E-01 -0.1921359E+00  0.2658305E+00  0.8798680E+00  0.2338143E-01 -0.4133708E+00  0.4158066E+00  0.1289404E+00 -0.6553140E-01 -0.9713721E-01 -0.7609910E+00 -0.8413556E-01  0.1118705E+00  0.3887029E+00 -0.7044330E-01  0.2562974E+00  0.6051105E+00
 0.4680641E+00
 0.2075000E+01 -0.3182806E+00  0.9087217E-02 -0.5547342E-01 -0.1926231E+00  0.2799247E+00  0.8643166E+00  0.2483958E-01 -0.4259757E+00  0.4077312E+00  0.1296887E+00 -0.6426453E-01 -0.9917071E-01 -0.7605098E+00 -0.8264141E-01  0.1131388E+00  0.4020318E+00 -0.6881350E-01  0.2546260E+00  0.5934893E+00
 0.4600362E+00
 0.2100000E+01 -0.3133046E+00  0.9894248E-02 -0.5686211E-01 -0.1928217E+00  0.2939162E+00  0.8468240E+00  0.2629337E-01 -0.4382253E+00  0.3986531E+00  0.1301968E+00 -0.6288097E-01 -0.1011161E+00 -0.7587507E+00 -0.8099715E-01  0.1142153E+00  0.4150291E+00 -0.6704840E-01  0.2524071E+00  0.5804642E+00
 0.4509649E+00
 0.2125000E+01 -0.3076341E+00  0.1073350E-01 -0.5818755E-01 -0.1926833E+00  0.3076103E+00  0.8274766E+00  0.2772423E-01 -0.4499043E+00  0.3885962E+00  0.1304306E+00 -0.6137923E-01 -0.1029311E+00 -0.7555415E+00 -0.7921222E-01  0.1150642E+00  0.4274807E+00 -0.6515104E-01  0.2496046E+00  0.5660854E+00
 0.4408955E+00
 0.2150000E+01 -0.3012604E+00  0.1159234E-01 -0.5942532E-01 -0.1921680E+00  0.3208231E+00  0.8064015E+00  0.2911442E-01 -0.4608149E+00  0.3776044E+00  0.1303615E+00 -0.5976094E-01 -0.1045773E+00 -0.7507436E+00 -0.7729991E-01  0.1156546E+00  0.4391890E+00 -0.6312787E-01  0.2461945E+00  0.5504316E+00
 0.4298949E+00
 0.2175000E+01 -0.2941905E+00  0.1245882E-01 -0.6055377E-01 -0.1912455E+00  0.3333852E+00  0.7837674E+00  0.3044739E-01 -0.4707805E+00  0.3657419E+00  0.1299676E+00 -0.5803089E-01 -0.1060214E+00 -0.7442551E+00 -0.7527757E-01  0.1159613E+00  0.4499763E+00 -0.6098872E-01  0.2421653E+00  0.5336106E+00
 0.4180521E+00
 0.2200000E+01 -0.2864471E+00  0.1332176E-01 -0.6155439E-01 -0.1898951E+00  0.3451446E+00  0.7597862E+00  0.3170805E-01 -0.4796489E+00  0.3530930E+00  0.1292335E+00 -0.5619704E-01 -0.1072354E+00 -0.7360126E+00 -0.7316685E-01  0.1159651E+00  0.4596880E+00 -0.5874691E-01  0.2375181E+00  0.5157598E+00
 0.4054792E+00
 0.2225000E+01 -0.2780681E+00  0.1417087E-01 -0.6241212E-01 -0.1881066E+00  0.3559691E+00  0.7347144E+00  0.3288302E-01 -0.4872945E+00  0.3397621E+00  0.1281510E+00 -0.5427043E-01 -0.1081973E+00 -0.7259922E+00 -0.7099389E-01  0.1156532E+00  0.4681953E+00 -0.5641907E-01  0.2322670E+00  0.4970461E+00
 0.3923118E+00
 0.2250000E+01 -0.2691069E+00  0.1499680E-01 -0.6311555E-01 -0.1858798E+00  0.3657481E+00  0.7088540E+00  0.3396089E-01 -0.4936203E+00  0.3258736E+00  0.1267190E+00 -0.5226510E-01 -0.1088914E+00 -0.7142096E+00 -0.6878959E-01  0.1150192E+00  0.4753967E+00 -0.5402517E-01  0.2264386E+00  0.4776666E+00
 0.3787100E+00
 0.2275000E+01 -0.2596307E+00  0.1579127E-01 -0.6365711E-01 -0.1832252E+00  0.3743949E+00  0.6825539E+00  0.3493230E-01 -0.4985598E+00  0.3115712E+00  0.1249436E+00 -0.5019788E-01 -0.1093084E+00 -0.7007194E+00 -0.6658984E-01  0.1140635E+00  0.4812202E+00 -0.5158825E-01  0.2200715E+00  0.4578485E+00
 0.3648589E+00
 0.2300000E+01 -0.2500811E+00  0.1653323E-01 -0.6419505E-01 -0.1805352E+00  0.3824673E+00  0.6563668E+00  0.3583580E-01 -0.5031987E+00  0.2971666E+00  0.1230676E+00 -0.4815174E-01 -0.1097057E+00 -0.6869672E+00 -0.6444938E-01  0.1130111E+00  0.4866583E+00 -0.4917403E-01  0.2135608E+00  0.4379965E+00
 0.3510519E+00
 0.2325000E+01 -0.2405882E+00  0.1721189E-01 -0.6475059E-01 -0.1778831E+00  0.3899882E+00  0.6307366E+00  0.3666938E-01 -0.5076675E+00  0.2828489E+00  0.1211373E+00 -0.4615391E-01 -0.1101193E+00 -0.6732341E+00 -0.6241394E-01  0.1119003E+00  0.4918206E+00 -0.4681324E-01  0.2070056E+00  0.4184000E+00
 0.3375254E+00
 0.2350000E+01 -0.2312866E+00  0.1781697E-01 -0.6534842E-01 -0.1753488E+00  0.3969943E+00  0.6061355E+00  0.3743225E-01 -0.5121211E+00  0.2688147E+00  0.1192030E+00 -0.4423199E-01 -0.1105911E+00 -0.6598220E+00 -0.6053266E-01  0.1107739E+00  0.4968395E+00 -0.4453713E-01  0.2005108E+00  0.3993631E+00
 0.3245313E+00
 0.2375000E+01 -0.2223100E+00  0.1833884E-01 -0.6601583E-01 -0.1730156E+00  0.4035313E+00  0.5830533E+00  0.3812457E-01 -0.5167331E+00  0.2552624E+00  0.1173176E+00 -0.4241290E-01 -0.1111667E+00 -0.6470438E+00 -0.5885710E-01  0.1096772E+00  0.5018646E+00 -0.4237620E-01  0.1941826E+00  0.3811959E+00
 0.3123315E+00
 0.2400000E+01 -0.2137861E+00  0.1876868E-01 -0.6678173E-01 -0.1709681E+00  0.4096490E+00  0.5619799E+00  0.3874709E-01 -0.5216881E+00  0.2423833E+00  0.1155349E+00 -0.4072155E-01 -0.1118942E+00 -0.6352114E+00 -0.5743953E-01  0.1086570E+00  0.5070565E+00 -0.4035868E-01  0.1881247E+00  0.3642031E+00
 0.3011882E+00
 0.2425000E+01 -0.2058293E+00  0.1909864E-01 -0.6767535E-01 -0.1692874E+00  0.4153953E+00  0.5433828E+00  0.3930081E-01 -0.5271730E+00  0.2303511E+00  0.1139067E+00 -0.3917935E-01 -0.1128222E+00 -0.6246219E+00 -0.5633060E-01  0.1077591E+00  0.5125774E+00 -0.3850867E-01  0.1824335E+00  0.3486679E+00
 0.2913524E+00
 0.2450000E+01 -0.1985345E+00  0.1932206E-01 -0.6872461E-01 -0.1680477E+00  0.4208091E+00  0.5276765E+00  0.3978653E-01 -0.5333659E+00  0.2193109E+00  0.1124806E+00 -0.3780265E-01 -0.1139969E+00 -0.6155422E+00 -0.5557602E-01  0.1070261E+00  0.5185818E+00 -0.3684422E-01  0.1771929E+00  0.3348331E+00
 0.2830473E+00
 0.2475000E+01 -0.1919709E+00  0.1943377E-01 -0.6995453E-01 -0.1673123E+00  0.4259149E+00  0.5151892E+00  0.4020452E-01 -0.5404251E+00  0.2093660E+00  0.1112973E+00 -0.3660144E-01 -0.1154597E+00 -0.6081954E+00 -0.5521283E-01  0.1064951E+00  0.5252062E+00 -0.3537542E-01  0.1724698E+00  0.3228808E+00
 0.2764506E+00
 0.2500000E+01 -0.1861783E+00  0.1943036E-01 -0.7138562E-01 -0.1671297E+00  0.4307179E+00  0.5061293E+00  0.4055421E-01 -0.5484789E+00  0.2005693E+00  0.1103887E+00 -0.3557847E-01 -0.1172448E+00 -0.6027491E+00 -0.5526530E-01  0.1061962E+00  0.5325595E+00 -0.3410317E-01  0.1683106E+00  0.3129141E+00
 0.2716762E+00
 0.2525000E+01 -0.1811657E+00  0.1931044E-01 -0.7303254E-01 -0.1675321E+00  0.4352019E+00  0.5005585E+00  0.4083414E-01 -0.5576168E+00  0.1929171E+00  0.1097767E+00 -0.3472916E-01 -0.1193771E+00 -0.5993086E+00 -0.5574156E-01  0.1061503E+00  0.5407156E+00 -0.3301880E-01  0.1647401E+00  0.3049438E+00
 0.2687602E+00
 0.2550000E+01 -0.1769140E+00  0.1907486E-01 -0.7490325E-01 -0.1685345E+00  0.4393308E+00  0.4983801E+00  0.4104202E-01 -0.5678853E+00  0.1863515E+00  0.1094726E+00 -0.3404230E-01 -0.1218713E+00 -0.5979173E+00 -0.5663156E-01  0.1063696E+00  0.5497097E+00 -0.3210491E-01  0.1617621E+00  0.2988859E+00
 0.2676539E+00
 0.2575000E+01 -0.1733812E+00  0.1872678E-01 -0.7699880E-01 -0.1701357E+00  0.4430520E+00  0.4993444E+00  0.4117507E-01 -0.5792870E+00  0.1807678E+00  0.1094785E+00 -0.3350162E-01 -0.1247311E+00 -0.5985612E+00 -0.5790706E-01  0.1068578E+00  0.5595379E+00 -0.3133724E-01  0.1593630E+00  0.2945702E+00
 0.2682266E+00
 0.2600000E+01 -0.1705099E+00  0.1827156E-01 -0.7931359E-01 -0.1723208E+00  0.4463035E+00  0.5030729E+00  0.4123047E-01 -0.5917841E+00  0.1760288E+00  0.1097886E+00 -0.3308762E-01 -0.1279505E+00 -0.6011795E+00 -0.5952382E-01  0.1076111E+00  0.5701611E+00 -0.3068742E-01  0.1575158E+00  0.2917582E+00
 0.2702783E+00
 0.2625000E+01 -0.1682341E+00  0.1771640E-01 -0.8183619E-01 -0.1750642E+00  0.4490218E+00  0.5090940E+00  0.4120584E-01 -0.6053048E+00  0.1719804E+00  0.1103908E+00 -0.3277950E-01 -0.1315146E+00 -0.6056760E+00 -0.6142542E-01  0.1086201E+00  0.5815115E+00 -0.3012565E-01  0.1561853E+00  0.2901678E+00
 0.2735588E+00
 0.2650000E+01 -0.1664857E+00  0.1706969E-01 -0.8455036E-01 -0.1783322E+00  0.4511482E+00  0.5168848E+00  0.4109963E-01 -0.6197507E+00  0.1684663E+00  0.1112695E+00 -0.3255668E-01 -0.1354012E+00 -0.6119301E+00 -0.6354789E-01  0.1098713E+00  0.5934996E+00 -0.2962314E-01  0.1553318E+00  0.2894984E+00
 0.2777897E+00
 0.2675000E+01 -0.1651984E+00  0.1634026E-01 -0.8743606E-01 -0.1820859E+00  0.4526328E+00  0.5259081E+00  0.4091131E-01 -0.6350043E+00  0.1653396E+00  0.1124065E+00 -0.3239987E-01 -0.1395826E+00 -0.6198063E+00 -0.6582422E-01  0.1113487E+00  0.6060216E+00 -0.2915375E-01  0.1549149E+00  0.2894522E+00
 0.2826842E+00
 0.2700000E+01 -0.1643104E+00  0.1553635E-01 -0.9047021E-01 -0.1862827E+00  0.4534344E+00  0.5356422E+00  0.4064124E-01 -0.6509342E+00  0.1624698E+00  0.1137825E+00 -0.3229154E-01 -0.1440267E+00 -0.6291606E+00 -0.6818811E-01  0.1130348E+00  0.6189634E+00 -0.2869489E-01  0.1548953E+00  0.2897498E+00
 0.2879636E+00
 0.2725000E+01 -0.1637653E+00  0.1466489E-01 -0.9362711E-01 -0.1908777E+00  0.4535152E+00  0.5456012E+00  0.4029026E-01 -0.6673967E+00  0.1597464E+00  0.1153780E+00 -0.3221609E-01 -0.1486975E+00 -0.6398451E+00 -0.7057668E-01  0.1149113E+00  0.6322024E+00 -0.2822777E-01  0.1552359E+00  0.2901395E+00
 0.2933676E+00
 0.2750000E+01 -0.1635120E+00  0.1373083E-01 -0.9687828E-01 -0.1958243E+00  0.4528329E+00  0.5553465E+00  0.3985904E-01 -0.6842346E+00  0.1570793E+00  0.1171734E+00 -0.3215977E-01 -0.1535554E+00 -0.6517096E+00 -0.7293210E-01  0.1169596E+00  0.6456052E+00 -0.2773725E-01  0.1559022E+00  0.2904017E+00
 0.2986608E+00
 0.2775000E+01 -0.1635051E+00  0.1273707E-01 -0.1001922E+00 -0.2010745E+00  0.4513326E+00  0.5644911E+00  0.3934753E-01 -0.7012744E+00  0.1543979E+00  0.1191496E+00 -0.3211051E-01 -0.1585567E+00 -0.6646034E+00 -0.7520247E-01  0.1191606E+00  0.6590240E+00 -0.2721153E-01  0.1568631E+00  0.2903495E+00
 0.3036352E+00
 0.2800000E+01 -0.1637043E+00  0.1168475E-01 -0.1035337E+00 -0.2065792E+00  0.4489403E+00  0.5727001E+00  0.3875440E-01 -0.7183220E+00  0.1516489E+00  0.1212876E+00 -0.3205775E-01 -0.1636536E+00 -0.6783757E+00 -0.7734204E-01  0.1214951E+00  0.6722920E+00 -0.2664166E-01  0.1580902E+00  0.2898278E+00
 0.3081107E+00
 0.2825000E+01 -0.1640745E+00  0.1057382E-01 -0.1068642E+00 -0.2122889E+00  0.4455613E+00  0.5796886E+00  0.3807693E-01 -0.7351606E+00  0.1487947E+00  0.1235691E+00 -0.3199234E-01 -0.1687939E+00 -0.6928775E+00 -0.7931111E-01  0.1239434E+00  0.6852213E+00 -0.2602121E-01  0.1595590E+00  0.2887102E+00
 0.3119334E+00
 0.2850000E+01 -0.1645861E+00  0.9403898E-02 -0.1101412E+00 -0.2181543E+00  0.4410823E+00  0.5852182E+00  0.3731112E-01 -0.7515519E+00  0.1458109E+00  0.1259765E+00 -0.3190654E-01 -0.1739213E+00 -0.7079633E+00 -0.8107577E-01  0.1264857E+00  0.6976028E+00 -0.2534594E-01  0.1612486E+00  0.2868969E+00
 0.3149744E+00
 0.2875000E+01 -0.1652154E+00  0.8174953E-02 -0.1133198E+00 -0.2241275E+00  0.4353787E+00  0.5890929E+00  0.3645210E-01 -0.7672396E+00  0.1426849E+00  0.1284934E+00 -0.3179397E-01 -0.1789764E+00 -0.7234950E+00 -0.8260744E-01  0.1291027E+00  0.7092106E+00 -0.2461350E-01  0.1631426E+00  0.2843123E+00
 0.3171275E+00
 0.2900000E+01 -0.1659454E+00  0.6887922E-02 -0.1163531E+00 -0.2301637E+00  0.4283226E+00  0.5911554E+00  0.3549472E-01 -0.7819558E+00  0.1394147E+00  0.1311053E+00 -0.3164974E-01 -0.1838979E+00 -0.7393459E+00 -0.8388257E-01  0.1317758E+00  0.7198075E+00 -0.2382328E-01  0.1652301E+00  0.2809020E+00
 0.3183071E+00
 0.2925000E+01 -0.1667669E+00  0.5545084E-02 -0.1191936E+00 -0.2362223E+00  0.4197921E+00  0.5912841E+00  0.3443409E-01 -0.7954292E+00  0.1360079E+00  0.1338004E+00 -0.3147051E-01 -0.1886242E+00 -0.7554051E+00 -0.8488216E-01  0.1344878E+00  0.7291530E+00 -0.2297623E-01  0.1675063E+00  0.2766317E+00
 0.3184468E+00
 0.2950000E+01 -0.1676786E+00  0.4150224E-02 -0.1217946E+00 -0.2422689E+00  0.4096786E+00  0.5893892E+00  0.3326610E-01 -0.8073931E+00  0.1324806E+00  0.1365697E+00 -0.3125458E-01 -0.1930949E+00 -0.7715823E+00 -0.8559148E-01  0.1372240E+00  0.7370113E+00 -0.2207473E-01  0.1699737E+00  0.2714851E+00
 0.3174973E+00
 0.2975000E+01 -0.1686886E+00  0.2708636E-02 -0.1241113E+00 -0.2482765E+00  0.3978938E+00  0.5854104E+00  0.3198789E-01 -0.8175935E+00  0.1288572E+00  0.1394085E+00 -0.3100198E-01 -0.1972527E+00 -0.7878121E+00 -0.8599973E-01  0.1399725E+00  0.7431585E+00 -0.2112249E-01  0.1726428E+00  0.2654628E+00
 0.3154250E+00
 0.3000000E+01 -0.1698151E+00  0.1226998E-02 -0.1261021E+00 -0.2542269E+00  0.3843734E+00  0.5793143E+00  0.3059807E-01 -0.8257955E+00  0.1251695E+00  0.1423163E+00 -0.3071455E-01 -0.2010444E+00 -0.8040573E+00 -0.8609975E-01  0.1427250E+00  0.7473890E+00 -0.2012444E-01  0.1755333E+00  0.2585809E+00
 0.3122111E+00
 0.3025000E+01 -0.1710869E+00 -0.2868097E-03 -0.1277289E+00 -0.2601115E+00  0.3690799E+00  0.5710923E+00  0.2909692E-01 -0.8317886E+00  0.1214568E+00  0.1452976E+00 -0.3039600E-01 -0.2044217E+00 -0.8203117E+00 -0.8588780E-01  0.1454768E+00  0.7495205E+00 -0.1908660E-01  0.1786746E+00  0.2508703E+00
 0.3078500E+00
 0.3050000E+01 -0.1725442E+00 -0.1823942E-02 -0.1289584E+00 -0.2659322E+00  0.3520036E+00  0.5607584E+00  0.2748639E-01 -0.8353905E+00  0.1177648E+00  0.1483620E+00 -0.3005194E-01 -0.2073425E+00 -0.8366022E+00 -0.8536329E-01  0.1482273E+00  0.7493972E+00 -0.1801598E-01  0.1821066E+00  0.2423751E+00
 0.3023481E+00
 0.3075000E+01 -0.1742394E+00 -0.3374822E-02 -0.1297619E+00 -0.2717012E+00  0.3331622E+00  0.5483471E+00  0.2577015E-01 -0.8364492E+00  0.1141457E+00  0.1515240E+00 -0.2968997E-01 -0.2097709E+00 -0.8529886E+00 -0.8452860E-01  0.1509800E+00  0.7468919E+00 -0.1692046E-01  0.1858802E+00  0.2331521E+00
 0.2957235E+00
 0.3100000E+01 -0.1762374E+00 -0.4929381E-02 -0.1301160E+00 -0.2774410E+00  0.3126002E+00  0.5339122E+00  0.2395340E-01 -0.8348441E+00  0.1106577E+00  0.1548031E+00 -0.2931965E-01 -0.2116773E+00 -0.8695633E+00 -0.8338890E-01  0.1537419E+00  0.7419066E+00 -0.1580869E-01  0.1900573E+00  0.2232692E+00
 0.2880041E+00
 0.3125000E+01 -0.1786157E+00 -0.6477280E-02 -0.1300023E+00 -0.2831835E+00  0.2903863E+00  0.5175247E+00  0.2204277E-01 -0.8304854E+00  0.1073639E+00  0.1582227E+00 -0.2895253E-01 -0.2130384E+00 -0.8864479E+00 -0.8195191E-01  0.1565229E+00  0.7343726E+00 -0.1468990E-01  0.1947112E+00  0.2128043E+00
 0.2792277E+00
 0.3150000E+01 -0.1814647E+00 -0.8008122E-02 -0.1294074E+00 -0.2889687E+00  0.2666121E+00  0.4992713E+00  0.2004609E-01 -0.8233129E+00  0.1043325E+00  0.1618094E+00 -0.2860216E-01 -0.2138363E+00 -0.9037892E+00 -0.8022778E-01  0.1593350E+00  0.7242485E+00 -0.1357384E-01  0.1999250E+00  0.2018431E+00
 0.2694403E+00
 0.3175000E+01 -0.1848868E+00 -0.9511634E-02 -0.1283224E+00 -0.2948419E+00  0.2413888E+00  0.4792530E+00  0.1797226E-01 -0.8132936E+00  0.1016352E+00  0.1655914E+00 -0.2828401E-01 -0.2140583E+00 -0.9217516E+00 -0.7822890E-01  0.1621910E+00  0.7115184E+00 -0.1247061E-01  0.2057910E+00  0.1904777E+00
 0.2586958E+00
 0.3200000E+01 -0.1889955E+00 -0.1097783E-01 -0.1267430E+00 -0.3008514E+00  0.2148446E+00  0.4575834E+00  0.1583092E-01 -0.8004185E+00  0.9934702E-01  0.1695965E+00 -0.2801538E-01 -0.2136954E+00 -0.9405079E+00 -0.7596976E-01  0.1651028E+00  0.6961895E+00 -0.1139054E-01  0.2124083E+00  0.1788035E+00
 0.2470549E+00
 0.3225000E+01 -0.1939132E+00 -0.1239718E-01 -0.1246683E+00 -0.3070438E+00  0.1871220E+00  0.4343875E+00  0.1363234E-01 -0.7846991E+00  0.9754491E-01  0.1738498E+00 -0.2781528E-01 -0.2127415E+00 -0.9602268E+00 -0.7346676E-01  0.1680792E+00  0.6782882E+00 -0.1034413E-01  0.2198793E+00  0.1669166E+00
 0.2345846E+00
 0.3250000E+01 -0.1997681E+00 -0.1376065E-01 -0.1221013E+00 -0.3134599E+00  0.1583748E+00  0.4098006E+00  0.1138716E-01 -0.7661641E+00  0.9630666E-01  0.1783706E+00 -0.2770412E-01 -0.2111920E+00 -0.9810583E+00 -0.7073815E-01  0.1711239E+00  0.6578576E+00 -0.9341918E-02  0.2283052E+00  0.1549106E+00
 0.2213576E+00
 0.3275000E+01 -0.2066896E+00 -0.1505989E-01 -0.1190473E+00 -0.3201292E+00  0.1287650E+00  0.3839671E+00  0.9106216E-02 -0.7448556E+00  0.9570957E-01  0.1831692E+00 -0.2770337E-01 -0.2090431E+00 -0.1003117E+01 -0.6780392E-01  0.1742332E+00  0.6349546E+00 -0.8394427E-02  0.2377800E+00  0.1428727E+00
 0.2074515E+00
 0.3300000E+01 -0.2148024E+00 -0.1628720E-01 -0.1155146E+00 -0.3270643E+00  0.9846011E-01  0.3570397E+00  0.6800398E-02 -0.7208263E+00  0.9582899E-01  0.1882439E+00 -0.2783500E-01 -0.2062905E+00 -0.1026464E+01 -0.6468572E-01  0.1773940E+00  0.6096466E+00 -0.7512110E-02  0.2483839E+00  0.1308808E+00
 0.1929488E+00
 0.3325000E+01 -0.2242197E+00 -0.1743557E-01 -0.1115132E+00 -0.3342563E+00  0.6763076E-01  0.3291788E+00  0.4480529E-02 -0.6941376E+00  0.9673675E-01  0.1935778E+00 -0.2812082E-01 -0.2029290E+00 -0.1051092E+01 -0.6140691E-01  0.1805817E+00  0.5820109E+00 -0.6705306E-02  0.2601747E+00  0.1189999E+00
 0.1779359E+00
 0.3350000E+01 -0.2350341E+00 -0.1849871E-01 -0.1070554E+00 -0.3416702E+00  0.3644793E-01  0.3005518E+00  0.2157285E-02 -0.6648587E+00  0.9849943E-01  0.1991368E+00 -0.2858161E-01 -0.1989527E+00 -0.1076909E+01 -0.5799256E-01  0.1837597E+00  0.5521328E+00 -0.5984178E-02  0.2731806E+00  0.1072803E+00
 0.1625035E+00
 0.3375000E+01 -0.2473101E+00 -0.1947090E-01 -0.1021554E+00 -0.3492432E+00  0.5081017E-02  0.2713324E+00 -0.1588511E-03 -0.6330671E+00  0.1011767E+00  0.2048685E+00 -0.2923616E-01 -0.1943549E+00 -0.1103733E+01 -0.5446964E-01  0.1868790E+00  0.5201062E+00 -0.5358640E-02  0.2873925E+00  0.9575564E-01
 0.1467461E+00
 0.3400000E+01 -0.2610756E+00 -0.2034702E-01 -0.9682956E-01 -0.3568844E+00 -0.2630403E-01  0.2416997E+00 -0.2457611E-02 -0.5988488E+00  0.1048195E+00  0.2107027E+00 -0.3010022E-01 -0.1891295E+00 -0.1131286E+01 -0.5086712E-01  0.1898796E+00  0.4860336E+00 -0.4838246E-02  0.3027589E+00  0.8444374E-01
 0.1307611E+00
 0.3425000E+01 -0.2763157E+00 -0.2112235E-01 -0.9109608E-01 -0.3644770E+00 -0.5754608E-01  0.2118358E+00 -0.4728939E-02 -0.5623005E+00  0.1094688E+00  0.2165530E+00 -0.3118557E-01 -0.1832715E+00 -0.1159203E+01 -0.4721613E-01  0.1926925E+00  0.4500271E+00 -0.4432026E-02  0.3191830E+00  0.7334739E-01
 0.1146483E+00
 0.3450000E+01 -0.2929692E+00 -0.2179252E-01 -0.8497549E-01 -0.3718832E+00 -0.8848975E-01  0.1819225E+00 -0.6962979E-02 -0.5235306E+00  0.1151543E+00  0.2223200E+00 -0.3249919E-01 -0.1767787E+00 -0.1187042E+01 -0.4355012E-01  0.1952426E+00  0.4122088E+00 -0.4148300E-02  0.3365232E+00  0.6245684E-01
 0.9850760E-01
 0.3475000E+01 -0.3109278E+00 -0.2235337E-01 -0.7849041E-01 -0.3789494E+00 -0.1189857E+00  0.1521345E+00 -0.9150056E-02 -0.4826600E+00  0.1218936E+00  0.2278955E+00 -0.3404269E-01 -0.1696523E+00 -0.1214303E+01 -0.3990467E-01  0.1974515E+00  0.3727112E+00 -0.3994454E-02  0.3545971E+00  0.5175257E-01
 0.8243595E-01
 0.3500000E+01 -0.3300385E+00 -0.2280086E-01 -0.7166552E-01 -0.3855137E+00 -0.1488906E+00  0.1226296E+00 -0.1128065E-01 -0.4398224E+00  0.1296919E+00  0.2331663E+00 -0.3581209E-01 -0.1618978E+00 -0.1240447E+01 -0.3631702E-01  0.1992411E+00  0.3316769E+00 -0.3976727E-02  0.3731874E+00  0.4120782E-01
 0.6652157E-01
 0.3525000E+01 -0.3501085E+00 -0.2313098E-01 -0.6452740E-01 -0.3914112E+00 -0.1780661E+00  0.9353255E-01 -0.1334535E-01 -0.3951644E+00  0.1385425E+00  0.2380188E+00 -0.3779789E-01 -0.1535255E+00 -0.1264916E+01 -0.3282493E-01  0.2005358E+00  0.2892578E+00 -0.4100015E-02  0.3920502E+00  0.3079038E-01
 0.5083585E-01
 0.3550000E+01 -0.3709122E+00 -0.2333978E-01 -0.5710440E-01 -0.3964803E+00 -0.2063780E+00  0.6491451E-01 -0.1533486E-01 -0.3488443E+00  0.1484265E+00  0.2423418E+00 -0.3998545E-01 -0.1445503E+00 -0.1287150E+01 -0.2946457E-01  0.2012648E+00  0.2456153E+00 -0.4367725E-02  0.4109235E+00  0.2046322E-01
 0.3542197E-01
 0.3575000E+01 -0.3921989E+00 -0.2342335E-01 -0.4942652E-01 -0.4005666E+00 -0.2336952E+00  0.3676819E-01 -0.1723992E-01 -0.3010327E+00  0.1593135E+00  0.2460293E+00 -0.4235553E-01 -0.1349922E+00 -0.1306605E+01 -0.2626726E-01  0.2013632E+00  0.2009191E+00 -0.4781681E-02  0.4295355E+00  0.1018424E-01
 0.2028156E-01
 0.3600000E+01 -0.4137376E+00 -0.2337796E-01 -0.4152577E-01 -0.4035359E+00 -0.2598882E+00  0.9450235E-02 -0.1905141E-01 -0.2519133E+00  0.1713857E+00  0.2489878E+00 -0.4489295E-01 -0.1248769E+00 -0.1322799E+01 -0.2331004E-01  0.2007762E+00  0.1553484E+00 -0.5347784E-02  0.4476339E+00  0.1034971E-04
 0.5702601E-02
 0.3625000E+01 -0.4352509E+00 -0.2320008E-01 -0.3343534E-01 -0.4052558E+00 -0.2848282E+00 -0.1745110E-01 -0.2076017E-01 -0.2016791E+00  0.1846207E+00  0.2511264E+00 -0.4757168E-01 -0.1142335E+00 -0.1335245E+01 -0.2058092E-01  0.1994530E+00  0.1090904E+00 -0.6064815E-02  0.4649479E+00 -0.1018937E-01
-0.8521063E-02
 0.3650000E+01 -0.4564511E+00 -0.2288665E-01 -0.2519016E-01 -0.4056058E+00 -0.3083867E+00 -0.4447536E-01 -0.2235713E-01 -0.1505353E+00  0.1989580E+00  0.2523622E+00 -0.5036209E-01 -0.1030954E+00 -0.1343488E+01 -0.1804380E-01  0.1973496E+00  0.6234086E-01 -0.6929555E-02  0.4812110E+00 -0.2055755E-01
-0.2267141E-01
 0.3675000E+01 -0.4770456E+00 -0.2243514E-01 -0.1682692E-01 -0.4044789E+00 -0.3304363E+00 -0.7216258E-01 -0.2383337E-01 -0.9869928E-01  0.2142894E+00  0.2526214E+00 -0.5323158E-01 -0.9150071E-01 -0.1347112E+01 -0.1564681E-01  0.1944296E+00  0.1530543E-01 -0.7936969E-02  0.4961648E+00 -0.3121735E-01
-0.3704014E-01
 0.3700000E+01 -0.4967428E+00 -0.2184382E-01 -0.8384201E-02 -0.4017827E+00 -0.3508509E+00 -0.1009175E+00 -0.2518022E-01 -0.4640114E-01  0.2304620E+00  0.2518396E+00 -0.5614548E-01 -0.7949241E-01 -0.1345746E+01 -0.1333534E-01  0.1906645E+00 -0.3180079E-01 -0.9080502E-02  0.5095635E+00 -0.4224353E-01
-0.5185552E-01
 0.3725000E+01 -0.5152601E+00 -0.2111193E-01  0.9758655E-04 -0.3974420E+00 -0.3695086E+00 -0.1309300E+00 -0.2638940E-01  0.6116735E-02  0.2472913E+00  0.2499636E+00 -0.5906815E-01 -0.6711830E-01 -0.1339071E+01 -0.1106322E-01  0.1860344E+00 -0.7875364E-01 -0.1035238E-01  0.5211791E+00 -0.5365011E-01
-0.6723713E-01
 0.3750000E+01 -0.5323298E+00 -0.2023975E-01  0.8576402E-02 -0.3913996E+00 -0.3862931E+00 -0.1621764E+00 -0.2745324E-01  0.5860095E-01  0.2645790E+00  0.2469521E+00 -0.6196404E-01 -0.5443110E-01 -0.1326828E+01 -0.8798145E-02  0.1805287E+00 -0.1253214E+00 -0.1174381E-01  0.5308051E+00 -0.6539746E-01
-0.8319270E-01
 0.3775000E+01 -0.5477048E+00 -0.1922880E-01  0.1700889E-01 -0.3836179E+00 -0.4010966E+00 -0.1944746E+00 -0.2836477E-01  0.1107893E+00  0.2821273E+00  0.2427762E+00 -0.6479842E-01 -0.4148812E-01 -0.1308823E+01 -0.6521520E-02  0.1741461E+00 -0.1712670E+00 -0.1324508E-01  0.5382605E+00 -0.7740979E-01
-0.9964474E-01
 0.3800000E+01 -0.5611625E+00 -0.1808184E-01  0.2535085E-01 -0.3740794E+00 -0.4138227E+00 -0.2275527E+00 -0.2911801E-01  0.1624136E+00  0.2997463E+00  0.2374204E+00 -0.6753806E-01 -0.2835076E-01 -0.1284930E+01 -0.4225393E-02  0.1668952E+00 -0.2163508E+00 -0.1484566E-01  0.5433919E+00 -0.8959309E-01
-0.1164655E+00
 0.3825000E+01 -0.5725074E+00 -0.1680294E-01  0.3355781E-01 -0.3627869E+00 -0.4243883E+00 -0.2611047E+00 -0.2970804E-01  0.2132035E+00  0.3172578E+00  0.2308824E+00 -0.7015164E-01 -0.1508383E-01 -0.1255090E+01 -0.1908959E-02  0.1587943E+00 -0.2603341E+00 -0.1653424E-01  0.5460751E+00 -0.1018479E+00
-0.1335062E+00
 0.3850000E+01 -0.5815731E+00 -0.1539742E-01  0.4158567E-01 -0.3497633E+00 -0.4327266E+00 -0.2948252E+00 -0.3013123E-01  0.2628905E+00  0.3344951E+00  0.2231730E+00 -0.7261018E-01 -0.1754673E-02 -0.1219316E+01  0.4242534E-03  0.1498709E+00 -0.3029830E+00 -0.1829891E-01  0.5462164E+00 -0.1140765E+00
-0.1506156E+00
 0.3875000E+01 -0.5882241E+00 -0.1387183E-01  0.4939138E-01 -0.3350512E+00 -0.4387888E+00 -0.3284271E+00 -0.3038530E-01  0.3112125E+00  0.3513025E+00  0.2143160E+00 -0.7488735E-01  0.1156786E-01 -0.1177690E+01  0.2768267E-02  0.1401618E+00 -0.3440724E+00 -0.2012726E-01  0.5437530E+00 -0.1261865E+00
-0.1676503E+00
 0.3900000E+01 -0.5923566E+00 -0.1223385E-01  0.5693373E-01 -0.3187118E+00 -0.4425455E+00 -0.3616489E+00 -0.3046948E-01  0.3579181E+00  0.3675354E+00  0.2043477E+00 -0.7695980E-01  0.2481450E-01 -0.1130358E+01  0.5115813E-02  0.1297118E+00 -0.3833900E+00 -0.2200655E-01  0.5386532E+00 -0.1380915E+00
-0.1844788E+00
 0.3925000E+01 -0.5938992E+00 -0.1049217E-01  0.6417398E-01 -0.3008236E+00 -0.4439880E+00 -0.3942554E+00 -0.3038450E-01  0.4027714E+00  0.3830595E+00  0.1933156E+00 -0.7880744E-01  0.3791674E-01 -0.1077529E+01  0.7458999E-02  0.1185732E+00 -0.4207401E+00 -0.2392393E-01  0.5309158E+00 -0.1497117E+00
-0.2009824E+00
 0.3950000E+01 -0.5928132E+00 -0.8656382E-02  0.7107662E-01 -0.2814808E+00 -0.4431289E+00 -0.4260368E+00 -0.3013269E-01  0.4455562E+00  0.3977517E+00  0.1812781E+00 -0.8041365E-01  0.5080805E-01 -0.1019470E+01  0.9789690E-02  0.1068047E+00 -0.4559475E+00 -0.2586654E-01  0.5205696E+00 -0.1609735E+00
-0.2170547E+00
 0.3975000E+01 -0.5890919E+00 -0.6736796E-02  0.7760996E-01 -0.2607915E+00 -0.4400021E+00 -0.4568054E+00 -0.2971792E-01  0.4860798E+00  0.4115001E+00  0.1683025E+00 -0.8176547E-01  0.6342507E-01 -0.9565001E+00  0.1209972E-01  0.9447034E-01 -0.4888609E+00 -0.2782177E-01  0.5076718E+00 -0.1718092E+00
-0.2326008E+00
 0.4000000E+01 -0.5827598E+00 -0.4744304E-02  0.8374671E-01 -0.2388749E+00 -0.4346620E+00 -0.4863940E+00 -0.2914557E-01  0.5241768E+00  0.4242054E+00  0.1544643E+00 -0.8285365E-01  0.7570873E-01 -0.8889810E+00  0.1438102E-01  0.8163805E-01 -0.5193550E+00 -0.2977739E-01  0.4923060E+00 -0.1821573E+00
-0.2475359E+00
 0.4025000E+01 -0.5738706E+00 -0.2690209E-02  0.8946436E-01 -0.2158592E+00 -0.4271828E+00 -0.5146533E+00 -0.2842244E-01  0.5597115E+00  0.4357815E+00  0.1398449E+00 -0.8367266E-01  0.8760531E-01 -0.8173114E+00  0.1662571E-01  0.6837839E-01 -0.5473332E+00 -0.3172171E-01  0.4745802E+00 -0.1919621E+00
-0.2617844E+00
 0.4050000E+01 -0.5625051E+00 -0.5860638E-03  0.9474557E-01 -0.1918785E+00 -0.4176563E+00 -0.5414501E+00 -0.2755663E-01  0.5925799E+00  0.4461563E+00  0.1245304E+00 -0.8422054E-01  0.9906730E-01 -0.7419167E+00  0.1882614E-01  0.5476311E-01 -0.5727284E+00 -0.3364372E-01  0.4546229E+00 -0.2011740E+00
-0.2752788E+00
 0.4075000E+01 -0.5487678E+00  0.1556479E-02  0.9957822E-01 -0.1670701E+00 -0.4061901E+00 -0.5666725E+00 -0.2655735E-01  0.6227104E+00  0.4552725E+00  0.1086092E+00 -0.8449868E-01  0.1100541E+00 -0.6632397E+00  0.2097619E-01  0.4086370E-01 -0.5955032E+00 -0.3553312E-01  0.4325805E+00 -0.2097479E+00
-0.2879627E+00
 0.4100000E+01 -0.5327834E+00  0.3725802E-02  0.1039554E+00 -0.1415711E+00 -0.3929044E+00 -0.5902122E+00 -0.2543474E-01  0.6500635E+00  0.4630889E+00  0.9217090E-01 -0.8451141E-01  0.1205324E+00 -0.5817303E+00  0.2306819E-01  0.2675009E-01 -0.6156491E+00 -0.3738041E-01  0.4086126E+00 -0.2176485E+00
-0.2997813E+00
 0.4125000E+01 -0.5146916E+00  0.5910429E-02  0.1078751E+00 -0.1155160E+00 -0.3779287E+00 -0.6119734E+00 -0.2419965E-01  0.6746300E+00  0.4695801E+00  0.7530363E-01 -0.8426552E-01  0.1304764E+00 -0.4978356E+00  0.2509481E-01  0.1248940E-01 -0.6331842E+00 -0.3917684E-01  0.3828877E+00 -0.2248477E+00
-0.3106868E+00
 0.4150000E+01 -0.4946426E+00  0.8099103E-02  0.1113398E+00 -0.8903399E-01 -0.3613985E+00 -0.6318726E+00 -0.2286334E-01  0.6964274E+00  0.4747359E+00  0.5809306E-01 -0.8376958E-01  0.1398672E+00 -0.4119910E+00  0.2704913E-01 -0.1855029E-02 -0.6481499E+00 -0.4091426E-01  0.3555791E+00 -0.2313237E+00
-0.3206372E+00
 0.4175000E+01 -0.4727917E+00  0.1028081E-01  0.1143555E+00 -0.6224644E-01 -0.3434509E+00 -0.6498386E+00 -0.2143724E-01  0.7154954E+00  0.4785606E+00  0.4062082E-01 -0.8303316E-01  0.1486924E+00 -0.3246117E+00  0.2892463E-01 -0.1622428E-01 -0.6606057E+00 -0.4258491E-01  0.3268601E+00 -0.2370623E+00
-0.3295970E+00
 0.4200000E+01 -0.4492935E+00  0.1244480E-01  0.1169309E+00 -0.3526586E-01 -0.3242210E+00 -0.6658117E+00 -0.1993266E-01  0.7318895E+00  0.4810711E+00  0.2296361E-01 -0.8206605E-01  0.1569450E+00 -0.2360871E+00  0.3071528E-01 -0.3056418E-01 -0.6706233E+00 -0.4418115E-01  0.2968997E+00 -0.2420564E+00
-0.3375366E+00
 0.4225000E+01 -0.4242973E+00  0.1458047E-01  0.1190763E+00 -0.8195065E-02 -0.3038387E+00 -0.6797439E+00 -0.1836055E-01  0.7456735E+00  0.4822951E+00  0.5192805E-02 -0.8087735E-01  0.1646215E+00 -0.1467771E+00  0.3241554E-01 -0.4482505E-01 -0.6782802E+00 -0.4569512E-01  0.2658598E+00 -0.2463063E+00
-0.3444323E+00
 0.4250000E+01 -0.3979428E+00  0.1667733E-01  0.1208021E+00  0.1887252E-01 -0.2824252E+00 -0.6915986E+00 -0.1673127E-01  0.7569119E+00  0.4822676E+00 -0.1262536E-01 -0.7947475E-01  0.1717206E+00 -0.5701181E-01  0.3402042E-01 -0.5896105E-01 -0.6836521E+00 -0.4711836E-01  0.2338918E+00 -0.2498199E+00
-0.3502665E+00
 0.4275000E+01 -0.3703568E+00  0.1872488E-01  0.1221180E+00  0.4585153E-01 -0.2600917E+00 -0.7013511E+00 -0.1505445E-01  0.7656619E+00  0.4810280E+00 -0.3042898E-01 -0.7786382E-01  0.1782407E+00  0.3290564E-01  0.3552549E-01 -0.7292908E-01 -0.6868059E+00 -0.4844147E-01  0.2011361E+00 -0.2526119E+00
-0.3550273E+00
 0.4300000E+01 -0.3416519E+00  0.2071242E-01  0.1230312E+00  0.7266252E-01 -0.2369381E+00 -0.7089880E+00 -0.1333890E-01  0.7719660E+00  0.4786166E+00 -0.4815921E-01 -0.7604756E-01  0.1841784E+00  0.1226929E+00  0.3692690E-01 -0.8668726E-01 -0.6877941E+00 -0.4965377E-01  0.1677221E+00 -0.2547043E+00
-0.3587088E+00
 0.4325000E+01 -0.3119268E+00  0.2262901E-01  0.1235464E+00  0.9922902E-01 -0.2130535E+00 -0.7145078E+00 -0.1159258E-01  0.7758468E+00  0.4750708E+00 -0.6575844E-01 -0.7402626E-01  0.1895264E+00  0.2120803E+00  0.3822150E-01 -0.1001933E+00 -0.6866497E+00 -0.5074315E-01  0.1337695E+00 -0.2561256E+00
-0.3613111E+00
 0.4350000E+01 -0.2812678E+00  0.2446332E-01  0.1236644E+00  0.1254744E+00 -0.1885179E+00 -0.7179213E+00 -0.9822716E-02  0.7773037E+00  0.4704230E+00 -0.8316845E-01 -0.7179758E-01  0.1942724E+00  0.3008002E+00  0.3940678E-01 -0.1134028E+00 -0.6833841E+00 -0.5169596E-01  0.9939096E-01 -0.2569105E+00
-0.3628406E+00
 0.4375000E+01 -0.2497521E+00  0.2620367E-01  0.1233826E+00  0.1513187E+00 -0.1634047E+00 -0.7192516E+00 -0.8035889E-02  0.7763119E+00  0.4646980E+00 -0.1003285E+00 -0.6935697E-01  0.1983983E+00  0.3885775E+00  0.4048103E-01 -0.1262679E+00 -0.6779870E+00 -0.5249717E-01  0.6469591E-01 -0.2570999E+00
-0.3633099E+00
 0.4400000E+01 -0.2174523E+00  0.2783801E-01  0.1226950E+00  0.1766758E+00 -0.1377839E+00 -0.7185352E+00 -0.6238248E-02  0.7728245E+00  0.4579125E+00 -0.1171739E+00 -0.6669834E-01  0.2018803E+00  0.4751203E+00  0.4144333E-01 -0.1387362E+00 -0.6704289E+00 -0.5313061E-01  0.2979409E-01 -0.2567398E+00
-0.3627383E+00
 0.4425000E+01 -0.1844405E+00  0.2935406E-01  0.1215929E+00  0.2014519E+00 -0.1117255E+00 -0.7158224E+00 -0.4435696E-02  0.7667772E+00  0.4500748E+00 -0.1336347E+00 -0.6381486E-01  0.2046891E+00  0.5601128E+00  0.4229372E-01 -0.1507501E+00 -0.6606652E+00 -0.5357938E-01 -0.5200750E-02 -0.2558816E+00
-0.3611524E+00
 0.4450000E+01 -0.1507936E+00  0.3073949E-01  0.1200660E+00  0.2255441E+00 -0.8530251E-01 -0.7111787E+00 -0.2634084E-02  0.7580941E+00  0.4411857E+00 -0.1496357E+00 -0.6069987E-01  0.2067918E+00  0.6432117E+00  0.4303321E-01 -0.1622474E+00 -0.6486424E+00 -0.5382639E-01 -0.4016785E-01 -0.2545808E+00
-0.3585861E+00
 0.4475000E+01 -0.1165962E+00  0.3198216E-01  0.1181035E+00  0.2488410E+00 -0.5859402E-01 -0.7046863E+00 -0.8393684E-03  0.7466955E+00  0.4312405E+00 -0.1650963E+00 -0.5734784E-01  0.2081530E+00  0.7240458E+00  0.4366401E-01 -0.1731615E+00 -0.6343046E+00 -0.5385495E-01 -0.7497736E-01 -0.2528973E+00
-0.3550821E+00
 0.4500000E+01 -0.8194453E-01  0.3307037E-01  0.1156952E+00  0.2712237E+00 -0.3168678E-01 -0.6964459E+00  0.9422684E-03  0.7325056E+00  0.4202307E+00 -0.1799317E+00 -0.5375508E-01  0.2087368E+00  0.8022191E+00  0.4418969E-01 -0.1834229E+00 -0.6176010E+00 -0.5364931E-01 -0.1094895E+00 -0.2508934E+00
-0.3506921E+00
 0.4525000E+01 -0.4694738E-01  0.3399316E-01  0.1128329E+00  0.2925679E+00 -0.4676350E-02 -0.6865796E+00  0.2704360E-02  0.7154597E+00  0.4081464E+00 -0.1940543E+00 -0.4992053E-01  0.2085091E+00  0.8773158E+00  0.4461539E-01 -0.1929607E+00 -0.5984916E+00 -0.5319529E-01 -0.1435545E+00 -0.2486338E+00
-0.3454788E+00
 0.4550000E+01 -0.1172721E-01  0.3474057E-01  0.1095110E+00  0.3127467E+00  0.2233282E-01 -0.6752341E+00  0.4440150E-02  0.6955116E+00  0.3949788E+00 -0.2073753E+00 -0.4584617E-01  0.2074391E+00  0.9489092E+00  0.4494816E-01 -0.2017044E+00 -0.5769535E+00 -0.5248071E-01 -0.1770145E+00 -0.2461834E+00
-0.3395172E+00
 0.4575000E+01  0.2358062E-01  0.3530393E-01  0.1057280E+00  0.3316333E+00  0.4922808E-01 -0.6625857E+00  0.6142632E-02  0.6726385E+00  0.3807217E+00 -0.2198071E+00 -0.4153738E-01  0.2055016E+00  0.1016570E+01  0.4519738E-01 -0.2095859E+00 -0.5529855E+00 -0.5149589E-01 -0.2097050E+00 -0.2436058E+00
-0.3328973E+00
 0.4600000E+01  0.5882930E-01  0.3567609E-01  0.1014864E+00  0.3491048E+00  0.7589000E-01 -0.6488463E+00  0.7804637E-02  0.6468455E+00  0.3653736E+00 -0.2312651E+00 -0.3700304E-01  0.2026778E+00  0.1079879E+01  0.4537526E-01 -0.2165413E+00 -0.5266108E+00 -0.5023389E-01 -0.2414579E+00 -0.2409608E+00
-0.3257266E+00
 0.4625000E+01  0.9386284E-01  0.3585160E-01  0.9679388E-01  0.3650448E+00  0.1021943E+00 -0.6342713E+00  0.9418953E-02  0.6181682E+00  0.3489391E+00 -0.2416700E+00 -0.3225554E-01  0.1989570E+00  0.1138433E+01  0.4549762E-01 -0.2225126E+00 -0.4978794E+00 -0.4869082E-01 -0.2721051E+00 -0.2383021E+00
-0.3181350E+00
 0.4650000E+01  0.1285189E+00  0.3582689E-01  0.9166284E-01  0.3793471E+00  0.1280140E+00 -0.6191700E+00  0.1097846E-01  0.5866741E+00  0.3314297E+00 -0.2509496E+00 -0.2731056E-01  0.1943371E+00  0.1191859E+01  0.4558474E-01 -0.2274495E+00 -0.4668685E+00 -0.4686594E-01 -0.3014813E+00 -0.2356747E+00
-0.3102788E+00
 0.4675000E+01  0.1626320E+00  0.3560036E-01  0.8611073E-01  0.3919176E+00  0.1532223E+00 -0.6039182E+00  0.1247631E-01  0.5524624E+00  0.3128654E+00 -0.2590407E+00 -0.2218681E-01  0.1888251E+00  0.1239822E+01  0.4566254E-01 -0.2313105E+00 -0.4336822E+00 -0.4476172E-01 -0.3294280E+00 -0.2331114E+00
-0.3023482E+00
 0.4700000E+01  0.1960369E+00  0.3517245E-01  0.8015978E-01  0.4026776E+00  0.1776950E+00 -0.5889734E+00  0.1390602E-01  0.5156634E+00  0.2932750E+00 -0.2658906E+00 -0.1690568E-01  0.1824376E+00  0.1282032E+01  0.4576398E-01 -0.2340640E+00 -0.3984501E+00 -0.4238384E-01 -0.3557970E+00 -0.2306313E+00
-0.2945740E+00
 0.4725000E+01  0.2285722E+00  0.3454569E-01  0.7383666E-01  0.4115651E+00  0.2013129E+00 -0.5748913E+00  0.1526173E-01  0.4764357E+00  0.2726971E+00 -0.2714585E+00 -0.1149071E-01  0.1752001E+00  0.1318252E+01  0.4593060E-01 -0.2356892E+00 -0.3613251E+00 -0.3974106E-01 -0.3804530E+00 -0.2282375E+00
-0.2872362E+00
 0.4750000E+01  0.2600836E+00  0.3372466E-01  0.6717199E-01  0.4185365E+00  0.2239650E+00 -0.5623402E+00  0.1653825E-01  0.4349640E+00  0.2511805E+00 -0.2757159E+00 -0.5967144E-02  0.1671469E+00  0.1348304E+01  0.4621395E-01 -0.2361766E+00 -0.3224801E+00 -0.3684509E-01 -0.4032773E+00 -0.2259168E+00
-0.2806711E+00
 0.4775000E+01  0.2904275E+00  0.3271594E-01  0.6019976E-01  0.4235680E+00  0.2455501E+00 -0.5521070E+00  0.1773128E-01  0.3914546E+00  0.2287848E+00 -0.2786478E+00 -0.3613384E-03  0.1583206E+00  0.1372072E+01  0.4667645E-01 -0.2355281E+00 -0.2821049E+00 -0.3371031E-01 -0.4241698E+00 -0.2236398E+00
-0.2752742E+00
 0.4800000E+01  0.3194736E+00  0.3152800E-01  0.5295660E-01  0.4266552E+00  0.2659796E+00 -0.5450843E+00  0.1883747E-01  0.3461318E+00  0.2055800E+00 -0.2802529E+00  0.5299778E-02  0.1487708E+00  0.1389504E+01  0.4739051E-01 -0.2337571E+00 -0.2404018E+00 -0.3035351E-01 -0.4430510E+00 -0.2213632E+00
-0.2714938E+00
 0.4825000E+01  0.3471079E+00  0.3017107E-01  0.4548108E-01  0.4278139E+00  0.2851788E+00 -0.5422235E+00  0.1985456E-01  0.2992324E+00  0.1816461E+00 -0.2805430E+00  0.1098928E-01  0.1385536E+00  0.1400616E+01  0.4843488E-01 -0.2308879E+00 -0.1975818E+00 -0.2679351E-01 -0.4598642E+00 -0.2190324E+00
-0.2698070E+00
 0.4850000E+01  0.3732348E+00  0.2865699E-01  0.3781283E-01  0.4270791E+00  0.3030883E+00 -0.5444433E+00  0.2078140E-01  0.2510013E+00  0.1570715E+00 -0.2795434E+00  0.1668080E-01  0.1277295E+00  0.1405486E+01  0.4988682E-01 -0.2269554E+00 -0.1538592E+00 -0.2305081E-01 -0.4745754E+00 -0.2165855E+00
-0.2706744E+00
 0.4875000E+01  0.3977781E+00  0.2699895E-01  0.2999177E-01  0.4245035E+00  0.3196652E+00 -0.5524976E+00  0.2161802E-01  0.2016857E+00  0.1319514E+00 -0.2772910E+00  0.2234899E-01  0.1163630E+00  0.1404252E+01  0.5181063E-01 -0.2220035E+00 -0.1094482E+00 -0.1914714E-01 -0.4871742E+00 -0.2139574E+00
-0.2744736E+00
 0.4900000E+01  0.4206825E+00  0.2521129E-01  0.2205723E-01  0.4201560E+00  0.3348828E+00 -0.5668348E+00  0.2236557E-01  0.1515303E+00  0.1063851E+00 -0.2738341E+00  0.2796995E-01  0.1045205E+00  0.1397110E+01  0.5424489E-01 -0.2160844E+00 -0.6455761E-01 -0.1510510E-01 -0.4976724E+00 -0.2110842E+00
-0.2814288E+00
 0.4925000E+01  0.4419126E+00  0.2330920E-01  0.1404720E-01  0.4141191E+00  0.3487306E+00 -0.5875018E+00  0.2302632E-01  0.1007721E+00  0.8047337E-01 -0.2692298E+00  0.3352155E-01  0.9226876E-01  0.1384301E+01  0.5719344E-01 -0.2092566E+00 -0.1938714E-01 -0.1094774E-01 -0.5061032E+00 -0.2079081E+00
-0.2915628E+00
 0.4950000E+01  0.4614522E+00  0.2130844E-01  0.5997634E-02  0.4064855E+00  0.3612128E+00 -0.6141357E+00  0.2360349E-01  0.4963623E-01  0.5431580E-01 -0.2635428E+00  0.3898357E-01  0.7967377E-01  0.1366105E+01  0.6062415E-01 -0.2015836E+00  0.2587577E-01 -0.6698217E-02 -0.5125179E+00 -0.2043806E+00
-0.3046939E+00
 0.4975000E+01  0.4793016E+00  0.1922501E-01 -0.2058109E-02  0.3973551E+00  0.3723465E+00 -0.6460454E+00  0.2410109E-01 -0.1667542E-02  0.2800784E-01 -0.2568426E+00  0.4433774E-01  0.6679909E-01  0.1342829E+01  0.6447563E-01 -0.1931313E+00  0.7105858E-01 -0.2379511E-02 -0.5169828E+00 -0.2004651E+00
-0.3204758E+00
 0.5000000E+01  0.4954751E+00  0.1707486E-01 -0.1008963E-01  0.3868306E+00  0.3821584E+00 -0.6819317E+00  0.2452370E-01 -0.5294699E-01  0.1629284E-02 -0.2492015E+00  0.4956627E-01  0.5370475E-01  0.1314796E+01  0.6867198E-01 -0.1839669E+00  0.1160049E+00  0.1980638E-02 -0.5195764E+00 -0.1962850E+00
-0.3382546E+00
