 0.5906658E+00 -0.1051749E+01  0.2981676E+01  0.2965420E+00
 0.6985770E+00 -0.7673992E+00  0.2314456E+01  0.2570030E+00
 0.8064883E+00 -0.5472113E+00  0.1787210E+01  0.2174641E+00
 0.9143995E+00 -0.3776764E+00  0.1371432E+01  0.1779252E+00
 0.1022311E+01 -0.2480409E+00  0.1044338E+01  0.1383863E+00
 0.1130222E+01 -0.1497540E+00  0.7877229E+00  0.9884732E-01
 0.1238133E+01 -0.7602384E-01  0.5870519E+00  0.5930839E-01
 0.1346044E+01 -0.2146280E-01  0.4307247E+00  0.1976946E-01
 0.1453956E+01  0.1819628E-01  0.3094901E+00 -0.1976946E-01
 0.1561867E+01  0.4632744E-01  0.2159760E+00 -0.5930839E-01
 0.1669778E+01  0.6559329E-01  0.1443125E+00 -0.9884732E-01
 0.1777689E+01  0.7809020E-01  0.8983059E-01 -0.1383863E+00
 0.1885601E+01  0.8546442E-01  0.4882038E-01 -0.1779252E+00
 0.1993512E+01  0.8900470E-01  0.1833786E-01 -0.2174641E+00
 0.2101423E+01  0.8971633E-01 -0.3949841E-02 -0.2570030E+00
 0.2209334E+01  0.8838015E-01 -0.1988832E-01 -0.2965420E+00
