 0.10000E+00  0.10000E+01 -0.18441E-20
 0.20000E+00  0.10000E+01  0.11662E-19
 0.30000E+00  0.10000E+01 -0.99626E-20
 0.40000E+00  0.10000E+01 -0.65155E-19
 0.50000E+00  0.10000E+01 -0.42197E-19
 0.60000E+00  0.10000E+01  0.12267E-20
 0.70000E+00  0.10000E+01 -0.10111E-18
 0.80000E+00  0.10000E+01  0.90061E-19
 0.90000E+00  0.10000E+01 -0.19011E-18
 0.10000E+01  0.10000E+01  0.25716E-19
 0.11000E+01  0.10000E+01  0.13657E-18
 0.12000E+01  0.10000E+01 -0.33784E-19
 0.13000E+01  0.10000E+01 -0.49237E-18
 0.14000E+01  0.10000E+01 -0.32706E-18
 0.15000E+01  0.10000E+01  0.49830E-19
 0.16000E+01  0.10000E+01 -0.17434E-18
 0.17000E+01  0.10000E+01 -0.64266E-18
 0.18000E+01  0.10000E+01 -0.18400E-18
 0.19000E+01  0.10000E+01  0.24814E-18
 0.20000E+01  0.10000E+01  0.16367E-18
 0.21000E+01  0.10000E+01  0.26346E-18
 0.22000E+01  0.10000E+01  0.10651E-18
 0.23000E+01  0.10000E+01  0.42295E-18
 0.24000E+01  0.10000E+01 -0.67972E-18
 0.25000E+01  0.10000E+01 -0.15141E-18
 0.26000E+01  0.10000E+01  0.14102E-18
 0.27000E+01  0.10000E+01  0.89640E-19
 0.28000E+01  0.10000E+01  0.55140E-19
 0.29000E+01  0.10000E+01 -0.67901E-18
 0.30000E+01  0.10000E+01  0.17534E-18
 0.31000E+01  0.10000E+01  0.29750E-19
 0.32000E+01  0.10000E+01 -0.21050E-18
 0.33000E+01  0.10000E+01 -0.35769E-18
 0.34000E+01  0.10000E+01 -0.59118E-18
 0.35000E+01  0.10000E+01 -0.77293E-19
 0.36000E+01  0.10000E+01  0.97176E-19
 0.37000E+01  0.10000E+01  0.18569E-18
 0.38000E+01  0.10000E+01 -0.47803E-18
 0.39000E+01  0.10000E+01 -0.40370E-18
 0.40000E+01  0.10000E+01  0.35483E-19
 0.41000E+01  0.10000E+01  0.59795E-18
 0.42000E+01  0.10000E+01  0.10800E-18
 0.43000E+01  0.10000E+01  0.88070E-18
 0.44000E+01  0.10000E+01  0.21249E-18
 0.45000E+01  0.10000E+01  0.29231E-18
 0.46000E+01  0.10000E+01  0.23327E-18
 0.47000E+01  0.10000E+01 -0.10921E-18
 0.48000E+01  0.10000E+01 -0.73544E-18
 0.49000E+01  0.10000E+01 -0.46334E-18
 0.50000E+01  0.10000E+01 -0.10567E-17
 0.51000E+01  0.10000E+01 -0.84535E-18
 0.52000E+01  0.10000E+01  0.98987E-19
 0.53000E+01  0.10000E+01  0.46320E-18
 0.54000E+01  0.10000E+01  0.48766E-18
 0.55000E+01  0.10000E+01 -0.61388E-18
 0.56000E+01  0.10000E+01 -0.11489E-18
 0.57000E+01  0.10000E+01  0.10265E-17
 0.58000E+01  0.10000E+01  0.54850E-18
 0.59000E+01  0.10000E+01  0.17600E-17
 0.60000E+01  0.10000E+01  0.19977E-17
 0.61000E+01  0.10000E+01  0.94909E-18
 0.62000E+01  0.10000E+01  0.57040E-18
 0.63000E+01  0.10000E+01  0.87924E-18
 0.64000E+01  0.10000E+01 -0.20620E-17
 0.65000E+01  0.10000E+01 -0.29083E-17
 0.66000E+01  0.10000E+01 -0.89562E-18
 0.67000E+01  0.10000E+01  0.15656E-18
 0.68000E+01  0.10000E+01  0.91579E-18
 0.69000E+01  0.10000E+01  0.74364E-18
 0.70000E+01  0.10000E+01  0.30015E-18
 0.71000E+01  0.10000E+01  0.40896E-17
 0.72000E+01  0.10000E+01  0.13101E-17
 0.73000E+01  0.10000E+01  0.10932E-17
 0.74000E+01  0.10000E+01 -0.96570E-18
 0.75000E+01  0.10000E+01 -0.14867E-17
 0.76000E+01  0.10000E+01  0.15768E-18
 0.77000E+01  0.10000E+01  0.67837E-18
 0.78000E+01  0.10000E+01  0.14645E-17
 0.79000E+01  0.10000E+01  0.20084E-17
 0.80000E+01  0.10000E+01  0.10091E-18
 0.81000E+01  0.10000E+01  0.11354E-17
 0.82000E+01  0.10000E+01 -0.16190E-17
 0.83000E+01  0.10000E+01 -0.30962E-18
 0.84000E+01  0.10000E+01  0.12812E-18
 0.85000E+01  0.10000E+01  0.13349E-17
 0.86000E+01  0.10000E+01  0.17325E-17
 0.87000E+01  0.10000E+01  0.15840E-17
 0.88000E+01  0.10000E+01  0.16099E-17
 0.89000E+01  0.10000E+01  0.10088E-17
 0.90000E+01  0.10000E+01 -0.17603E-17
 0.91000E+01  0.10000E+01  0.21708E-17
 0.92000E+01  0.10000E+01  0.13940E-18
 0.93000E+01  0.10000E+01 -0.19804E-17
 0.94000E+01  0.10000E+01 -0.19413E-17
 0.95000E+01  0.10000E+01 -0.13884E-18
 0.96000E+01  0.10000E+01  0.12602E-17
 0.97000E+01  0.10000E+01  0.61090E-18
 0.98000E+01  0.10000E+01  0.29845E-17
 0.99000E+01  0.10000E+01  0.16578E-18
 0.10000E+02  0.10000E+01  0.76017E-18
 0.10100E+02  0.10000E+01  0.19953E-17
 0.10200E+02  0.10000E+01 -0.10166E-17
 0.10300E+02  0.10000E+01  0.90479E-19
 0.10400E+02  0.10000E+01 -0.70541E-18
 0.10500E+02  0.10000E+01 -0.60897E-18
 0.10600E+02  0.10000E+01 -0.19935E-17
 0.10700E+02  0.10000E+01  0.59646E-19
 0.10800E+02  0.10000E+01  0.21982E-18
 0.10900E+02  0.10001E+01  0.12964E-17
 0.11000E+02  0.10001E+01 -0.36366E-18
 0.11100E+02  0.10001E+01  0.38439E-17
 0.11200E+02  0.10001E+01  0.10159E-18
 0.11300E+02  0.10001E+01 -0.15915E-17
 0.11400E+02  0.10001E+01 -0.53553E-18
 0.11500E+02  0.10001E+01  0.94967E-18
 0.11600E+02  0.10001E+01 -0.16785E-17
 0.11700E+02  0.10001E+01 -0.34769E-18
 0.11800E+02  0.10001E+01  0.20583E-17
 0.11900E+02  0.10001E+01  0.36909E-18
 0.12000E+02  0.10001E+01 -0.11907E-17
 0.12100E+02  0.10001E+01  0.14707E-17
 0.12200E+02  0.10001E+01  0.12685E-17
 0.12300E+02  0.10001E+01  0.49294E-17
 0.12400E+02  0.10001E+01  0.21242E-18
 0.12500E+02  0.10001E+01  0.28484E-18
 0.12600E+02  0.10001E+01 -0.17077E-17
 0.12700E+02  0.10001E+01 -0.75750E-19
 0.12800E+02  0.10001E+01 -0.37649E-17
 0.12900E+02  0.10001E+01  0.66569E-18
 0.13000E+02  0.10001E+01 -0.10690E-17
 0.13100E+02  0.10001E+01 -0.39201E-18
 0.13200E+02  0.10001E+01 -0.87833E-19
 0.13300E+02  0.10001E+01 -0.42402E-17
 0.13400E+02  0.10001E+01 -0.46780E-18
 0.13500E+02  0.10001E+01 -0.32265E-17
 0.13600E+02  0.10001E+01  0.33782E-17
 0.13700E+02  0.10001E+01  0.39632E-18
 0.13800E+02  0.10001E+01 -0.20915E-17
 0.13900E+02  0.10001E+01 -0.23247E-18
 0.14000E+02  0.10001E+01  0.17382E-17
 0.14100E+02  0.10001E+01 -0.54644E-18
 0.14200E+02  0.10001E+01 -0.73671E-18
 0.14300E+02  0.10001E+01  0.17194E-17
 0.14400E+02  0.10001E+01 -0.13726E-17
 0.14500E+02  0.10001E+01  0.34253E-17
 0.14600E+02  0.10001E+01  0.20481E-17
 0.14700E+02  0.10001E+01 -0.77324E-18
 0.14800E+02  0.10001E+01  0.14954E-18
 0.14900E+02  0.10001E+01  0.75095E-18
 0.15000E+02  0.10001E+01 -0.21316E-17
 0.15100E+02  0.10001E+01  0.26031E-17
 0.15200E+02  0.10001E+01  0.18672E-17
 0.15300E+02  0.10001E+01  0.83836E-18
 0.15400E+02  0.10001E+01  0.29525E-17
 0.15500E+02  0.10001E+01 -0.25750E-18
 0.15600E+02  0.10001E+01 -0.93328E-18
 0.15700E+02  0.10001E+01 -0.32925E-17
 0.15800E+02  0.10001E+01  0.40906E-18
 0.15900E+02  0.10001E+01 -0.61960E-17
 0.16000E+02  0.10001E+01 -0.32674E-18
 0.16100E+02  0.10001E+01 -0.62909E-17
 0.16200E+02  0.10001E+01  0.13258E-17
 0.16300E+02  0.10001E+01 -0.32908E-17
 0.16400E+02  0.10001E+01 -0.27510E-17
 0.16500E+02  0.10001E+01  0.12570E-17
 0.16600E+02  0.10001E+01 -0.27010E-17
 0.16700E+02  0.10001E+01 -0.24371E-17
 0.16800E+02  0.10001E+01 -0.13345E-17
 0.16900E+02  0.10001E+01  0.86556E-18
 0.17000E+02  0.10001E+01 -0.29966E-17
 0.17100E+02  0.10001E+01  0.12017E-17
 0.17200E+02  0.10001E+01  0.64843E-17
 0.17300E+02  0.10001E+01 -0.19319E-17
 0.17400E+02  0.10001E+01  0.41822E-17
 0.17500E+02  0.10001E+01 -0.58205E-18
 0.17600E+02  0.10001E+01 -0.30844E-17
 0.17700E+02  0.10001E+01  0.11271E-17
 0.17800E+02  0.10001E+01 -0.22417E-17
 0.17900E+02  0.10001E+01 -0.65050E-17
 0.18000E+02  0.10001E+01 -0.36177E-17
 0.18100E+02  0.10001E+01  0.86980E-17
 0.18200E+02  0.10001E+01 -0.28206E-17
 0.18300E+02  0.10001E+01  0.72968E-18
 0.18400E+02  0.10001E+01  0.28997E-17
 0.18500E+02  0.10001E+01  0.20821E-17
 0.18600E+02  0.10001E+01  0.13865E-17
 0.18700E+02  0.10001E+01  0.31953E-17
 0.18800E+02  0.10001E+01 -0.64208E-18
 0.18900E+02  0.10001E+01 -0.30696E-17
 0.19000E+02  0.10001E+01  0.42757E-17
 0.19100E+02  0.10002E+01  0.36394E-17
 0.19200E+02  0.10002E+01  0.75002E-17
 0.19300E+02  0.10002E+01 -0.18863E-17
 0.19400E+02  0.10002E+01  0.21679E-17
 0.19500E+02  0.10002E+01 -0.21028E-17
 0.19600E+02  0.10002E+01  0.40333E-17
 0.19700E+02  0.10002E+01  0.60969E-18
 0.19800E+02  0.10002E+01 -0.21694E-17
 0.19900E+02  0.10002E+01 -0.72371E-17
 0.20000E+02  0.10002E+01  0.36949E-17
 0.20100E+02  0.10002E+01  0.60996E-18
 0.20200E+02  0.10002E+01 -0.79982E-17
 0.20300E+02  0.10002E+01  0.25729E-17
 0.20400E+02  0.10002E+01 -0.62977E-17
 0.20500E+02  0.10002E+01  0.30900E-17
 0.20600E+02  0.10002E+01  0.77990E-17
 0.20700E+02  0.10002E+01  0.14645E-17
 0.20800E+02  0.10002E+01 -0.25513E-17
 0.20900E+02  0.10002E+01 -0.12549E-18
 0.21000E+02  0.10002E+01 -0.49199E-17
 0.21100E+02  0.10002E+01 -0.92545E-18
 0.21200E+02  0.10002E+01  0.40708E-17
 0.21300E+02  0.10002E+01 -0.16665E-17
 0.21400E+02  0.10002E+01  0.21689E-17
 0.21500E+02  0.10002E+01 -0.48373E-18
 0.21600E+02  0.10002E+01 -0.19808E-17
 0.21700E+02  0.10002E+01 -0.21325E-17
 0.21800E+02  0.10002E+01  0.47562E-17
 0.21900E+02  0.10002E+01  0.27505E-19
 0.22000E+02  0.10002E+01 -0.40235E-17
 0.22100E+02  0.10002E+01  0.72920E-18
 0.22200E+02  0.10002E+01 -0.64915E-17
 0.22300E+02  0.10002E+01 -0.14097E-17
 0.22400E+02  0.10002E+01 -0.34470E-17
 0.22500E+02  0.10002E+01  0.28416E-17
 0.22600E+02  0.10002E+01  0.62766E-19
 0.22700E+02  0.10002E+01 -0.24223E-17
 0.22800E+02  0.10002E+01  0.41468E-17
 0.22900E+02  0.10002E+01  0.57231E-17
 0.23000E+02  0.10002E+01  0.12275E-17
 0.23100E+02  0.10002E+01 -0.61173E-17
 0.23200E+02  0.10002E+01 -0.81460E-18
 0.23300E+02  0.10002E+01  0.24655E-17
 0.23400E+02  0.10002E+01  0.26388E-17
 0.23500E+02  0.10002E+01  0.95192E-20
 0.23600E+02  0.10002E+01 -0.61413E-17
 0.23700E+02  0.10002E+01 -0.11601E-16
 0.23800E+02  0.10002E+01 -0.66455E-18
 0.23900E+02  0.10002E+01 -0.36462E-17
 0.24000E+02  0.10002E+01 -0.34332E-17
 0.24100E+02  0.10002E+01  0.14448E-17
 0.24200E+02  0.10002E+01  0.18754E-17
 0.24300E+02  0.10002E+01  0.52459E-18
 0.24400E+02  0.10002E+01 -0.56371E-17
 0.24500E+02  0.10002E+01  0.14627E-17
 0.24600E+02  0.10002E+01 -0.34501E-17
 0.24700E+02  0.10002E+01 -0.22033E-17
 0.24800E+02  0.10002E+01 -0.48258E-17
 0.24900E+02  0.10002E+01  0.54749E-17
 0.25000E+02  0.10003E+01  0.34500E-17
 0.25100E+02  0.10003E+01  0.53156E-17
 0.25200E+02  0.10003E+01  0.36617E-17
 0.25300E+02  0.10003E+01  0.78759E-17
 0.25400E+02  0.10003E+01  0.70601E-18
 0.25500E+02  0.10003E+01 -0.74487E-17
 0.25600E+02  0.10003E+01  0.53793E-17
 0.25700E+02  0.10003E+01  0.18359E-17
 0.25800E+02  0.10003E+01  0.35311E-17
 0.25900E+02  0.10003E+01 -0.45930E-17
 0.26000E+02  0.10003E+01  0.54183E-17
 0.26100E+02  0.10003E+01  0.75539E-18
 0.26200E+02  0.10003E+01 -0.49519E-17
 0.26300E+02  0.10003E+01  0.58867E-17
 0.26400E+02  0.10003E+01  0.73587E-17
 0.26500E+02  0.10003E+01 -0.13888E-17
 0.26600E+02  0.10003E+01  0.35214E-17
 0.26700E+02  0.10003E+01  0.48306E-17
 0.26800E+02  0.10003E+01 -0.47446E-18
 0.26900E+02  0.10003E+01 -0.24529E-17
 0.27000E+02  0.10003E+01 -0.16773E-17
 0.27100E+02  0.10003E+01 -0.93389E-17
 0.27200E+02  0.10003E+01  0.33708E-17
 0.27300E+02  0.10003E+01 -0.10442E-16
 0.27400E+02  0.10003E+01  0.26754E-18
 0.27500E+02  0.10003E+01  0.96407E-18
 0.27600E+02  0.10003E+01  0.60957E-17
 0.27700E+02  0.10003E+01  0.29654E-17
 0.27800E+02  0.10003E+01 -0.26268E-17
 0.27900E+02  0.10003E+01  0.51805E-17
 0.28000E+02  0.10003E+01 -0.82337E-17
 0.28100E+02  0.10003E+01  0.83691E-17
 0.28200E+02  0.10003E+01  0.90811E-17
 0.28300E+02  0.10003E+01  0.47721E-17
 0.28400E+02  0.10003E+01  0.44187E-17
 0.28500E+02  0.10003E+01  0.56865E-17
 0.28600E+02  0.10003E+01 -0.19150E-17
 0.28700E+02  0.10003E+01  0.61130E-17
 0.28800E+02  0.10003E+01  0.63564E-17
 0.28900E+02  0.10003E+01 -0.12916E-16
 0.29000E+02  0.10003E+01  0.44428E-17
 0.29100E+02  0.10003E+01 -0.20193E-17
 0.29200E+02  0.10003E+01 -0.88944E-17
 0.29300E+02  0.10003E+01 -0.61878E-17
 0.29400E+02  0.10003E+01 -0.80645E-17
 0.29500E+02  0.10003E+01  0.11031E-16
 0.29600E+02  0.10003E+01 -0.10947E-16
 0.29700E+02  0.10003E+01  0.16414E-16
 0.29800E+02  0.10003E+01 -0.20853E-17
 0.29900E+02  0.10003E+01 -0.34532E-17
 0.30000E+02  0.10003E+01  0.15743E-17
 0.30100E+02  0.10004E+01 -0.23796E-17
 0.30200E+02  0.10004E+01 -0.75046E-17
 0.30300E+02  0.10004E+01  0.44675E-17
 0.30400E+02  0.10004E+01  0.56416E-17
 0.30500E+02  0.10004E+01 -0.39289E-17
 0.30600E+02  0.10004E+01  0.34209E-17
 0.30700E+02  0.10004E+01 -0.67027E-17
 0.30800E+02  0.10004E+01 -0.57023E-18
 0.30900E+02  0.10004E+01 -0.70856E-17
 0.31000E+02  0.10004E+01 -0.23680E-17
 0.31100E+02  0.10004E+01  0.31500E-17
 0.31200E+02  0.10004E+01  0.11232E-18
 0.31300E+02  0.10004E+01  0.57574E-17
 0.31400E+02  0.10004E+01  0.96371E-18
 0.31500E+02  0.10004E+01 -0.82535E-17
 0.31600E+02  0.10004E+01 -0.24430E-17
 0.31700E+02  0.10004E+01  0.23197E-17
 0.31800E+02  0.10004E+01 -0.80559E-17
 0.31900E+02  0.10004E+01 -0.40990E-17
 0.32000E+02  0.10004E+01 -0.69175E-18
 0.32100E+02  0.10004E+01  0.10205E-17
 0.32200E+02  0.10004E+01 -0.30355E-17
 0.32300E+02  0.10004E+01  0.76105E-18
 0.32400E+02  0.10004E+01  0.89253E-17
 0.32500E+02  0.10004E+01 -0.10570E-16
 0.32600E+02  0.10004E+01  0.22157E-18
 0.32700E+02  0.10004E+01  0.33444E-17
 0.32800E+02  0.10004E+01 -0.24565E-17
 0.32900E+02  0.10004E+01  0.35652E-17
 0.33000E+02  0.10004E+01  0.47465E-17
 0.33100E+02  0.10004E+01  0.72799E-17
 0.33200E+02  0.10004E+01 -0.18612E-18
 0.33300E+02  0.10004E+01  0.54597E-18
 0.33400E+02  0.10004E+01 -0.51810E-17
 0.33500E+02  0.10004E+01  0.21159E-17
 0.33600E+02  0.10004E+01  0.49033E-17
 0.33700E+02  0.10004E+01  0.70999E-18
 0.33800E+02  0.10004E+01  0.44617E-17
 0.33900E+02  0.10004E+01 -0.45994E-17
 0.34000E+02  0.10004E+01  0.54474E-17
 0.34100E+02  0.10004E+01  0.64845E-17
 0.34200E+02  0.10004E+01  0.30942E-17
 0.34300E+02  0.10004E+01 -0.31817E-17
 0.34400E+02  0.10004E+01 -0.48816E-17
 0.34500E+02  0.10004E+01 -0.97163E-17
 0.34600E+02  0.10004E+01  0.37435E-17
 0.34700E+02  0.10004E+01 -0.48688E-17
 0.34800E+02  0.10004E+01 -0.72289E-17
 0.34900E+02  0.10004E+01  0.62491E-17
 0.35000E+02  0.10004E+01  0.64807E-17
 0.35100E+02  0.10004E+01  0.38198E-17
 0.35200E+02  0.10005E+01  0.19770E-16
 0.35300E+02  0.10005E+01 -0.13309E-16
 0.35400E+02  0.10005E+01 -0.30026E-17
 0.35500E+02  0.10005E+01 -0.54825E-17
 0.35600E+02  0.10005E+01  0.74471E-17
 0.35700E+02  0.10005E+01  0.50967E-17
 0.35800E+02  0.10005E+01  0.10230E-16
 0.35900E+02  0.10005E+01  0.91356E-17
 0.36000E+02  0.10005E+01  0.26283E-16
 0.36100E+02  0.10005E+01 -0.83503E-17
 0.36200E+02  0.10005E+01 -0.13958E-16
 0.36300E+02  0.10005E+01 -0.46132E-17
 0.36400E+02  0.10005E+01 -0.13753E-17
 0.36500E+02  0.10005E+01  0.12507E-16
 0.36600E+02  0.10005E+01 -0.34090E-17
 0.36700E+02  0.10005E+01 -0.72699E-17
 0.36800E+02  0.10005E+01  0.21287E-18
 0.36900E+02  0.10005E+01 -0.39738E-17
 0.37000E+02  0.10005E+01 -0.66643E-17
 0.37100E+02  0.10005E+01 -0.76687E-17
 0.37200E+02  0.10005E+01 -0.12148E-16
 0.37300E+02  0.10005E+01 -0.11305E-17
 0.37400E+02  0.10005E+01  0.13208E-16
 0.37500E+02  0.10005E+01 -0.10113E-16
 0.37600E+02  0.10005E+01 -0.11259E-16
 0.37700E+02  0.10005E+01  0.72642E-18
 0.37800E+02  0.10005E+01 -0.25087E-17
 0.37900E+02  0.10005E+01  0.85213E-19
 0.38000E+02  0.10005E+01  0.37013E-17
 0.38100E+02  0.10005E+01  0.35122E-18
 0.38200E+02  0.10005E+01  0.90228E-17
 0.38300E+02  0.10005E+01  0.13648E-16
 0.38400E+02  0.10005E+01 -0.38104E-17
 0.38500E+02  0.10005E+01  0.83445E-17
 0.38600E+02  0.10005E+01 -0.24502E-16
 0.38700E+02  0.10005E+01 -0.13445E-16
 0.38800E+02  0.10005E+01  0.22773E-16
 0.38900E+02  0.10006E+01  0.60592E-17
 0.39000E+02  0.10006E+01  0.24486E-16
 0.39100E+02  0.10006E+01  0.55641E-17
 0.39200E+02  0.10006E+01 -0.78282E-17
 0.39300E+02  0.10006E+01  0.24454E-16
 0.39400E+02  0.10006E+01  0.95337E-17
 0.39500E+02  0.10006E+01  0.24662E-17
 0.39600E+02  0.10006E+01 -0.23955E-16
 0.39700E+02  0.10006E+01  0.14524E-16
 0.39800E+02  0.10006E+01 -0.42681E-16
 0.39900E+02  0.10006E+01 -0.23181E-16
 0.40000E+02  0.10006E+01 -0.21810E-17
 0.40100E+02  0.10006E+01 -0.79520E-17
 0.40200E+02  0.10006E+01  0.12241E-16
 0.40300E+02  0.10006E+01 -0.40338E-17
 0.40400E+02  0.10006E+01 -0.23439E-17
 0.40500E+02  0.10006E+01  0.27575E-17
 0.40600E+02  0.10006E+01  0.84032E-17
 0.40700E+02  0.10006E+01  0.37695E-16
 0.40800E+02  0.10006E+01 -0.11584E-16
 0.40900E+02  0.10006E+01 -0.34179E-16
 0.41000E+02  0.10006E+01  0.34114E-16
 0.41100E+02  0.10006E+01  0.45012E-16
 0.41200E+02  0.10006E+01 -0.67168E-16
 0.41300E+02  0.10006E+01  0.31848E-16
 0.41400E+02  0.10006E+01 -0.11106E-17
 0.41500E+02  0.10006E+01  0.34448E-16
 0.41600E+02  0.10006E+01  0.54323E-17
 0.41700E+02  0.10006E+01 -0.47112E-16
 0.41800E+02  0.10005E+01 -0.48193E-16
 0.41900E+02  0.10005E+01 -0.15886E-16
 0.42000E+02  0.10005E+01  0.14228E-16
 0.42100E+02  0.10005E+01 -0.17756E-16
 0.42200E+02  0.10005E+01  0.14304E-15
 0.42300E+02  0.10005E+01  0.22799E-16
 0.42400E+02  0.10005E+01  0.74619E-16
 0.42500E+02  0.10005E+01 -0.23246E-17
 0.42600E+02  0.10004E+01  0.37737E-17
 0.42700E+02  0.10004E+01 -0.15815E-16
 0.42800E+02  0.10004E+01  0.19282E-16
 0.42900E+02  0.10004E+01 -0.75900E-16
 0.43000E+02  0.10004E+01  0.69892E-16
 0.43100E+02  0.10003E+01 -0.16592E-16
 0.43200E+02  0.10003E+01  0.18241E-15
 0.43300E+02  0.10003E+01  0.15769E-15
 0.43400E+02  0.10003E+01 -0.94993E-16
 0.43500E+02  0.10002E+01  0.14361E-15
 0.43600E+02  0.10002E+01 -0.16402E-15
 0.43700E+02  0.10002E+01  0.12746E-15
 0.43800E+02  0.10001E+01  0.10022E-15
 0.43900E+02  0.10001E+01  0.25898E-15
 0.44000E+02  0.10000E+01 -0.12069E-15
 0.44100E+02  0.99998E+00  0.34859E-16
 0.44200E+02  0.99994E+00 -0.18986E-15
 0.44300E+02  0.99988E+00 -0.31172E-15
 0.44400E+02  0.99983E+00 -0.23064E-15
 0.44500E+02  0.99977E+00 -0.36676E-17
 0.44600E+02  0.99971E+00  0.16348E-17
 0.44700E+02  0.99965E+00  0.65664E-16
 0.44800E+02  0.99959E+00 -0.30139E-15
 0.44900E+02  0.99952E+00  0.53435E-16
 0.45000E+02  0.99945E+00 -0.19252E-15
 0.45100E+02  0.99937E+00  0.79124E-16
 0.45200E+02  0.99930E+00  0.28380E-15
 0.45300E+02  0.99922E+00 -0.30969E-15
 0.45400E+02  0.99913E+00 -0.11288E-15
 0.45500E+02  0.99905E+00  0.14612E-15
 0.45600E+02  0.99896E+00 -0.34104E-15
 0.45700E+02  0.99886E+00 -0.82165E-16
 0.45800E+02  0.99877E+00  0.11705E-14
 0.45900E+02  0.99867E+00 -0.71528E-15
 0.46000E+02  0.99857E+00 -0.19764E-15
 0.46100E+02  0.99846E+00 -0.53111E-15
 0.46200E+02  0.99836E+00  0.99588E-15
 0.46300E+02  0.99825E+00  0.73259E-15
 0.46400E+02  0.99813E+00 -0.13941E-14
 0.46500E+02  0.99802E+00  0.12712E-14
 0.46600E+02  0.99790E+00 -0.16264E-14
 0.46700E+02  0.99778E+00  0.29261E-15
 0.46800E+02  0.99765E+00 -0.74168E-15
 0.46900E+02  0.99753E+00 -0.39638E-15
 0.47000E+02  0.99740E+00  0.13991E-14
 0.47100E+02  0.99727E+00  0.11886E-14
 0.47200E+02  0.99714E+00 -0.29246E-15
 0.47300E+02  0.99701E+00  0.19623E-14
 0.47400E+02  0.99687E+00 -0.23698E-14
 0.47500E+02  0.99674E+00 -0.70099E-15
 0.47600E+02  0.99660E+00  0.22807E-15
 0.47700E+02  0.99646E+00  0.14359E-14
 0.47800E+02  0.99633E+00  0.67647E-15
 0.47900E+02  0.99619E+00 -0.15076E-14
 0.48000E+02  0.99605E+00 -0.62428E-16
 0.48100E+02  0.99592E+00  0.10404E-14
 0.48200E+02  0.99578E+00  0.20017E-14
 0.48300E+02  0.99565E+00  0.15380E-14
 0.48400E+02  0.99552E+00  0.10515E-14
 0.48500E+02  0.99539E+00  0.94843E-15
 0.48600E+02  0.99526E+00  0.13264E-14
 0.48700E+02  0.99513E+00 -0.41687E-14
 0.48800E+02  0.99501E+00  0.81718E-16
 0.48900E+02  0.99490E+00  0.63365E-15
 0.49000E+02  0.99478E+00  0.11438E-14
 0.49100E+02  0.99468E+00  0.59706E-15
 0.49200E+02  0.99457E+00  0.28570E-14
 0.49300E+02  0.99448E+00 -0.41166E-15
 0.49400E+02  0.99439E+00  0.28315E-15
 0.49500E+02  0.99430E+00  0.14077E-14
 0.49600E+02  0.99423E+00  0.21293E-14
 0.49700E+02  0.99416E+00 -0.27225E-14
 0.49800E+02  0.99410E+00 -0.18845E-14
 0.49900E+02  0.99405E+00  0.58705E-14
 0.50000E+02  0.99402E+00  0.59927E-14
 0.50100E+02  0.99399E+00  0.20156E-14
 0.50200E+02  0.99397E+00 -0.35619E-14
 0.50300E+02  0.99397E+00 -0.72945E-14
 0.50400E+02  0.99397E+00  0.10490E-13
 0.50500E+02  0.99400E+00 -0.41514E-14
 0.50600E+02  0.99403E+00  0.62246E-14
 0.50700E+02  0.99408E+00 -0.53004E-14
 0.50800E+02  0.99415E+00  0.20378E-14
 0.50900E+02  0.99423E+00  0.10301E-13
 0.51000E+02  0.99432E+00  0.46126E-14
 0.51100E+02  0.99444E+00  0.40407E-14
 0.51200E+02  0.99457E+00  0.10116E-14
 0.51300E+02  0.99473E+00 -0.29158E-14
 0.51400E+02  0.99490E+00 -0.19929E-14
 0.51500E+02  0.99509E+00 -0.58497E-14
 0.51600E+02  0.99530E+00  0.57804E-14
 0.51700E+02  0.99553E+00 -0.58681E-14
 0.51800E+02  0.99579E+00  0.15339E-13
 0.51900E+02  0.99607E+00 -0.47737E-14
 0.52000E+02  0.99637E+00 -0.18204E-13
 0.52100E+02  0.99669E+00  0.14249E-13
 0.52200E+02  0.99704E+00  0.82455E-15
 0.52300E+02  0.99742E+00  0.53731E-14
 0.52400E+02  0.99782E+00 -0.83212E-14
 0.52500E+02  0.99824E+00 -0.47309E-14
 0.52600E+02  0.99869E+00  0.13962E-13
 0.52700E+02  0.99917E+00 -0.47280E-14
 0.52800E+02  0.99968E+00 -0.13223E-13
 0.52900E+02  0.10002E+01 -0.19259E-14
 0.53000E+02  0.10008E+01  0.21845E-14
 0.53100E+02  0.10014E+01 -0.93295E-14
 0.53200E+02  0.10020E+01 -0.33931E-14
 0.53300E+02  0.10026E+01 -0.11592E-13
 0.53400E+02  0.10033E+01  0.12872E-13
 0.53500E+02  0.10040E+01 -0.98570E-14
 0.53600E+02  0.10047E+01 -0.21907E-13
 0.53700E+02  0.10055E+01  0.76576E-14
 0.53800E+02  0.10063E+01 -0.21391E-13
 0.53900E+02  0.10071E+01 -0.17061E-13
 0.54000E+02  0.10080E+01  0.35889E-13
 0.54100E+02  0.10088E+01  0.46403E-14
 0.54200E+02  0.10097E+01 -0.26863E-13
 0.54300E+02  0.10107E+01 -0.18048E-13
 0.54400E+02  0.10116E+01  0.30642E-13
 0.54500E+02  0.10126E+01 -0.11698E-13
 0.54600E+02  0.10137E+01 -0.19712E-13
 0.54700E+02  0.10147E+01  0.77043E-14
 0.54800E+02  0.10158E+01  0.49533E-13
 0.54900E+02  0.10169E+01 -0.17209E-14
 0.55000E+02  0.10180E+01  0.13842E-13
 0.55100E+02  0.10192E+01  0.26169E-13
 0.55200E+02  0.10203E+01  0.16074E-13
 0.55300E+02  0.10215E+01  0.53890E-13
 0.55400E+02  0.10228E+01  0.31224E-13
 0.55500E+02  0.10240E+01  0.89290E-14
 0.55600E+02  0.10253E+01  0.22278E-13
 0.55700E+02  0.10266E+01  0.71570E-14
 0.55800E+02  0.10279E+01 -0.51997E-13
 0.55900E+02  0.10292E+01  0.81383E-13
 0.56000E+02  0.10305E+01 -0.51356E-15
 0.56100E+02  0.10319E+01 -0.22054E-13
 0.56200E+02  0.10333E+01  0.20592E-13
 0.56300E+02  0.10346E+01  0.25924E-13
 0.56400E+02  0.10360E+01  0.12436E-13
 0.56500E+02  0.10375E+01  0.42219E-13
 0.56600E+02  0.10389E+01  0.10643E-13
 0.56700E+02  0.10403E+01 -0.39009E-13
 0.56800E+02  0.10417E+01 -0.47152E-13
 0.56900E+02  0.10432E+01  0.19186E-13
 0.57000E+02  0.10446E+01  0.76583E-13
 0.57100E+02  0.10461E+01 -0.20411E-13
 0.57200E+02  0.10475E+01 -0.14573E-14
 0.57300E+02  0.10490E+01 -0.24397E-13
 0.57400E+02  0.10504E+01  0.23449E-13
 0.57500E+02  0.10519E+01 -0.37772E-13
 0.57600E+02  0.10533E+01  0.51848E-13
 0.57700E+02  0.10547E+01  0.12924E-12
 0.57800E+02  0.10562E+01  0.76544E-13
 0.57900E+02  0.10576E+01 -0.42488E-13
 0.58000E+02  0.10590E+01 -0.81515E-13
 0.58100E+02  0.10604E+01  0.10352E-12
 0.58200E+02  0.10617E+01  0.95845E-13
 0.58300E+02  0.10631E+01  0.24515E-13
 0.58400E+02  0.10644E+01  0.79434E-13
 0.58500E+02  0.10657E+01  0.14009E-12
 0.58600E+02  0.10670E+01  0.13190E-12
 0.58700E+02  0.10683E+01 -0.99485E-13
 0.58800E+02  0.10695E+01  0.11407E-14
 0.58900E+02  0.10707E+01  0.59607E-14
 0.59000E+02  0.10719E+01 -0.11945E-12
 0.59100E+02  0.10731E+01  0.59182E-13
 0.59200E+02  0.10742E+01 -0.31463E-13
 0.59300E+02  0.10752E+01 -0.99582E-13
 0.59400E+02  0.10763E+01 -0.13963E-12
 0.59500E+02  0.10773E+01  0.27755E-13
 0.59600E+02  0.10782E+01 -0.12345E-12
 0.59700E+02  0.10792E+01 -0.59746E-13
 0.59800E+02  0.10800E+01 -0.74968E-13
 0.59900E+02  0.10808E+01 -0.94419E-13
 0.60000E+02  0.10816E+01 -0.16806E-12
 0.60100E+02  0.10823E+01 -0.27545E-13
 0.60200E+02  0.10830E+01 -0.47868E-13
 0.60300E+02  0.10836E+01 -0.91322E-14
 0.60400E+02  0.10842E+01 -0.11004E-12
 0.60500E+02  0.10847E+01 -0.11745E-12
 0.60600E+02  0.10851E+01  0.58332E-13
 0.60700E+02  0.10855E+01  0.71350E-13
 0.60800E+02  0.10858E+01  0.32317E-13
 0.60900E+02  0.10861E+01 -0.18641E-13
 0.61000E+02  0.10862E+01 -0.31315E-13
 0.61100E+02  0.10864E+01 -0.60285E-14
 0.61200E+02  0.10864E+01  0.23031E-12
 0.61300E+02  0.10864E+01 -0.32901E-13
 0.61400E+02  0.10863E+01 -0.45890E-13
 0.61500E+02  0.10861E+01 -0.99040E-13
 0.61600E+02  0.10858E+01 -0.11113E-13
 0.61700E+02  0.10855E+01 -0.28651E-13
 0.61800E+02  0.10851E+01 -0.16767E-12
 0.61900E+02  0.10846E+01  0.21246E-12
 0.62000E+02  0.10840E+01  0.79898E-13
 0.62100E+02  0.10833E+01 -0.12157E-12
 0.62200E+02  0.10826E+01 -0.10946E-12
 0.62300E+02  0.10817E+01 -0.10417E-12
 0.62400E+02  0.10808E+01 -0.15400E-12
 0.62500E+02  0.10798E+01  0.11163E-12
 0.62600E+02  0.10787E+01  0.18237E-12
 0.62700E+02  0.10775E+01  0.32179E-12
 0.62800E+02  0.10762E+01  0.31786E-12
 0.62900E+02  0.10748E+01  0.10127E-12
 0.63000E+02  0.10733E+01  0.46108E-14
 0.63100E+02  0.10718E+01 -0.50071E-13
 0.63200E+02  0.10701E+01 -0.21316E-12
 0.63300E+02  0.10683E+01 -0.28177E-12
 0.63400E+02  0.10665E+01 -0.13055E-12
 0.63500E+02  0.10645E+01 -0.24832E-12
 0.63600E+02  0.10625E+01  0.37834E-13
 0.63700E+02  0.10603E+01 -0.37310E-12
 0.63800E+02  0.10581E+01 -0.10494E-12
 0.63900E+02  0.10557E+01 -0.13471E-12
 0.64000E+02  0.10533E+01 -0.16813E-12
 0.64100E+02  0.10507E+01 -0.17164E-12
 0.64200E+02  0.10481E+01  0.31327E-12
 0.64300E+02  0.10454E+01  0.41259E-12
 0.64400E+02  0.10425E+01  0.74076E-13
 0.64500E+02  0.10396E+01 -0.69677E-13
 0.64600E+02  0.10366E+01 -0.38081E-12
 0.64700E+02  0.10335E+01  0.23175E-13
 0.64800E+02  0.10303E+01  0.41247E-13
 0.64900E+02  0.10270E+01  0.51038E-12
 0.65000E+02  0.10236E+01 -0.21506E-12
 0.65100E+02  0.10201E+01 -0.21065E-12
 0.65200E+02  0.10165E+01 -0.56129E-12
 0.65300E+02  0.10129E+01  0.12699E-12
 0.65400E+02  0.10091E+01  0.47785E-13
 0.65500E+02  0.10053E+01 -0.13856E-13
 0.65600E+02  0.10014E+01  0.30084E-12
 0.65700E+02  0.99744E+00 -0.55613E-12
 0.65800E+02  0.99339E+00 -0.25265E-12
 0.65900E+02  0.98927E+00  0.61271E-13
 0.66000E+02  0.98508E+00  0.38489E-12
 0.66100E+02  0.98082E+00 -0.16725E-13
 0.66200E+02  0.97649E+00  0.19789E-12
 0.66300E+02  0.97211E+00 -0.19119E-15
 0.66400E+02  0.96766E+00  0.78516E-12
 0.66500E+02  0.96316E+00  0.33533E-12
 0.66600E+02  0.95861E+00  0.46563E-12
 0.66700E+02  0.95400E+00 -0.45670E-13
 0.66800E+02  0.94936E+00 -0.33115E-12
 0.66900E+02  0.94467E+00  0.20990E-12
 0.67000E+02  0.93994E+00 -0.77805E-12
 0.67100E+02  0.93518E+00  0.99736E-13
 0.67200E+02  0.93039E+00 -0.49655E-12
 0.67300E+02  0.92557E+00 -0.11827E-11
 0.67400E+02  0.92073E+00 -0.77004E-12
 0.67500E+02  0.91587E+00  0.61802E-12
 0.67600E+02  0.91100E+00  0.27337E-12
 0.67700E+02  0.90611E+00  0.84390E-13
 0.67800E+02  0.90123E+00 -0.27046E-13
 0.67900E+02  0.89634E+00 -0.94316E-12
 0.68000E+02  0.89145E+00  0.34700E-12
 0.68100E+02  0.88657E+00 -0.40200E-12
 0.68200E+02  0.88170E+00 -0.33636E-12
 0.68300E+02  0.87685E+00 -0.53576E-12
 0.68400E+02  0.87202E+00  0.45746E-12
 0.68500E+02  0.86722E+00  0.65029E-13
 0.68600E+02  0.86244E+00 -0.43377E-12
 0.68700E+02  0.85770E+00  0.50152E-12
 0.68800E+02  0.85299E+00  0.65289E-13
 0.68900E+02  0.84833E+00  0.40502E-12
 0.69000E+02  0.84372E+00  0.17116E-12
 0.69100E+02  0.83915E+00 -0.35547E-13
 0.69200E+02  0.83464E+00 -0.56293E-12
 0.69300E+02  0.83019E+00 -0.20796E-12
 0.69400E+02  0.82581E+00  0.51728E-12
 0.69500E+02  0.82149E+00 -0.52368E-12
 0.69600E+02  0.81724E+00  0.13394E-12
 0.69700E+02  0.81307E+00  0.79004E-12
 0.69800E+02  0.80897E+00 -0.41720E-12
 0.69900E+02  0.80496E+00  0.63816E-12
 0.70000E+02  0.80103E+00 -0.27067E-13
 0.70100E+02  0.79719E+00  0.36429E-12
 0.70200E+02  0.79345E+00 -0.32339E-12
 0.70300E+02  0.78979E+00 -0.11902E-12
 0.70400E+02  0.78624E+00 -0.12727E-12
 0.70500E+02  0.78279E+00  0.15092E-12
 0.70600E+02  0.77945E+00 -0.70306E-12
 0.70700E+02  0.77621E+00  0.87808E-13
 0.70800E+02  0.77308E+00 -0.27300E-12
 0.70900E+02  0.77006E+00  0.13818E-12
 0.71000E+02  0.76715E+00  0.51601E-12
 0.71100E+02  0.76437E+00  0.45816E-12
 0.71200E+02  0.76170E+00  0.71376E-12
 0.71300E+02  0.75915E+00  0.48815E-12
 0.71400E+02  0.75672E+00  0.35844E-12
 0.71500E+02  0.75441E+00  0.73343E-12
 0.71600E+02  0.75223E+00  0.60601E-12
 0.71700E+02  0.75017E+00  0.43019E-12
 0.71800E+02  0.74825E+00  0.43357E-13
 0.71900E+02  0.74644E+00  0.30627E-12
 0.72000E+02  0.74477E+00  0.12592E-12
 0.72100E+02  0.74323E+00  0.27144E-12
 0.72200E+02  0.74181E+00  0.12693E-11
 0.72300E+02  0.74053E+00 -0.31431E-13
 0.72400E+02  0.73937E+00  0.10245E-12
 0.72500E+02  0.73835E+00 -0.93805E-13
 0.72600E+02  0.73746E+00  0.33512E-12
 0.72700E+02  0.73670E+00 -0.17893E-12
 0.72800E+02  0.73606E+00  0.61839E-12
 0.72900E+02  0.73556E+00 -0.40337E-12
 0.73000E+02  0.73519E+00  0.22731E-12
 0.73100E+02  0.73494E+00 -0.55623E-12
 0.73200E+02  0.73482E+00 -0.55229E-12
 0.73300E+02  0.73483E+00  0.10186E-12
 0.73400E+02  0.73497E+00 -0.93226E-13
 0.73500E+02  0.73523E+00  0.11365E-12
 0.73600E+02  0.73562E+00  0.79070E-12
 0.73700E+02  0.73613E+00 -0.30226E-12
 0.73800E+02  0.73676E+00 -0.92901E-13
 0.73900E+02  0.73751E+00 -0.11485E-12
 0.74000E+02  0.73839E+00  0.10924E-12
 0.74100E+02  0.73938E+00 -0.81480E-13
 0.74200E+02  0.74048E+00  0.22648E-14
 0.74300E+02  0.74170E+00 -0.24898E-12
 0.74400E+02  0.74304E+00  0.71743E-12
 0.74500E+02  0.74449E+00 -0.35573E-12
 0.74600E+02  0.74604E+00 -0.87006E-13
 0.74700E+02  0.74771E+00 -0.23728E-12
 0.74800E+02  0.74948E+00  0.11669E-12
 0.74900E+02  0.75136E+00  0.81805E-13
 0.75000E+02  0.75334E+00 -0.10322E-12
 0.75100E+02  0.75542E+00 -0.11264E-13
 0.75200E+02  0.75760E+00 -0.38486E-12
 0.75300E+02  0.75988E+00 -0.37052E-12
 0.75400E+02  0.76226E+00 -0.40417E-13
 0.75500E+02  0.76473E+00 -0.31515E-12
 0.75600E+02  0.76729E+00  0.48405E-12
 0.75700E+02  0.76994E+00  0.10253E-12
 0.75800E+02  0.77268E+00  0.98153E-12
 0.75900E+02  0.77551E+00 -0.24987E-12
 0.76000E+02  0.77843E+00  0.28074E-12
 0.76100E+02  0.78142E+00 -0.35559E-12
 0.76200E+02  0.78450E+00 -0.18525E-12
 0.76300E+02  0.78766E+00  0.29966E-12
 0.76400E+02  0.79089E+00 -0.60620E-13
 0.76500E+02  0.79420E+00  0.17795E-12
 0.76600E+02  0.79758E+00 -0.31171E-12
 0.76700E+02  0.80104E+00 -0.77706E-12
 0.76800E+02  0.80457E+00  0.10180E-12
 0.76900E+02  0.80817E+00  0.35455E-12
 0.77000E+02  0.81183E+00  0.35815E-12
 0.77100E+02  0.81556E+00  0.80932E-13
 0.77200E+02  0.81935E+00 -0.57275E-13
 0.77300E+02  0.82321E+00 -0.41865E-12
 0.77400E+02  0.82713E+00  0.22075E-12
 0.77500E+02  0.83111E+00  0.29406E-12
 0.77600E+02  0.83514E+00 -0.40363E-12
 0.77700E+02  0.83923E+00  0.86175E-12
 0.77800E+02  0.84338E+00  0.46319E-12
 0.77900E+02  0.84758E+00 -0.45443E-12
 0.78000E+02  0.85183E+00  0.32800E-12
 0.78100E+02  0.85613E+00 -0.24130E-12
 0.78200E+02  0.86048E+00  0.36973E-12
 0.78300E+02  0.86488E+00 -0.34744E-13
 0.78400E+02  0.86933E+00 -0.47135E-12
 0.78500E+02  0.87382E+00  0.51780E-13
 0.78600E+02  0.87836E+00  0.15642E-12
 0.78700E+02  0.88293E+00 -0.31145E-12
 0.78800E+02  0.88755E+00 -0.83226E-12
 0.78900E+02  0.89221E+00  0.27866E-12
 0.79000E+02  0.89691E+00 -0.97150E-12
 0.79100E+02  0.90165E+00 -0.15343E-12
 0.79200E+02  0.90642E+00 -0.22693E-12
 0.79300E+02  0.91122E+00  0.10346E-11
 0.79400E+02  0.91607E+00 -0.30491E-12
 0.79500E+02  0.92094E+00  0.46576E-12
 0.79600E+02  0.92584E+00 -0.96361E-13
 0.79700E+02  0.93078E+00 -0.26911E-12
 0.79800E+02  0.93575E+00  0.18711E-12
 0.79900E+02  0.94074E+00 -0.93831E-13
 0.80000E+02  0.94576E+00 -0.38670E-12
 0.80100E+02  0.95080E+00 -0.22371E-13
 0.80200E+02  0.95587E+00 -0.47138E-12
 0.80300E+02  0.96096E+00 -0.81288E-12
 0.80400E+02  0.96608E+00  0.23461E-12
 0.80500E+02  0.97121E+00  0.36948E-12
 0.80600E+02  0.97637E+00 -0.21097E-13
 0.80700E+02  0.98154E+00  0.47565E-12
 0.80800E+02  0.98673E+00  0.27176E-12
 0.80900E+02  0.99193E+00  0.79563E-12
 0.81000E+02  0.99715E+00 -0.32768E-12
 0.81100E+02  0.10024E+01 -0.79956E-12
 0.81200E+02  0.10076E+01 -0.12306E-11
 0.81300E+02  0.10129E+01 -0.67194E-12
 0.81400E+02  0.10181E+01 -0.19860E-12
 0.81500E+02  0.10234E+01 -0.50555E-12
 0.81600E+02  0.10287E+01 -0.58030E-12
 0.81700E+02  0.10340E+01  0.87757E-12
 0.81800E+02  0.10393E+01 -0.41992E-12
 0.81900E+02  0.10445E+01  0.41085E-12
 0.82000E+02  0.10498E+01  0.45735E-12
 0.82100E+02  0.10551E+01  0.47055E-12
 0.82200E+02  0.10604E+01 -0.23391E-12
 0.82300E+02  0.10657E+01 -0.40695E-12
 0.82400E+02  0.10709E+01 -0.66341E-12
 0.82500E+02  0.10762E+01  0.94900E-12
 0.82600E+02  0.10814E+01  0.31864E-12
 0.82700E+02  0.10867E+01  0.60202E-12
 0.82800E+02  0.10919E+01  0.32919E-12
 0.82900E+02  0.10971E+01  0.18791E-12
 0.83000E+02  0.11023E+01 -0.26044E-12
 0.83100E+02  0.11075E+01  0.23071E-12
 0.83200E+02  0.11127E+01 -0.42094E-12
 0.83300E+02  0.11178E+01 -0.15208E-12
 0.83400E+02  0.11229E+01 -0.56080E-12
 0.83500E+02  0.11280E+01 -0.48352E-12
 0.83600E+02  0.11330E+01 -0.54562E-13
 0.83700E+02  0.11381E+01  0.26869E-12
 0.83800E+02  0.11431E+01 -0.69096E-12
 0.83900E+02  0.11480E+01 -0.10656E-12
 0.84000E+02  0.11529E+01 -0.53512E-12
 0.84100E+02  0.11578E+01 -0.57128E-12
 0.84200E+02  0.11627E+01 -0.53173E-12
 0.84300E+02  0.11675E+01 -0.10184E-12
 0.84400E+02  0.11722E+01 -0.31312E-12
 0.84500E+02  0.11769E+01  0.81224E-13
 0.84600E+02  0.11816E+01 -0.30173E-12
 0.84700E+02  0.11862E+01  0.46996E-12
 0.84800E+02  0.11908E+01 -0.24444E-12
 0.84900E+02  0.11953E+01  0.59059E-12
 0.85000E+02  0.11997E+01 -0.26530E-13
 0.85100E+02  0.12041E+01 -0.28917E-13
 0.85200E+02  0.12084E+01  0.10445E-12
 0.85300E+02  0.12127E+01  0.42967E-12
 0.85400E+02  0.12169E+01 -0.55459E-12
 0.85500E+02  0.12210E+01  0.29745E-12
 0.85600E+02  0.12251E+01 -0.33821E-12
 0.85700E+02  0.12291E+01  0.41727E-12
 0.85800E+02  0.12330E+01  0.31331E-12
 0.85900E+02  0.12368E+01 -0.43339E-12
 0.86000E+02  0.12406E+01 -0.80716E-13
 0.86100E+02  0.12442E+01 -0.91996E-12
 0.86200E+02  0.12478E+01 -0.13529E-11
 0.86300E+02  0.12513E+01 -0.14753E-12
 0.86400E+02  0.12547E+01  0.33222E-12
 0.86500E+02  0.12581E+01 -0.11232E-12
 0.86600E+02  0.12613E+01 -0.23330E-12
 0.86700E+02  0.12645E+01  0.72066E-12
 0.86800E+02  0.12675E+01  0.22708E-12
 0.86900E+02  0.12705E+01  0.67865E-12
 0.87000E+02  0.12733E+01 -0.57949E-12
 0.87100E+02  0.12761E+01 -0.29398E-14
 0.87200E+02  0.12787E+01  0.92345E-12
 0.87300E+02  0.12813E+01 -0.11268E-12
 0.87400E+02  0.12838E+01  0.89329E-12
 0.87500E+02  0.12861E+01 -0.44809E-12
 0.87600E+02  0.12883E+01 -0.29639E-13
 0.87700E+02  0.12905E+01 -0.97119E-12
 0.87800E+02  0.12925E+01  0.18899E-14
 0.87900E+02  0.12944E+01  0.61147E-12
 0.88000E+02  0.12962E+01  0.38918E-12
 0.88100E+02  0.12979E+01 -0.10925E-11
 0.88200E+02  0.12995E+01 -0.30689E-12
 0.88300E+02  0.13009E+01 -0.54800E-12
 0.88400E+02  0.13023E+01 -0.24529E-12
 0.88500E+02  0.13035E+01  0.10749E-11
 0.88600E+02  0.13046E+01 -0.43267E-13
 0.88700E+02  0.13056E+01 -0.41305E-12
 0.88800E+02  0.13065E+01 -0.16440E-12
 0.88900E+02  0.13072E+01 -0.65575E-12
 0.89000E+02  0.13079E+01 -0.57610E-12
 0.89100E+02  0.13084E+01  0.51888E-12
 0.89200E+02  0.13088E+01  0.62526E-14
 0.89300E+02  0.13091E+01  0.14311E-12
 0.89400E+02  0.13092E+01 -0.77510E-12
 0.89500E+02  0.13093E+01 -0.53837E-12
 0.89600E+02  0.13092E+01 -0.75581E-12
 0.89700E+02  0.13090E+01 -0.30213E-13
 0.89800E+02  0.13087E+01 -0.36303E-12
 0.89900E+02  0.13082E+01  0.32331E-12
 0.90000E+02  0.13077E+01 -0.16110E-13
 0.90100E+02  0.13070E+01 -0.37568E-12
 0.90200E+02  0.13062E+01  0.51076E-14
 0.90300E+02  0.13053E+01  0.79083E-12
 0.90400E+02  0.13043E+01  0.53368E-12
 0.90500E+02  0.13031E+01 -0.27470E-12
 0.90600E+02  0.13019E+01 -0.59629E-12
 0.90700E+02  0.13005E+01  0.70744E-13
 0.90800E+02  0.12991E+01  0.18230E-13
 0.90900E+02  0.12975E+01  0.57043E-12
 0.91000E+02  0.12958E+01 -0.54600E-12
 0.91100E+02  0.12940E+01  0.44004E-12
 0.91200E+02  0.12921E+01  0.86297E-12
 0.91300E+02  0.12900E+01 -0.86886E-13
 0.91400E+02  0.12879E+01  0.52423E-12
 0.91500E+02  0.12857E+01 -0.22231E-12
 0.91600E+02  0.12834E+01 -0.30019E-12
 0.91700E+02  0.12810E+01 -0.50372E-12
 0.91800E+02  0.12785E+01  0.94642E-12
 0.91900E+02  0.12759E+01  0.82603E-13
 0.92000E+02  0.12731E+01 -0.10740E-12
 0.92100E+02  0.12704E+01  0.50486E-12
 0.92200E+02  0.12675E+01 -0.34280E-12
 0.92300E+02  0.12645E+01 -0.59239E-13
 0.92400E+02  0.12614E+01  0.38667E-12
 0.92500E+02  0.12583E+01 -0.25094E-12
 0.92600E+02  0.12551E+01  0.61390E-13
 0.92700E+02  0.12518E+01  0.57869E-12
 0.92800E+02  0.12484E+01  0.11691E-12
 0.92900E+02  0.12450E+01  0.51700E-12
 0.93000E+02  0.12414E+01  0.31366E-12
 0.93100E+02  0.12379E+01 -0.31394E-12
 0.93200E+02  0.12342E+01  0.10321E-11
 0.93300E+02  0.12305E+01  0.36955E-12
 0.93400E+02  0.12267E+01 -0.31621E-12
 0.93500E+02  0.12228E+01 -0.66996E-12
 0.93600E+02  0.12189E+01  0.13951E-12
 0.93700E+02  0.12150E+01  0.40709E-12
 0.93800E+02  0.12110E+01 -0.68076E-12
 0.93900E+02  0.12069E+01 -0.18025E-12
 0.94000E+02  0.12028E+01  0.52155E-12
 0.94100E+02  0.11986E+01 -0.27717E-12
 0.94200E+02  0.11944E+01 -0.27309E-12
 0.94300E+02  0.11902E+01 -0.14375E-12
 0.94400E+02  0.11859E+01 -0.27924E-12
 0.94500E+02  0.11815E+01 -0.28684E-12
 0.94600E+02  0.11772E+01 -0.12589E-12
 0.94700E+02  0.11728E+01 -0.15987E-12
 0.94800E+02  0.11684E+01 -0.46212E-12
 0.94900E+02  0.11639E+01 -0.18462E-12
 0.95000E+02  0.11595E+01  0.39749E-12
 0.95100E+02  0.11550E+01  0.90631E-12
 0.95200E+02  0.11504E+01  0.47689E-12
 0.95300E+02  0.11459E+01  0.27021E-12
 0.95400E+02  0.11413E+01  0.19357E-12
 0.95500E+02  0.11368E+01  0.10225E-12
 0.95600E+02  0.11322E+01  0.63689E-13
 0.95700E+02  0.11276E+01 -0.17673E-12
 0.95800E+02  0.11230E+01  0.16291E-12
 0.95900E+02  0.11184E+01 -0.23789E-12
 0.96000E+02  0.11138E+01  0.85295E-13
 0.96100E+02  0.11092E+01  0.23354E-12
 0.96200E+02  0.11046E+01 -0.76088E-12
 0.96300E+02  0.11000E+01  0.15537E-12
 0.96400E+02  0.10954E+01  0.20098E-12
 0.96500E+02  0.10908E+01  0.35751E-12
 0.96600E+02  0.10862E+01  0.17223E-12
 0.96700E+02  0.10816E+01  0.15989E-12
 0.96800E+02  0.10770E+01  0.28270E-12
 0.96900E+02  0.10724E+01  0.55968E-12
 0.97000E+02  0.10679E+01  0.37191E-12
 0.97100E+02  0.10634E+01 -0.47147E-12
 0.97200E+02  0.10588E+01 -0.71507E-13
 0.97300E+02  0.10543E+01 -0.19166E-12
 0.97400E+02  0.10499E+01  0.60507E-13
 0.97500E+02  0.10454E+01 -0.54860E-12
 0.97600E+02  0.10410E+01  0.39631E-12
 0.97700E+02  0.10366E+01  0.14615E-12
 0.97800E+02  0.10322E+01  0.77195E-13
 0.97900E+02  0.10278E+01 -0.20190E-12
 0.98000E+02  0.10235E+01  0.51251E-12
 0.98100E+02  0.10192E+01  0.10673E-12
 0.98200E+02  0.10149E+01  0.33846E-12
 0.98300E+02  0.10107E+01  0.28564E-12
 0.98400E+02  0.10065E+01 -0.72449E-13
 0.98500E+02  0.10023E+01 -0.14081E-12
 0.98600E+02  0.99816E+00 -0.51900E-12
 0.98700E+02  0.99406E+00  0.33895E-12
 0.98800E+02  0.98999E+00 -0.16487E-12
 0.98900E+02  0.98596E+00  0.27700E-12
 0.99000E+02  0.98196E+00 -0.23542E-12
 0.99100E+02  0.97801E+00  0.14717E-12
 0.99200E+02  0.97409E+00 -0.19061E-12
 0.99300E+02  0.97021E+00 -0.11037E-12
 0.99400E+02  0.96638E+00 -0.60148E-12
 0.99500E+02  0.96258E+00  0.90509E-13
 0.99600E+02  0.95883E+00 -0.27648E-13
 0.99700E+02  0.95512E+00 -0.11317E-12
 0.99800E+02  0.95145E+00 -0.32459E-12
 0.99900E+02  0.94782E+00 -0.27436E-12
 0.10000E+03  0.94424E+00 -0.57067E-12
 0.10010E+03  0.94070E+00  0.30081E-12
 0.10020E+03  0.93721E+00  0.84113E-13
 0.10030E+03  0.93376E+00  0.33266E-14
 0.10040E+03  0.93036E+00  0.28270E-12
 0.10050E+03  0.92700E+00 -0.47995E-12
 0.10060E+03  0.92369E+00  0.15730E-12
 0.10070E+03  0.92043E+00  0.13950E-12
 0.10080E+03  0.91721E+00  0.68993E-13
 0.10090E+03  0.91404E+00 -0.25846E-12
 0.10100E+03  0.91092E+00 -0.20270E-12
 0.10110E+03  0.90784E+00  0.13901E-12
 0.10120E+03  0.90481E+00  0.20616E-12
 0.10130E+03  0.90183E+00 -0.30905E-13
 0.10140E+03  0.89889E+00 -0.71583E-13
 0.10150E+03  0.89600E+00 -0.15600E-12
 0.10160E+03  0.89316E+00  0.15403E-12
 0.10170E+03  0.89037E+00  0.13095E-12
 0.10180E+03  0.88762E+00  0.45474E-13
 0.10190E+03  0.88493E+00  0.46043E-12
 0.10200E+03  0.88227E+00  0.24715E-12
 0.10210E+03  0.87967E+00 -0.28221E-12
 0.10220E+03  0.87712E+00 -0.38058E-12
 0.10230E+03  0.87461E+00  0.14536E-12
 0.10240E+03  0.87215E+00  0.57373E-13
 0.10250E+03  0.86973E+00 -0.20887E-12
 0.10260E+03  0.86737E+00 -0.12228E-12
 0.10270E+03  0.86505E+00 -0.23870E-12
 0.10280E+03  0.86277E+00  0.75136E-13
 0.10290E+03  0.86055E+00  0.12956E-12
 0.10300E+03  0.85837E+00 -0.15837E-12
 0.10310E+03  0.85623E+00 -0.13881E-12
 0.10320E+03  0.85414E+00  0.10297E-12
 0.10330E+03  0.85210E+00  0.19691E-13
 0.10340E+03  0.85010E+00  0.13669E-13
 0.10350E+03  0.84815E+00 -0.86701E-13
 0.10360E+03  0.84625E+00 -0.57490E-13
 0.10370E+03  0.84439E+00 -0.30196E-12
 0.10380E+03  0.84257E+00 -0.20424E-13
 0.10390E+03  0.84080E+00  0.71374E-13
 0.10400E+03  0.83907E+00  0.84076E-13
 0.10410E+03  0.83739E+00 -0.23200E-12
 0.10420E+03  0.83575E+00 -0.61991E-13
 0.10430E+03  0.83415E+00 -0.77775E-13
 0.10440E+03  0.83259E+00  0.46797E-12
 0.10450E+03  0.83108E+00  0.11351E-12
 0.10460E+03  0.82961E+00  0.32000E-13
 0.10470E+03  0.82819E+00  0.39889E-14
 0.10480E+03  0.82680E+00 -0.23648E-12
 0.10490E+03  0.82546E+00 -0.41509E-13
 0.10500E+03  0.82416E+00  0.39035E-13
 0.10510E+03  0.82289E+00 -0.23230E-12
 0.10520E+03  0.82167E+00 -0.70253E-14
 0.10530E+03  0.82049E+00 -0.61163E-13
 0.10540E+03  0.81935E+00 -0.26883E-12
 0.10550E+03  0.81825E+00 -0.15420E-12
 0.10560E+03  0.81719E+00 -0.20748E-12
 0.10570E+03  0.81617E+00 -0.83631E-13
 0.10580E+03  0.81518E+00 -0.11911E-12
 0.10590E+03  0.81424E+00 -0.14173E-12
 0.10600E+03  0.81333E+00 -0.28923E-12
 0.10610E+03  0.81246E+00  0.14751E-12
 0.10620E+03  0.81163E+00  0.20454E-12
 0.10630E+03  0.81083E+00  0.77049E-14
 0.10640E+03  0.81007E+00 -0.16928E-12
 0.10650E+03  0.80935E+00 -0.41482E-14
 0.10660E+03  0.80866E+00  0.20035E-12
 0.10670E+03  0.80801E+00  0.13917E-12
 0.10680E+03  0.80739E+00 -0.17054E-12
 0.10690E+03  0.80681E+00 -0.15474E-12
 0.10700E+03  0.80626E+00 -0.68541E-13
 0.10710E+03  0.80575E+00 -0.43140E-13
 0.10720E+03  0.80527E+00  0.16114E-13
 0.10730E+03  0.80482E+00 -0.99727E-13
 0.10740E+03  0.80441E+00  0.47367E-13
 0.10750E+03  0.80403E+00 -0.88518E-13
 0.10760E+03  0.80369E+00 -0.86548E-13
 0.10770E+03  0.80337E+00  0.37609E-14
 0.10780E+03  0.80309E+00 -0.10131E-12
 0.10790E+03  0.80284E+00  0.47102E-13
 0.10800E+03  0.80262E+00  0.20386E-12
 0.10810E+03  0.80243E+00  0.12170E-13
 0.10820E+03  0.80227E+00  0.12782E-12
 0.10830E+03  0.80214E+00  0.17764E-12
 0.10840E+03  0.80205E+00  0.21005E-12
 0.10850E+03  0.80198E+00 -0.19981E-12
 0.10860E+03  0.80194E+00 -0.15980E-13
 0.10870E+03  0.80193E+00 -0.38987E-12
 0.10880E+03  0.80195E+00 -0.24260E-12
 0.10890E+03  0.80200E+00  0.44042E-13
 0.10900E+03  0.80207E+00  0.17452E-12
 0.10910E+03  0.80218E+00  0.79797E-13
 0.10920E+03  0.80231E+00 -0.21013E-13
 0.10930E+03  0.80247E+00 -0.28991E-12
 0.10940E+03  0.80265E+00  0.10818E-12
 0.10950E+03  0.80287E+00 -0.12172E-12
 0.10960E+03  0.80310E+00  0.75250E-14
 0.10970E+03  0.80337E+00  0.62539E-13
 0.10980E+03  0.80366E+00 -0.16023E-12
 0.10990E+03  0.80398E+00 -0.12210E-12
 0.11000E+03  0.80432E+00 -0.26450E-13
 0.11010E+03  0.80468E+00 -0.40958E-13
 0.11020E+03  0.80507E+00  0.25938E-12
 0.11030E+03  0.80549E+00  0.54501E-13
 0.11040E+03  0.80593E+00 -0.22752E-13
 0.11050E+03  0.80639E+00 -0.37434E-13
 0.11060E+03  0.80688E+00 -0.29934E-14
 0.11070E+03  0.80739E+00 -0.50009E-13
 0.11080E+03  0.80792E+00  0.67802E-13
 0.11090E+03  0.80847E+00 -0.31080E-13
 0.11100E+03  0.80905E+00  0.18795E-12
 0.11110E+03  0.80965E+00 -0.10426E-13
 0.11120E+03  0.81027E+00 -0.18970E-12
 0.11130E+03  0.81092E+00 -0.58755E-13
 0.11140E+03  0.81158E+00 -0.19701E-13
 0.11150E+03  0.81227E+00  0.37463E-13
 0.11160E+03  0.81297E+00  0.14874E-12
 0.11170E+03  0.81370E+00  0.11299E-12
 0.11180E+03  0.81445E+00  0.42568E-13
 0.11190E+03  0.81522E+00 -0.54250E-13
 0.11200E+03  0.81600E+00  0.93062E-13
 0.11210E+03  0.81681E+00  0.22471E-12
 0.11220E+03  0.81764E+00  0.83293E-13
 0.11230E+03  0.81848E+00  0.10312E-12
 0.11240E+03  0.81935E+00  0.72076E-13
 0.11250E+03  0.82023E+00  0.19054E-12
 0.11260E+03  0.82113E+00 -0.12169E-12
 0.11270E+03  0.82205E+00 -0.86102E-13
 0.11280E+03  0.82298E+00 -0.10297E-12
 0.11290E+03  0.82394E+00  0.71670E-13
 0.11300E+03  0.82491E+00 -0.98941E-13
 0.11310E+03  0.82590E+00  0.63197E-13
 0.11320E+03  0.82690E+00 -0.10165E-13
 0.11330E+03  0.82793E+00  0.58539E-13
 0.11340E+03  0.82897E+00  0.45038E-13
 0.11350E+03  0.83002E+00  0.13518E-13
 0.11360E+03  0.83109E+00  0.23507E-12
 0.11370E+03  0.83218E+00 -0.89441E-13
 0.11380E+03  0.83328E+00  0.16854E-13
 0.11390E+03  0.83439E+00  0.16194E-12
 0.11400E+03  0.83553E+00 -0.29517E-13
 0.11410E+03  0.83667E+00 -0.26248E-13
 0.11420E+03  0.83783E+00 -0.70963E-13
 0.11430E+03  0.83901E+00  0.35636E-13
 0.11440E+03  0.84019E+00 -0.26739E-13
 0.11450E+03  0.84140E+00 -0.11036E-13
 0.11460E+03  0.84261E+00  0.22071E-13
 0.11470E+03  0.84384E+00 -0.10143E-12
 0.11480E+03  0.84508E+00 -0.11908E-14
 0.11490E+03  0.84634E+00  0.21310E-13
 0.11500E+03  0.84760E+00  0.19177E-13
 0.11510E+03  0.84888E+00  0.43365E-13
 0.11520E+03  0.85017E+00  0.23487E-13
 0.11530E+03  0.85148E+00  0.10290E-13
 0.11540E+03  0.85279E+00 -0.21249E-13
 0.11550E+03  0.85412E+00  0.14056E-12
 0.11560E+03  0.85546E+00 -0.10285E-14
 0.11570E+03  0.85680E+00  0.66008E-14
 0.11580E+03  0.85816E+00 -0.15798E-12
 0.11590E+03  0.85953E+00  0.22362E-13
 0.11600E+03  0.86091E+00  0.27856E-13
 0.11610E+03  0.86230E+00 -0.13744E-13
 0.11620E+03  0.86370E+00  0.46948E-13
 0.11630E+03  0.86510E+00 -0.57801E-13
 0.11640E+03  0.86652E+00 -0.30073E-13
 0.11650E+03  0.86795E+00 -0.34196E-13
 0.11660E+03  0.86938E+00  0.32804E-13
 0.11670E+03  0.87083E+00 -0.81561E-13
 0.11680E+03  0.87228E+00  0.17009E-13
 0.11690E+03  0.87374E+00  0.40479E-13
 0.11700E+03  0.87520E+00  0.89810E-13
 0.11710E+03  0.87668E+00 -0.15815E-13
 0.11720E+03  0.87816E+00  0.96349E-13
 0.11730E+03  0.87965E+00  0.11763E-12
 0.11740E+03  0.88114E+00  0.29269E-14
 0.11750E+03  0.88264E+00 -0.38165E-13
 0.11760E+03  0.88415E+00 -0.40731E-13
 0.11770E+03  0.88567E+00  0.27572E-13
 0.11780E+03  0.88719E+00  0.86316E-13
 0.11790E+03  0.88871E+00 -0.15911E-13
 0.11800E+03  0.89024E+00  0.62807E-13
 0.11810E+03  0.89178E+00 -0.11808E-12
 0.11820E+03  0.89332E+00 -0.39620E-13
 0.11830E+03  0.89486E+00  0.82672E-13
 0.11840E+03  0.89641E+00  0.95995E-14
 0.11850E+03  0.89796E+00 -0.61735E-13
 0.11860E+03  0.89952E+00 -0.90708E-14
 0.11870E+03  0.90108E+00 -0.82786E-13
 0.11880E+03  0.90264E+00  0.61665E-13
 0.11890E+03  0.90421E+00 -0.12875E-12
 0.11900E+03  0.90578E+00 -0.17836E-12
 0.11910E+03  0.90735E+00  0.14523E-13
 0.11920E+03  0.90892E+00 -0.14535E-12
 0.11930E+03  0.91050E+00  0.80473E-13
 0.11940E+03  0.91208E+00  0.66861E-13
 0.11950E+03  0.91365E+00  0.38614E-13
 0.11960E+03  0.91523E+00 -0.46871E-13
 0.11970E+03  0.91681E+00 -0.10330E-12
 0.11980E+03  0.91839E+00 -0.14876E-12
 0.11990E+03  0.91998E+00  0.23903E-13
 0.12000E+03  0.92156E+00  0.10092E-12
 0.12010E+03  0.92314E+00 -0.18116E-13
 0.12020E+03  0.92472E+00 -0.10926E-12
 0.12030E+03  0.92630E+00 -0.24392E-13
 0.12040E+03  0.92788E+00  0.33640E-13
 0.12050E+03  0.92946E+00 -0.91795E-13
 0.12060E+03  0.93104E+00  0.38410E-13
 0.12070E+03  0.93261E+00 -0.33310E-13
 0.12080E+03  0.93418E+00 -0.12017E-12
 0.12090E+03  0.93575E+00  0.31811E-14
 0.12100E+03  0.93732E+00 -0.79669E-13
 0.12110E+03  0.93889E+00 -0.11933E-12
 0.12120E+03  0.94045E+00  0.33237E-13
 0.12130E+03  0.94201E+00  0.10022E-12
 0.12140E+03  0.94356E+00  0.18362E-13
 0.12150E+03  0.94512E+00  0.10942E-13
 0.12160E+03  0.94666E+00  0.80176E-14
 0.12170E+03  0.94821E+00  0.12355E-12
 0.12180E+03  0.94975E+00  0.65657E-14
 0.12190E+03  0.95128E+00  0.10685E-13
 0.12200E+03  0.95281E+00 -0.26023E-13
 0.12210E+03  0.95433E+00  0.10977E-12
 0.12220E+03  0.95585E+00  0.15264E-12
 0.12230E+03  0.95736E+00 -0.88390E-13
 0.12240E+03  0.95887E+00  0.10682E-13
 0.12250E+03  0.96036E+00 -0.16986E-12
 0.12260E+03  0.96186E+00 -0.47814E-13
 0.12270E+03  0.96334E+00 -0.39839E-13
 0.12280E+03  0.96482E+00  0.17437E-12
 0.12290E+03  0.96629E+00 -0.77521E-13
 0.12300E+03  0.96775E+00 -0.68298E-13
 0.12310E+03  0.96921E+00 -0.58531E-14
 0.12320E+03  0.97066E+00  0.49664E-13
 0.12330E+03  0.97209E+00  0.75292E-13
 0.12340E+03  0.97352E+00  0.75750E-13
 0.12350E+03  0.97495E+00  0.72146E-13
 0.12360E+03  0.97636E+00  0.13026E-12
 0.12370E+03  0.97776E+00 -0.86370E-14
 0.12380E+03  0.97915E+00  0.43518E-13
 0.12390E+03  0.98054E+00  0.69370E-13
 0.12400E+03  0.98191E+00  0.24314E-13
 0.12410E+03  0.98327E+00  0.50922E-13
 0.12420E+03  0.98462E+00  0.74532E-13
 0.12430E+03  0.98597E+00 -0.12026E-12
 0.12440E+03  0.98730E+00 -0.15887E-14
 0.12450E+03  0.98862E+00  0.22931E-13
 0.12460E+03  0.98992E+00  0.10334E-12
 0.12470E+03  0.99122E+00 -0.12469E-12
 0.12480E+03  0.99250E+00  0.17336E-13
 0.12490E+03  0.99378E+00 -0.59850E-14
 0.12500E+03  0.99504E+00 -0.54427E-13
 0.12510E+03  0.99629E+00 -0.12927E-12
 0.12520E+03  0.99752E+00 -0.12423E-13
 0.12530E+03  0.99874E+00  0.48701E-13
 0.12540E+03  0.99995E+00 -0.64909E-13
 0.12550E+03  0.10012E+01  0.17766E-13
 0.12560E+03  0.10023E+01  0.61050E-13
 0.12570E+03  0.10035E+01  0.33032E-13
 0.12580E+03  0.10047E+01 -0.65896E-13
 0.12590E+03  0.10058E+01  0.60210E-14
 0.12600E+03  0.10069E+01 -0.70725E-13
 0.12610E+03  0.10080E+01  0.20687E-13
 0.12620E+03  0.10091E+01  0.16072E-13
 0.12630E+03  0.10102E+01  0.58525E-13
 0.12640E+03  0.10113E+01  0.19244E-13
 0.12650E+03  0.10124E+01 -0.75285E-13
 0.12660E+03  0.10134E+01 -0.99248E-13
 0.12670E+03  0.10144E+01  0.22079E-13
 0.12680E+03  0.10154E+01  0.15079E-13
 0.12690E+03  0.10164E+01 -0.80509E-13
 0.12700E+03  0.10174E+01 -0.86225E-14
 0.12710E+03  0.10184E+01 -0.38030E-14
 0.12720E+03  0.10193E+01  0.32063E-14
 0.12730E+03  0.10203E+01 -0.58993E-13
 0.12740E+03  0.10212E+01  0.78090E-13
 0.12750E+03  0.10221E+01 -0.69644E-13
 0.12760E+03  0.10230E+01 -0.74665E-13
 0.12770E+03  0.10238E+01 -0.69165E-13
 0.12780E+03  0.10247E+01  0.56242E-13
 0.12790E+03  0.10255E+01  0.14530E-13
 0.12800E+03  0.10263E+01  0.84167E-14
 0.12810E+03  0.10271E+01 -0.99749E-14
 0.12820E+03  0.10279E+01 -0.68195E-13
 0.12830E+03  0.10287E+01  0.59988E-13
 0.12840E+03  0.10295E+01 -0.13965E-14
 0.12850E+03  0.10302E+01 -0.66694E-13
 0.12860E+03  0.10309E+01 -0.13678E-13
 0.12870E+03  0.10316E+01 -0.18076E-14
 0.12880E+03  0.10323E+01 -0.38131E-13
 0.12890E+03  0.10330E+01  0.67580E-14
 0.12900E+03  0.10336E+01  0.16737E-14
 0.12910E+03  0.10343E+01 -0.24349E-13
 0.12920E+03  0.10349E+01 -0.18076E-13
 0.12930E+03  0.10355E+01 -0.26490E-13
 0.12940E+03  0.10361E+01  0.12725E-13
 0.12950E+03  0.10367E+01 -0.11742E-14
 0.12960E+03  0.10372E+01  0.57936E-13
 0.12970E+03  0.10378E+01 -0.12904E-14
 0.12980E+03  0.10383E+01 -0.39642E-13
 0.12990E+03  0.10388E+01  0.13325E-13
 0.13000E+03  0.10393E+01  0.14340E-14
 0.13010E+03  0.10397E+01 -0.28840E-13
 0.13020E+03  0.10402E+01  0.23432E-13
 0.13030E+03  0.10406E+01 -0.23591E-14
 0.13040E+03  0.10411E+01  0.29621E-15
 0.13050E+03  0.10415E+01 -0.77659E-13
 0.13060E+03  0.10418E+01  0.13618E-13
 0.13070E+03  0.10422E+01  0.27760E-13
 0.13080E+03  0.10426E+01  0.65239E-13
 0.13090E+03  0.10429E+01  0.85552E-14
 0.13100E+03  0.10432E+01  0.39744E-13
 0.13110E+03  0.10435E+01 -0.29582E-13
 0.13120E+03  0.10438E+01 -0.13524E-14
 0.13130E+03  0.10441E+01  0.26414E-13
 0.13140E+03  0.10444E+01  0.11502E-12
 0.13150E+03  0.10446E+01 -0.30944E-13
 0.13160E+03  0.10448E+01  0.32448E-13
 0.13170E+03  0.10451E+01 -0.36297E-13
 0.13180E+03  0.10453E+01 -0.69586E-14
 0.13190E+03  0.10454E+01 -0.59903E-13
 0.13200E+03  0.10456E+01  0.96691E-14
 0.13210E+03  0.10457E+01 -0.11998E-13
 0.13220E+03  0.10459E+01  0.30242E-13
 0.13230E+03  0.10460E+01 -0.21214E-13
 0.13240E+03  0.10461E+01  0.44436E-13
 0.13250E+03  0.10462E+01 -0.34021E-13
 0.13260E+03  0.10463E+01  0.18941E-13
 0.13270E+03  0.10463E+01 -0.22493E-13
 0.13280E+03  0.10464E+01 -0.20090E-13
 0.13290E+03  0.10464E+01  0.39967E-13
 0.13300E+03  0.10464E+01 -0.27048E-13
 0.13310E+03  0.10465E+01  0.45114E-13
 0.13320E+03  0.10464E+01  0.13213E-13
 0.13330E+03  0.10464E+01  0.43690E-13
 0.13340E+03  0.10464E+01 -0.55658E-14
 0.13350E+03  0.10463E+01 -0.42922E-13
 0.13360E+03  0.10463E+01 -0.18105E-13
 0.13370E+03  0.10462E+01 -0.29565E-13
 0.13380E+03  0.10461E+01  0.38736E-13
 0.13390E+03  0.10460E+01  0.35432E-13
 0.13400E+03  0.10459E+01  0.35457E-14
 0.13410E+03  0.10458E+01 -0.26416E-14
 0.13420E+03  0.10456E+01 -0.34131E-13
 0.13430E+03  0.10455E+01 -0.20709E-13
 0.13440E+03  0.10453E+01 -0.39951E-13
 0.13450E+03  0.10452E+01  0.26554E-13
 0.13460E+03  0.10450E+01 -0.24577E-14
 0.13470E+03  0.10448E+01 -0.87389E-14
 0.13480E+03  0.10446E+01  0.34617E-13
 0.13490E+03  0.10444E+01 -0.34045E-14
 0.13500E+03  0.10441E+01 -0.16439E-13
 0.13510E+03  0.10439E+01  0.68128E-14
 0.13520E+03  0.10436E+01 -0.14682E-13
 0.13530E+03  0.10434E+01 -0.78705E-13
 0.13540E+03  0.10431E+01 -0.14406E-13
 0.13550E+03  0.10428E+01  0.41834E-13
 0.13560E+03  0.10425E+01  0.28209E-13
 0.13570E+03  0.10422E+01 -0.13577E-13
 0.13580E+03  0.10419E+01  0.49267E-13
 0.13590E+03  0.10416E+01  0.14110E-13
 0.13600E+03  0.10413E+01  0.40593E-15
 0.13610E+03  0.10410E+01 -0.57770E-14
 0.13620E+03  0.10406E+01 -0.36305E-13
 0.13630E+03  0.10403E+01  0.21735E-13
 0.13640E+03  0.10399E+01  0.14956E-14
 0.13650E+03  0.10395E+01  0.20988E-14
 0.13660E+03  0.10391E+01  0.25606E-13
 0.13670E+03  0.10388E+01  0.75422E-14
 0.13680E+03  0.10384E+01  0.13149E-13
 0.13690E+03  0.10380E+01 -0.41638E-13
 0.13700E+03  0.10375E+01  0.32329E-13
 0.13710E+03  0.10371E+01 -0.11385E-13
 0.13720E+03  0.10367E+01  0.15993E-13
 0.13730E+03  0.10363E+01 -0.12525E-13
 0.13740E+03  0.10358E+01 -0.81810E-14
 0.13750E+03  0.10354E+01 -0.53644E-13
 0.13760E+03  0.10349E+01  0.10174E-13
 0.13770E+03  0.10345E+01  0.25765E-13
 0.13780E+03  0.10340E+01  0.95930E-15
 0.13790E+03  0.10335E+01  0.13825E-13
 0.13800E+03  0.10331E+01  0.49858E-13
 0.13810E+03  0.10326E+01  0.13572E-13
 0.13820E+03  0.10321E+01 -0.12946E-13
 0.13830E+03  0.10316E+01 -0.18210E-13
 0.13840E+03  0.10311E+01 -0.87948E-14
 0.13850E+03  0.10306E+01  0.17057E-13
 0.13860E+03  0.10301E+01  0.40075E-14
 0.13870E+03  0.10296E+01 -0.23389E-13
 0.13880E+03  0.10290E+01 -0.60736E-14
 0.13890E+03  0.10285E+01  0.12903E-13
 0.13900E+03  0.10280E+01  0.73907E-14
 0.13910E+03  0.10275E+01  0.40118E-14
 0.13920E+03  0.10269E+01 -0.11003E-13
 0.13930E+03  0.10264E+01  0.57910E-14
 0.13940E+03  0.10258E+01  0.11474E-13
 0.13950E+03  0.10253E+01  0.46278E-14
 0.13960E+03  0.10247E+01 -0.17512E-14
 0.13970E+03  0.10242E+01  0.28071E-13
 0.13980E+03  0.10236E+01  0.49270E-14
 0.13990E+03  0.10231E+01 -0.34352E-13
 0.14000E+03  0.10225E+01 -0.13361E-13
 0.14010E+03  0.10219E+01  0.53546E-14
 0.14020E+03  0.10214E+01 -0.15512E-14
 0.14030E+03  0.10208E+01 -0.20584E-13
 0.14040E+03  0.10202E+01  0.41428E-14
 0.14050E+03  0.10197E+01  0.38503E-14
 0.14060E+03  0.10191E+01  0.58146E-13
 0.14070E+03  0.10185E+01  0.19613E-13
 0.14080E+03  0.10179E+01  0.18076E-13
 0.14090E+03  0.10173E+01  0.25417E-13
 0.14100E+03  0.10167E+01 -0.27933E-13
 0.14110E+03  0.10162E+01  0.16128E-13
 0.14120E+03  0.10156E+01  0.36710E-13
 0.14130E+03  0.10150E+01 -0.21516E-13
 0.14140E+03  0.10144E+01  0.13020E-13
 0.14150E+03  0.10138E+01  0.12714E-13
 0.14160E+03  0.10132E+01 -0.50961E-14
 0.14170E+03  0.10126E+01 -0.35718E-13
 0.14180E+03  0.10120E+01  0.21401E-13
 0.14190E+03  0.10114E+01 -0.12663E-13
 0.14200E+03  0.10108E+01 -0.10464E-13
 0.14210E+03  0.10102E+01 -0.40147E-14
 0.14220E+03  0.10096E+01  0.30111E-14
 0.14230E+03  0.10090E+01  0.27298E-13
 0.14240E+03  0.10084E+01 -0.12342E-13
 0.14250E+03  0.10078E+01  0.12614E-13
 0.14260E+03  0.10072E+01 -0.75505E-14
 0.14270E+03  0.10066E+01 -0.11876E-13
 0.14280E+03  0.10060E+01 -0.47268E-14
 0.14290E+03  0.10054E+01 -0.10789E-14
 0.14300E+03  0.10048E+01  0.42658E-14
 0.14310E+03  0.10042E+01  0.15997E-13
 0.14320E+03  0.10036E+01  0.21633E-14
 0.14330E+03  0.10030E+01 -0.15074E-13
 0.14340E+03  0.10024E+01  0.14232E-13
 0.14350E+03  0.10019E+01  0.21609E-14
 0.14360E+03  0.10013E+01  0.46763E-14
 0.14370E+03  0.10007E+01 -0.83516E-14
 0.14380E+03  0.10001E+01  0.53832E-15
 0.14390E+03  0.99949E+00  0.11181E-13
 0.14400E+03  0.99890E+00 -0.70066E-14
 0.14410E+03  0.99832E+00 -0.11930E-14
 0.14420E+03  0.99773E+00  0.11151E-13
 0.14430E+03  0.99715E+00  0.18672E-13
 0.14440E+03  0.99657E+00 -0.10336E-13
 0.14450E+03  0.99599E+00 -0.15021E-13
 0.14460E+03  0.99541E+00 -0.10333E-13
 0.14470E+03  0.99483E+00 -0.19637E-13
 0.14480E+03  0.99426E+00 -0.11167E-13
 0.14490E+03  0.99369E+00  0.11006E-13
 0.14500E+03  0.99312E+00 -0.14933E-13
 0.14510E+03  0.99255E+00  0.27270E-14
 0.14520E+03  0.99198E+00  0.46746E-14
 0.14530E+03  0.99142E+00 -0.11414E-13
 0.14540E+03  0.99086E+00 -0.11075E-13
 0.14550E+03  0.99030E+00  0.13577E-13
 0.14560E+03  0.98975E+00  0.37914E-14
 0.14570E+03  0.98919E+00 -0.13499E-13
 0.14580E+03  0.98864E+00  0.78160E-14
 0.14590E+03  0.98810E+00 -0.65522E-14
 0.14600E+03  0.98755E+00 -0.34398E-14
 0.14610E+03  0.98701E+00  0.68390E-14
 0.14620E+03  0.98647E+00 -0.72887E-14
 0.14630E+03  0.98594E+00 -0.19431E-13
 0.14640E+03  0.98541E+00 -0.62784E-14
 0.14650E+03  0.98488E+00 -0.12940E-14
 0.14660E+03  0.98435E+00  0.10120E-13
 0.14670E+03  0.98383E+00  0.17112E-14
 0.14680E+03  0.98331E+00  0.12246E-13
 0.14690E+03  0.98280E+00  0.66233E-14
 0.14700E+03  0.98229E+00 -0.51845E-14
 0.14710E+03  0.98178E+00 -0.17203E-13
 0.14720E+03  0.98128E+00 -0.42569E-14
 0.14730E+03  0.98078E+00 -0.16153E-14
 0.14740E+03  0.98028E+00 -0.98381E-14
 0.14750E+03  0.97979E+00 -0.13846E-14
 0.14760E+03  0.97930E+00  0.13865E-13
 0.14770E+03  0.97881E+00  0.12032E-13
 0.14780E+03  0.97833E+00  0.10805E-13
 0.14790E+03  0.97786E+00 -0.23604E-13
 0.14800E+03  0.97739E+00  0.42337E-14
 0.14810E+03  0.97692E+00 -0.57529E-15
 0.14820E+03  0.97645E+00  0.35246E-14
 0.14830E+03  0.97599E+00 -0.45210E-14
 0.14840E+03  0.97554E+00 -0.13252E-13
 0.14850E+03  0.97509E+00  0.21095E-13
 0.14860E+03  0.97464E+00 -0.27926E-14
 0.14870E+03  0.97420E+00  0.11912E-13
 0.14880E+03  0.97376E+00 -0.95488E-14
 0.14890E+03  0.97333E+00 -0.62917E-14
 0.14900E+03  0.97290E+00 -0.25947E-14
 0.14910E+03  0.97248E+00  0.45674E-14
 0.14920E+03  0.97206E+00  0.10064E-13
 0.14930E+03  0.97165E+00  0.77153E-14
 0.14940E+03  0.97124E+00  0.95204E-14
 0.14950E+03  0.97084E+00 -0.20418E-13
 0.14960E+03  0.97044E+00  0.53407E-14
 0.14970E+03  0.97004E+00 -0.12406E-13
 0.14980E+03  0.96965E+00  0.16558E-13
 0.14990E+03  0.96927E+00 -0.89603E-14
 0.15000E+03  0.96889E+00 -0.10195E-13
 0.15010E+03  0.96852E+00  0.12222E-13
 0.15020E+03  0.96815E+00  0.11725E-13
 0.15030E+03  0.96779E+00 -0.24638E-13
 0.15040E+03  0.96743E+00  0.55310E-14
 0.15050E+03  0.96708E+00  0.39167E-14
 0.15060E+03  0.96673E+00 -0.19949E-13
 0.15070E+03  0.96639E+00  0.42715E-14
 0.15080E+03  0.96605E+00 -0.20793E-14
 0.15090E+03  0.96572E+00  0.17817E-13
 0.15100E+03  0.96540E+00  0.18057E-13
 0.15110E+03  0.96508E+00  0.40564E-15
 0.15120E+03  0.96476E+00 -0.76280E-14
 0.15130E+03  0.96445E+00 -0.16251E-13
 0.15140E+03  0.96415E+00  0.12611E-13
 0.15150E+03  0.96385E+00  0.23667E-14
 0.15160E+03  0.96356E+00  0.20653E-14
 0.15170E+03  0.96327E+00  0.20101E-14
 0.15180E+03  0.96299E+00  0.11853E-13
 0.15190E+03  0.96272E+00 -0.11688E-13
 0.15200E+03  0.96245E+00  0.18201E-14
 0.15210E+03  0.96219E+00  0.37277E-14
 0.15220E+03  0.96193E+00  0.68426E-14
 0.15230E+03  0.96168E+00 -0.57715E-15
 0.15240E+03  0.96143E+00  0.16465E-16
 0.15250E+03  0.96119E+00 -0.36894E-14
 0.15260E+03  0.96095E+00 -0.12497E-13
 0.15270E+03  0.96073E+00  0.55802E-14
 0.15280E+03  0.96050E+00 -0.59446E-14
 0.15290E+03  0.96029E+00 -0.18682E-14
 0.15300E+03  0.96008E+00 -0.12254E-13
 0.15310E+03  0.95987E+00 -0.32090E-14
 0.15320E+03  0.95967E+00 -0.52242E-14
 0.15330E+03  0.95948E+00 -0.50405E-14
 0.15340E+03  0.95929E+00 -0.47546E-14
 0.15350E+03  0.95911E+00  0.14124E-13
 0.15360E+03  0.95893E+00  0.60112E-14
 0.15370E+03  0.95876E+00  0.15167E-14
 0.15380E+03  0.95860E+00 -0.15760E-13
 0.15390E+03  0.95844E+00 -0.40524E-15
 0.15400E+03  0.95829E+00  0.10051E-13
 0.15410E+03  0.95814E+00 -0.19876E-14
 0.15420E+03  0.95800E+00 -0.16620E-13
 0.15430E+03  0.95787E+00  0.23783E-13
 0.15440E+03  0.95774E+00  0.17375E-13
 0.15450E+03  0.95762E+00 -0.37493E-14
 0.15460E+03  0.95750E+00  0.23608E-14
 0.15470E+03  0.95739E+00 -0.91173E-14
 0.15480E+03  0.95728E+00  0.25171E-14
 0.15490E+03  0.95719E+00  0.13184E-13
 0.15500E+03  0.95709E+00 -0.67560E-14
 0.15510E+03  0.95700E+00  0.17605E-13
 0.15520E+03  0.95692E+00 -0.43832E-14
 0.15530E+03  0.95685E+00  0.92716E-14
 0.15540E+03  0.95678E+00  0.16428E-13
 0.15550E+03  0.95671E+00 -0.62552E-14
 0.15560E+03  0.95665E+00 -0.26759E-14
 0.15570E+03  0.95660E+00  0.66315E-14
 0.15580E+03  0.95655E+00  0.12375E-13
 0.15590E+03  0.95651E+00  0.88873E-14
 0.15600E+03  0.95648E+00 -0.79574E-14
 0.15610E+03  0.95645E+00 -0.65957E-14
 0.15620E+03  0.95642E+00  0.25328E-14
 0.15630E+03  0.95640E+00 -0.10147E-13
 0.15640E+03  0.95639E+00  0.11487E-13
 0.15650E+03  0.95638E+00 -0.11356E-13
 0.15660E+03  0.95638E+00 -0.17381E-14
 0.15670E+03  0.95638E+00 -0.52797E-14
 0.15680E+03  0.95639E+00  0.22625E-14
 0.15690E+03  0.95641E+00 -0.69470E-14
 0.15700E+03  0.95642E+00  0.42236E-14
 0.15710E+03  0.95645E+00 -0.43711E-14
 0.15720E+03  0.95648E+00  0.30406E-14
 0.15730E+03  0.95651E+00 -0.50234E-15
 0.15740E+03  0.95656E+00  0.28571E-14
 0.15750E+03  0.95660E+00 -0.54142E-14
 0.15760E+03  0.95665E+00  0.94273E-15
 0.15770E+03  0.95671E+00  0.97820E-15
 0.15780E+03  0.95677E+00 -0.14636E-13
 0.15790E+03  0.95684E+00 -0.28326E-14
 0.15800E+03  0.95691E+00  0.41487E-14
 0.15810E+03  0.95698E+00  0.99026E-14
 0.15820E+03  0.95707E+00 -0.57245E-14
 0.15830E+03  0.95715E+00  0.78920E-14
 0.15840E+03  0.95724E+00  0.87038E-14
 0.15850E+03  0.95734E+00  0.65428E-14
 0.15860E+03  0.95744E+00 -0.14384E-13
 0.15870E+03  0.95755E+00  0.15860E-13
 0.15880E+03  0.95766E+00 -0.21875E-13
 0.15890E+03  0.95777E+00 -0.98727E-14
 0.15900E+03  0.95789E+00 -0.11607E-13
 0.15910E+03  0.95802E+00 -0.13504E-14
 0.15920E+03  0.95814E+00  0.11307E-14
 0.15930E+03  0.95828E+00 -0.14242E-13
 0.15940E+03  0.95842E+00 -0.97177E-14
 0.15950E+03  0.95856E+00 -0.85835E-14
 0.15960E+03  0.95870E+00  0.37913E-15
 0.15970E+03  0.95886E+00  0.64948E-14
 0.15980E+03  0.95901E+00  0.33293E-14
 0.15990E+03  0.95917E+00 -0.13619E-13
 0.16000E+03  0.95933E+00  0.48300E-14
 0.16010E+03  0.95950E+00 -0.53642E-15
 0.16020E+03  0.95967E+00 -0.81705E-14
 0.16030E+03  0.95985E+00  0.21868E-14
 0.16040E+03  0.96003E+00 -0.63330E-15
 0.16050E+03  0.96021E+00 -0.81297E-14
 0.16060E+03  0.96040E+00  0.16676E-14
 0.16070E+03  0.96059E+00  0.78638E-14
 0.16080E+03  0.96079E+00  0.24581E-14
 0.16090E+03  0.96099E+00  0.15733E-14
 0.16100E+03  0.96119E+00 -0.25499E-14
 0.16110E+03  0.96140E+00  0.51785E-14
 0.16120E+03  0.96161E+00  0.37887E-14
 0.16130E+03  0.96182E+00  0.57936E-14
 0.16140E+03  0.96204E+00  0.11500E-13
 0.16150E+03  0.96226E+00 -0.14919E-13
 0.16160E+03  0.96249E+00  0.41052E-14
 0.16170E+03  0.96271E+00  0.11807E-14
 0.16180E+03  0.96295E+00  0.85192E-14
 0.16190E+03  0.96318E+00  0.80911E-14
 0.16200E+03  0.96342E+00 -0.14125E-13
 0.16210E+03  0.96366E+00  0.13368E-13
 0.16220E+03  0.96390E+00 -0.13244E-14
 0.16230E+03  0.96415E+00  0.53336E-14
 0.16240E+03  0.96440E+00  0.12036E-13
 0.16250E+03  0.96466E+00  0.23627E-14
 0.16260E+03  0.96491E+00 -0.42471E-14
 0.16270E+03  0.96517E+00  0.10475E-13
 0.16280E+03  0.96543E+00 -0.41210E-14
 0.16290E+03  0.96570E+00 -0.31855E-14
 0.16300E+03  0.96597E+00  0.19778E-13
 0.16310E+03  0.96624E+00  0.33987E-15
 0.16320E+03  0.96651E+00 -0.35771E-14
 0.16330E+03  0.96679E+00 -0.28767E-14
 0.16340E+03  0.96707E+00  0.99298E-14
 0.16350E+03  0.96735E+00 -0.97378E-14
 0.16360E+03  0.96763E+00 -0.11542E-13
 0.16370E+03  0.96792E+00 -0.59782E-14
 0.16380E+03  0.96820E+00  0.56227E-14
 0.16390E+03  0.96850E+00 -0.29871E-14
 0.16400E+03  0.96879E+00 -0.13523E-13
 0.16410E+03  0.96908E+00 -0.43370E-15
 0.16420E+03  0.96938E+00  0.34646E-14
 0.16430E+03  0.96968E+00  0.49387E-14
 0.16440E+03  0.96998E+00  0.15500E-13
 0.16450E+03  0.97029E+00  0.38614E-14
 0.16460E+03  0.97060E+00 -0.14190E-14
 0.16470E+03  0.97090E+00 -0.33403E-14
 0.16480E+03  0.97121E+00 -0.16413E-14
 0.16490E+03  0.97153E+00  0.96243E-14
 0.16500E+03  0.97184E+00  0.59692E-14
 0.16510E+03  0.97216E+00 -0.56383E-14
 0.16520E+03  0.97247E+00  0.11358E-13
 0.16530E+03  0.97279E+00 -0.78701E-14
 0.16540E+03  0.97311E+00 -0.12363E-13
 0.16550E+03  0.97344E+00 -0.11235E-14
 0.16560E+03  0.97376E+00 -0.10212E-13
 0.16570E+03  0.97409E+00  0.65796E-14
 0.16580E+03  0.97442E+00  0.62521E-14
 0.16590E+03  0.97475E+00  0.10234E-13
 0.16600E+03  0.97508E+00  0.16985E-14
 0.16610E+03  0.97541E+00  0.29154E-15
 0.16620E+03  0.97574E+00 -0.32833E-14
 0.16630E+03  0.97608E+00  0.68963E-14
 0.16640E+03  0.97641E+00 -0.71852E-14
 0.16650E+03  0.97675E+00 -0.88586E-14
 0.16660E+03  0.97709E+00 -0.65877E-14
 0.16670E+03  0.97743E+00  0.55322E-16
 0.16680E+03  0.97777E+00 -0.65655E-14
 0.16690E+03  0.97811E+00  0.44294E-14
 0.16700E+03  0.97845E+00  0.59270E-14
 0.16710E+03  0.97880E+00  0.10718E-13
 0.16720E+03  0.97914E+00 -0.69936E-14
 0.16730E+03  0.97949E+00  0.39006E-14
 0.16740E+03  0.97983E+00 -0.68687E-14
 0.16750E+03  0.98018E+00 -0.18196E-14
 0.16760E+03  0.98053E+00 -0.76992E-14
 0.16770E+03  0.98088E+00 -0.17911E-14
 0.16780E+03  0.98123E+00 -0.96816E-14
 0.16790E+03  0.98158E+00 -0.75639E-14
 0.16800E+03  0.98193E+00  0.10459E-13
 0.16810E+03  0.98228E+00 -0.88428E-14
 0.16820E+03  0.98263E+00  0.78990E-15
 0.16830E+03  0.98298E+00 -0.34472E-15
 0.16840E+03  0.98334E+00 -0.23820E-14
 0.16850E+03  0.98369E+00 -0.11814E-13
 0.16860E+03  0.98404E+00  0.10821E-13
 0.16870E+03  0.98440E+00  0.63596E-14
 0.16880E+03  0.98475E+00  0.11693E-14
 0.16890E+03  0.98511E+00 -0.11038E-14
 0.16900E+03  0.98546E+00 -0.67076E-15
 0.16910E+03  0.98582E+00 -0.44926E-14
 0.16920E+03  0.98617E+00 -0.16529E-14
 0.16930E+03  0.98653E+00 -0.48586E-14
 0.16940E+03  0.98688E+00 -0.13934E-14
 0.16950E+03  0.98724E+00  0.40203E-15
 0.16960E+03  0.98760E+00  0.24754E-15
 0.16970E+03  0.98795E+00 -0.66839E-14
 0.16980E+03  0.98831E+00  0.65428E-14
 0.16990E+03  0.98866E+00 -0.11954E-13
 0.17000E+03  0.98902E+00 -0.39773E-14
 0.17010E+03  0.98937E+00  0.84778E-14
 0.17020E+03  0.98973E+00  0.43608E-16
 0.17030E+03  0.99008E+00 -0.77852E-14
 0.17040E+03  0.99043E+00 -0.41662E-14
 0.17050E+03  0.99079E+00 -0.82198E-14
 0.17060E+03  0.99114E+00 -0.10551E-15
 0.17070E+03  0.99149E+00 -0.48149E-14
 0.17080E+03  0.99185E+00  0.72000E-14
 0.17090E+03  0.99220E+00 -0.65853E-14
 0.17100E+03  0.99255E+00 -0.96857E-14
 0.17110E+03  0.99290E+00 -0.32874E-14
 0.17120E+03  0.99325E+00  0.65977E-14
 0.17130E+03  0.99360E+00 -0.18143E-14
 0.17140E+03  0.99395E+00  0.12735E-14
 0.17150E+03  0.99430E+00 -0.57225E-14
 0.17160E+03  0.99464E+00  0.52695E-14
 0.17170E+03  0.99499E+00  0.32532E-14
 0.17180E+03  0.99534E+00  0.51900E-14
 0.17190E+03  0.99568E+00  0.60585E-14
 0.17200E+03  0.99603E+00  0.10608E-13
 0.17210E+03  0.99637E+00 -0.15432E-14
 0.17220E+03  0.99671E+00  0.72909E-14
 0.17230E+03  0.99705E+00  0.19834E-14
 0.17240E+03  0.99739E+00  0.23601E-14
 0.17250E+03  0.99773E+00  0.12845E-13
 0.17260E+03  0.99807E+00 -0.20703E-14
 0.17270E+03  0.99841E+00 -0.34596E-15
 0.17280E+03  0.99874E+00  0.10961E-13
 0.17290E+03  0.99908E+00 -0.19746E-14
 0.17300E+03  0.99941E+00  0.77307E-15
 0.17310E+03  0.99974E+00 -0.60104E-14
 0.17320E+03  0.10001E+01  0.34807E-14
 0.17330E+03  0.10004E+01 -0.11617E-15
 0.17340E+03  0.10007E+01  0.51834E-14
 0.17350E+03  0.10011E+01 -0.80167E-14
 0.17360E+03  0.10014E+01  0.25367E-14
 0.17370E+03  0.10017E+01 -0.12068E-13
 0.17380E+03  0.10020E+01 -0.63633E-14
 0.17390E+03  0.10023E+01 -0.86436E-14
 0.17400E+03  0.10027E+01  0.59802E-14
 0.17410E+03  0.10030E+01 -0.35109E-14
 0.17420E+03  0.10033E+01  0.10698E-13
 0.17430E+03  0.10036E+01  0.20770E-14
 0.17440E+03  0.10039E+01 -0.64256E-14
 0.17450E+03  0.10042E+01 -0.12311E-14
 0.17460E+03  0.10045E+01  0.24495E-14
 0.17470E+03  0.10049E+01 -0.51207E-14
 0.17480E+03  0.10052E+01  0.13241E-13
 0.17490E+03  0.10055E+01  0.58106E-14
 0.17500E+03  0.10058E+01 -0.19135E-14
 0.17510E+03  0.10061E+01  0.37610E-14
 0.17520E+03  0.10064E+01  0.42760E-14
 0.17530E+03  0.10067E+01  0.29406E-15
 0.17540E+03  0.10070E+01 -0.17334E-13
 0.17550E+03  0.10072E+01  0.48267E-14
 0.17560E+03  0.10075E+01  0.31405E-15
 0.17570E+03  0.10078E+01 -0.13016E-14
 0.17580E+03  0.10081E+01 -0.91031E-15
 0.17590E+03  0.10084E+01  0.11478E-13
 0.17600E+03  0.10087E+01  0.43148E-14
 0.17610E+03  0.10090E+01 -0.12864E-14
 0.17620E+03  0.10092E+01  0.24621E-14
 0.17630E+03  0.10095E+01  0.46836E-14
 0.17640E+03  0.10098E+01  0.27743E-14
 0.17650E+03  0.10101E+01  0.11111E-14
 0.17660E+03  0.10103E+01 -0.69216E-14
 0.17670E+03  0.10106E+01  0.93437E-15
 0.17680E+03  0.10109E+01  0.96101E-14
 0.17690E+03  0.10111E+01 -0.82228E-15
 0.17700E+03  0.10114E+01  0.10725E-13
 0.17710E+03  0.10117E+01  0.94226E-15
 0.17720E+03  0.10119E+01 -0.99313E-15
 0.17730E+03  0.10122E+01 -0.75661E-14
 0.17740E+03  0.10124E+01 -0.41932E-14
 0.17750E+03  0.10127E+01  0.12941E-14
 0.17760E+03  0.10129E+01  0.10061E-13
 0.17770E+03  0.10132E+01  0.25509E-14
 0.17780E+03  0.10134E+01  0.13109E-13
 0.17790E+03  0.10136E+01  0.14452E-13
 0.17800E+03  0.10139E+01  0.35050E-14
 0.17810E+03  0.10141E+01 -0.69707E-14
 0.17820E+03  0.10144E+01 -0.56593E-14
 0.17830E+03  0.10146E+01  0.11389E-14
 0.17840E+03  0.10148E+01 -0.31032E-14
 0.17850E+03  0.10150E+01 -0.46589E-14
 0.17860E+03  0.10153E+01 -0.80888E-15
 0.17870E+03  0.10155E+01 -0.24920E-14
 0.17880E+03  0.10157E+01  0.45820E-14
 0.17890E+03  0.10159E+01  0.58139E-14
 0.17900E+03  0.10161E+01  0.20953E-14
 0.17910E+03  0.10164E+01 -0.11819E-13
 0.17920E+03  0.10166E+01  0.55586E-14
 0.17930E+03  0.10168E+01 -0.15469E-13
 0.17940E+03  0.10170E+01  0.14505E-14
 0.17950E+03  0.10172E+01 -0.26136E-14
 0.17960E+03  0.10174E+01 -0.37516E-14
 0.17970E+03  0.10176E+01  0.10171E-16
 0.17980E+03  0.10178E+01  0.16019E-14
 0.17990E+03  0.10180E+01  0.45908E-14
 0.18000E+03  0.10182E+01  0.62093E-14
 0.18010E+03  0.10184E+01 -0.66733E-14
 0.18020E+03  0.10185E+01  0.66890E-14
 0.18030E+03  0.10187E+01 -0.14802E-14
 0.18040E+03  0.10189E+01  0.13377E-14
 0.18050E+03  0.10191E+01  0.23086E-15
 0.18060E+03  0.10193E+01  0.38770E-14
 0.18070E+03  0.10194E+01  0.69413E-14
 0.18080E+03  0.10196E+01 -0.83453E-14
 0.18090E+03  0.10198E+01  0.53552E-14
 0.18100E+03  0.10199E+01  0.14271E-14
 0.18110E+03  0.10201E+01 -0.59519E-14
 0.18120E+03  0.10203E+01  0.21629E-14
 0.18130E+03  0.10204E+01 -0.62477E-14
 0.18140E+03  0.10206E+01 -0.40393E-14
 0.18150E+03  0.10207E+01  0.12547E-14
 0.18160E+03  0.10209E+01 -0.39340E-15
 0.18170E+03  0.10210E+01 -0.80501E-15
 0.18180E+03  0.10212E+01  0.19722E-14
 0.18190E+03  0.10213E+01 -0.39074E-14
 0.18200E+03  0.10215E+01 -0.37840E-14
 0.18210E+03  0.10216E+01  0.47590E-14
 0.18220E+03  0.10218E+01  0.42076E-14
 0.18230E+03  0.10219E+01  0.11261E-13
 0.18240E+03  0.10220E+01  0.56314E-15
 0.18250E+03  0.10222E+01 -0.77463E-14
 0.18260E+03  0.10223E+01  0.92237E-14
 0.18270E+03  0.10224E+01 -0.65446E-14
 0.18280E+03  0.10225E+01 -0.26363E-14
 0.18290E+03  0.10227E+01 -0.96907E-14
 0.18300E+03  0.10228E+01  0.23588E-14
 0.18310E+03  0.10229E+01  0.20196E-14
 0.18320E+03  0.10230E+01  0.14142E-14
 0.18330E+03  0.10231E+01  0.70290E-15
 0.18340E+03  0.10232E+01 -0.54100E-14
 0.18350E+03  0.10233E+01 -0.53063E-15
 0.18360E+03  0.10234E+01  0.50503E-14
 0.18370E+03  0.10235E+01 -0.47273E-14
 0.18380E+03  0.10236E+01  0.42119E-14
 0.18390E+03  0.10237E+01 -0.58457E-14
 0.18400E+03  0.10238E+01 -0.56664E-14
 0.18410E+03  0.10239E+01 -0.24530E-14
 0.18420E+03  0.10240E+01  0.28903E-14
 0.18430E+03  0.10241E+01  0.60684E-14
 0.18440E+03  0.10242E+01  0.24336E-14
 0.18450E+03  0.10243E+01 -0.14629E-14
 0.18460E+03  0.10243E+01 -0.18656E-14
 0.18470E+03  0.10244E+01 -0.11345E-14
 0.18480E+03  0.10245E+01  0.51732E-14
 0.18490E+03  0.10246E+01 -0.75679E-14
 0.18500E+03  0.10246E+01  0.93110E-14
 0.18510E+03  0.10247E+01 -0.34864E-15
 0.18520E+03  0.10248E+01 -0.73656E-14
 0.18530E+03  0.10248E+01  0.77268E-14
 0.18540E+03  0.10249E+01 -0.32448E-14
 0.18550E+03  0.10250E+01 -0.61396E-14
 0.18560E+03  0.10250E+01  0.46750E-14
 0.18570E+03  0.10251E+01 -0.26681E-14
 0.18580E+03  0.10251E+01  0.11089E-13
 0.18590E+03  0.10252E+01  0.11190E-14
 0.18600E+03  0.10252E+01 -0.84496E-15
 0.18610E+03  0.10253E+01 -0.71314E-14
 0.18620E+03  0.10253E+01 -0.35667E-14
 0.18630E+03  0.10254E+01  0.41006E-14
 0.18640E+03  0.10254E+01  0.16706E-14
 0.18650E+03  0.10254E+01  0.69277E-14
 0.18660E+03  0.10255E+01 -0.82832E-15
 0.18670E+03  0.10255E+01 -0.78990E-14
 0.18680E+03  0.10255E+01  0.62208E-14
 0.18690E+03  0.10255E+01  0.30453E-14
 0.18700E+03  0.10256E+01  0.16019E-14
 0.18710E+03  0.10256E+01  0.46353E-14
 0.18720E+03  0.10256E+01 -0.65527E-14
 0.18730E+03  0.10256E+01  0.33046E-15
 0.18740E+03  0.10256E+01 -0.52885E-14
 0.18750E+03  0.10256E+01  0.22773E-15
 0.18760E+03  0.10256E+01 -0.41269E-14
 0.18770E+03  0.10257E+01  0.13230E-14
 0.18780E+03  0.10257E+01 -0.38442E-14
 0.18790E+03  0.10257E+01  0.24654E-14
 0.18800E+03  0.10257E+01  0.47438E-14
 0.18810E+03  0.10256E+01 -0.10550E-14
 0.18820E+03  0.10256E+01 -0.97373E-14
 0.18830E+03  0.10256E+01  0.25367E-14
 0.18840E+03  0.10256E+01  0.23358E-15
 0.18850E+03  0.10256E+01 -0.26371E-14
 0.18860E+03  0.10256E+01 -0.57643E-14
 0.18870E+03  0.10256E+01  0.65542E-14
 0.18880E+03  0.10255E+01 -0.11865E-13
 0.18890E+03  0.10255E+01  0.46164E-14
 0.18900E+03  0.10255E+01 -0.19345E-14
 0.18910E+03  0.10255E+01 -0.56156E-14
 0.18920E+03  0.10254E+01 -0.13947E-14
 0.18930E+03  0.10254E+01 -0.26387E-14
 0.18940E+03  0.10254E+01 -0.80641E-15
 0.18950E+03  0.10253E+01  0.30758E-14
 0.18960E+03  0.10253E+01 -0.32947E-15
 0.18970E+03  0.10252E+01 -0.35218E-14
 0.18980E+03  0.10252E+01  0.26453E-14
 0.18990E+03  0.10251E+01 -0.43447E-15
 0.19000E+03  0.10251E+01  0.41815E-14
 0.19010E+03  0.10250E+01  0.10660E-14
 0.19020E+03  0.10249E+01  0.10746E-14
 0.19030E+03  0.10249E+01  0.39014E-14
 0.19040E+03  0.10248E+01  0.12436E-13
 0.19050E+03  0.10248E+01 -0.47057E-15
 0.19060E+03  0.10247E+01  0.64039E-14
 0.19070E+03  0.10246E+01 -0.63090E-14
 0.19080E+03  0.10245E+01 -0.36850E-14
 0.19090E+03  0.10245E+01 -0.42282E-14
 0.19100E+03  0.10244E+01 -0.48525E-14
 0.19110E+03  0.10243E+01  0.30059E-14
 0.19120E+03  0.10242E+01  0.36442E-14
 0.19130E+03  0.10241E+01  0.83590E-14
 0.19140E+03  0.10240E+01  0.12549E-14
 0.19150E+03  0.10239E+01  0.28473E-14
 0.19160E+03  0.10238E+01 -0.23871E-14
 0.19170E+03  0.10237E+01  0.49757E-16
 0.19180E+03  0.10236E+01  0.21624E-14
 0.19190E+03  0.10235E+01  0.60300E-14
 0.19200E+03  0.10234E+01  0.39628E-15
 0.19210E+03  0.10233E+01 -0.92412E-14
 0.19220E+03  0.10232E+01 -0.29601E-14
 0.19230E+03  0.10231E+01  0.11408E-14
 0.19240E+03  0.10229E+01 -0.10595E-14
 0.19250E+03  0.10228E+01  0.33881E-14
 0.19260E+03  0.10227E+01 -0.46800E-15
 0.19270E+03  0.10225E+01  0.12200E-14
 0.19280E+03  0.10224E+01  0.46027E-14
 0.19290E+03  0.10223E+01 -0.15829E-14
 0.19300E+03  0.10221E+01 -0.19657E-14
 0.19310E+03  0.10220E+01  0.42077E-14
 0.19320E+03  0.10219E+01  0.66221E-14
 0.19330E+03  0.10217E+01  0.49745E-14
 0.19340E+03  0.10216E+01  0.12752E-14
 0.19350E+03  0.10214E+01  0.20423E-14
 0.19360E+03  0.10213E+01  0.61020E-14
 0.19370E+03  0.10211E+01 -0.77491E-15
 0.19380E+03  0.10209E+01  0.36802E-14
 0.19390E+03  0.10208E+01  0.68940E-14
 0.19400E+03  0.10206E+01  0.34845E-14
 0.19410E+03  0.10204E+01 -0.48173E-14
 0.19420E+03  0.10203E+01 -0.26575E-14
 0.19430E+03  0.10201E+01  0.38918E-14
 0.19440E+03  0.10199E+01 -0.11928E-14
 0.19450E+03  0.10197E+01 -0.31627E-14
 0.19460E+03  0.10195E+01 -0.40766E-15
 0.19470E+03  0.10194E+01 -0.16477E-14
 0.19480E+03  0.10192E+01  0.13504E-15
 0.19490E+03  0.10190E+01 -0.34860E-14
 0.19500E+03  0.10188E+01  0.52832E-14
 0.19510E+03  0.10186E+01 -0.22719E-14
 0.19520E+03  0.10184E+01 -0.38908E-14
 0.19530E+03  0.10182E+01  0.18838E-14
 0.19540E+03  0.10180E+01  0.34865E-14
 0.19550E+03  0.10178E+01  0.15413E-15
 0.19560E+03  0.10176E+01  0.16467E-14
 0.19570E+03  0.10174E+01  0.85850E-15
 0.19580E+03  0.10171E+01  0.59666E-14
 0.19590E+03  0.10169E+01 -0.25425E-14
 0.19600E+03  0.10167E+01  0.15210E-14
 0.19610E+03  0.10165E+01  0.89493E-14
 0.19620E+03  0.10163E+01 -0.61168E-15
 0.19630E+03  0.10160E+01  0.54820E-14
 0.19640E+03  0.10158E+01  0.95036E-15
 0.19650E+03  0.10156E+01 -0.33750E-14
 0.19660E+03  0.10153E+01  0.46372E-14
 0.19670E+03  0.10151E+01  0.29038E-14
 0.19680E+03  0.10148E+01 -0.46148E-14
 0.19690E+03  0.10146E+01 -0.28682E-14
 0.19700E+03  0.10144E+01 -0.80038E-14
 0.19710E+03  0.10141E+01 -0.53024E-14
 0.19720E+03  0.10139E+01  0.97870E-15
 0.19730E+03  0.10136E+01 -0.47935E-14
 0.19740E+03  0.10134E+01  0.50396E-14
 0.19750E+03  0.10131E+01 -0.39716E-14
 0.19760E+03  0.10129E+01  0.59700E-14
 0.19770E+03  0.10126E+01  0.46822E-14
 0.19780E+03  0.10123E+01 -0.39889E-14
 0.19790E+03  0.10121E+01 -0.61853E-14
 0.19800E+03  0.10118E+01 -0.39995E-14
 0.19810E+03  0.10115E+01  0.53990E-14
 0.19820E+03  0.10113E+01  0.40191E-14
 0.19830E+03  0.10110E+01  0.31082E-14
 0.19840E+03  0.10107E+01 -0.43423E-15
 0.19850E+03  0.10104E+01 -0.50082E-14
 0.19860E+03  0.10102E+01  0.93009E-16
 0.19870E+03  0.10099E+01  0.47085E-14
 0.19880E+03  0.10096E+01  0.21070E-15
 0.19890E+03  0.10093E+01 -0.46320E-14
 0.19900E+03  0.10090E+01  0.82171E-15
 0.19910E+03  0.10088E+01  0.30536E-14
 0.19920E+03  0.10085E+01  0.10403E-14
 0.19930E+03  0.10082E+01 -0.50480E-14
 0.19940E+03  0.10079E+01 -0.10497E-13
 0.19950E+03  0.10076E+01  0.11882E-14
 0.19960E+03  0.10073E+01 -0.23112E-14
 0.19970E+03  0.10070E+01 -0.27730E-14
 0.19980E+03  0.10067E+01 -0.51879E-14
 0.19990E+03  0.10064E+01 -0.13227E-14
 0.20000E+03  0.10061E+01 -0.12965E-15
