 0.1184098E+01  0.2562935E+00 -0.1835762E-01
 0.1337713E+01 -0.2449257E-01  0.6377766E+00
 0.1436870E+01  0.7184764E+00 -0.4539836E+00
 0.1532773E+01 -0.1403703E+00  0.4696055E+00
 0.1666299E+01  0.5314871E+00 -0.2314114E+00
 0.1797401E+01 -0.6034561E+00  0.2867786E+00
 0.1844057E+01  0.5526189E+00  0.2021206E-01
 0.1992370E+01 -0.6529624E-01 -0.4206324E-01
 0.2044978E+01  0.1068255E+00 -0.6228284E-01
 0.2353745E+01 -0.1095756E-01  0.1378587E-01
 0.5476800E+01 -0.2031359E-02  0.1259014E-02
 0.6774119E+01 -0.4048367E-02 -0.1559752E-02
 0.1580286E+02  0.4236605E-02 -0.2741671E-02
 0.2377715E+02  0.2876666E-02  0.3315019E-03
 0.3209687E+02 -0.1012889E-02 -0.5112380E-03
 0.4208004E+02 -0.9504790E-03  0.6817191E-03
