 0.5 7.909445292650192 7.623714156383425 6.7509792919117135 7.973283600160461 8.832182762559668 8.494173372323438 7.893863601312494 8.063099196504151 7.736489162515367 8.224086958590245 8.409770154860107 7.776142685688953 7.3067406431291175 8.160106142878329 7.960833628050456 7.715341604804244 6.986831613041812 9.184002306315945 7.742022967070069 8.292117241229088
 1.0 7.909445245659065 7.6237139844495525 6.750978745302806 7.973283581110708 8.832183119168963 8.494173581221736 7.893863547502171 8.063099216770382 7.7364890398608335 8.224087049324622 8.409770326842782 7.776142580374597 7.30674033322114 8.160106205608464 7.960833603551164 7.7153414729044085 6.986831165598898 9.184002816449821 7.742022846835092 8.292117361736011
 1.5 7.90944516964311 7.623713706317951 6.7509778610721 7.973283550294566 8.832183696043732 8.494173919149427 7.893863460455034 8.063099249554373 7.736488841446748 8.224087196102543 8.409770605053323 7.776142410011131 7.306739831893505 8.160106307084874 7.960833563919485 7.7153412595345126 6.986830441785656 9.184003641676103 7.742022652335042 8.292117556675972
 2.0 7.909445066317737 7.623713328265084 6.750976659173612 7.97328350840744 8.832184480165894 8.494174378480643 7.893863342135427 8.063099294116297 7.736488571750626 8.224087395611733 8.409770983213471 7.776142178443063 7.306739150459436 8.160106445017579 7.960833510049764 7.715340969509571 6.9868294579360395 9.184004763372288 7.742022387959108 8.292117821649843
 2.5 7.909444937296998 7.623712856196565 6.7509751583823645 7.973283456103648 8.832185459286551 8.494174952040089 7.893863194391632 8.063099349760034 7.736488234985423 8.224087644735613 8.409771455415916 7.776141889287745 7.30673829956371 8.1601066172519 7.960833442783499 7.715340607360099 6.986828229418896 9.184006164016191 7.742022057837137 8.292118152518412
 3.0 7.909444784099576 7.623712295669068 6.750973376364039 7.97328339399884 8.832186621880526 8.494175633076416 7.893863018962719 8.063099415830592 7.7364878351151685 8.224087940541752 8.409772016102378 7.776141545948793 7.306737289222147 8.160106821760465 7.960833362912464 7.715340177348924 6.986826770694996 9.184007827120931 7.7420216658549625 8.292118545387035
 3.5 7.90944460815442 7.62371165191095 6.750971329740527 7.973283322672292 8.832187957103608 8.494176415237183 7.893862817485002 8.063099491711677 7.7364873758696735 8.224088280270973 8.409772660042988 7.7761411516287176 7.306736128858776 8.160107056635686 7.960833271181648 7.715339683486999 6.986825095370682 9.184009737173763 7.742021215668819 8.292118996591178
 4.0 7.909444410806044 7.623710929841644 6.7509690341516055 7.973283242669046 8.832189454752319 8.494177292545277 7.893862591498111 8.063099576823406 7.7364868607583706 8.224088661327125 8.409773382316878 7.7761407093408055 7.306734827340802 8.160107320082682 7.96083316829202 7.715339129548285 6.986823216248356 9.18401187957852 7.742020710718908 8.292119502682821
 4.5 7.909444193319522 7.623710134089914 6.75096650431296 7.9732831545019405 8.832191105226054 8.494178259376742 7.893862342450704 8.063099670620154 7.736486293083332 8.224089081267447 8.409774178293931 7.776140221920301 7.306733393011505 8.16010761041262 7.96083305490313 7.715338519083757 6.986821145373984 9.184014240601451 7.742020154242164 8.292120060417671
 5.0 7.909443956885175 7.623709269011033 6.750963754070789 7.973283058653508 8.832192899491458 8.494179310439913 7.893862071705842 8.063099772588535 7.736485675951526 8.224089537793509 8.4097750436176 7.776139692034922 7.306731833721195 8.16010792603645 7.960832931635554 7.715337855434577 6.986818894081784 9.184016807320273 7.742019549284264 8.292120666743124
 5.5 7.909443702622994 7.623708338702936 6.750960796453179 7.973282955577771 8.832194829048916 8.49418044075578 7.893861780546046 8.063099882245492 7.736485012286341 8.224090028742678 8.409775974188738 7.776139122194766 7.306730156856344 8.160108265459009 7.960832799073201 7.715337141744491 6.986816473036285 9.184019567576218 7.7420188987109295 8.292121318786931
 6.0 7.909443431586791 7.62370734702143 6.75095764371844 7.973282845701921 8.83219688590101 8.494181645639518 7.8938614701780585 8.063099999136508 7.736484304838434 8.224090552080101 8.409776966150398 7.776138514761615 7.306728369366987 8.160108627273473 7.960832657765477 7.715336380971493 6.9868138922718925 9.184022509928928 7.742018205218556 8.292122013846553
 6.5 7.909443144768112 7.623706297594498 6.750954307400591 7.9732827294279085 8.83219906252285 8.494182920683102 7.893861141737319 8.063100122833918 7.73648355619594 8.224091105891153 8.409778015873519 7.776137871957704 7.3067264777925125 8.16010901015614 7.9608325082293225 7.715335575898804 6.986811161230124 9.184025623614 7.74201747134422 8.29212274937913
 7.0 7.9094428430999155 7.623705193835761 6.7509507983521555 7.973282607133932 8.832201351834158 8.494184261738955 7.893860796292177 8.063100252935323 7.736482768794067 8.224091688374331 8.40977911994346 7.776137195873964 7.306724488285924 8.160109412861512 7.960832350951135 7.715334729145193 6.986808288794636 9.18402889850305 7.742016699475094 8.292123522992041
 7.5 7.909442527460035 7.623704038957143 6.750947126784425 7.973282479175842 8.83220374717299 8.494185664904558 7.8938604348478565 8.063100389062102 7.73648194492414 8.224092297834572 8.409780275147334 7.776136488477781 7.306722406636671 8.160109834217687 7.9608321863885685 7.715333843174697 6.98680528332419 9.184032325066134 7.7420158918573 8.292124332434032
 8.0 7.9094421986744345 7.62370283598079 6.750943302305349 7.973282345888464 8.832206242271027 8.494187126507972 7.893860058350186 8.063100530858 7.7364810867420974 8.224092932676966 8.409781478462087 7.7761357516202985 7.30672023829213 8.160110273122 7.960832014972237 7.715332920305766 6.986802152683662 9.184035894336391 7.742015050604248 8.292125175586866
 8.5 7.909441857520274 7.623701587750282 6.750939333955187 7.973282207586835 8.832208831230313 8.494188643094214 7.893859667689108 8.063100677987808 7.736480196276492 8.224093591400834 8.409782727043279 7.77613498704328 7.306717988377815 8.160110728536932 7.960831837107309 7.715331962719858 6.986798904273226 9.184039597876769 7.7420141777044735 8.292126050457458
 9.0 7.909441504728792 7.623700296941182 6.750935230240044 7.973282064567378 8.832211508501372 8.494190211412436 7.893859263701982 8.063100830136126 7.736479275436017 8.224094272594169 8.409784018214536 7.776134196385576 7.306715661716395 8.160111199486268 7.960831653175012 7.715330972469541 6.986795545055813 9.18404342774872 7.742013275029017 8.292126955170486
 9.5 7.909441140988023 7.623698966070967 6.750930999163437 7.973281917109002 8.832214268862622 8.494191828403865 7.893858847176688 8.063100987006184 7.73647832601659 8.224094974928384 8.409785349457612 7.776133381189205 7.306713262845589 8.160111685051474 7.960831463534047 7.715329951486103 6.986792081582941 9.184047376482754 7.742012344338369 8.292127887961428
 10.0 7.909440766945346 7.623697597508367 6.750926648255987 7.973281765474134 8.832217107400995 8.49419349119046 7.893858418854554 8.063101148318749 7.7364773497080135 8.224095697153397 8.409786718403055 7.7761325429050725 7.306710796035002 8.16011218436828 7.960831268521922 7.71532890158672 6.986788520019029 9.184051437050712 7.742011387288997 8.292128847170016
 10.5 7.909440383209889 7.623696193482154 6.750922184603366 7.9732816099096935 8.832220019493715 8.494195197064222 7.893857979433108 8.063101313811082 7.736476348100247 8.22409643809298 8.409788122821407 7.776131682898355 7.306708265301966 8.160112696623486 7.960831068456198 7.715327824481201 6.9867848661642675 9.184055602839702 7.742010405439496 8.292129831234082
 11.0 7.909439990354786 7.623694756089408 6.750917614872579 7.9732814506480105 8.83222300079114 8.494196943477156 7.893857529568658 8.063101483235968 7.736475322689307 8.224097196640406 8.40978956061494 7.776130802453567 7.3067056744264445 8.160113221051935 7.960830863635674 7.715326721778326 6.986781125476136 9.184059867627557 7.74200940025637 8.292130838683754
 11.5 7.909439588919309 7.623693287303306 6.750912945336708 7.973281287907686 8.83222604720063 8.494198728031817 7.893857069878736 8.063101656360798 7.736474274882814 8.224097971754334 8.409791029809867 7.776129902779326 7.306703026965063 8.16011375693368 7.9608306543414935 7.715325594991821 6.986777303089656 9.184064225559746 7.742008373119472 8.29213186813601
 12.0 7.909439179410864 7.623691788980435 6.750908181898186 7.973281121894404 8.832229154871357 8.494200548472408 7.893856600944387 8.063101832966705 7.736473206005219 8.224098762454956 8.409792528549024 7.7761289850128374 7.3067003262642976 8.160114303591309 7.960830440838187 7.7153244455459715 6.986773403836441 9.18406867112766 7.742007325327127 8.292132918289541
 12.5 7.909438762306878 7.623690262867685 6.750903330110694 7.973280952801695 8.83223232018002 8.494202402676418 7.893856123312321 8.063102012847752 7.736472117302718 8.224099567820348 8.409794055084978 7.776128050224114 7.3066975754728976 8.160114860387438 7.960830223374654 7.715323274780908 6.986769432262628 9.184073199148164 7.742006258100945 8.292133987919925
 13.0 7.909438338056566 7.6236887106087305 6.75089839519977 7.9732807808116535 8.832235539717402 8.494204288646744 7.893855637496945 8.063102195810172 7.736471009947872 8.22410038698306 8.409795607773537 7.776127099419943 7.306694777553566 8.160115426722339 7.960830002185088 7.715322083957577 6.986765392645739 9.184077804744375 7.742005172590357 8.292135075875084
 13.5 7.909437907082601 7.623687133750127 6.7508933820821975 7.973280606095614 8.832238810275719 8.49420620450428 7.893855143982274 8.063102381671643 7.73646988504396 8.224101219126897 8.40979718506766 7.776126133547628 7.3066919352939514 8.16011600203172 7.960829777489843 7.715320874262423 6.986761289010557 9.18408248332756 7.742004069876878 8.292136181071012
 14.0 7.909437469782682 7.623685533747051 6.750888295384247 7.973280428814786 8.832242128836718 8.494208148480949 7.8938546432237215 8.063102570260614 7.736468743629076 8.224102063483885 8.409798785511711 7.776125153498497 7.306689051316995 8.160116585784625 7.9608295494962515 7.7153196468117855 6.986757125144058 9.184087230580111 7.742002950978122 8.292137302487747
 14.5 7.909437026531008 7.6236839119686985 6.750883139458843 7.973280249120855 8.832245492560483 8.494210118913136 7.893854135649792 8.063102761415673 7.736467586679972 8.224102919331425 8.409800407736059 7.776124160111215 7.306686128090655 8.160117177481474 7.960829318399397 7.715318402656046 6.986752904609459 9.184092042439534 7.742001816851576 8.292138439165594
 15.0 7.909436577679669 7.623682269703365 6.750877918401713 7.973280067156543 8.832248898774893 8.494212114235525 7.8938536216636725 8.06310295498494 7.736466415115693 8.224103785989614 8.409802050451999 7.776123154174893 7.306683167937074 8.160117776652204 7.960829084382835 7.7153171427835225 6.986748630759446 9.184096915083364 7.742000668398151 8.292139590201561
 15.5 7.909436123559949 7.623680608163228 6.750872636066585 7.973279883056137 8.832252344965706 8.494214132975284 7.8938531016447255 8.063103150825512 7.736465229800977 8.22410466281872 8.409803712446967 7.776122136432018 7.306680173041183 8.16011838285452 7.9608288476192755 7.715315868124138 6.986744306748604 9.18410184491499 7.74199950646553 8.292140754746006
 16.0 7.90943566448356 7.623678928488839 6.750867296079488 7.9732796969459905 8.832255828767241 8.494216173746603 7.893852575949899 8.063103348802928 7.736464031549471 8.224105549216809 8.409805392580044 7.776121107581202 7.306677145458821 8.160118995672265 7.960828608271221 7.715314579552869 6.986739935545131 9.184106828550307 7.741998331851306 8.29214193199949
 16.5 7.909435200743793 7.623677231753362 6.750861901852203 7.973279508944989 8.832259347953588 8.494218235245551 7.89385204491505 8.063103548790668 7.736462821126746 8.22410644461751 8.40980708977772 7.776120068279782 7.306674087124351 8.160119614713869 7.960828366491574 7.715313277892994 6.986735519941845 9.184111862805166 7.741997145305949 8.29214312120981
 17.0 7.909434732616612 7.623675518966552 6.7508564565949225 7.9732793191649955 8.832262900430358 8.494220316245244 7.893851508856191 8.06310375066969 7.736461599253136 8.224107348487918 8.409808803029916 7.7761190191462575 7.306670999857848 8.160120239610894 7.960828122424203 7.715311963919147 6.986731062566546 9.184116944683547 7.741995947535584 8.2921443216692
 17.5 7.909434260361673 7.623673791078501 6.750850963328163 7.973279127711262 8.832266484226908 8.494222415591283 7.893850968070661 8.063103954327984 7.736460366606418 8.224108260326613 8.409810531386231 7.776117960762578 7.306667885371841 8.160120870016673 7.960827876204472 7.715310638360192 6.986726565891773 9.184122071366458 7.741994739204616 8.29214553271172
 18.0 7.90943378422329 7.623672048983163 6.750845424893971 7.97327893468282 8.832270097489031 8.49422453219748 7.893850422838231 8.063104159660158 7.736459123824319 8.2241091796618 8.409812273952419 7.7761168936763125 7.3066647452776765 8.160121505605021 7.960827627959749 7.715309301901928 6.9867220322439705 9.184127240201466 7.74199352093819 8.292146753710771
 18.5 7.909433304431342 7.623670293521675 6.750839843966468 7.97327874017285 8.832273738472077 8.494226665041824 7.893849873422141 8.063104366567046 7.736457871506884 8.224110106049563 8.40981402988707 7.7761158184026735 7.306661581091493 8.160122146069027 7.960827377809877 7.7153079551896315 6.9867174638121226 9.184132448692857 7.741992293324518 8.292147984076779
 19.0 7.909432821202125 7.6236685254854715 6.750834223061775 7.973278544269027 8.832277405534477 8.494228813162685 7.893849320070078 8.063104574955341 7.736456610218707 8.224111039072213 8.409815798398487 7.776114735426432 7.306658394239847 8.160122791119909 7.960827125867614 7.715306598830454 6.986712862655876 9.184137694492378 7.741991056917053 8.292149223255004
 19.5 7.9094323347391535 7.623666745619226 6.750828564547342 7.973278347053845 8.832281097131654 8.494230975655256 7.893848763015093 8.063104784737249 7.73645534049102 8.224111978336735 8.409817578741754 7.776113645203718 7.3066551860650035 8.160123440485952 7.96082687223906 7.715305233395671 6.986708230713184 9.184142975390525 7.7419898122365485 8.292150470723481
 20.0 7.909431845233919 7.623664954623613 6.7508228706507385 7.973278148604923 8.832284811810295 8.494233151668189 7.893848202476466 8.063104995830162 7.736454062823667 8.224112923473342 8.409819370215963 7.776112548163706 7.3066519578299225 8.160124093911493 7.96082661702404 7.7153038594228045 6.9867035698074895 9.184148289308343 7.741988559772988 8.292151725991086
 20.5 7.909431352866596 7.623663153157905 6.750817143467916 7.973277948995293 8.832288548202955 8.494235340400435 7.893847638660521 8.063105208156355 7.73645277768696 8.224113874134092 8.409821172161625 7.776111444710217 7.306648710722938 8.160124751155976 7.960826360316485 7.715302477417617 6.9866988816545 9.184153634289713 7.741987299987405 8.292152988595715
 21.0 7.909430857806714 7.623661341842422 6.750811384970986 7.9732777482936745 8.832292305022985 8.494237541098277 7.8938470717613916 8.063105421642693 7.736451485523419 8.224114829991603 8.40982298395821 7.776110335223209 7.306645445862172 8.160125411993056 7.960826102204774 7.715301087855987 6.9866941678685475 9.184159008494092 7.74198603331359 8.292154258102565
 21.5 7.909430360213786 7.623659521260833 6.750805597015534 7.973277546564722 8.832296081059757 8.494239753052533 7.8938465019617405 8.06310563622036 7.736450186749421 8.224115790737832 8.409824805021856 7.776109220060191 7.30664216429968 8.160126076209758 7.960825842772064 7.715299691185675 6.98668942996858 9.184164410189691 7.741984760159705 8.292155534102523
 22.0 7.909429860237899 7.623657691962317 6.750799781347507 7.973277343869273 8.832299875174174 8.494241975595918 7.893845929433437 8.06310585182461 7.736448881756736 8.22411675608294 8.409826634803197 7.776108099557548 7.306638867025358 8.1601267436057 7.960825582096599 7.715298287827985 6.986684669383797 9.18416983774704 7.741983480909795 8.292156816210648
 22.5 7.909429358020272 7.6236558544636095 6.750793939609693 7.973277140264568 8.832303686294443 8.494244208100579 7.893845354338194 8.063106068394518 7.736447570913992 8.224117725754214 8.409828472785328 7.776106974031788 7.306635554970611 8.16012741399233 7.960825320251998 7.71529687817933 6.986679887458952 9.18417528963295 7.741982195925211 8.292158104064743
 23.0 7.909428853693781 7.623654009250909 6.750788073347812 7.973276935804467 8.832307513412097 8.494246449975755 7.893844776828172 8.063106285872763 7.73644625456803 8.22411869949505 8.409830318481884 7.776105843780719 7.306632229011813 8.160128087192241 7.96082505730753 7.715295462612697 6.986675085459345 9.184180764404822 7.741980905545956 8.292159397324014
 23.5 7.9094283473834475 7.623652156781689 6.7507821840162565 7.973276730539645 8.832311355578254 8.494248700665594 7.893844197046539 8.063106504205408 7.736444933045202 8.224119677064007 8.409832171435236 7.776104709084553 7.306628889973555 8.160128763038507 7.960824793328373 7.715294041479037 6.986670264575512 9.184186260705289 7.741979610091943 8.292160695667798
 24.0 7.909427839206909 7.623650297486393 6.750776272983482 7.973276524517785 8.832315211900099 8.494250959647083 7.893843615128003 8.0631067233417 7.736443606652575 8.22412065823391 8.409834031214794 7.776103570206945 7.306625538631709 8.160129441374066 7.960824528375852 7.715292615108564 6.986665425927646 9.184191777257189 7.741978309864181 8.292161998794382
 24.5 7.909427329274852 7.6236484317700315 6.750770341537089 7.973276317783752 8.832319081537566 8.494253226428112 7.893843031199315 8.06310694323389 7.736442275679074 8.224121642791005 8.40983589741541 7.77610242739597 7.306622175716302 8.160130122051132 7.9608242625076695 7.715291183811981 6.986660570569754 9.18419731285882 7.741977005145895 8.29216330641988
 25.0 7.90942681769142 7.6236465600136825 6.750764390888601 7.973276110379757 8.832322963700229 8.49425550054565 7.893842445379733 8.063107163837048 7.736440940396551 8.22412263053417 8.409837769655875 7.776101280885047 7.306618801914227 8.160130804930654 7.960823995778117 7.715289747881633 6.9866556994935625 9.184202866379486 7.741975696203574 8.292164618277175
 25.5 7.909426304554606 7.62364468257591 6.750758422177953 7.973275902345521 8.83232685764436 8.494257781564022 7.893841857781473 8.063107385108895 7.7364396010607965 8.224123621274165 8.4098396475775 7.776100130893804 7.306615417871791 8.160131489881795 7.960823728238279 7.7152883075925915 6.986650813632204 9.184208436755293 7.741974383287962 8.292165934114935
 26.0 7.909425789956612 7.623642799794091 6.75075243647773 7.973275693718416 8.832330762670177 8.494260069073292 7.893841268510116 8.063107607009654 7.736438257912487 8.224124614832931 8.409841530842796 7.776098977628889 7.306612024197115 8.16013217678145 7.960823459936221 7.715286863203675 6.9866459138636765 9.184214022985213 7.741973066634989 8.29216725369668
 26.5 7.909425273984191 7.623640911985667 6.750746434797139 7.973275484533605 8.832334678119244 8.49426236268775 7.893840677665007 8.063107829501897 7.736436911178077 8.224125611042929 8.409843419134205 7.7760978212847425 7.306608621462386 8.160132865513788 7.960823190917169 7.715285414958409 6.986641001014098 9.184219624127362 7.741971746466642 8.2921685767999
 27.0 7.90942475671897 7.623639019449326 6.75074041808576 7.973275274824174 8.83233860337203 8.494264662044472 7.893840085339621 8.063108052550408 7.736435561070644 8.22412660974652 8.409845312152939 7.776096662044315 7.306605210205986 8.160133555969818 7.960822921223675 7.7152839630859305 6.986636075860776 9.18422523929551 7.741970422991793 8.29216990321523
 27.5 7.909424238237754 7.623637122466106 6.750734387237064 7.973275064621254 8.832342537845605 8.49426696680198 7.893839491621908 8.06310827612205 7.736434207790673 8.224127610795376 8.409847209617862 7.776095500079748 7.306601790934484 8.16013424804699 7.960822650895779 7.715282507801838 6.98663113913509 9.184230867655787 7.741969096406973 8.292171232745678
 28.0 7.9094237186128105 7.623635221300439 6.750728343091732 7.973274853954136 8.832346480991488 8.494269276638972 7.893838896594625 8.063108500185644 7.736432851526802 8.224128614049938 8.409849111264448 7.776094335553011 7.306598364124518 8.160134941648817 7.960822379971154 7.715281049308991 6.986626191525207 9.184236508423595 7.741967766897101 8.292172565205892
 28.5 7.909423197912135 7.623633316201134 6.750722286440771 7.97327464285038 8.8323504322936 8.49427159125313 7.893838300335634 8.063108724711853 7.736431492456526 8.224129619378889 8.409851016843803 7.776093168616503 7.306594930224565 8.160135636684508 7.960822108485247 7.715279587798261 6.986621233678629 9.184242160860695 7.7419664346361685 8.292173900421469
 29.0 7.909422676199706 7.623631407402297 6.750716218028452 7.973274431335919 8.832354391266357 8.494273910359993 7.893837702918201 8.063108949673074 7.736430130746851 8.22413062665867 8.409852926121735 7.77609199941362 7.306591489656602 8.160136333068639 7.960821836471409 7.715278123449245 6.986616266204603 9.184247824272466 7.741965099787887 8.29217523822831
 29.5 7.909422153535722 7.623629495124205 6.750710138555069 7.973274219435152 8.832358357452865 8.494276233691917 7.893837104411261 8.063109175043335 7.736428766554916 8.224131635773025 8.40985483887789 7.776090828079284 7.3065880428176735 8.160137030720831 7.960821563961022 7.715276656430925 6.986611289676377 9.18425349800533 7.741963762506295 8.292176578472017
 30.0 7.9094216299768245 7.623627579574117 6.750704048679539 7.973274007171036 8.832362330423226 8.494278560997063 7.893836504879675 8.063109400798199 7.736427400028574 8.224132646612567 8.409856754904938 7.776089654740445 7.306584590081364 8.160137729565458 7.960821290983613 7.715275186902301 6.986606304633328 9.184259181444324 7.7419624229363295 8.292177921007307
 30.5 7.909421105576308 7.623625660947046 6.750697949021847 7.9732737945651735 8.832366309772944 8.494280892038478 7.893835904384473 8.06310962691467 7.736426031306943 8.22413365907437 8.409858674007793 7.7760884795165515 7.3065811317991844 8.160138429531356 7.960821017566966 7.715273715012977 6.986601311582964 9.184264874010822 7.741961081214364 8.292179265697486
 31.0 7.9094205803843165 7.623623739426484 6.7506918401653415 7.973273581637889 8.83237029512142 8.494283226593208 7.893835302983079 8.063109853371115 7.73642466052092 8.224134673061592 8.4098605960029 7.776087302519996 7.306577668301877 8.160139130551572 7.96082074373722 7.715272240903717 6.986596311002805 9.184270575160387 7.741959737468713 8.292180612413937
 31.5 7.909420054448034 7.623621815185079 6.7506857226589085 7.9732733684083055 8.832374286110545 8.494285564451468 7.8938347007295215 8.063110080147174 7.736423287793669 8.22413568848311 8.40986252071755 7.776086123856529 7.30657419990064 8.160139832563107 7.960820469518973 7.715270764706969 6.986591303342158 9.18427628438075 7.741958391820112 8.292181961035638
 32.0 7.909419527811855 7.623619888385281 6.7506795970189994 7.973273154894418 8.832378282403369 8.494287905415874 7.89383409767464 8.063110307223694 7.7364219132410765 8.224136705253185 8.409864447989232 7.776084943625651 7.306570726888287 8.160140535506683 7.9608201949353665 7.715269286547355 6.986586289023781 9.184282001189912 7.7419570443821595 8.292183311448722
 32.5 7.909419000517551 7.623617959179937 6.750673463731552 7.973272941113156 8.832382283682849 8.4942902493007 7.893833493866268 8.06311053458265 7.736420536972181 8.224137723291147 8.409866377665043 7.776083761920987 7.306567249540328 8.160141239326522 7.960819920008177 7.7152678065421325 6.986581268445453 9.184287725134348 7.741955695261743 8.292184663546049
 33.0 7.909418472604425 7.623616027712866 6.750667323253791 7.97327272708045 8.832386289650678 8.494292595931197 7.8938328893494125 8.063110762207085 7.736419159089579 8.22413874252109 8.409868309601114 7.776082578830626 7.306563768115995 8.160141943970148 7.960819644757892 7.715266324801632 6.986576241981449 9.184293455787335 7.741954344559436 8.292186017226806
 33.5 7.9094179441094585 7.6236140941193895 6.750661176015925 7.973272512811288 8.832390300026171 8.49429494514294 7.893832284166423 8.063110990081043 7.736417779689804 8.224139762871593 8.409870243662073 7.776081394437456 7.306560282859203 8.16014264938818 7.960819369203791 7.715264841429665 6.986571209983933 9.184299192747359 7.741952992369868 8.292187372396139
 34.0 7.9094174150674466 7.623612158526832 6.750655022422745 7.973272298319775 8.83239431454523 8.494297296781218 7.893831678357143 8.06311121818951 7.736416398863686 8.224140784275455 8.409872179720551 7.776080208819464 7.306556793999455 8.160143355534156 7.9608190933640115 7.7152633565239075 6.986566172784257 9.184304935636634 7.741951638782076 8.292188728964799
 34.5 7.9094168855111295 7.623610221054996 6.750648862855122 7.973272083619179 8.83239833295936 8.494299650700462 7.893831071959068 8.06311144651836 7.736415016696689 8.224141806669447 8.4098741176567 7.776079022050032 7.306553301752694 8.160144062364362 7.960818817255621 7.715261870176265 6.986561130694196 9.184310684099692 7.74195028387984 8.29219008684881
 35.0 7.909416355471312 7.623608281816605 6.750642697671425 7.973271868721986 8.832402355034747 8.494302006763705 7.893830465007471 8.0631116750543 7.736413633269228 8.224142829994072 8.409876057357756 7.776077834198204 7.306549806322103 8.160144769837661 7.960818540894678 7.715260382473214 6.986556084007105 9.184316437802071 7.741948927741984 8.292191445969157
 35.5 7.90941582497698 7.62360634091772 6.750636527208846 7.973271653639944 8.832406380551395 8.49430436484207 7.893829857535545 8.063111903784824 7.736412248656963 8.224143854193354 8.409877998717619 7.776076645328945 7.306546307898859 8.160145477915353 7.960818264296292 7.715258893496118 6.986551032999002 9.18432219642907 7.741947570442681 8.292192806251494
 36.0 7.909415294055406 7.623604398458139 6.7506303517846575 7.973271438384107 8.832410409302307 8.4943067248143 7.893829249574521 8.063112132698166 7.736410862931087 8.22414487921462 8.409879941636452 7.776075455503381 7.306542806662845 8.160146186561022 7.96081798747468 7.715257403321538 6.986545977929601 9.184327959684584 7.741946212051717 8.292194167625867
 36.5 7.909414762732251 7.62360245453176 6.750624171697381 7.973271222964875 8.832414441092713 8.494309086566293 7.893828641153784 8.06311236178325 7.736409476158585 8.22414590500831 8.409881886020324 7.776074264779028 7.306539302783315 8.160146895740402 7.960817710443219 7.715255912021507 6.986540919043266 9.18433372729 7.741944852634755 8.292195530026456
 37.0 7.909414231031659 7.623600509226935 6.750617987227901 7.973271007392033 8.832418475739352 8.494311449990699 7.893828032300983 8.063112591029661 7.7364080884024835 8.224146931527793 8.409883831780851 7.776073073210002 7.306535796419521 8.160147605421253 7.960817433214496 7.715254419663804 6.986535856569925 9.184339498983169 7.741943492253579 8.29219689339133
 37.5 7.909413698976348 7.623598562626794 6.750611798640508 7.97327079167479 8.832422513069796 8.494313814986503 7.893827423042134 8.063112820427595 7.736406699722087 8.224147958729192 8.40988577883487 7.776071880847221 7.306532287721306 8.16014831557324 7.960817155800353 7.7152529263122025 6.98653079072592 9.184345274517433 7.741942130966324 8.292198257662216
 38.0 7.9094131665876946 7.623596614809557 6.750605606183872 7.973270575821809 8.832426552921799 8.494316181458666 7.893826813401714 8.063113049967829 7.736405310173194 8.224148986571224 8.409887727104133 7.776070687738596 7.306528776829661 8.16014902616782 7.960816878211932 7.715251432026707 6.98652572171481 9.184351053660706 7.7419407688276864 8.292199622784286
 38.5 7.909412633885811 7.623594665848821 6.750599410091975 7.973270359841242 8.832430595142704 8.494318549317757 7.893826203402756 8.063113279641684 7.736403919808308 8.224150015015045 8.409889676515014 7.776069493929206 7.306525263877244 8.160149737178136 7.960816600459719 7.715249936863779 6.986520649728126 9.184356836194613 7.741939405889134 8.292200988705952
 39.0 7.909412100889622 7.623592715813834 6.75059321058497 7.973270143740759 8.832434639588874 8.494320918479636 7.893825593066929 8.063113509440994 7.736402528676827 8.224151044024106 8.40989162699824 7.776068299461467 7.306521748988875 8.16015044857892 7.960816322553578 7.7152484408765405 6.986515574946082 9.184362621913689 7.7419380421990915 8.292202355378672
 39.5 7.9094115676169325 7.623590764769754 6.750587007870004 7.973269927527577 8.832438686125156 8.494323288865127 7.8938249824146265 8.063113739358075 7.736401136825233 8.224152073564017 8.40989357848863 7.776067104375288 7.306518232282001 8.160151160346393 7.960816044502791 7.715246944114978 6.986510497538244 9.184368410624602 7.741936677803124 8.292203722756772
 40.0 7.909411034084497 7.6235888127778875 6.7505808021419815 7.973269711208484 8.832442734624388 8.494325660399738 7.893824371465032 8.063113969385698 7.736399744297261 8.22415310360242 8.409895530924851 7.776065908708222 7.306514713867126 8.160151872458185 7.960815766316093 7.715245446626121 6.98650541766416 9.184374202145447 7.741935312744102 8.292205090797278
 40.5 7.909410500308081 7.623586859895918 6.750574593584295 7.973269494789872 8.832446784966919 8.494328033013378 7.893823760236197 8.063114199517061 7.736398351134061 8.224154134108868 8.4098974842492 7.7760647124956 7.306511193848228 8.160152584893245 7.960815488001699 7.715243948454225 6.98650033547395 9.184379996305065 7.741933947062366 8.292206459459754
 41.0 7.909409966302514 7.623584906178124 6.750568382369498 7.973269278277751 8.832450837040167 8.494330406640094 7.893823148745108 8.063114429745763 7.736396957374352 8.224155165054714 8.409899438407377 7.776063515770668 7.306507672323139 8.160153297631767 7.960815209567342 7.715242449640924 6.986495251108863 9.184385792942413 7.741932580795869 8.292207828706154
 41.5 7.909409432081754 7.623582951675573 6.7505621686599495 7.973269061677778 8.8324548907382 8.494332781217834 7.893822537007747 8.063114660065782 7.736395563054566 8.224156196413006 8.409901393348296 7.776062318564706 7.306504149383912 8.160154010655116 7.960814931020298 7.7152409502253985 6.986490164701803 9.18439159190596 7.741931213980326 8.29220919850068
 42.0 7.909408897658932 7.623580996436317 6.750555952608415 7.973268844995274 8.832458945961351 8.494335156688207 7.89382192503915 8.063114890471452 7.7363941682089825 8.22415722815838 8.409903349023883 7.776061120907146 7.30650062511716 8.160154723945755 7.960814652367412 7.71523945024451 6.9864850763778215 9.184397393053132 7.741929846649338 8.29221056880965
 42.5 7.909408363046404 7.623579040505568 6.750549734358632 7.973268628235247 8.832463002615837 8.494337532996278 7.893821312853467 8.06311512095744 7.736392772869853 8.224158260266972 8.409905305388913 7.776059922825682 7.306497099604377 8.160155437487187 7.960814373615123 7.715237949732943 6.98647998625458 9.184403196249775 7.741928478834522 8.292211939601371
 43.0 7.9094078282557945 7.623577083925868 6.750543514045847 7.973268411402409 8.832467060613418 8.494339910090355 7.893820700464009 8.06311535151873 7.736391377067526 8.22415929271633 8.409907262400825 7.7760587243463695 7.306493572922245 8.16015615126389 7.960814094769493 7.715236448723333 6.986474894442789 9.184409001369668 7.741927110565627 8.292213310846021
 43.5 7.909407293298043 7.6235751267372445 6.750537291797316 7.973268194501193 8.832471119871066 8.4943422879218 7.893820087883305 8.063115582150603 7.736389980830555 8.224160325485327 8.409909220019577 7.7760575254937265 7.306490045142914 8.160156865261252 7.9608138158362225 7.715234947246387 6.986469801046615 9.18441480829404 7.741925741870645 8.292214682515542
 44.0 7.909406758183441 7.623573168977359 6.750531067732772 7.97326797753577 8.832475180310663 8.49434466644485 7.893819475123139 8.063115812848615 7.736388584185808 8.224161358554085 8.409911178207492 7.7760563262908216 7.306486516334267 8.160157579465533 7.960813536820678 7.7152334453309965 6.986464706164074 9.184420616911144 7.7419243727759115 8.292216054583534
 44.5 7.909406222921673 7.623571210681648 6.750524841964877 7.973267760510066 8.832479241858703 8.494347045616443 7.893818862194601 8.063116043608588 7.736387187158564 8.2241623919039 8.40991313692912 7.776055126759361 7.306482986560182 8.1601582938638 7.9608132577279065 7.715231943004348 6.986459609887386 9.184426427115833 7.7419230033062085 8.292217427025156
 45.0 7.909405687521851 7.623569251883455 6.750518614599635 7.973267543427773 8.832483304446026 8.494349425396067 7.893818249108125 8.06311627442659 7.736385789772609 8.22416342551717 8.409915096151105 7.776053926919767 7.306479455880758 8.160159008443886 7.960812978562658 7.715230440292019 6.986454512303324 9.184432238809174 7.741921633484853 8.292218799817036
 45.5 7.909405151992547 7.623567292614153 6.750512385736785 7.9732673262923655 8.832487368007554 8.494351805745598 7.893817635873529 8.063116505298924 7.736384392050324 8.224164459377342 8.409917055842062 7.776052726791256 7.306475924352546 8.160159723194342 7.960812699329402 7.715228937218078 6.986449413493535 9.18443805189808 7.741920263333782 8.292220172937181
 46.0 7.9094046163418295 7.623565332903261 6.750506155470176 7.973267109107113 8.832491432482058 8.494354186629169 7.893817022500052 8.063116736222105 7.736382994012766 8.224165493468831 8.40991901597246 7.776051526391908 7.306472392028754 8.160160438104397 7.960812420032343 7.71522743380517 6.986444313534839 9.184443866294963 7.74191889287364 8.292221546364901
 46.5 7.909404080577288 7.623563372778554 6.750499923888108 7.973266891875091 8.832495497811928 8.494356568013028 7.8938164089963845 8.063116967192858 7.73638159567975 8.22416652777698 8.409920976514512 7.776050325738736 7.3064688589594455 8.160161153163914 7.960812140675437 7.7152259300746024 6.986439212499517 9.18444968191741 7.741917522123849 8.292222920080725
 47.0 7.909403544706064 7.623561412266165 6.7504936910736655 7.973266674599195 8.832499563942955 8.494358949865422 7.893815795370704 8.063117198208102 7.736380197069917 8.224167562287994 8.409922937442076 7.776049124847748 7.306465325191727 8.160161868363357 7.960811861262409 7.715224426046424 6.986434110455583 9.18445549868788 7.741916151102684 8.292224294066333
 47.5 7.909403008734878 7.623559451390684 6.750487457105024 7.973266457282148 8.832503630824133 8.49436133215647 7.893815181630708 8.063117429264938 7.736378798200811 8.224168596988893 8.409924898730551 7.776047923734004 7.306461790769921 8.160162583693753 7.960811581796759 7.715222921739498 6.986429007467028 9.184461316533412 7.741914779827341 8.292225668304487
 48.0 7.909402472670052 7.623557490175248 6.750481222055739 7.973266239926512 8.832507698407474 8.49436371485806 7.893814567783634 8.063117660360636 7.736377399088936 8.224169631867467 8.409926860356794 7.776046722411676 7.306458255735732 8.160163299146657 7.960811302281784 7.715221417171573 6.986423903594064 9.184467135385354 7.741913408313999 8.292227042778972
 48.5 7.9094019365175345 7.623555528641626 6.7504749859950195 7.973266022534698 8.83251176664782 8.49436609794374 7.893813953836296 8.06311789149263 7.736375999749821 8.224170666912226 8.409928822299024 7.776045520894098 7.306454720128399 8.160164014714127 7.960811022720585 7.715219912359351 6.986418798893343 9.184472955179114 7.741912036577881 8.292228417474526
 49.0 7.909401400282924 7.623553566810301 6.750468748987986 7.9732658051089755 8.832515835502683 8.494368481388618 7.893813339795104 8.063118122658501 7.736374600198078 8.224171702112358 8.409930784536751 7.776044319193817 7.3064511839848425 8.160164730388686 7.96081074311608 7.7152184073185435 6.986413693418172 9.184478775853915 7.741910664633312 8.292229792376789
 49.5 7.909400863971487 7.6235516047005465 6.750462511095909 7.973265587651478 8.832519904932088 8.494370865169277 7.893812725666089 8.06311835385598 7.736373200447456 8.224172737457689 8.409932747050695 7.7760431173226365 7.306447647339803 8.160165446163303 7.960810463471014 7.715216902063937 6.986408587218708 9.184484597352572 7.7419092924937685 8.292231167472252
 50.0 7.909400327588179 7.623549642330496 6.750456272376442 7.9732653701642136 8.83252397489842 8.494373249263681 7.893812111454925 8.063118585082927 7.7363718005108915 8.22417377293865 8.409934709822712 7.776041915291664 7.306444110225965 8.16016616203136 7.96081018378797 7.715215396609443 6.986403480342143 9.18449041962128 7.741907920171931 8.292232542748204
